24,61 100 
24,61 5
24,61 1624
24,61 10
2026,74 25 
2054,27 75 
2961,5 72 
2973,3 70 
3681,4 80 
4293,28 83 
4435,39 64 143
4651,27 62 185
4860,17 151 
4895,68 69 
5407,63 93 
5862,57 256 
6400,02 103 
6400,02 101 
7311,84 100 
7311,84 5
7311,84 1624
7311,84 11
9318,44 25 
13520,78 75 
14429,78 72 
14478,23 70 
15498,86 80 
15994,77 83 
16139,53 64 146
16450,96 62 284
16656,04 150 
16688,4 68 
17117,05 172 
17615,53 92 
17615,53 65 
18192,98 103 
18192,98 101 
18706,57 100 
18706,57 5
18706,57 1624
18706,57 11
20713,7 25 
20743,32 75 
21651,62 72 
21835,29 70 
22792,01 80 
23184,7 250 
23205,14 101 
25218,5 100 
25218,5 5
25218,5 1624
25218,5 11
25218,5 25 
25248,2 75 
26155,81 72 
26206,68 70 
27095,71 80 
27437,34 250 
27455,7 101 
29470,09 100 
29470,09 5
29470,09 1624
29470,09 11
29470,09 25 
29499,57 75 
30406,38 72 
30458,18 70 
31352,56 80 
31774,88 83 
35389,31 64 3615
35605,49 62 193
35810,77 150 
35846,31 68 
36323,23 172 
36822,5 92 
36822,5 65 
37344,97 103 
37344,97 101 
37858,41 100 
37858,41 5
37858,41 1624
37858,41 10
39865,65 25 
49863,68 254 
49873,31 101 
51884,42 100 
51884,42 5
51884,42 1624
51884,42 10
51884,42 25 
52436,44 75 
53345,85 72 
53395,2 70 
54288,03 80 
54711,96 83 
54823,25 64 112
55091,19 62 247
55297,98 153 
55326,98 68 
55836,75 92 
55836,75 65 
55981,14 256 
56829,96 103 
56829,96 101 
57343,37 100 
57343,37 5
57343,37 1624
57343,37 10
59350,63 25 
59380,29 75 
60287,25 72 
60339,01 70 
61230,65 80 
61626,55 250 
61641,24 101 
63655,48 100 
63655,48 5
63655,48 1624
63655,48 10
63655,48 25 
64244,88 75 
65152,84 72 
65203,5 70 
65405,17 250 
65426,31 101 
67440,6 100 
67440,6 5
67440,6 1624
67440,6 10
67440,6 25 
67470,21 75 
68377,17 72 
68385,14 70 
69094,19 80 
69518,89 83 
69830,09 64 313
70055,31 62 204
70263,64 151 
70294,08 69 
70806,73 93 
71228,03 256 
71331,51 182 
71797,04 103 
71797,04 101 
72711,58 100 
72711,58 5
72711,58 1624
72711,58 11
74717,74 25 
82930,26 75 
82938,08 250 
82951,44 101 
84966,6 100 
84966,6 5
84966,6 1624
84966,6 11
84966,6 25 
84992,39 75 
85899,4 72 
85954,82 70 
86844,61 80 
87284,75 83 
94383,58 64 7100
94606,31 62 206
94813,75 150 
94843,54 68 
95283,3 256 
95381,44 172 
96003,27 172 
96503,13 92 
96503,13 65 
96520,31 103 
96520,31 101 
97033,73 100 
97033,73 5
97033,73 1624
97033,73 11
99040,73 25 
99070,36 75 
99977,14 72 
100030,1 70 
100921,52 80 
101302,8 250 
101317,94 101 
103332,25 100 
103332,25 5
103332,25 1624
103332,25 11
103332,25 25 
103362,62 75 
104270,28 72 
104320,4 70 
105208,3 80 
105637,11 83 
105644,95 64 8
105835,17 62 173
106045,46 150 
106084,6 68 
106596,41 92 
106596,41 65 
107375,53 256 
107582,05 103 
107582,05 101 
108095,84 100 
108095,84 5
108095,84 1624
108095,84 10
110102,72 25 
116729,66 75 
117637,61 72 
117689,12 70 
118577,12 80 
119004,83 83 
119013,41 64 10
119245,21 62 215
119452,1 151 
119486,61 69 
119994,66 93 
120405,4 183 
120989,82 103 
120989,82 101 
121903,47 100 
121903,47 5
121903,47 1624
121903,47 11
123910,57 25 
123940,65 75 
124848,66 72 
125072,17 70 
125975,8 80 
126575,22 83 
126654,18 64 80
127046,3 62 366
127254,12 150 
127283,55 68 
127793,2 92 
127793,2 65 
128786,7 103 
128786,7 101 
129300,99 100 
129300,99 5
129300,99 1624
129300,99 10
131307,41 25 
131336,88 75 
132244,45 72 
132442,28 70 
133371,21 80 
133852,14 83 
144069,42 64 10219
144129,55 256 
145520,3 62 1433
145726,01 151 
145761,26 69 
146372,24 182 
146628,14 256 
146680,01 182 
147737,83 182 
148235,47 93 
148258,58 103 
148258,58 101 
149174,63 100 
149174,63 5
149174,63 1624
149174,63 10
151179,75 25 
151208,71 75 
152115,89 72 
152300,85 70 
153226,35 80 
153683,84 83 
153901,46 64 219
154115,05 62 192
154322,79 151 
154356,76 69 
154869,06 93 
155278,89 183 
155855,39 103 
155855,39 101 
156768,7 100 
156768,7 5
156768,7 1624
156768,7 11
158775,9 25 
158805,43 75 
159713,17 72 
159897,49 70 
160824,12 80 
161251,89 250 
161266,4 101 
163282 100 
163282 5
163282 1624
163282 11
163282 25 
163310,05 75 
164216,75 72 
164402,3 70 
165327,26 80 
165825,44 83 
166591,39 64 767
166851,72 62 241
167057,41 150 
167098,28 68 
167610,35 92 
167610,35 65 
168261,51 256 
168528,64 172 
168596,68 103 
168596,68 101 
169110,11 100 
169110,11 5
169110,11 1624
169110,11 10
171117,38 25 
171146,96 75 
172054,56 72 
172238,97 70 
173167,75 80 
173675,46 83 
173790,08 64 115
174027,33 62 220
174234,72 151 
174269,26 69 
174781,69 93 
174987,39 256 
175767,04 103 
175767,04 101 
176680,23 100 
176680,23 5
176680,23 1624
176680,23 11
178688,18 25 
178717,41 75 
179624,36 72 
179809,15 70 
180721,72 80 
181139,12 83 
183467,56 64 2330
184319,39 62 836
184525,73 150 
184557,51 68 
184981,71 172 
185477,6 92 
185477,6 65 
186056,18 103 
186056,18 101 
186569,49 100 
186569,49 5
186569,49 1624
186569,49 11
188576,74 25 
188607,08 75 
189514,01 72 
189565 70 
190453,53 80 
190881,67 83 
190986,28 64 105
191384,7 62 371
191590,69 150 
191634,46 68 
192141,68 92 
192141,68 65 
192841,57 256 
193126,7 172 
193159,73 103 
193159,73 101 
193673,39 100 
193673,39 5
193673,39 1624
193673,39 11
195680,46 25 
195709,98 75 
196617,62 72 
196669,59 70 
197567,52 80 
197985,31 83 
198370,96 64 386
198572,97 62 175
198779,46 152 
198815,09 69 
199328,66 93 
200316,81 103 
200316,81 101 
201231,54 100 
201231,54 5
201231,54 1624
201231,54 10
203237,44 25 
203266,77 75 
204174,29 72 
204225,43 70 
205113,09 80 
205555,45 83 
207576,24 64 2021
207608,94 256 
207993,46 62 400
208199,56 151 
208240,77 69 
208753,65 93 
209080,18 183 
209739,58 103 
209739,58 101 
210653,86 100 
210653,86 5
210653,86 1624
210653,86 10
212659,97 25 
212689,55 75 
213597,55 72 
213648,3 70 
214540,34 80 
214978,15 83 
215644,47 64 668
216502,81 63 832
216708,64 150 
216743,9 68 
217152,09 173 
217648,51 92 
217648,51 65 
218242,64 103 
218242,64 101 
218757,37 100 
218757,37 5
218757,37 1624
218757,37 10
220763,4 25 
222138,76 75 
223047,31 72 
223097,54 70 
223989,85 80 
224414,37 83 
224813,91 64 400
225128,96 63 289
225340,16 150 
225380,19 68 
225889,75 92 
225889,75 65 
226879,04 103 
226879,04 101 
227392,36 100 
227392,36 5
227392,36 1624
227392,36 11
229399,69 25 
229429,28 75 
230335,45 72 
230388,08 70 
231283,05 80 
231704,52 83 
232220,53 64 517
232721,74 62 485
232926,62 150 
232963,51 68 
233371,96 172 
233869,98 92 
233869,98 65 
234462,29 103 
234462,29 101 
234978,82 100 
234978,82 5
234978,82 1624
234978,82 11
236982,98 25 
237012,48 75 
237920,06 72 
237971,24 70 
238859,81 80 
239288,01 83 
239320,29 64 34
239526,41 62 186
239732,9 150 
239774,01 68 
240152,45 256 
240732,25 172 
241003,44 172 
241501,05 92 
241501,05 65 
241526,03 103 
241526,03 101 
242040,18 100 
242040,18 5
242040,18 1624
242040,18 10
244046,69 25 
244076,16 75 
244982,94 72 
245034,95 70 
245922,26 80 
246351,55 83 
246647,48 64 297
246948,94 63 278
247156,91 150 
247198,08 68 
247710,65 92 
247710,65 65 
247934,57 256 
248696,32 103 
248696,32 101 
249209,93 100 
249209,93 5
249209,93 1624
249209,93 10
251217,4 25 
255458,06 75 
255466,19 250 
255479,47 101 
257494,39 100 
257494,39 5
257494,39 1624
257494,39 10
257494,39 25 
257520,19 75 
258427,86 72 
258482,63 70 
259371,07 80 
259799,26 83 
260436,06 64 637
261925,45 61 1473
262131,68 151 
262160,78 69 
263529,68 181 
263848,5 256 
278495,68 181 
279104,32 182 
279901,68 183 
281502,86 182 
282866,8 182 
284827,71 181 
285951,39 181 
287343,49 183 
290170,74 181 
291304,87 181 
293147,28 182 
296098,19 183 
297192,69 183 
301792,51 181 
302289,38 93 
302300,72 103 
302300,72 101 
303214 100 
303214 5
303214 1624
303214 11
305221,28 25 
305250,77 75 
306158,81 72 
306369,56 70 
307270,61 80 
307846,02 83 
308176,86 64 332
308683,62 62 479
308890,81 150 
308927,41 68 
309434,38 92 
309434,38 65 
310430,7 103 
310430,7 101 
310944,06 100 
310944,06 5
310944,06 1624
310944,06 10
312951,46 25 
312980,92 75 
313888,22 72 
313939,56 70 
314834,14 80 
315256,21 83 
315632,88 64 378
315850,57 61 196
316055,46 151 
316090,76 69 
316604,8 93 
317231,77 181 
317587,67 103 
317587,67 101 
318502,08 100 
318502,08 5
318502,08 1624
318502,08 10
320508,2 25 
320537,77 75 
321446,05 72 
321496,31 70 
322382,82 80 
322813,06 83 
323093,27 64 282
323792,41 63 674
323997,8 150 
324032,28 68 
324468,16 173 
324965,52 92 
324965,52 65 
325531,03 103 
325531,03 101 
326044,39 100 
326044,39 5
326044,39 1624
326044,39 11
328051,85 25 
328081,22 75 
328989,03 72 
329040,1 70 
329934,53 80 
330150,8 250 
330169,05 101 
332183,33 100 
332183,33 5
332183,33 1624
332183,33 11
332183,33 25 
332212,85 75 
333120,36 72 
333171,5 70 
334055,46 80 
334488,17 83 
334784,97 64 298
335113,41 62 307
335320,49 150 
335361,77 68 
335870,8 92 
335870,8 65 
336479,39 256 
336859,59 103 
336859,59 101 
337373,74 100 
337373,74 5
337373,74 1624
337373,74 11
339380,27 25 
339409,83 75 
340317,29 72 
340368,64 70 
341262,99 80 
341685,19 83 
341762,3 64 79
341958,43 62 167
342163,68 150 
342193,69 68 
342706,36 92 
342706,36 65 
342832,45 256 
343058,62 172 
343696,73 103 
343696,73 101 
344210,13 100 
344210,13 5
344210,13 1624
344210,13 11
346217,58 25 
346246,97 75 
347154,96 72 
347205,66 70 
348099,24 80 
348522,33 83 
352997,17 64 4475
353252,46 62 226
353458,76 150 
353495,41 68 
354005,28 92 
354005,28 65 
354132,02 256 
354998,67 103 
354998,67 101 
355512,14 100 
355512,14 5
355512,14 1624
355512,14 10
357519,36 25 
357549,86 75 
358457,52 72 
358507,54 70 
359397,98 80 
359824,24 83 
360031,27 64 208
360336,25 63 286
360544,25 152 
360572,51 69 
361084,64 93 
361568,56 183 
361785,09 256 
361858,13 183 
362075,75 103 
362075,75 101 
362991,93 100 
362991,93 5
362991,93 1624
362991,93 10
364996,2 25 
365025,87 75 
365933,55 72 
365984,39 70 
366872,9 80 
367301,12 83 
368328,61 64 1029
368701,11 61 348
368908,31 151 
368942,34 69 
369451,4 93 
369805,91 181 
370236 182 
370445,6 103 
370445,6 101 
371358,89 100 
371358,89 5
371358,89 1624
371358,89 11
373366,13 25 
373395,65 75 
374302,53 72 
374354,39 70 
375244,96 80 
375670,91 83 
375769,27 64 100
376657,43 62 868
376863,73 150 
376899,13 68 
377298,58 172 
377794,77 92 
377794,77 65 
378402,32 103 
378402,32 101 
378915,86 100 
378915,86 5
378915,86 1624
378915,86 11
380923 25 
380952,36 75 
381858,89 72 
381911,05 70 
382797,54 80 
383212,56 250 
383226,8 101 
385240,92 100 
385240,92 5
385240,92 1624
385240,92 11
385240,92 25 
385270,39 75 
386179,42 72 
386229,2 70 
387120,64 80 
387546 83 
388256,2 64 712
388502,68 62 225
388708,11 150 
388751,7 68 
389262,08 92 
389262,08 65 
389315,04 256 
390250,42 103 
390250,42 101 
390763,79 100 
390763,79 5
390763,79 1624
390763,79 10
392771,09 25 
392800,57 75 
393707,13 72 
393759,22 70 
394645,26 80 
395075,99 83 
399131,78 64 4057
399758,75 63 605
399963,88 150 
399995,85 68 
400467,87 173 
400966,66 92 
400966,66 65 
401499,04 103 
401499,04 101 
402012,8 100 
402012,8 5
402012,8 1624
402012,8 10
404019,71 25 
404049,39 75 
404957,28 72 
405008,06 70 
405896,13 80 
406324,56 83 
406801,62 64 478
407030,86 63 201
407241,28 150 
407277,21 68 
407792,14 92 
407792,14 65 
408470,41 256 
408775,98 103 
408775,98 101 
409289,37 100 
409289,37 5
409289,37 1624
409289,37 11
411296,95 25 
411326,31 75 
412233,16 72 
412471,82 70 
413378,45 80 
413961,53 83 
414072,34 64 112
414367,57 62 274
414576,44 150 
414616,48 68 
415126,63 92 
415126,63 65 
415824,34 256 
415968,75 172 
416119,72 103 
416119,72 101 
416633,35 100 
416633,35 5
416633,35 1624
416633,35 10
418640,5 25 
418669,89 75 
419577,12 72 
419775,45 70 
420683,36 80 
421105,27 83 
421193,5 64 89
421457,5 61 247
421664,98 151 
421699,02 69 
422410,99 181 
423299,88 181 
423464,4 256 
430347,65 181 
433437,24 181 
434510,72 181 
442038,21 183 
444336,38 181 
444833,43 93 
444854,41 103 
444854,41 101 
445768,13 100 
445768,13 5
445768,13 1624
445768,13 11
447774,95 25 
449390,54 75 
450299,12 72 
450349,16 70 
451264,52 80 
451692,48 83 
452763,35 64 1072
454397,19 256 
454510,49 63 1726
454717,44 151 
454752,71 69 
455262,68 93 
455915,44 256 
456249,47 103 
456249,47 101 
457162,8 100 
457162,8 5
457162,8 1624
457162,8 10
459169,98 25 
459199,65 75 
460106,52 72 
460158,24 70 
461045,93 80 
461474,85 83 
462327,49 64 854
463741,57 61 1388
463949,15 153 
463987,13 68 
464401,62 171 
464898,06 92 
464898,06 65 
465485,61 103 
465485,61 101 
465999,25 100 
465999,25 5
465999,25 1624
465999,25 11
468006,34 25 
468035,79 75 
468326,41 250 
468336,95 101 
470351,99 100 
470351,99 5
470351,99 1624
470351,99 11
470351,99 25 
470377,72 75 
471284,13 72 
471340,21 70 
472225,61 80 
472670,17 83 
472762,89 64 93
473414,63 61 625
473619,07 151 
473645,19 69 
474153,96 93 
474487,22 182 
475148,25 103 
475148,25 101 
476064,63 100 
476064,63 5
476064,63 1624
476064,63 11
478068,8 25 
478098,61 75 
479005,08 72 
479056,99 70 
479952,87 80 
480373,57 83 
480810,8 64 438
481284,56 61 446
481491,56 151 
481527,44 69 
482133,96 181 
482376,09 181 
482873,54 93 
483013,02 256 
483051,6 103 
483051,6 101 
483965,66 100 
483965,66 5
483965,66 1624
483965,66 10
485972,09 25 
486001,75 75 
486908,15 72 
486960,34 70 
487855,92 80 
488276,93 83 
488947,31 64 672
489563,6 63 595
489768,37 152 
489798,25 69 
490305,88 93 
490622,91 183 
491301,48 103 
491301,48 101 
492214,87 100 
492214,87 5
492214,87 1624
492214,87 10
494222,12 25 
494253,04 75 
495160,43 72 
495210,18 70 
496106,92 80 
496540,17 83 
497096,67 64 557
498515,32 256 
498711,25 62 1585
498918,94 151 
498959,2 69 
499467,79 93 
500457,61 103 
500457,61 101 
501370,88 100 
501370,88 5
501370,88 1624
501370,88 10
503378,17 25 
503407,75 75 
504313,74 72 
504366,29 70 
505258,34 80 
505682,99 83 
506594,68 64 913
507721,67 61 1107
507929,12 151 
507963,96 69 
508474,1 93 
508851,37 181 
509467,19 103 
509467,19 101 
510380,45 100 
510380,45 5
510380,45 1624
510380,45 11
512387,7 25 
513230,34 75 
514139,34 72 
514188,87 70 
515077,48 80 
515505,67 83 
516796,67 64 1292
517534,13 62 711
517741,92 150 
517778,05 68 
518289,14 92 
518289,14 65 
518897,19 172 
519276,38 103 
519276,38 101 
519790,72 100 
519790,72 5
519790,72 1624
519790,72 11
521797,27 25 
521826,82 75 
522734,29 72 
522958,91 70 
523913,68 80 
524368,72 83 
524646,61 64 279
524866,13 62 192
525075,66 150 
525121,45 68 
525460,58 256 
527572,52 172 
527876,04 172 
528371,7 92 
528371,7 65 
528392,76 103 
528392,76 101 
528906,17 100 
528906,17 5
528906,17 1624
528906,17 11
530913,61 25 
531595,94 75 
532504,51 72 
532701,38 70 
533614,88 80 
534044,64 83 
534052,53 64 8
534317,36 62 247
534526,57 150 
534557,94 68 
535070,86 92 
535070,86 65 
535154,4 256 
535630,22 172 
536056,22 103 
536056,22 101 
536569,66 100 
536569,66 5
536569,66 1624
536569,66 10
538577,6 25 
538606,32 75 
539512,42 72 
539565,16 70 
540451,88 80 
540881,8 83 
541618 64 737
541893,15 61 252
542099,97 151 
542137,31 69 
543436,62 181 
543599,52 256 
548563,76 183 
549667,86 182 
551076,3 181 
551570,93 93 
551583,02 103 
551583,02 101 
552496,06 100 
552496,06 5
552496,06 1624
552496,06 10
554503,5 25 
554533,06 75 
555439,16 72 
555491,68 70 
556380,19 80 
556808,26 83 
557659,7 64 852
558202,83 63 516
558409,35 150 
558436,32 68 
558862,25 173 
559359,55 92 
559359,55 65 
559472,97 256 
559939,39 103 
559939,39 101 
560453,05 100 
560453,05 5
560453,05 1624
560453,05 11
562460,14 25 
562490,27 75 
563396,9 72 
563448,33 70 
564337,59 80 
564778,21 83 
564785,48 64 8
564952,62 62 149
565159,99 150 
565193,39 68 
565703,33 92 
565703,33 65 
566333,75 256 
566696,54 103 
566696,54 101 
567212,79 100 
567212,79 5
567212,79 1624
567212,79 10
569217,22 25 
569247,09 75 
570156,6 72 
570205,48 70 
571096,38 80 
571522,33 83 
571643,37 64 122
571935,7 63 268
572140,92 150 
572177,04 68 
572687,33 92 
572687,33 65 
572771,56 256 
573680,28 103 
573680,28 101 
574193,92 100 
574193,92 5
574193,92 1624
574193,92 11
576201,04 25 
576230,55 75 
577137,94 72 
577189,41 70 
578079,38 80 
578505,92 83 
578518,93 64 14
578688,16 62 144
578893,97 150 
578920,92 68 
579429,56 92 
579429,56 65 
579614,22 256 
580424,11 103 
580424,11 101 
580937,52 100 
580937,52 5
580937,52 1624
580937,52 10
582945,56 25 
582974,59 75 
583881,68 72 
583934,05 70 
584819,31 80 
585249,63 83 
585387,49 64 139
585645,15 63 237
585852,15 150 
585891,23 68 
586401,17 92 
586401,17 65 
587004,75 256 
587374,78 173 
587407,84 103 
587407,84 101 
587922,34 100 
587922,34 5
587922,34 1624
587922,34 10
589928,65 25 
589957,95 75 
590864,6 72 
590916,92 70 
591800,9 80 
592220,09 83 
592532,78 64 313
592921,04 63 368
593126,3 150 
593159,52 68 
593568,17 256 
594187,5 173 
594686,44 92 
594686,44 65 
594711,47 103 
594711,47 101 
595224,89 100 
595224,89 5
595224,89 1624
595224,89 11
597232,27 25 
597261,8 75 
598169,41 72 
598220,47 70 
599113,28 80 
599528,33 250 
599549,56 101 
601563,74 100 
601563,74 5
601563,74 1624
601563,74 11
601563,74 25 
601593,33 75 
602501,23 72 
602552,03 70 
603438,87 80 
603868,6 83 
604087,53 64 220
604292,69 62 185
604500,5 150 
604541,62 68 
605049,27 92 
605049,27 65 
605310,02 256 
605490,76 172 
606040,05 103 
606040,05 101 
606553,53 100 
606553,53 5
606553,53 1624
606553,53 11
608560,91 25 
608590,27 75 
609496,35 72 
609548,97 70 
610441,41 80 
610866,39 83 
610938,12 64 74
611175,86 62 218
611381,33 150 
611414,04 68 
611926,87 92 
611926,87 65 
612026,8 256 
612917,17 103 
612917,17 101 
613431,78 100 
613431,78 5
613431,78 1624
613431,78 11
615437,91 25 
615734,34 75 
616642,55 72 
616692,69 70 
617589,31 80 
618022,71 83 
618077,77 64 56
618293,26 62 192
618501,11 150 
618531,15 68 
619043,6 92 
619043,6 65 
619227,11 256 
619519,2 172 
620034,2 103 
620034,2 101 
620547,65 100 
620547,65 5
620547,65 1624
620547,65 10
622554,92 25 
622584,8 75 
623492,09 72 
623543,25 70 
624434,26 80 
624859,77 83 
624899,32 64 41
625169,89 63 244
625376,57 150 
625408,14 68 
625909,94 256 
626687,55 173 
627115,64 173 
627611,31 92 
627611,31 65 
627631,04 103 
627631,04 101 
628145,4 100 
628145,4 5
628145,4 1624
628145,4 10
630151,97 25 
630181,28 75 
631091,48 72 
631141,56 70 
632029,2 80 
632456,6 83 
633536,69 64 1081
633584,41 256 
634236,58 63 675
634444,3 152 
634478,54 69 
635150,83 183 
636447,75 183 
636944,99 93 
636960,64 103 
636960,64 101 
637874,55 100 
637874,55 5
637874,55 1624
637874,55 11
639881,14 25 
639910,7 75 
640581,76 250 
640598,15 101 
642613,49 100 
642613,49 5
642613,49 1624
642613,49 11
642613,49 25 
642639,21 75 
643545,76 72 
643761,53 70 
644690,88 80 
645184,8 83 
645454,56 64 271
645683,2 62 206
645888,97 150 
645924,93 68 
646436,37 92 
646436,37 65 
646614,28 256 
646970,73 172 
647422,92 103 
647422,92 101 
647939,45 100 
647939,45 5
647939,45 1624
647939,45 10
649943,59 25 
649973,34 75 
650881,79 72 
651078,57 70 
652009,7 80 
652515,05 83 
652621,39 64 108
652882,24 63 234
653087,32 152 
653121,71 69 
653637,01 93 
654619,93 103 
654619,93 101 
655533,11 100 
655533,11 5
655533,11 1624
655533,11 11
655533,11 79 
657540,45 25 
657570,06 75 
658477,35 72 
658675,39 70 
659583,67 80 
660005,24 83 
660199,43 64 196
660444,16 62 226
660651,76 150 
660686,81 68 
661194,85 92 
661194,85 65 
661364,09 256 
662190,05 103 
662190,05 101 
662703,6 100 
662703,6 5
662703,6 1624
662703,6 11
664711,14 25 
664740,36 75 
665647,31 72 
665699,01 70 
666589,55 80 
666963,55 250 
666974,67 101 
668988,86 100 
668988,86 5
668988,86 1624
668988,86 11
668988,86 25 
669018,19 75 
669924,93 72 
669977,98 70 
670863,89 80 
671293,79 83 
671320,46 64 28
671521,9 62 176
671727,16 150 
671761,99 68 
672274,04 92 
672274,04 65 
672853,65 256 
673265,28 103 
673265,28 101 
673779,43 100 
673779,43 2
673779,43 1624
673779,43 10
673779,43 78 
673779,43 781 
675786,05 25 
675815,55 75 
676722,34 72 
676775,28 70 
677662,28 80 
678090,92 83 
679068,86 64 979
679927,32 256 
680307,66 63 1218
680513,41 151 
680545,65 69 
682187,1 256 
687372,59 181 
688206,51 181 
691889,38 181 
692468,6 181 
699309,66 183 
700203,75 181 
701229,29 182 
701453,48 182 
702835,38 183 
703335,95 93 
703359,32 103 
703359,32 101 
704272,51 100 
704272,51 2
704272,51 1624
704272,51 11
706279,86 25 
706309,4 75 
707216,83 72 
707268,26 70 
708162,28 80 
708584,69 83 
709343,22 64 760
709575,85 62 206
709781,41 151 
709819,12 69 
710328,27 93 
710650,56 182 
711161,14 256 
711315,98 103 
711315,98 101 
712229,13 100 
712229,13 2
712229,13 1624
712229,13 11
714236,83 25 
714266,23 75 
715173,43 72 
715224,72 70 
716109,49 80 
716528,01 83 
717116,81 64 590
727139,91 252 
727149,57 101 
729163,7 100 
729163,7 2
729163,7 1624
729163,7 11
729163,7 25 
729193,09 75 
730099,79 72 
730151,89 70 
731037,88 80 
731468,53 83 
732895,89 64 1428
733695,51 256 
734671,93 63 1751
734878,13 150 
734909,02 68 
735356,3 173 
735854,05 92 
735854,05 65 
736412,27 103 
736412,27 101 
736925,51 100 
736925,51 2
736925,51 1624
736925,51 10
738932,86 25 
738962,35 75 
739869,13 72 
739921,02 70 
740814,13 80 
741237,66 83 
741759,74 64 523
743143,25 61 1359
743349,57 150 
743390,02 68 
743779,39 171 
744277,09 92 
744277,09 65 
744888,62 103 
744888,62 101 
745402,92 100 
745402,92 2
745402,92 1624
745402,92 10
747409,27 25 
747439,62 75 
748347,08 72 
748397,44 70 
749286,33 80 
749714,34 83 
749722,11 64 8
750038,65 61 299
750243,42 150 
750280,62 68 
750793,66 92 
750793,66 65 
751779,04 103 
751779,04 101 
752293,14 100 
752293,14 2
752293,14 1624
752293,14 11
754299,81 25 
754329,37 75 
755236,58 72 
755287,93 70 
756173,27 80 
756591,28 83 
757131,75 64 541
757510,13 62 360
757717,83 151 
757753,19 69 
758264,29 93 
758506,54 182 
759188,23 256 
759255,97 103 
759255,97 101 
760169,4 100 
760169,4 2
760169,4 1624
760169,4 10
762177,54 25 
762206,11 75 
763114,26 72 
763445,04 70 
764417,26 80 
765001,3 83 
765591,46 64 591
765938,74 61 325
766145,29 150 
766180,57 68 
766691,33 92 
766691,33 65 
767679,31 103 
767679,31 101 
768195,44 100 
768195,44 2
768195,44 1624
768195,44 10
770199,93 25 
770229,34 75 
771136,43 72 
771348,15 70 
772293,87 80 
772798,05 83 
773102,06 64 305
773328,78 61 199
773535,28 150 
773577,52 68 
774086,33 92 
774086,33 65 
774645,05 256 
775076,18 103 
775076,18 101 
775591,24 100 
775591,24 2
775591,24 1624
775591,24 10
777596,89 25 
777626,25 75 
778535,96 72 
778718,59 70 
779629,97 80 
780045,53 250 
780060,64 101 
782075,08 100 
782075,08 2
782075,08 1624
782075,08 10
782075,08 25 
782104,58 75 
783013,38 72 
783063,29 70 
783949,1 80 
784379,82 83 
784447,83 64 69
784818,44 61 347
785025,53 152 
785061,48 69 
785578,81 93 
785601,14 256 
785946,79 181 
786244,29 181 
786564,67 103 
786564,67 101 
787478,09 100 
787478,09 2
787478,09 1624
787478,09 11
789485,18 25 
789874,52 75 
790783,37 72 
790833,33 70 
791656,12 250 
791669,1 101 
793683,42 100 
793683,42 2
793683,42 1624
793683,42 11
793683,42 25 
803690,79 101 
805702,36 100 
805702,36 2
805702,36 1624
805702,36 11
805702,36 25 
805736,54 75 
806643,31 72 
806662,88 70 
807374,72 80 
807796,87 83 
808155,15 64 359
809192,68 63 1011
809399,75 150 
809437,94 68 
809892,17 173 
810391,11 92 
810391,11 65 
810941,17 103 
810941,17 101 
811454,53 100 
811454,53 2
811454,53 1624
811454,53 11
813461,79 25 
814718,23 75 
815627,35 72 
815676,12 70 
816564,12 80 
816993,54 83 
817682,92 64 691
818089,51 63 378
818294,59 150 
818327,5 68 
818838,53 92 
818838,53 65 
819830,77 103 
819830,77 101 
820344,18 100 
820344,18 2
820344,18 1624
820344,18 11
822351,41 25 
827871,89 75 
828779,91 72 
828830,6 70 
829719,49 80 
830147,27 83 
830351,4 64 205
830991,41 63 619
831196,78 150 
831233,33 68 
831692,08 173 
833959,97 173 
834456,23 92 
834456,23 65 
834477,92 103 
834477,92 101 
834991,49 100 
834991,49 2
834991,49 1624
834991,49 11
836998,62 25 
837028,11 75 
837937,02 72 
837986,81 70 
838872,16 80 
839316,79 83 
839468,34 64 153
839516,45 256 
840335,58 63 847
840540,54 150 
840577,53 68 
841009,77 173 
841505,38 92 
841505,38 65 
842074,78 103 
842074,78 101 
842588,16 100 
842588,16 2
842588,16 1624
842588,16 10
844595,43 25 
850822,27 75 
851732,46 72 
851781 70 
852668,73 80 
853097,73 83 
855616,98 64 2520
856557,41 61 915
856763,1 150 
856797,53 68 
857304,83 92 
857304,83 65 
858241,24 256 
858294,6 103 
858294,6 101 
858808,09 100 
858808,09 2
858808,09 1624
858808,09 10
860815,34 25 
860844,89 75 
861752,36 72 
861803,59 70 
862692,28 80 
863120,15 83 
863690,81 64 572
864329,33 63 611
864534,86 151 
864561,57 69 
865072,09 93 
865258,49 183 
866064,77 103 
866064,77 101 
866977,98 100 
866977,98 2
866977,98 1624
866977,98 10
868985,21 25 
878992,55 101 
881004,15 100 
881004,15 2
881004,15 1624
881004,15 10
881004,15 25 
891014,18 101 
893025,79 100 
893025,79 2
893025,79 1624
893025,79 10
893025,79 25 
903036,66 101 
905047,42 100 
905047,42 2
905047,42 1624
905047,42 10
905047,42 25 
906439,02 75 
907347,83 72 
907571,14 70 
907896,24 250 
907913,76 101 
909928,1 100 
909928,1 2
909928,1 1624
909928,1 10
909928,1 25 
909957,56 75 
910865,09 72 
910885,89 70 
911593,65 80 
912166,29 83 
913095,63 64 930
914377,95 256 
914519,88 63 1408
914725,89 151 
914754,12 69 
915677,36 183 
939193,4 256 
952344,43 183 
952840,44 93 
952855,02 103 
952855,02 101 
953768,27 100 
953768,27 2
953768,27 1624
953768,27 11
955775,65 25 
955805,15 75 
956712,86 72 
956763,71 70 
957646,58 80 
958067,09 83 
960024,96 64 1959
960327,69 62 276
960533,46 151 
960565,76 69 
961080,36 93 
961217,74 256 
961372,42 182 
962038,7 183 
962064,54 103 
962064,54 101 
962981,99 100 
962981,99 2
962981,99 1624
962981,99 10
964985,15 25 
965014,57 75 
965921,68 72 
965973,21 70 
966868,09 80 
967289,9 83 
967566,99 64 278
967901,25 255 
967915,32 101 
969929,88 100 
969929,88 2
969929,88 1624
969929,88 10
969929,88 25 
969959,21 75 
970866,26 72 
970917,85 70 
971735,38 250 
971753,56 101 
973767,85 100 
973767,85 2
973767,85 1624
973767,85 10
973767,85 25 
973797,37 75 
974704,19 72 
974712,36 70 
975419,54 80 
975846,09 83 
976934,71 64 1089
977877,89 61 926
978082,55 150 
978113,94 68 
978507,95 171 
979003,29 92 
979003,29 65 
979167,41 256 
979316,21 171 
979617,16 103 
979617,16 101 
980130,6 100 
980130,6 2
980130,6 1624
980130,6 11
982137,75 25 
982700,15 75 
983609,53 72 
983658,93 70 
984545,47 80 
984975,61 83 
985134,05 64 159
985383,4 62 222
985590,02 151 
985621,97 69 
986135,76 93 
986519,29 256 
986721,38 182 
987120,5 103 
987120,5 101 
988033,73 100 
988033,73 2
988033,73 1624
988033,73 10
990041,1 25 
999373,43 75 
1000281,61 72 
1000333,36 70 
1001226,29 80 
1001661,98 83 
1009686,54 64 8026
1019711,81 252 
1019720,19 101 
1021734,52 100 
1021734,52 2
1021734,52 1624
1021734,52 10
1021734,52 25 
1031741,74 101 
1033753,35 100 
1033753,35 2
1033753,35 1624
1033753,35 10
1033753,35 25 
1043763,36 101 
1045775 100 
1045775 2
1045775 1624
1045775 10
1045775 25 
1055785 101 
1057796,61 100 
1057796,61 2
1057796,61 1624
1057796,61 10
1057796,61 25 
1067806,63 101 
1069818,25 100 
1069818,25 2
1069818,25 1624
1069818,25 10
1069818,25 25 
1079828,26 101 
1081839,88 100 
1081839,88 2
1081839,88 1624
1081839,88 10
1081839,88 25 
1088589,29 75 
1089498,96 72 
1089721,71 70 
1090531,14 250 
1090543,95 101 
1092558,37 100 
1092558,37 2
1092558,37 1624
1092558,37 10
1092558,37 25 
1092800,91 75 
1093710 72 
1093729,44 70 
1094438,67 80 
1094820,7 250 
1094835,7 101 
1096849,77 100 
1096849,77 2
1096849,77 1624
1096849,77 10
1096849,77 25 
1106857,14 101 
1108868,74 100 
1108868,74 2
1108868,74 1624
1108868,74 10
1108868,74 25 
1118878,82 101 
1120890,37 100 
1120890,37 2
1120890,37 1624
1120890,37 10
1120890,37 25 
1130900,41 101 
1132912,01 100 
1132912,01 2
1132912,01 1624
1132912,01 10
1132912,01 25 
1142922,13 101 
1144933,64 100 
1144933,64 2
1144933,64 1624
1144933,64 10
1144933,64 25 
1154943,7 101 
1156955,27 100 
1156955,27 2
1156955,27 1624
1156955,27 10
1156955,27 25 
1166965,4 101 
1168976,9 100 
1168976,9 2
1168976,9 1624
1168976,9 10
1168976,9 25 
1178986,92 101 
1180998,54 100 
1180998,54 2
1180998,54 1624
1180998,54 10
1180998,54 25 
1191008,61 101 
1193020,18 100 
1193020,18 2
1193020,18 1624
1193020,18 10
1193020,18 25 
1199303,05 75 
1200211,12 72 
1200448,43 70 
1201451,58 80 
1201978,24 83 
1204459,05 64 2481
1207208,61 62 2726
1207413,81 151 
1207444,7 69 
1207955,02 93 
1208157,91 182 
1208947,82 103 
1208947,82 101 
1209861,38 100 
1209861,38 2
1209861,38 1624
1209861,38 10
1211868,29 25 
1212497,62 75 
1213201,82 250 
1213211,71 101 
1215226,9 100 
1215226,9 2
1215226,9 1624
1215226,9 10
1215226,9 25 
1215252,51 75 
1216159,46 72 
1216375,2 70 
1217302,43 80 
1217784,97 83 
1223341,56 64 5558
1223505,24 256 
1233370,02 252 
1233390,82 101 
1235405,14 100 
1235405,14 2
1235405,14 1624
1235405,14 10
1235405,14 25 
1235434,81 75 
1236343,68 72 
1236539,98 70 
1237464,88 80 
1237936,62 83 
1266543,27 64 28607
1266585,92 256 
1276563,22 252 
1276572,73 101 
1278587,03 100 
1278587,03 2
1278587,03 1624
1278587,03 10
1278587,03 25 
1288594,53 101 
1290605,98 100 
1290605,98 2
1290605,98 1624
1290605,98 10
1290605,98 25 
1300616,02 101 
1302627,62 100 
1302627,62 2
1302627,62 1624
1302627,62 10
1302627,62 25 
1312637,45 101 
1314649,16 100 
1314649,16 2
1314649,16 1624
1314649,16 10
1314649,16 25 
1324659,1 101 
1326670,7 100 
1326670,7 2
1326670,7 1624
1326670,7 10
1326670,7 25 
1336680,73 101 
1338692,33 100 
1338692,33 2
1338692,33 1624
1338692,33 10
1338692,33 25 
1348702,58 101 
1350714,14 100 
1350714,14 2
1350714,14 1624
1350714,14 10
1350714,14 25 
1355304,37 75 
1356212,08 72 
1356436,44 70 
1357467,08 80 
1358059,6 83 
1361876,81 64 3818
1365057,78 63 3161
1365264,83 151 
1365298,56 69 
1366458,74 183 
1426873,03 182 
1427047,08 256 
1427618,09 182 
1428329,86 182 
1429475,87 182 
1430257,09 183 
1430754,34 93 
1430775,02 103 
1430775,02 101 
1431688,23 100 
1431688,23 2
1431688,23 1624
1431688,23 11
1433695,49 25 
1433724,9 75 
1434632,76 72 
1434817,41 70 
1435767,82 80 
1436240,18 83 
1437417,43 64 1179
1437602,48 62 164
1437809,66 151 
1437846,91 69 
1438357,79 93 
1438458,27 256 
1439344,69 103 
1439344,69 101 
1440258,02 100 
1440258,02 2
1440258,02 1624
1440258,02 11
1442265,25 25 
1443920,51 75 
1444828,72 72 
1445012,71 70 
1445923,84 80 
1446342,62 83 
1447351,3 64 1010
1447726,11 256 
1447765,02 255 
1447781,05 101 
1449795,52 100 
1449795,52 2
1449795,52 1624
1449795,52 11
1449795,52 25 
1449824,92 75 
1450731,37 72 
1450783,65 70 
1451668,42 80 
1452100,78 83 
1453854,64 64 1756
1454638,64 61 767
1456040,22 151 
1456073,85 69 
1456583,77 93 
1456924,45 182 
1457577,05 103 
1457577,05 101 
1458490,83 100 
1458490,83 2
1458490,83 1624
1458490,83 10
1460497,55 25 
1462313,02 75 
1463222,49 72 
1463271,7 70 
1464160,97 80 
1464588,39 83 
1467285,09 64 2697
1467321,93 256 
1477308,3 252 
1477328,68 101 
1479342,82 100 
1479342,82 2
1479342,82 1624
1479342,82 10
1479342,82 25 
1489350,13 101 
1491361,74 100 
1491361,74 2
1491361,74 1624
1491361,74 10
1491361,74 25 
1501371,79 101 
1503383,38 100 
1503383,38 2
1503383,38 1624
1503383,38 10
1503383,38 25 
1513393,39 101 
1515405,01 100 
1515405,01 2
1515405,01 1624
1515405,01 10
1515405,01 25 
1525415,03 101 
1527426,73 100 
1527426,73 2
1527426,73 1624
1527426,73 10
1527426,73 25 
1537437,15 101 
1539448,28 100 
1539448,28 2
1539448,28 1624
1539448,28 10
1539448,28 25 
1549458,48 101 
1551470,1 100 
1551470,1 2
1551470,1 1624
1551470,1 10
1551470,1 25 
1561479,93 101 
1563491,53 100 
1563491,53 2
1563491,53 1624
1563491,53 10
1563491,53 25 
1573501,55 101 
1575513,18 100 
1575513,18 2
1575513,18 1624
1575513,18 10
1575513,18 25 
1585523,21 101 
1587534,85 100 
1587534,85 2
1587534,85 1624
1587534,85 10
1587534,85 25 
1597544,85 101 
1599556,45 100 
1599556,45 2
1599556,45 1624
1599556,45 10
1599556,45 25 
1609566,56 101 
1611578,07 100 
1611578,07 2
1611578,07 1624
1611578,07 10
1611578,07 25 
1621588,1 101 
1623599,7 100 
1623599,7 2
1623599,7 1624
1623599,7 10
1623599,7 25 
1633609,97 101 
1635621,34 100 
1635621,34 2
1635621,34 1624
1635621,34 10
1635621,34 25 
1645631,45 101 
1647642,98 100 
1647642,98 2
1647642,98 1624
1647642,98 10
1647642,98 25 
1657653,03 101 
1659664,61 100 
1659664,61 2
1659664,61 1624
1659664,61 10
1659664,61 25 
1669674,64 101 
1671686,24 100 
1671686,24 2
1671686,24 1624
1671686,24 10
1671686,24 25 
1681288,07 75 
1682195,56 72 
1682420 70 
1682873,28 250 
1682882,61 101 
1684896,96 100 
1684896,96 2
1684896,96 1624
1684896,96 10
1684896,96 25 
1684926,52 75 
1685832,36 72 
1685841,4 70 
1686549,76 80 
1687148,43 83 
1689364,96 64 2217
1689748,74 63 362
1689953,84 153 
1689994,59 68 
1690505,08 92 
1690505,08 65 
1691492,42 103 
1691492,42 101 
1692006,03 100 
1692006,03 2
1692006,03 1624
1692006,03 11
1694013,12 25 
1694042,79 75 
1694949,85 72 
1695002,47 70 
1695889,09 80 
1696317,95 83 
1696363,64 64 47
1696399,31 256 
1696907,3 62 524
1697113,2 151 
1697146,39 69 
1697655,83 93 
1697960,09 183 
1698120,76 256 
1698289,04 183 
1698649,42 103 
1698649,42 101 
1699563,36 100 
1699563,36 2
1699563,36 1624
1699563,36 10
1701569,95 25 
1701972,56 75 
1701979,85 250 
1701993,82 101 
1704009,32 100 
1704009,32 2
1704009,32 1624
1704009,32 10
1704009,32 25 
1704034,55 75 
1704942,08 72 
1704997,35 70 
1705891,74 80 
1706313,84 83 
1709113,71 64 2801
1719137,83 252 
1719147,26 101 
1721161,55 100 
1721161,55 2
1721161,55 1624
1721161,55 10
1721161,55 25 
1731168,9 101 
1733180,5 100 
1733180,5 2
1733180,5 1624
1733180,5 10
1733180,5 25 
1743190,55 101 
1745202,12 100 
1745202,12 2
1745202,12 1624
1745202,12 10
1745202,12 25 
1755212,13 101 
1757223,76 100 
1757223,76 2
1757223,76 1624
1757223,76 10
1757223,76 25 
1767238,41 75 
1768145,25 72 
1768197,18 70 
1769083,84 80 
1769513,79 83 
1772122,52 64 2610
1782139,92 252 
1782160,86 101 
1784175,8 100 
1784175,8 2
1784175,8 1624
1784175,8 10
1784175,8 25 
1794182,72 101 
1796194,34 100 
1796194,34 2
1796194,34 1624
1796194,34 10
1796194,34 25 
1806204,35 101 
1808215,75 100 
1808215,75 2
1808215,75 1624
1808215,75 10
1808215,75 25 
1818225,77 101 
1820237,37 100 
1820237,37 2
1820237,37 1624
1820237,37 10
1820237,37 25 
1830247,5 101 
1832259,03 100 
1832259,03 2
1832259,03 1624
1832259,03 10
1832259,03 25 
1842269,11 101 
1844280,63 100 
1844280,63 2
1844280,63 1624
1844280,63 10
1844280,63 25 
1854290,66 101 
1856302,28 100 
1856302,28 2
1856302,28 1624
1856302,28 10
1856302,28 25 
1866312,29 101 
1868323,91 100 
1868323,91 2
1868323,91 1624
1868323,91 10
1868323,91 25 
1868449,51 75 
1869358,15 72 
1869581,67 70 
1870584,2 80 
1871071,42 83 
1878567,43 64 7497
1879063,75 256 
1888588,12 252 
1888609,8 101 
1890624,23 100 
1890624,23 2
1890624,23 1624
1890624,23 10
1890624,23 25 
1900631,25 101 
1902642,87 100 
1902642,87 2
1902642,87 1624
1902642,87 10
1902642,87 25 
1912652,92 101 
1914664,51 100 
1914664,51 2
1914664,51 1624
1914664,51 10
1914664,51 25 
1924687,88 101 
1926699,45 100 
1926699,45 2
1926699,45 1624
1926699,45 10
1926699,45 25 
1936709,49 101 
1938721,09 100 
1938721,09 2
1938721,09 1624
1938721,09 10
1938721,09 25 
1948731,12 101 
1950742,72 100 
1950742,72 2
1950742,72 1624
1950742,72 10
1950742,72 25 
1960752,76 101 
1962764,37 100 
1962764,37 2
1962764,37 1624
1962764,37 10
1962764,37 25 
1972774,61 101 
1974786,21 100 
1974786,21 2
1974786,21 1624
1974786,21 10
1974786,21 25 
1981095,59 75 
1981196,73 250 
1981209,96 101 
1983225,17 100 
1983225,17 2
1983225,17 1624
1983225,17 10
1983225,17 25 
1983250,91 75 
1984157,46 72 
1984493,6 70 
1985451,52 80 
1985763,5 250 
1985782,47 101 
1987796,76 100 
1987796,76 2
1987796,76 1624
1987796,76 10
1987796,76 25 
1997804,09 101 
1999815,69 100 
1999815,69 2
1999815,69 1624
1999815,69 10
1999815,69 25 
2009825,54 101 
2011837,14 100 
2011837,14 2
2011837,14 1624
2011837,14 10
2011837,14 25 
2021847,41 101 
2023858,96 100 
2023858,96 2
2023858,96 1624
2023858,96 10
2023858,96 25 
2033868,99 101 
2035880,61 100 
2035880,61 2
2035880,61 1624
2035880,61 10
2035880,61 25 
2042323,41 75 
2043231,64 72 
2043442,33 70 
2044378,04 80 
2044838,68 83 
2045096,12 64 258
2045483,48 61 366
2045911,54 150 
2045951,23 68 
2046386,91 171 
2046882,31 92 
2046882,31 65 
2047450,04 103 
2047450,04 101 
2047963,44 100 
2047963,44 2
2047963,44 1624
2047963,44 11
2049970,72 25 
2050186,83 75 
2051094,43 72 
2051145,53 70 
2052036,46 80 
2052462,16 83 
2052573,51 64 113
2052836,42 255 
2052847,75 101 
2054863,22 100 
2054863,22 2
2054863,22 1624
2054863,22 11
2054863,22 25 
2054891,58 75 
2055798,77 72 
2055850,19 70 
2056741,6 80 
2057180,21 83 
2058436,56 64 1258
2058827,78 63 369
2059034,4 150 
2059066,71 68 
2059543,13 173 
2060042,81 92 
2060042,81 65 
2060564,59 103 
2060564,59 101 
2061080,78 100 
2061080,78 2
2061080,78 1624
2061080,78 10
2063085,24 25 
2066593,34 75 
2066876,91 250 
2066894,28 101 
2068909,26 100 
2068909,26 2
2068909,26 1624
2068909,26 10
2068909,26 25 
2068935,05 75 
2069841,7 72 
2069898,87 70 
2070788,42 80 
2071214,37 83 
2077334,99 64 6121
2078056,42 63 699
2078262,34 151 
2078299,03 69 
2078807,78 93 
2079787,21 183 
2079823,13 103 
2079823,13 101 
2080736,3 100 
2080736,3 2
2080736,3 1624
2080736,3 10
2082743,79 25 
2082773,22 75 
2083680,72 72 
2083731,83 70 
2084624,49 80 
2085049,17 83 
2085519,91 64 472
2086221,44 63 681
2086427,7 151 
2086467,68 69 
2087037,91 183 
2087533,81 93 
2087966,45 103 
2087966,45 101 
2088879,62 100 
2088879,62 2
2088879,62 1624
2088879,62 11
2090887,79 25 
2090916,4 75 
2091824,49 72 
2091876,53 70 
2092767,82 80 
2093191,77 83 
2093819,3 64 629
2094774,09 63 930
2094981,86 150 
2095019,58 68 
2095529,58 92 
2095529,58 65 
2096522,64 103 
2096522,64 101 
2097035,99 100 
2097035,99 2
2097035,99 1624
2097035,99 11
2099043,35 25 
2099072,79 75 
2099979,88 72 
2100033,17 70 
2100919,17 80 
2101348,19 83 
2101402,6 64 55
2101437,57 256 
2101968,19 63 541
2102173,83 150 
2102203,16 68 
2102711,05 92 
2102711,05 65 
2103706,3 103 
2103706,3 101 
2104219,66 100 
2104219,66 2
2104219,66 1624
2104219,66 10
2106227,07 25 
2106549,64 75 
2107458,2 72 
2107508,43 70 
2108394,89 80 
2108825,03 83 
2124378,38 64 15554
2134405,16 252 
2134426,93 101 
2136441 100 
2136441 2
2136441 1624
2136441 10
2136441 25 
2136670,35 75 
2137578,86 72 
2137629,04 70 
2138521,67 80 
2138945,8 83 
2140332,43 64 1388
2140399,85 256 
2150357,18 252 
2150366,67 101 
2152381,06 100 
2152381,06 2
2152381,06 1624
2152381,06 10
2152381,06 25 
2162388,32 101 
2164399,93 100 
2164399,93 2
2164399,93 1624
2164399,93 10
2164399,93 25 
2174409,95 101 
2176421,56 100 
2176421,56 2
2176421,56 1624
2176421,56 10
2176421,56 25 
2186431,59 101 
2188443,2 100 
2188443,2 2
2188443,2 1624
2188443,2 10
2188443,2 25 
2194046,52 75 
2194954,14 72 
2195178,63 70 
2196093,17 80 
2196681,77 83 
2200277,75 64 3597
2201150,3 62 845
2201356,97 153 
2201388,53 68 
2201897,32 92 
2201897,32 65 
2202109,16 256 
2202891,67 103 
2202891,67 101 
2203405,09 100 
2203405,09 2
2203405,09 1624
2203405,09 11
2205412,39 25 
2205883,33 75 
2206792,02 72 
2206853,63 70 
2207738,29 80 
2208156,99 83 
2208292,19 64 136
2208625,11 62 309
2208835,51 151 
2208869,85 69 
2209506,68 182 
2210003,72 93 
2210368,49 103 
2210368,49 101 
2211281,86 100 
2211281,86 2
2211281,86 1624
2211281,86 10
2213288,99 25 
2213571,68 75 
2214480,22 72 
2214530,49 70 
2215419,25 80 
2215847,08 83 
2216529,43 64 684
2216820,31 63 268
2217026,67 151 
2217061,79 69 
2217309,13 256 
2217726,93 183 
2218228,93 93 
2218526,43 181 
2218565,04 103 
2218565,04 101 
2219478,51 100 
2219478,51 2
2219478,51 1624
2219478,51 11
2221486,87 25 
2221969,56 75 
2222878,16 72 
2222926,93 70 
2223821,05 80 
2224243,6 83 
2224289,83 64 47
2224854,95 256 
2225555,82 255 
2225575,39 101 
2227589,84 100 
2227589,84 2
2227589,84 1624
2227589,84 11
2227589,84 25 
2237597,03 101 
2239608,61 100 
2239608,61 2
2239608,61 1624
2239608,61 11
2239608,61 25 
2249618,65 101 
2251630,25 100 
2251630,25 2
2251630,25 1624
2251630,25 11
2251630,25 25 
2261640,16 101 
2263651,88 100 
2263651,88 2
2263651,88 1624
2263651,88 11
2263651,88 25 
2273661,93 101 
2275673,53 100 
2275673,53 2
2275673,53 1624
2275673,53 11
2275673,53 25 
2285683,54 101 
2287695,16 100 
2287695,16 2
2287695,16 1624
2287695,16 11
2287695,16 25 
2295270,86 75 
2296178,56 72 
2296256,6 70 
2297261,71 250 
2297278,69 101 
2299292,99 100 
2299292,99 2
2299292,99 1624
2299292,99 11
2299292,99 25 
2309300,34 101 
2311338,58 100 
2311338,58 2
2311338,58 1624
2311338,58 11
2311338,58 25 
2321348,65 101 
2323360,21 100 
2323360,21 2
2323360,21 1624
2323360,21 11
2323360,21 25 
2333370,06 101 
2335381,67 100 
2335381,67 2
2335381,67 1624
2335381,67 11
2335381,67 25 
2340318,79 75 
2341228,12 72 
2341246,98 70 
2341955,21 80 
2342554,05 83 
2343416,16 64 863
2346249,6 256 
2346308,32 61 2876
2346517,08 151 
2346558,79 69 
2347070,31 93 
2348057,5 103 
2348057,5 101 
2348971,33 100 
2348971,33 2
2348971,33 1624
2348971,33 10
2350978,01 25 
2351713,95 75 
2352622,2 72 
2352806,01 70 
2353735,71 80 
2354189,18 83 
2354711,04 64 523
2355219,81 61 484
2355426,67 150 
2355457,15 68 
2356248,97 171 
2356744,4 92 
2356744,4 65 
2356960,51 103 
2356960,51 101 
2357473,83 100 
2357473,83 2
2357473,83 1624
2357473,83 11
2359481,2 25 
2359510,69 75 
2360416,37 72 
2360615,98 70 
2361555,72 80 
2362025,87 83 
2362636,03 64 611
2364639,5 61 1975
2364846,3 151 
2364884,73 69 
2365831,53 181 
2366176,51 182 
2366834,05 256 
2367673,61 183 
2368568,73 181 
2369064,71 93 
2369088,72 103 
2369088,72 101 
2370004,85 100 
2370004,85 2
2370004,85 1624
2370004,85 11
2372009,22 25 
2375424,11 75 
2376333,49 72 
2376516,09 70 
2377425,65 80 
2377845,97 83 
2379563,04 64 1718
2380243,2 61 652
2380450,34 151 
2380493,12 69 
2381041,56 181 
2382661,06 181 
2389034,95 256 
2429035,21 181 
2429489,74 181 
2429819,48 182 
2430113,4 181 
2430611,76 93 
2430623,18 103 
2430623,18 101 
2431536,23 100 
2431536,23 2
2431536,23 1624
2431536,23 10
2433544,45 25 
2438290,91 75 
2438490,81 250 
2438498,73 101 
2440513,89 100 
2440513,89 2
2440513,89 1624
2440513,89 10
2440513,89 25 
2440544,1 75 
2441451,99 72 
2441502,01 70 
2442390,94 80 
2442818,86 83 
2443515,02 64 697
2444767,69 63 1230
2444974,85 151 
2445010,88 69 
2446533,03 181 
2447194,38 256 
2447343,02 182 
2447923,54 182 
2448794,41 182 
2449292,52 182 
2451512,3 183 
2452010,28 93 
2452027,32 103 
2452027,32 101 
2452940,87 100 
2452940,87 2
2452940,87 1624
2452940,87 11
2454947,91 25 
2455843,62 75 
2456751,44 72 
2456802,34 70 
2457046,41 250 
2457065,12 101 
2459079,41 100 
2459079,41 2
2459079,41 1624
2459079,41 11
2459079,41 25 
2459109,17 75 
2460016,33 72 
2460037,22 70 
2460745,96 80 
2461184,37 83 
2475443,33 64 14260
2476358,58 62 888
2476564,98 151 
2476598,69 69 
2477282,45 182 
2477567,53 183 
2478574,16 181 
2479207,16 256 
2480081,51 182 
2480582,84 93 
2480601,99 103 
2480601,99 101 
2481515,31 100 
2481515,31 2
2481515,31 1624
2481515,31 10
2483522,51 25 
2483552,02 75 
2484458,63 72 
2484644,25 70 
2485574,52 80 
2486027,37 83 
2486998,65 64 972
2487492,96 63 467
2487698,88 153 
2487739,8 68 
2488246,53 92 
2488246,53 65 
2488758,82 256 
2489239,3 103 
2489239,3 101 
2489751,8 100 
2489751,8 2
2489751,8 1624
2489751,8 11
2491759,15 25 
2491788,75 75 
2492695,26 72 
2492880,94 70 
2493818,13 80 
2494263,88 83 
2495070,01 64 807
2495308,33 63 220
2495515,28 150 
2495545,25 68 
2496054,7 92 
2496054,7 65 
2496249,37 256 
2497048,49 103 
2497048,49 101 
2497561,86 100 
2497561,86 2
2497561,86 1624
2497561,86 11
2499569,15 25 
2499598,65 75 
2500505,38 72 
2500558,64 70 
2501444,87 80 
2501873,98 83 
2502319,92 64 447
2502676,22 63 336
2502884,32 150 
2502915,46 68 
2503428,27 92 
2503428,27 65 
2504418,77 103 
2504418,77 101 
2504932,7 100 
2504932,7 2
2504932,7 1624
2504932,7 10
2506939,39 25 
2506968,77 75 
2507007,44 250 
2507016,64 101 
2509032,14 100 
2509032,14 2
2509032,14 1624
2509032,14 10
2509032,14 25 
2509057,45 75 
2509964,9 72 
2510021,31 70 
2510535,23 250 
2510549,42 101 
2512563,66 100 
2512563,66 2
2512563,66 1624
2512563,66 10
2512563,66 25 
2522571,06 101 
2524582,62 100 
2524582,62 2
2524582,62 1624
2524582,62 10
2524582,62 25 
2534592,67 101 
2536604,27 100 
2536604,27 2
2536604,27 1624
2536604,27 10
2536604,27 25 
2546614,32 101 
2548625,91 100 
2548625,91 2
2548625,91 1624
2548625,91 10
2548625,91 25 
2558635,88 101 
2560647,54 100 
2560647,54 2
2560647,54 1624
2560647,54 10
2560647,54 25 
2570657,59 101 
2572669,16 100 
2572669,16 2
2572669,16 1624
2572669,16 10
2572669,16 25 
2582679,19 101 
2584690,79 100 
2584690,79 2
2584690,79 1624
2584690,79 10
2584690,79 25 
2584723,12 75 
2585630,31 72 
2585651,3 70 
2586363,3 80 
2586798,42 83 
2588405,39 64 1608
2589995,84 62 1572
2590202,25 151 
2590246,11 69 
2591041,49 183 
2591489,31 256 
2593216,15 181 
2594321,42 181 
2594679,55 183 
2605668,33 181 
2606838,71 181 
2607186,46 181 
2616119,35 182 
2616351,15 182 
2617693,18 182 
2621644,06 182 
2622828,9 182 
2623202,6 182 
2691765,57 181 
2692532,6 181 
2692822,5 181 
2696092,48 181 
2696801,78 181 
2706170,54 181 
2711115,11 181 
2711296,09 181 
2712452,67 182 
2712727,32 181 
2715369,02 181 
2717068,64 181 
2731289 181 
2731348,67 181 
2731952,92 181 
2733621,83 181 
2743543,77 181 
2750180,67 182 
2750735,31 183 
2751080,01 183 
2751935,21 183 
2752751,14 181 
2753716,58 183 
2754703,75 181 
2755258,66 181 
2755635,57 182 
2781365,89 181 
2781970,06 181 
2786110,29 182 
2895395,6 182 
2923908,09 181 
2927433,78 183 
2928253,56 183 
2928623,93 183 
2928933,6 183 
2929279,96 183 
2933843,5 181 
2934274,86 181 
2934649,67 181 
2945794,77 182 
2952577,18 183 
2953789,58 181 
2954636,07 182 
2955175,16 183 
2956131,34 182 
2956665,84 182 
2956983,61 181 
2957442,39 181 
2958422,92 182 
2960807,83 183 
2996485,72 181 
2996704,72 181 
3002241,8 182 
3002691,77 183 
3004780,6 181 
3005618,52 181 
3005998,02 183 
3007069,74 181 
3012939,98 183 
3013726,15 183 
3014328,5 181 
3014815,81 182 
3015129,69 183 
3017920,32 183 
3020901,3 181 
3049364,13 183 
3049667,58 183 
3049788,47 183 
3049947,31 183 
3063697,18 182 
3065183,96 181 
3094309,9 181 
3108918,83 181 
3154315,67 182 
3154527,24 182 
3155026,18 93 
3155039,63 103 
3155039,63 101 
3155953,15 100 
3155953,15 2
3155953,15 1624
3155953,15 10
3157960,12 25 
3167967,65 101 
3169979,07 100 
3169979,07 2
3169979,07 1624
3169979,07 10
3169979,07 25 
3179989,09 101 
3182000,68 100 
3182000,68 2
3182000,68 1624
3182000,68 10
3182000,68 25 
3192050,69 101 
3194062,3 100 
3194062,3 2
3194062,3 1624
3194062,3 10
3194062,3 25 
3202264,36 75 
3202351,15 250 
3202365,49 101 
3204380,69 100 
3204380,69 2
3204380,69 1624
3204380,69 10
3204380,69 25 
3204406,43 75 
3205312,4 72 
3205528,91 70 
3206439,86 80 
3207005,39 83 
3209371,55 64 2367
3209618,44 61 229
3209826,16 150 
3209864,27 68 
3210378,41 92 
3210378,41 65 
3210853,03 172 
3211362,73 103 
3211362,73 101 
3211876,04 100 
3211876,04 2
3211876,04 1624
3211876,04 11
3213883,56 25 
3213913 75 
3214819,9 72 
3214871,61 70 
3215757,26 80 
3216174,93 83 
3216182,94 64 9
3216228,76 256 
3216682,43 62 482
3216888,32 151 
3216929,46 69 
3217440,8 93 
3217641,5 256 
3218426,44 103 
3218426,44 101 
3219340,5 100 
3219340,5 2
3219340,5 1624
3219340,5 10
3221346,96 25 
3221376,45 75 
3222282,57 72 
3222335,24 70 
3223219,33 80 
3223651,83 83 
3224300,08 64 649
3224621,53 61 305
3224828,64 150 
3224872,18 68 
3225385,85 92 
3225385,85 65 
3225946,96 172 
3226369,54 103 
3226369,54 101 
3226886,81 100 
3226886,81 2
3226886,81 1624
3226886,81 10
3228890,23 25 
3228919,71 75 
3229826,28 72 
3229878,39 70 
3230766,53 80 
3231195,1 83 
3231616,3 64 422
3231875,58 61 242
3232080,2 152 
3232117,37 69 
3232629,17 93 
3233362,6 182 
3233619,99 103 
3233619,99 101 
3234533,81 100 
3234533,81 2
3234533,81 1624
3234533,81 10
3236540,44 25 
3236569,98 75 
3237477,52 72 
3237528,67 70 
3238413,53 80 
3238845,3 83 
3239007,49 64 162
3239046,58 256 
3239315,76 61 285
3239521,89 150 
3239558,05 68 
3240069,36 92 
3240069,36 65 
3240452,31 171 
3240748,41 172 
3241056,7 103 
3241056,7 101 
3241570,25 100 
3241570,25 2
3241570,25 1624
3241570,25 11
3243577,41 25 
3243606,89 75 
3244514,12 72 
3244565,64 70 
3245455,31 80 
3245882,25 83 
3247076,91 64 1195
3247597,5 63 503
3247803,15 150 
3247835,2 68 
3248196,67 173 
3248694,01 92 
3248694,01 65 
3249333,53 103 
3249333,53 101 
3249846,83 100 
3249846,83 2
3249846,83 1624
3249846,83 11
3251853,93 25 
3251883,55 75 
3252791,33 72 
3252842,24 70 
3253730,77 80 
3254158,82 83 
3261880,8 64 7723
3262076,83 63 174
3262283,25 150 
3262321,76 68 
3262832,87 92 
3262832,87 65 
3262874,95 256 
3263820,5 103 
3263820,5 101 
3264333,89 100 
3264333,89 2
3264333,89 1624
3264333,89 11
3266341,3 25 
3271395,13 75 
3272303,29 72 
3272354,02 70 
3273237,26 80 
3273657,34 83 
3273889,81 64 233
3274082,92 63 173
3274288,93 150 
3274325,68 68 
3274418,35 256 
3275069,56 173 
3275545,8 171 
3276747,19 171 
3278232,63 173 
3278730,15 92 
3278730,15 65 
3278747,71 103 
3278747,71 101 
3279261,02 100 
3279261,02 2
3279261,02 1624
3279261,02 10
3281268,29 25 
3281297,78 75 
3282205,2 72 
3282256,53 70 
3283145,25 80 
3283537,29 250 
3283559,15 101 
3285573,21 100 
3285573,21 2
3285573,21 1624
3285573,21 10
3285573,21 25 
3285602,82 75 
3286148,33 250 
3286156,88 101 
3288172,09 100 
3288172,09 2
3288172,09 1624
3288172,09 10
3288172,09 25 
3288197,88 75 
3289104,99 72 
3289160,33 70 
3290053,06 80 
3290463,59 83 
3290503,94 64 41
3290750,13 61 221
3290956,18 150 
3290990,78 68 
3291502,76 92 
3291502,76 65 
3291583,7 256 
3291708,66 171 
3292074,15 172 
3292488,52 103 
3292488,52 101 
3293028,7 100 
3293028,7 2
3293028,7 1624
3293028,7 10
3295035,89 25 
3295065,41 75 
3295971,4 72 
3296024,09 70 
3296907,04 80 
3297340,76 83 
3297436 64 96
3297691,52 61 232
3297898,37 150 
3297933,52 68 
3298440,45 92 
3298440,45 65 
3298739,66 256 
3299432,4 103 
3299432,4 101 
3299945,71 100 
3299945,71 2
3299945,71 1624
3299945,71 11
3301953,69 25 
3301982,56 75 
3302409,52 250 
3302416,75 101 
3304431,95 100 
3304431,95 2
3304431,95 1624
3304431,95 11
3304431,95 25 
3307016,77 75 
3307926,12 72 
3307979,18 70 
3308661,27 250 
3308681,68 101 
3310696 100 
3310696 2
3310696 1624
3310696 11
3310696 25 
3310725,58 75 
3311632,81 72 
3311653,79 70 
3312360,68 80 
3312921,87 250 
3312933,41 101 
3314947,7 100 
3314947,7 2
3314947,7 1624
3314947,7 11
3314947,7 25 
3314977,92 75 
3315884,65 72 
3316069,23 70 
3316650,27 250 
3316665,18 101 
3318679,56 100 
3318679,56 2
3318679,56 1624
3318679,56 11
3318679,56 25 
3318708,98 75 
3319616,39 72 
3319637,28 70 
3320347,96 80 
3320931,02 83 
3321095,76 64 166
3321300,79 61 184
3321505,29 151 
3321537,17 69 
3322314,73 182 
3323377,69 182 
3323755,85 256 
3326263,67 181 
3339960,72 181 
3340458,73 93 
3340482,04 103 
3340482,04 101 
3341395,36 100 
3341395,36 2
3341395,36 1624
3341395,36 11
3343402,48 25 
3343432,07 75 
3344339,4 72 
3344524,1 70 
3345455,16 80 
3345907,23 83 
3346453,63 64 547
3346783,47 61 304
3346989,41 151 
3347020,17 69 
3347532,6 93 
3348099,78 183 
3348519,61 103 
3348519,61 101 
3349431,81 100 
3349431,81 2
3349431,81 1624
3349431,81 10
3351439,61 25 
3351468,58 75 
3352375,4 72 
3352427,26 70 
3353315,43 80 
3353743,98 83 
3353811,89 64 68
3353851,44 256 
3354128,84 61 292
3354335,43 150 
3354372,25 68 
3354884,19 92 
3354884,19 65 
3355402,97 172 
3355875,48 103 
3355875,48 101 
3356392,49 100 
3356392,49 2
3356392,49 1624
3356392,49 11
3358396,23 25 
3358425,59 75 
3359333,11 72 
3359384,51 70 
3360269,03 80 
3360687,88 83 
3361235,36 64 549
3361558,34 61 299
3361765,42 151 
3361800,57 69 
3362308,52 93 
3362729,51 182 
3362921,7 256 
3363013,69 182 
3363298,97 103 
3363298,97 101 
3364212,4 100 
3364212,4 2
3364212,4 1624
3364212,4 11
3366220,32 25 
3367061,87 75 
3367970,11 72 
3368020,64 70 
3368906,62 80 
3369337,3 83 
3372242,97 64 2906
3372597,97 61 329
3372805,53 151 
3372848,94 69 
3373360 93 
3373617,03 181 
3374347,64 103 
3374347,64 101 
3375260,85 100 
3375260,85 2
3375260,85 1624
3375260,85 10
3377268,17 25 
3377297,67 75 
3378204,4 72 
3378256,35 70 
3379142,61 80 
3379573,54 83 
3382010,94 64 2439
3382550,01 63 512
3382758,82 151 
3382786,91 69 
3383295,54 93 
3383535,68 183 
3384290,13 103 
3384290,13 101 
3385203,9 100 
3385203,9 2
3385203,9 1624
3385203,9 11
3387210,62 25 
3397218,16 101 
3399229,54 100 
3399229,54 2
3399229,54 1624
3399229,54 11
3399229,54 25 
3402460,43 75 
3402633,26 250 
3402641,45 101 
3404656,67 100 
3404656,67 2
3404656,67 1624
3404656,67 11
3404656,67 25 
3405295,47 75 
3406203,96 72 
3406257,89 70 
3407150,3 80 
3407574,59 83 
3407894,49 64 321
3408540,09 61 619
3408747,32 151 
3408776,07 69 
3409446,62 181 
3410175,96 256 
3411349,62 181 
3412522,81 181 
3416462,44 181 
3416686,36 181 
3417183,98 93 
3417196,47 103 
3417196,47 101 
3418109,67 100 
3418109,67 2
3418109,67 1624
3418109,67 10
3420116,84 25 
3422678,6 75 
3423587,18 72 
3423638,54 70 
3424533,76 80 
3424954,53 83 
3425177,24 64 225
3425587,1 63 395
3425792,33 151 
3425826,84 69 
3426431,54 183 
3426500,69 256 
3427123,71 183 
3427877,78 181 
3452255 183 
3452754,08 93 
3452768,31 103 
3452768,31 101 
3453681,56 100 
3453681,56 2
3453681,56 1624
3453681,56 10
3455688,81 25 
3456465,65 75 
3457373,81 72 
3457596,98 70 
3458540,17 80 
3459019,9 83 
3464862,42 64 5844
3465173,38 61 291
3465383,43 152 
3465424,69 69 
3466435,45 183 
3466709,25 256 
3474168,15 183 
3475197,83 181 
3476323,17 181 
3477078,12 182 
3477323,8 182 
3478293,52 182 
3478489,41 183 
3479401,52 181 
3479903,72 93 
3479916,87 103 
3479916,87 101 
3480830,09 100 
3480830,09 2
3480830,09 1624
3480830,09 10
3482837,42 25 
3482866,88 75 
3483776,27 72 
3483959 70 
3484891,94 80 
3485368,85 83 
3485531,93 64 164
3485861,18 61 306
3486067,02 150 
3486108,37 68 
3486621,84 92 
3486621,84 65 
3487323,85 172 
3487607,01 103 
3487607,01 101 
3488121,04 100 
3488121,04 2
3488121,04 1624
3488121,04 10
3490127,67 25 
3490157,16 75 
3491063,81 72 
3491249,23 70 
3492174,2 80 
3492632,6 83 
3492999,54 64 368
3493239,32 61 221
3493445,24 150 
3493478,83 68 
3493991,13 92 
3493991,13 65 
3494700,87 172 
3494977,27 103 
3494977,27 101 
3495490,64 100 
3495490,64 2
3495490,64 1624
3495490,64 11
3497497,94 25 
3497527,4 75 
3498435,38 72 
3498619,61 70 
3499549,23 80 
3500002,73 83 
3500917,64 64 916
3501317,65 255 
3501334,53 101 
3503348,96 100 
3503348,96 2
3503348,96 1624
3503348,96 11
3503348,96 25 
3503378,35 75 
3504285,88 72 
3504470,41 70 
3505418,25 80 
3505893,57 83 
3506052,21 64 159
3506450,25 61 371
3506657,33 151 
3506700,55 69 
3507209,13 93 
3507605,83 256 
3507625,63 182 
3507976,87 182 
3508198,39 103 
3508198,39 101 
3509138,26 100 
3509138,26 2
3509138,26 1624
3509138,26 11
3511145,58 25 
3511175,15 75 
3512082,15 72 
3512267,12 70 
3513200,47 80 
3513690,31 83 
3513698,88 64 9
3513934,29 61 219
3514141,4 151 
3514172,07 69 
3514679,58 93 
3515675,25 103 
3515675,25 101 
3516591,41 100 
3516591,41 2
3516591,41 1624
3516591,41 11
3518595,76 25 
3518625,21 75 
3519533,18 72 
3519717,5 70 
3520654,99 80 
3521100,51 83 
3521169,1 64 69
3521421,72 61 229
3521629,75 151 
3521662,22 69 
3522292,7 256 
3530788,62 182 
3531355,68 182 
3531681,61 181 
3532387,09 183 
3533378,05 181 
3533873,98 93 
3533894,28 103 
3533894,28 101 
3534807,61 100 
3534807,61 2
3534807,61 1624
3534807,61 11
3536814,82 25 
3536844,31 75 
3537751,9 72 
3537936,43 70 
3538847,06 80 
3539280,27 83 
3540980,59 64 1702
3541314,71 61 317
3541520,77 151 
3541551,67 69 
3542229,24 181 
3542614,66 256 
3544874,93 181 
3545208,63 181 
3545421,83 181 
3545776,19 181 
3546640,29 181 
3550994,75 183 
3551976,43 181 
3552308,88 181 
3552814,52 181 
3552945,72 181 
3553292,78 181 
3553620,96 181 
3554004,41 181 
3554677,42 181 
3554919,76 181 
3555156,42 181 
3556437,33 181 
3562937,95 181 
3563350,63 181 
3563848,54 93 
3563868,44 103 
3563868,44 101 
3564781,6 100 
3564781,6 2
3564781,6 1624
3564781,6 11
3566788,98 25 
3568404,56 75 
3569314,02 72 
3569363,21 70 
3570252,69 80 
3570679,82 83 
3570868,51 64 190
3571238,54 61 347
3571445,54 151 
3571486,9 69 
3572346,62 182 
3572708,03 183 
3572931,56 256 
3575403,2 181 
3576070,42 181 
3579997,84 181 
3580098,87 181 
3580780,71 181 
3581630,85 183 
3581753,22 183 
3588535,92 181 
3588854,78 181 
3589528,31 181 
3590941,11 181 
3593622,85 182 
3594368,27 182 
3594542,68 183 
3595423,48 181 
3595918,2 93 
3595934,84 103 
3595934,84 101 
3596847,97 100 
3596847,97 2
3596847,97 1624
3596847,97 10
3598855,29 25 
3598884,93 75 
3599792,13 72 
3599843,68 70 
3600734,31 80 
3601160,22 83 
3601197,28 64 38
3601232,35 256 
3601497,19 61 285
3601703,52 150 
3601739,81 68 
3602251,86 92 
3602251,86 65 
3602846,99 172 
3603238,44 103 
3603238,44 101 
3603751,91 100 
3603751,91 2
3603751,91 1624
3603751,91 10
3605759,12 25 
3605788,66 75 
3606695,23 72 
3606747,23 70 
3607633,32 80 
3608063,93 83 
3608156,91 64 94
3608375,27 61 193
3608581,42 150 
3608617,21 68 
3609133,05 92 
3609133,05 65 
3610128,84 103 
3610128,84 101 
3610642,26 100 
3610642,26 2
3610642,26 1624
3610642,26 10
3612649,56 25 
3612679,04 75 
3613586,02 72 
3613637,77 70 
3614522,89 80 
3614941,06 83 
3615062,2 64 121
3615356,36 61 270
3615562,63 152 
3615602,11 69 
3616114,35 93 
3616474,22 181 
3617099,26 103 
3617099,26 101 
3618012,72 100 
3618012,72 2
3618012,72 1624
3618012,72 10
3620019,81 25 
3620049,33 75 
3620957,59 72 
3621008,25 70 
3621896,48 80 
3622324,7 83 
3622421,71 64 98
3622673,38 61 230
3622880,35 150 
3622912,95 68 
3623421,87 92 
3623421,87 65 
3623983,57 172 
3624416,29 103 
3624416,29 101 
3624929,86 100 
3624929,86 2
3624929,86 1624
3624929,86 11
3626936,96 25 
3632430,75 75 
3633339,01 72 
3633389,51 70 
3634277,13 80 
3634719,44 83 
3643491,34 64 8773
3644066,29 61 551
3644418,56 151 
3644450,79 69 
3645029,7 181 
3646547,76 256 
3656543,24 181 
3658283,09 181 
3658415,94 182 
3662371,07 181 
3671148,48 181 
3671322,88 181 
3672174,1 181 
3672714,19 183 
3673382,82 181 
3673880,01 93 
3673902,37 103 
3673902,37 101 
3674815,59 100 
3674815,59 2
3674815,59 1624
3674815,59 11
3676822,83 25 
3676852,96 75 
3677759,88 72 
3677984,66 70 
3678923,14 80 
3679367,71 83 
3679431,16 64 64
3679705,42 61 246
3679912,98 151 
3679947,35 69 
3680915,88 256 
3680928,67 183 
3682352,42 183 
3682824,27 183 
3683284,15 183 
3683993,96 183 
3684832,43 181 
3685330,33 93 
3685350,88 103 
3685350,88 101 
3686264,07 100 
3686264,07 2
3686264,07 1624
3686264,07 10
3688271,38 25 
3688300,88 75 
3689209,88 72 
3689259,77 70 
3690276,72 80 
3690762,83 83 
3691244,74 64 483
3691292,42 256 
3692000,67 62 732
3692209,09 151 
3692248,6 69 
3692757,85 182 
3693247,82 256 
3693354,51 183 
3693859,62 182 
3694470,01 182 
3694967,95 93 
3694986,85 103 
3694986,85 101 
3695903,04 100 
3695903,04 2
3695903,04 1624
3695903,04 10
3697907,42 25 
3697937,95 75 
3698845,58 72 
3699042,26 70 
3700018,9 80 
3700278,74 250 
3700291,2 101 
3702305,51 100 
3702305,51 2
3702305,51 1624
3702305,51 10
3702305,51 25 
3702334,99 75 
3703242,31 72 
3703427,11 70 
3704378,25 80 
3704836,93 83 
3705665,22 64 829
3705920,38 63 232
3706127,84 151 
3706162,86 69 
3706918,71 256 
3707374,57 183 
3707865,89 183 
3708909,99 183 
3709410,16 93 
3709434,15 103 
3709434,15 101 
3710347,35 100 
3710347,35 2
3710347,35 1624
3710347,35 11
3712354,62 25 
3712384,32 75 
3713293,25 72 
3713476,19 70 
3714248,45 250 
3714259,45 101 
3716272,96 100 
3716272,96 2
3716272,96 1624
3716272,96 11
3716272,96 25 
3721460,3 75 
3722369,17 72 
3722388,69 70 
3723098,12 80 
3723535,83 83 
3723771,28 64 236
3723804,21 256 
3729781 61 5993
3729986,43 151 
3730019,74 69 
3730510,16 256 
3730544,39 181 
3730659,02 181 
3735186,12 182 
3735416,36 181 
3735914,58 93 
3735929,73 103 
3735929,73 101 
3736842,91 100 
3736842,91 2
3736842,91 1624
3736842,91 10
3738850,2 25 
3738879,67 75 
3739786,97 72 
3739971,99 70 
3740892,04 80 
3741394,99 83 
3741518,65 64 125
3741814,48 61 272
3742022,23 150 
3742054,79 68 
3742565,07 92 
3742565,07 65 
3743154,43 172 
3743553,31 103 
3743553,31 101 
3744066,6 100 
3744066,6 2
3744066,6 1624
3744066,6 11
3746073,87 25 
3746103,35 75 
3747009,32 72 
3747195,45 70 
3748103,88 80 
3748525,37 83 
3748876,19 64 351
3749260,09 63 362
3749467,64 150 
3749504,65 68 
3749872,79 173 
3750368,59 92 
3750368,59 65 
3750591,9 256 
3750631,58 173 
3751003,44 103 
3751003,44 101 
3751518,1 100 
3751518,1 2
3751518,1 1624
3751518,1 11
3753524,19 25 
3753553,55 75 
3754460,19 72 
3754513,97 70 
3755402,53 80 
3755828,91 83 
3756411,93 64 584
3756676,6 61 249
3756882,55 153 
3756914,88 68 
3757425,52 92 
3757425,52 65 
3757940,76 172 
3758150,83 256 
3758413,61 103 
3758413,61 101 
3758940,24 100 
3758940,24 2
3758940,24 1624
3758940,24 10
3760947,67 25 
3760977,1 75 
3761885,07 72 
3761935,85 70 
3762823,36 80 
3763252,48 83 
3763532,46 64 281
3763751,55 61 194
3763956,44 150 
3763987,42 68 
3764495,32 92 
3764495,32 65 
3765137,25 172 
3765490,66 103 
3765490,66 101 
3766004,06 100 
3766004,06 2
3766004,06 1624
3766004,06 10
3768011,34 25 
3768040,91 75 
3768948,94 72 
3768999,51 70 
3769890,25 80 
3770316,15 83 
3770348,67 64 34
3770607,54 61 239
3770813,9 150 
3770855,71 68 
3771368,16 92 
3771368,16 65 
3772140,48 172 
3772354,52 103 
3772354,52 101 
3772868,49 100 
3772868,49 2
3772868,49 1624
3772868,49 11
3774875,15 25 
3774905,65 75 
3775812,19 72 
3775863,69 70 
3776753,62 80 
3777180,02 83 
3781194,17 64 4015
3781465,9 63 248
3781672,64 150 
3781704,57 68 
3782091,29 173 
3782590,21 92 
3782590,21 65 
3783203,25 103 
3783203,25 101 
3783717,78 100 
3783717,78 2
3783717,78 1624
3783717,78 11
3785723,92 25 
3795731,29 101 
3797742,86 100 
3797742,86 2
3797742,86 1624
3797742,86 11
3797742,86 25 
3807752,89 101 
3809764,49 100 
3809764,49 2
3809764,49 1624
3809764,49 11
3809764,49 25 
3819774,55 101 
3821786,12 100 
3821786,12 2
3821786,12 1624
3821786,12 11
3821786,12 25 
3828948,68 75 
3829856,77 72 
3829907,35 70 
3830095,94 250 
3830116,87 101 
3832131,19 100 
3832131,19 2
3832131,19 1624
3832131,19 11
3832131,19 25 
3832160,65 75 
3833069,22 72 
3833088,96 70 
3833795,84 80 
3834222,9 83 
3834883,8 64 662
3835242,25 61 341
3835449,01 151 
3835482,1 69 
3835991,93 93 
3836284,36 181 
3836788,38 181 
3836980,73 103 
3836980,73 101 
3837894,02 100 
3837894,02 2
3837894,02 1624
3837894,02 10
3839901,37 25 
3849908,58 101 
3851920,17 100 
3851920,17 2
3851920,17 1624
3851920,17 10
3851920,17 25 
3861930,21 101 
3863941,81 100 
3863941,81 2
3863941,81 1624
3863941,81 10
3863941,81 25 
3873951,67 101 
3875963,26 100 
3875963,26 2
3875963,26 1624
3875963,26 10
3875963,26 25 
3876342,09 75 
3876801,61 250 
3876816,23 101 
3878831,65 100 
3878831,65 2
3878831,65 1624
3878831,65 10
3878831,65 25 
3888838,94 101 
3890850,53 100 
3890850,53 2
3890850,53 1624
3890850,53 10
3890850,53 25 
3900860,57 101 
3902872,19 100 
3902872,19 2
3902872,19 1624
3902872,19 10
3902872,19 25 
3902900,69 75 
3903808,69 72 
3904036,4 70 
3905040,83 80 
3905539,64 83 
3905674,39 64 136
3905957,93 61 259
3906163,89 150 
3906200,24 68 
3906711,63 92 
3906711,63 65 
3907291,32 172 
3907697,78 103 
3907697,78 101 
3908214,05 100 
3908214,05 2
3908214,05 1624
3908214,05 11
3910218,48 25 
3910248,01 75 
3911154,52 72 
3911380,03 70 
3912287,62 80 
3912869,88 83 
3913143,87 64 275
3913519,81 255 
3913535,29 101 
3915549,71 100 
3915549,71 2
3915549,71 1624
3915549,71 11
3915549,71 25 
3925556,92 101 
3927568,5 100 
3927568,5 2
3927568,5 1624
3927568,5 11
3927568,5 25 
3937578,6 101 
3939590,15 100 
3939590,15 2
3939590,15 1624
3939590,15 11
3939590,15 25 
3947952,28 75 
3948756,16 250 
3948772,95 101 
3950788,14 100 
3950788,14 2
3950788,14 1624
3950788,14 11
3950788,14 25 
3960795,51 101 
3962807,08 100 
3962807,08 2
3962807,08 1624
3962807,08 11
3962807,08 25 
3972817,12 101 
3974828,71 100 
3974828,71 2
3974828,71 1624
3974828,71 11
3974828,71 25 
3984852,1 101 
3986863,66 100 
3986863,66 2
3986863,66 1624
3986863,66 11
3986863,66 25 
3990410,69 75 
3991085,02 250 
3991101,71 101 
3993116,92 100 
3993116,92 2
3993116,92 1624
3993116,92 11
3993116,92 25 
3993142,67 75 
3993265,01 250 
3993274,13 101 
3995289,5 100 
3995289,5 2
3995289,5 1624
3995289,5 11
3995289,5 25 
4005296,83 101 
4007308,26 100 
4007308,26 2
4007308,26 1624
4007308,26 11
4007308,26 25 
4016253,19 75 
4016288,55 250 
4016304,73 101 
4018319,84 100 
4018319,84 2
4018319,84 1624
4018319,84 11
4018319,84 25 
4023556,91 75 
4024420,7 250 
4024434,6 101 
4026449,78 100 
4026449,78 2
4026449,78 1624
4026449,78 11
4026449,78 25 
4029260,86 75 
4030168,15 72 
4030396,81 70 
4031415,22 80 
4031940,02 83 
4032012,72 64 74
4032050,7 256 
4032312,61 61 280
4032519,35 151 
4032554,94 69 
4033065,93 93 
4033310,29 181 
4033690,47 256 
4033705,95 183 
4034058,2 103 
4034058,2 101 
4034971,48 100 
4034971,48 2
4034971,48 1624
4034971,48 10
4036978,74 25 
4037008,34 75 
4037915,64 72 
4038140,23 70 
4039044,67 80 
4039630,09 83 
4040055,22 64 426
4040389,78 61 307
4040595,19 152 
4040636,06 69 
4041248,76 181 
4043511,84 256 
4111330,17 181 
4137218,21 181 
4137717,29 93 
4137734,77 103 
4137734,77 101 
4138648,05 100 
4138648,05 2
4138648,05 1624
4138648,05 10
4140655,38 25 
4141059,09 75 
4141967,1 72 
4142203,33 70 
4143113,12 80 
4143706,48 83 
4144439,82 64 734
4144912,46 61 447
4145119,04 150 
4145152,51 68 
4145565,63 171 
4146061,34 92 
4146061,34 65 
4146651,07 103 
4146651,07 101 
4147164,58 100 
4147164,58 2
4147164,58 1624
4147164,58 10
4149171,75 25 
4149201,29 75 
4150109,34 72 
4150293,43 70 
4151219,23 80 
4151676,63 83 
4151810,76 64 134
4152015,13 61 179
4152221,89 150 
4152251,55 68 
4152763,73 92 
4152763,73 65 
4152790,18 256 
4153211,65 171 
4153401,82 171 
4153754,83 103 
4153754,83 101 
4154268,14 100 
4154268,14 2
4154268,14 1624
4154268,14 11
4156275,5 25 
4156304,95 75 
4157212,13 72 
4157396,96 70 
4158329,05 80 
4158780,23 83 
4178487,25 64 19708
4178763,14 255 
4178784,21 101 
4180798,48 100 
4180798,48 2
4180798,48 1624
4180798,48 11
4180798,48 25 
4181081,11 75 
4181988,68 72 
4182173,27 70 
4183127,01 80 
4183609,81 83 
4184712,85 64 1104
4184754,62 256 
4194742,06 252 
4194750,94 101 
4196765,2 100 
4196765,2 2
4196765,2 1624
4196765,2 11
4196765,2 25 
4206772,31 101 
4208783,91 100 
4208783,91 2
4208783,91 1624
4208783,91 11
4208783,91 25 
4218793,95 101 
4220805,53 100 
4220805,53 2
4220805,53 1624
4220805,53 11
4220805,53 25 
4230815,57 101 
4232827,18 100 
4232827,18 2
4232827,18 1624
4232827,18 11
4232827,18 25 
4242837,19 101 
4244848,91 100 
4244848,91 2
4244848,91 1624
4244848,91 11
4244848,91 25 
4248346,88 75 
4248631,2 250 
4248647,2 101 
4250662,54 100 
4250662,54 2
4250662,54 1624
4250662,54 11
4250662,54 25 
4260669,73 101 
4262681,33 100 
4262681,33 2
4262681,33 1624
4262681,33 11
4262681,33 25 
4271106,33 75 
4272015,3 72 
4272202,45 70 
4272595,48 250 
4272611,58 101 
4274625,86 100 
4274625,86 2
4274625,86 1624
4274625,86 11
4274625,86 25 
4284633,27 101 
4286644,83 100 
4286644,83 2
4286644,83 1624
4286644,83 11
4286644,83 25 
4295526,63 75 
4296434,51 72 
4296454,95 70 
4297166,65 80 
4297580,15 250 
4297601,11 101 
4299615,4 100 
4299615,4 2
4299615,4 1624
4299615,4 11
4299615,4 25 
4309622,74 101 
4311634,34 100 
4311634,34 2
4311634,34 1624
4311634,34 11
4311634,34 25 
4311667,16 75 
4312574,16 72 
4312758,57 70 
4313683,83 80 
4314128,51 83 
4317095,64 64 2968
4317332,6 61 220
4317538,01 151 
4317573,51 69 
4318311 181 
4318797,02 256 
4406464,77 181 
4468461,11 182 
4473489,25 181 
4522410,94 181 
4535061,84 181 
4535636,29 181 
4536508,6 181 
4536564,46 182 
4538279,26 182 
4538693,69 182 
4542402,49 181 
4542566,6 181 
4553183,4 181 
4553680,44 93 
4553693,97 103 
4553693,97 101 
4554607,26 100 
4554607,26 2
4554607,26 1624
4554607,26 11
4556614,46 25 
4566621,79 101 
4568633,23 100 
4568633,23 2
4568633,23 1624
4568633,23 11
4568633,23 25 
4568665,59 75 
4568673,29 250 
4568686,59 101 
4570701,73 100 
4570701,73 2
4570701,73 1624
4570701,73 11
4570701,73 25 
4570727,47 75 
4571634,44 72 
4571850,08 70 
4572788,03 80 
4573187,45 250 
4573205,75 101 
4575220 100 
4575220 2
4575220 1624
4575220 11
4575220 25 
4585227,35 101 
4587238,97 100 
4587238,97 2
4587238,97 1624
4587238,97 11
4587238,97 25 
4597248,83 101 
4599260,42 100 
4599260,42 2
4599260,42 1624
4599260,42 11
4599260,42 25 
4609270,44 101 
4611282,04 100 
4611282,04 2
4611282,04 1624
4611282,04 11
4611282,04 25 
4621292,07 101 
4623303,68 100 
4623303,68 2
4623303,68 1624
4623303,68 11
4623303,68 25 
4633313,77 101 
4635325,32 100 
4635325,32 2
4635325,32 1624
4635325,32 11
4635325,32 25 
4645335,36 101 
4647346,94 100 
4647346,94 2
4647346,94 1624
4647346,94 11
4647346,94 25 
4657356,95 101 
4659368,57 100 
4659368,57 2
4659368,57 1624
4659368,57 11
4659368,57 25 
4666291,49 75 
4666433,27 250 
4666445,61 101 
4668460,8 100 
4668460,8 2
4668460,8 1624
4668460,8 11
4668460,8 25 
4668488,56 75 
4669395,61 72 
4669582,59 70 
4670512,33 80 
4670979,07 83 
4671061,3 64 84
4671314,28 61 229
4671524,7 151 
4671559,78 69 
4672173,11 256 
4691956,43 181 
4701012,48 183 
4701933,82 181 
4702436,88 93 
4702458,39 103 
4702458,39 101 
4703372,34 100 
4703372,34 2
4703372,34 1624
4703372,34 11
4705378,96 25 
4706234,7 75 
4707141,49 72 
4707326,68 70 
4707530,59 250 
4707549,51 101 
4709563,79 100 
4709563,79 2
4709563,79 1624
4709563,79 11
4709563,79 25 
4710046,32 75 
4710053,81 250 
4710067,6 101 
4712082,5 100 
4712082,5 2
4712082,5 1624
4712082,5 11
4712082,5 25 
4712108,32 75 
4713014,62 72 
4713027,17 70 
4713736,16 80 
4714161,04 83 
4714462,55 64 303
4714751,61 61 272
4714958,79 151 
4714994,91 69 
4715565 256 
4715883,89 182 
4716721,22 182 
4717896,33 181 
4718573,37 182 
4718687,9 182 
4719022,07 182 
4719166,21 182 
4724317,71 183 
4725160,97 183 
4726293,12 181 
4726470,04 181 
4726967,48 93 
4726981,43 103 
4726981,43 101 
4727894,68 100 
4727894,68 2
4727894,68 1624
4727894,68 10
4729901,82 25 
4731703,77 75 
4731959,53 250 
4731978,18 101 
4733993,34 100 
4733993,34 2
4733993,34 1624
4733993,34 10
4733993,34 25 
4734019,96 75 
4734926,79 72 
4734981,49 70 
4735867,14 80 
4736284,88 83 
4736369,79 64 86
4736423 256 
4736819,42 61 429
4737025,16 150 
4737065,16 68 
4737576,32 92 
4737576,32 65 
4737969,35 172 
4738563,14 103 
4738563,14 101 
4739077,15 100 
4739077,15 2
4739077,15 1624
4739077,15 11
4741083,7 25 
4741113,31 75 
4742019,57 72 
4742071,95 70 
4742956,85 80 
4743309,36 250 
4743320,95 101 
4745335,36 100 
4745335,36 2
4745335,36 1624
4745335,36 11
4745335,36 25 
4745364,81 75 
4746270,72 72 
4746323,67 70 
4747209,59 80 
4747626,86 83 
4747768,18 64 143
4747957,83 61 172
4748162,39 151 
4748194,05 69 
4748983,58 182 
4749815,57 256 
4754800,96 181 
4755297,81 93 
4755316,12 103 
4755316,12 101 
4756229,26 100 
4756229,26 2
4756229,26 1624
4756229,26 10
4758236,54 25 
4758266,83 75 
4759174,33 72 
4759225,79 70 
4759421,53 250 
4759434,22 101 
4761448,57 100 
4761448,57 2
4761448,57 1624
4761448,57 10
4761448,57 25 
4761478,09 75 
4762385,33 72 
4762393,12 70 
4763100,86 80 
4763526,87 83 
4763853,64 64 328
4764150,09 61 277
4764357,44 150 
4764400,38 68 
4764909,37 92 
4764909,37 65 
4765471,47 172 
4765898,22 103 
4765898,22 101 
4766442,58 100 
4766442,58 2
4766442,58 1624
4766442,58 11
4768445,57 25 
4768475,57 75 
4769381,46 72 
4769434,07 70 
4770323,03 80 
4770750,47 83 
4770797,77 64 48
4771106,46 255 
4771122,77 101 
4773136,97 100 
4773136,97 2
4773136,97 1624
4773136,97 11
4773136,97 25 
4773166,42 75 
4774073,27 72 
4774125,22 70 
4775014,51 80 
4775441,92 83 
4775838,17 64 397
4776297,39 61 444
4776503,47 151 
4776541,09 69 
4777108,82 181 
4779246,91 256 
4781712,04 182 
4792609,61 181 
4793517,47 183 
4794311,43 183 
4794621,34 181 
4795120,26 93 
4795139,43 103 
4795139,43 101 
4796052,57 100 
4796052,57 2
4796052,57 1624
4796052,57 10
4798059,86 25 
4798089,28 75 
4798995,83 72 
4799048,11 70 
4799932,24 80 
4800378,1 83 
4800655,19 64 278
4800877,56 61 207
4801082,45 152 
4801118,52 69 
4801630,13 93 
4802167,01 182 
4802616,22 103 
4802616,22 101 
4803542,73 100 
4803542,73 2
4803542,73 1624
4803542,73 11
4805550,08 25 
4805579,52 75 
4806487,46 72 
4806539,27 70 
4807428,64 80 
4808121,78 83 
4811637,63 64 3517
4812352,94 63 687
4812557,51 150 
4812592,84 68 
4812987,33 173 
4813486 92 
4813486 65 
4814091,65 103 
4814091,65 101 
4814605,18 100 
4814605,18 1
4814605,18 1624
4814605,18 10
4814605,18 78 
4814605,18 782 
4816612,32 25 
4816641,75 75 
4817548,98 72 
4817734,01 70 
4818380,3 250 
4818396,42 101 
4820410,71 100 
4820410,71 1
4820410,71 1624
4820410,71 10
4820410,71 25 
4820813,42 75 
4821721,43 72 
4821742,28 70 
4822451,55 80 
4823035,39 83 
4823117,17 64 82
4823398 63 257
4823603,84 151 
4823637,07 69 
4824144,46 93 
4824511,7 183 
4824770,2 256 
4825140,3 103 
4825140,3 101 
4826053,52 100 
4826053,52 1
4826053,52 1624
4826053,52 11
4828060,92 25 
4828090,3 75 
4828998,26 72 
4829049,12 70 
4829535,7 250 
4829551,74 101 
4831566,09 100 
4831566,09 1
4831566,09 1624
4831566,09 11
4831566,09 25 
4835207,28 75 
4835215,49 250 
4835228,45 101 
4837243,65 100 
4837243,65 1
4837243,65 1624
4837243,65 11
4837243,65 25 
4837273,05 75 
4838179,94 72 
4838201,54 70 
4838909,49 80 
4839335,26 83 
4839444,11 64 109
4839694,87 61 227
4839899,99 151 
4839937,1 69 
4840432,8 181 
4840959,36 181 
4841496,64 256 
4843679,91 183 
4844513,23 181 
4845012,74 93 
4845025,45 103 
4845025,45 101 
4845938,68 100 
4845938,68 1
4845938,68 1624
4845938,68 10
4847945,74 25 
4847975,2 75 
4848881,99 72 
4848934,14 70 
4849817,58 80 
4850237,21 83 
4850790,82 64 554
4851232,89 63 423
4851438,92 151 
4851470,17 69 
4851977,76 93 
4852513,33 183 
4852616,82 256 
4852968,54 103 
4852968,54 101 
4853881,79 100 
4853881,79 1
4853881,79 1624
4853881,79 11
4855889,04 25 
4855918,57 75 
4856825,81 72 
4856877,3 70 
4857767,46 80 
4858193,86 83 
4860485 64 2292
4861316,83 61 805
4861521,67 151 
4861554,45 69 
4862109,75 181 
4862976,02 256 
4863331,78 181 
4866196,55 181 
4866694,54 93 
4866709,38 103 
4866709,38 101 
4867622,65 100 
4867622,65 1
4867622,65 1624
4867622,65 10
4869629,95 25 
4879637,22 101 
4881648,93 100 
4881648,93 1
4881648,93 1624
4881648,93 10
4881648,93 25 
4888025,11 75 
4888521,91 250 
4888539,29 101 
4890554,5 100 
4890554,5 1
4890554,5 1624
4890554,5 10
4890554,5 25 
4890580,42 75 
4891487,65 72 
4891542,86 70 
4892433,05 80 
4892859,32 83 
4892968,07 64 109
4893168,1 61 176
4893373,09 150 
4893412,5 68 
4893926,53 92 
4893926,53 65 
4894554,04 172 
4894910,89 103 
4894910,89 101 
4895424,66 100 
4895424,66 1
4895424,66 1624
4895424,66 11
4897431,74 25 
4897461,17 75 
4898367,48 72 
4898420,87 70 
4899312,35 80 
4899736,5 83 
4899808,91 64 73
4900083,56 61 255
4900290,62 151 
4900329,36 69 
4900842,25 93 
4901076,14 182 
4901568,51 182 
4901828,02 103 
4901828,02 101 
4902741,35 100 
4902741,35 1
4902741,35 1624
4902741,35 10
4904748,56 25 
4904778,08 75 
4905684,86 72 
4905736,91 70 
4906621,93 80 
4907053,44 83 
4907614,27 64 562
4907950,49 61 312
4908157,26 150 
4908193,5 68 
4908703,36 92 
4908703,36 65 
4909316,71 172 
4909691,43 103 
4909691,43 101 
4910207,72 100 
4910207,72 1
4910207,72 1624
4910207,72 11
4912212,09 25 
4912241,55 75 
4913148,38 72 
4913200,4 70 
4914088,35 80 
4914455,6 250 
4914476,07 101 
4916490,36 100 
4916490,36 1
4916490,36 1624
4916490,36 11
4916490,36 25 
4916519,83 75 
4917426,53 72 
4917478,62 70 
4918364,98 80 
4918795,13 83 
4919056,46 64 262
4919336,31 61 263
4919542,11 153 
4919574,96 68 
4920089,14 92 
4920089,14 65 
4920681,69 171 
4921073,28 103 
4921073,28 101 
4921586,75 100 
4921586,75 1
4921586,75 1624
4921586,75 10
4923593,98 25 
4923623,61 75 
4924530,99 72 
4924582,21 70 
4925471,35 80 
4925898,84 83 
4925906,51 64 9
4926129,76 61 205
4926338,07 150 
4926372,59 68 
4926883,32 92 
4926883,32 65 
4927424,33 172 
4927870,44 103 
4927870,44 101 
4928385,02 100 
4928385,02 1
4928385,02 1624
4928385,02 11
4930392,27 25 
4933259,44 75 
4934168,05 72 
4934484,97 70 
4935435,68 80 
4935961,55 83 
4936046,21 64 85
4936304,59 61 238
4936512,91 151 
4936549,78 69 
4937061,7 93 
4937504,1 256 
4937523,4 182 
4938053,03 103 
4938053,03 101 
4938966,36 100 
4938966,36 1
4938966,36 1624
4938966,36 10
4940973,56 25 
4941003,01 75 
4941909,97 72 
4942121,83 70 
4943131,2 80 
4943611,56 83 
4943713,49 64 103
4943994,72 61 264
4944200,66 150 
4944244,45 68 
4944755,5 92 
4944755,5 65 
4945358,64 172 
4945743,19 103 
4945743,19 101 
4946256,59 100 
4946256,59 1
4946256,59 1624
4946256,59 10
4948263,83 25 
4948293,39 75 
4949200,26 72 
4949385,36 70 
4950327,12 80 
4950781,91 83 
4950922,72 64 142
4951129,69 61 189
4951336,94 150 
4951376,43 68 
4951888,95 92 
4951888,95 65 
4952532,23 172 
4952873,51 103 
4952873,51 101 
4953386,79 100 
4953386,79 1
4953386,79 1624
4953386,79 10
4955394,22 25 
4955423,53 75 
4956316,58 250 
4956324,41 101 
4958339,63 100 
4958339,63 1
4958339,63 1624
4958339,63 10
4958339,63 25 
4958365,4 75 
4958992,93 250 
4959003,28 101 
4961018,43 100 
4961018,43 1
4961018,43 1624
4961018,43 10
4961018,43 25 
4961484,03 75 
4962392,63 72 
4962579,87 70 
4963512,17 80 
4963963,16 83 
4963978,67 64 17
4964214,23 61 212
4964420,16 150 
4964462,57 68 
4964977,1 92 
4964977,1 65 
4965432,63 256 
4965961,31 103 
4965961,31 101 
4966474,76 100 
4966474,76 1
4966474,76 1624
4966474,76 10
4968482,05 25 
4978489,35 101 
4980500,95 100 
4980500,95 1
4980500,95 1624
4980500,95 10
4980500,95 25 
4983345,38 75 
4983352,87 250 
4983366,27 101 
4985381,62 100 
4985381,62 1
4985381,62 1624
4985381,62 10
4985381,62 25 
4993444,04 75 
4994353,07 72 
4994539,77 70 
4995498,92 80 
4995976,35 83 
4996248,71 64 273
4996436,59 61 168
4996641,5 150 
4996672,15 68 
4997185,85 92 
4997185,85 65 
4997720,12 172 
4998174,61 103 
4998174,61 101 
4998701,21 100 
4998701,21 1
4998701,21 1624
4998701,21 11
5000708,53 25 
5000738,05 75 
5001892,52 250 
5001905,33 101 
5003920,65 100 
5003920,65 1
5003920,65 1624
5003920,65 11
5003920,65 25 
5003946,3 75 
5004854,51 72 
5005042,03 70 
5005953,12 80 
5006371,98 83 
5008181,08 64 1810
5008572,69 61 363
5008778,6 151 
5008812,92 69 
5009414,76 181 
5010550,12 181 
5010730,81 181 
5011405,11 181 
5011952,73 181 
5012315,97 181 
5012627,39 181 
5013286,36 181 
5013558,16 256 
5014321,38 181 
5014901,15 181 
5015185,52 181 
5015343,78 181 
5015879,36 181 
5016204 181 
5016769,48 182 
5017219,05 182 
5068232,06 181 
5114632,54 181 
5116074,51 181 
5141586,79 183 
5160144,34 181 
5226560,54 182 
5242288,68 181 
5242641,25 181 
5242776,03 181 
5242899,32 181 
5247888,72 181 
5258076,72 182 
5272391,08 183 
5273418,61 182 
5273717,28 182 
5285543,04 182 
5332002,08 182 
5338222,7 181 
5339188,85 183 
5339840,81 181 
5340341,44 93 
5340364,57 103 
5340364,57 101 
5341277,91 100 
5341277,91 1
5341277,91 1624
5341277,91 11
5343285,16 25 
5345220,41 75 
5346128,49 72 
5346352,54 70 
5347362,79 80 
5347789 83 
5347814,59 64 27
5348027,57 61 186
5348234,16 151 
5348276,99 69 
5348837,68 181 
5349027,6 181 
5349653,82 181 
5350210,03 181 
5350306,62 181 
5351004,83 181 
5351285,03 256 
5352253,64 181 
5352883,08 181 
5355330,75 182 
5434371,55 182 
5434544,94 182 
5466711,49 182 
5474040,17 181 
5474630,89 182 
5475370,64 183 
5479192,47 181 
5479296,02 181 
5479793,38 93 
5479812,89 103 
5479812,89 101 
5480726,25 100 
5480726,25 1
5480726,25 1624
5480726,25 11
5482733,52 25 
5486177,06 75 
5487085,88 72 
5487320,1 70 
5488036,32 250 
5488049,32 101 
5490064,18 100 
5490064,18 1
5490064,18 1624
5490064,18 11
5490064,18 25 
5490093,08 75 
5491000,25 72 
5491021,47 70 
5491728,84 80 
5492155,22 83 
5492527,34 64 372
5492827,55 61 274
5493034,46 151 
5493069,15 69 
5493697 181 
5494593,99 256 
5494609,57 182 
5495408,16 181 
5496377,81 181 
5496961,26 181 
5497356,36 181 
5504251,05 181 
5530062,47 181 
5530547,12 181 
5530881,56 181 
5532211,12 183 
5533417,1 181 
5533915,86 93 
5533936,86 103 
5533936,86 101 
5534853,12 100 
5534853,12 1
5534853,12 1624
5534853,12 10
5536857,42 25 
5536886,82 75 
5537794,3 72 
5537978,96 70 
5538226,96 250 
5538241,62 101 
5540255,95 100 
5540255,95 1
5540255,95 1624
5540255,95 10
5540255,95 25 
5540285,37 75 
5541191,48 72 
5541200,41 70 
5541909,11 80 
5542480,9 83 
5543240,58 64 761
5543569,37 61 304
5543775,41 150 
5543820,01 68 
5544178,7 171 
5544734,84 172 
5545470,83 256 
5545629,68 172 
5547924,64 172 
5549219,67 171 
5549719,5 92 
5549719,5 65 
5549743,59 103 
5549743,59 101 
5550256,99 100 
5550256,99 1
5550256,99 1624
5550256,99 10
5552264,24 25 
5552293,68 75 
5553200,48 72 
5553252,38 70 
5554142,51 80 
5554569,08 83 
5554582,85 64 15
5554785,91 61 178
5554991,55 150 
5555029,71 68 
5555542,46 92 
5555542,46 65 
5555776,69 256 
5555892,24 171 
5556214,06 172 
5556527,42 103 
5556527,42 101 
5557040,74 100 
5557040,74 1
5557040,74 1624
5557040,74 11
5559048,05 25 
5559077,56 75 
5559983,6 72 
5560036,26 70 
5560928 80 
5561352,94 83 
5581870,08 64 20518
5582037,48 61 148
5582243,52 151 
5582285,79 69 
5582869,9 181 
5583110,43 181 
5583837,6 256 
5583860,72 181 
5584083,55 181 
5584856,6 183 
5585564,41 181 
5586064,32 93 
5586088,38 103 
5586088,38 101 
5587001,58 100 
5587001,58 1
5587001,58 1624
5587001,58 10
5589008,88 25 
5589038,26 75 
5589946,3 72 
5589996,99 70 
5590886,59 80 
5591293,31 250 
5591312,74 101 
5593327,14 100 
5593327,14 1
5593327,14 1624
5593327,14 10
5593327,14 25 
5593356,58 75 
5594264,31 72 
5594315,21 70 
5594847,26 250 
5594857,92 101 
5596872,3 100 
5596872,3 1
5596872,3 1624
5596872,3 10
5596872,3 25 
5596901,79 75 
5597810,55 72 
5597830,05 70 
5598538,45 80 
5598944,89 250 
5598962,87 101 
5600977,2 100 
5600977,2 1
5600977,2 1624
5600977,2 10
5600977,2 25 
5601007,65 75 
5601915,78 72 
5601965,44 70 
5602855,63 80 
5603282,03 83 
5603361,13 64 80
5603576,26 61 188
5603784,95 150 
5603821,77 68 
5604220,59 171 
5604717,42 92 
5604717,42 65 
5605121,39 172 
5605320,33 103 
5605320,33 101 
5605833,99 100 
5605833,99 1
5605833,99 1624
5605833,99 10
5607840,94 25 
5607872,05 75 
5608779,1 72 
5608829,14 70 
5609716,86 80 
5610145,85 83 
5610178,9 64 34
5610213,13 256 
5610404,39 61 207
5610611,42 152 
5610645,63 69 
5611359,08 181 
5612363,09 181 
5612848,71 181 
5613346,72 93 
5613370,28 103 
5613370,28 101 
5614283,64 100 
5614283,64 1
5614283,64 1624
5614283,64 11
5616290,78 25 
5624970,09 75 
5625877,93 72 
5625928,64 70 
5626813,48 80 
5627232,02 83 
5630927,19 64 3696
5631158,18 61 208
5631364,8 151 
5631410,71 69 
5638348,7 182 
5638494,18 256 
5638566 182 
5639364,04 181 
5640095,01 183 
5640718,61 181 
5641390,3 182 
5642037,93 182 
5642386,24 183 
5643127,64 181 
5643625,8 93 
5643637,59 103 
5643637,59 101 
5644550,84 100 
5644550,84 1
5644550,84 1624
5644550,84 11
5646558,1 25 
5646588,34 75 
5647494,51 72 
5647706,3 70 
5648709,51 80 
5649167,81 250 
5649181,89 101 
5651196,15 100 
5651196,15 1
5651196,15 1624
5651196,15 11
5651196,15 25 
5652278,42 75 
5653187,39 72 
5653410,53 70 
5654359,6 80 
5654860,47 83 
5655189,12 64 329
5655493,57 61 288
5655700,38 151 
5655734,22 69 
5656394,02 181 
5657503,13 181 
5658328,54 181 
5658502,33 181 
5659169,05 256 
5660158,51 181 
5661002,7 181 
5661495,05 181 
5661576,31 181 
5663372,79 182 
5664918,49 181 
5665416,25 93 
5665428,5 103 
5665428,5 101 
5666341,67 100 
5666341,67 1
5666341,67 1624
5666341,67 11
5668349,03 25 
5668658,26 75 
5668850,86 250 
5668866,05 101 
5670881,24 100 
5670881,24 1
5670881,24 1624
5670881,24 11
5670881,24 25 
5670907,07 75 
5671814,53 72 
5672002,73 70 
5672928,95 80 
5673412,68 83 
5673472,56 64 61
5673727,33 61 236
5673932,48 151 
5673965,51 69 
5674658,32 182 
5675287,9 182 
5675406,69 182 
5676065,98 182 
5676565,03 182 
5676750,06 182 
5676779,06 256 
5678053,25 181 
5678298,16 181 
5678636,36 182 
5679170,37 181 
5679286,68 181 
5679662,4 182 
5680334,94 182 
5682723,71 181 
5683350,67 181 
5683568,07 181 
5683796,25 182 
5684282,93 183 
5685360,73 181 
5686341,89 181 
5714426,24 181 
5715180,05 183 
5716025,12 181 
5717123,03 183 
5717604,65 181 
5729456,72 183 
5793439,65 181 
5795090,92 182 
5805038,63 182 
5809663,84 181 
5837146,34 182 
5844884,43 181 
5845680,46 182 
5846012,56 181 
5847053,97 183 
5852046,41 181 
5852134,41 181 
5852584,42 181 
5853083,14 93 
5853096,54 103 
5853096,54 101 
5854009,88 100 
5854009,88 1
5854009,88 1624
5854009,88 11
5856017,09 25 
5856047,63 75 
5856954,34 72 
5857178,58 70 
5858185,78 80 
5858708,52 83 
5858715,23 64 7
5859039,83 61 306
5859246,15 151 
5859290,69 69 
5859805,45 93 
5860010,06 181 
5860280,1 256 
5860786,68 103 
5860786,68 101 
5861700,06 100 
5861700,06 1
5861700,06 1624
5861700,06 10
5863707,19 25 
5864176,46 75 
5865085,91 72 
5865268,57 70 
5866194,3 80 
5866651,79 83 
5867632,46 64 982
5867965,67 61 315
5868170,38 150 
5868204,8 68 
5868717,83 92 
5868717,83 65 
5869099,22 256 
5869118,59 172 
5869702,9 103 
5869702,9 101 
5870219,18 100 
5870219,18 1
5870219,18 1624
5870219,18 11
5872223,77 25 
5872253,15 75 
5873091,57 250 
5873100,56 101 
5875115,71 100 
5875115,71 1
5875115,71 1624
5875115,71 11
5875115,71 25 
5875141,5 75 
5876048,74 72 
5876237,26 70 
5877159,66 80 
5877607,21 83 
5878592,43 64 987
5878639,39 256 
5878860,94 61 242
5879070,09 151 
5879101,95 69 
5879614 93 
5879858,45 256 
5880605,03 103 
5880605,03 101 
5881544,87 100 
5881544,87 1
5881544,87 1624
5881544,87 10
5883552,19 25 
5883581,7 75 
5884487,56 72 
5884673,74 70 
5885623,79 80 
5886083,9 83 
5887742,15 64 1659
5887973,07 61 211
5888181,3 150 
5888218,86 68 
5888731,21 92 
5888731,21 65 
5889011,78 256 
5889049,99 172 
5889721,18 103 
5889721,18 101 
5890234,53 100 
5890234,53 1
5890234,53 1624
5890234,53 10
5892242,46 25 
5893110,99 75 
5894019,27 72 
5894229,75 70 
5895137,63 80 
5895572,95 83 
5896070,36 64 499
5903622,96 256 
5904274,81 61 8183
5904482,15 152 
5904517,92 69 
5905048,23 181 
5905221,91 181 
5905460,51 256 
5921907,02 181 
5922847,45 181 
5923099,75 181 
5923740,53 183 
5924461,57 181 
5924957,85 93 
5924973,11 103 
5924973,11 101 
5925886,42 100 
5925886,42 1
5925886,42 1624
5925886,42 10
5927893,65 25 
5927924,28 75 
5928830,7 72 
5928881,89 70 
5929773,24 80 
5930135,6 250 
5930157,56 101 
5932171,9 100 
5932171,9 1
5932171,9 1624
5932171,9 10
5932171,9 25 
5932201,29 75 
5933107,33 72 
5933159,99 70 
5934046,06 80 
5934476,72 83 
5936841,34 64 2366
5936878,49 256 
5937111,04 61 249
5937317,75 150 
5937345,67 68 
5937858,08 92 
5937858,08 65 
5938344,5 171 
5938847,15 103 
5938847,15 101 
5939360,62 100 
5939360,62 1
5939360,62 1624
5939360,62 11
5941367,89 25 
5941397,32 75 
5942303,74 72 
5942356,14 70 
5943245,54 80 
5943672,71 83 
5954788,81 64 11117
5963131,62 62 8318
5963284,29 256 
5964813,67 252 
5964823,95 101 
5966837,24 100 
5966837,24 1
5966837,24 1624
5966837,24 11
5966837,24 25 
5966866,81 75 
5967774,18 72 
5967825,54 70 
5968714,12 80 
5969141,98 83 
5971491,59 64 2351
5971526,76 256 
5971749,33 61 236
5971954,56 151 
5971988,23 69 
5972501,36 93 
5973122,66 256 
5973485,97 103 
5973485,97 101 
5974399,22 100 
5974399,22 1
5974399,22 1624
5974399,22 11
5976406,47 25 
5976435,99 75 
5977342,44 72 
5977395,68 70 
5978284,88 80 
5978609,03 250 
5978630,41 101 
5980644,78 100 
5980644,78 1
5980644,78 1624
5980644,78 11
5980644,78 25 
5980674,38 75 
5981582,66 72 
5981633,05 70 
5982517,37 80 
5982936,2 83 
5983749,06 64 813
5983958,89 61 184
5984165,46 151 
5984205,04 69 
5984715,68 93 
5985082,88 256 
5985707,54 103 
5985707,54 101 
5986620,79 100 
5986620,79 1
5986620,79 1624
5986620,79 10
5988628,07 25 
5988658,4 75 
5989566,28 72 
5989616,29 70 
5990501,02 80 
5990932,88 83 
5991416,05 64 484
5991654,34 61 216
5991859,7 150 
5991898,91 68 
5992409,52 92 
5992409,52 65 
5992768,26 171 
5992989,27 172 
5993397,58 103 
5993397,58 101 
5993911,65 100 
5993911,65 1
5993911,65 1624
5993911,65 11
5995918,45 25 
5995948,33 75 
5996855,57 72 
5997093,37 70 
5998022,99 80 
5998516,55 83 
6006360,75 64 7845
6006609,25 61 230
6006815,53 151 
6006848,47 69 
6007479,37 256 
6012198,03 181 
6012696,37 93 
6012709,71 103 
6012709,71 101 
6013622,93 100 
6013622,93 1
6013622,93 1624
6013622,93 11
6015630,34 25 
6016193,27 75 
6016466,68 250 
6016480,49 101 
6018495,69 100 
6018495,69 1
6018495,69 1624
6018495,69 11
6018495,69 25 
6018521,29 75 
6019429,5 72 
6019617,32 70 
6020545,2 80 
6021053,77 83 
6021360,46 64 308
6021541,13 61 155
6021749,07 151 
6021780,04 69 
6022291,36 93 
6022607,85 256 
6022620,82 182 
6023278,65 103 
6023278,65 101 
6024191,89 100 
6024191,89 1
6024191,89 1624
6024191,89 10
6026199,21 25 
6026815 75 
6027723,18 72 
6027907,2 70 
6028838,87 80 
6029290,3 83 
6029728,81 64 439
6029988,74 61 233
6030195,8 150 
6030230,69 68 
6030743,49 92 
6030743,49 65 
6030878,61 256 
6031076,04 171 
6031373,49 172 
6031728,4 103 
6031728,4 101 
6031796,19 102 
