39,25 100 
39,25 4
39,25 1636
39,25 11
2039,99 25 
2704,31 75 
3610,86 72 
3857,13 70 
4763,34 80 
5169,9 83 
7259,73 64 2089
7545,26 62 255
7753,74 151 
7784,96 69 
8215,5 182 
8541,02 256 
9149,5 182 
9648,48 93 
9662,62 103 
9662,62 101 
10574,53 100 
10574,53 4
10574,53 1636
10574,53 10
12582,4 25 
12611,02 75 
13518,87 72 
13676,42 70 
14637,66 80 
15139,67 83 
15641,48 64 502
15850,42 62 192
16057,19 150 
16086,4 68 
16474,39 172 
16972,34 92 
16972,34 65 
17591,21 103 
17591,21 101 
18104,47 100 
18104,47 4
18104,47 1636
18104,47 10
20113,33 25 
20141,17 75 
21047,83 72 
21193,31 70 
22112,97 80 
22589,74 83 
22732,44 64 143
22923,28 62 174
23128,33 150 
23168,96 68 
23678,11 92 
23678,11 65 
24372,88 256 
24667,98 103 
24667,98 101 
25181,19 100 
25181,19 4
25181,19 1636
25181,19 10
27189,49 25 
27218,16 75 
28125,12 72 
28270,1 70 
29170,33 80 
29600,08 83 
29782,54 64 183
29939,68 62 141
30147,17 152 
30179,35 69 
30691,52 93 
31005,06 183 
31678,31 103 
31678,31 101 
32592,35 100 
32592,35 4
32592,35 1636
32592,35 10
34599,59 25 
34628,39 75 
35536,08 72 
35587 70 
36471,23 80 
36890,28 83 
37103,76 64 215
37149,8 256 
37578,59 62 449
37783,73 150 
37811,71 68 
38145,32 172 
38644,36 92 
38644,36 65 
39314,99 103 
39314,99 101 
39828,3 100 
39828,3 4
39828,3 1636
39828,3 10
41836,62 25 
41865,02 75 
42773,96 72 
42823,78 70 
43710,24 80 
44140,51 83 
44411,55 64 272
44569,56 62 136
44775,22 150 
44813,03 68 
45326,09 92 
45326,09 65 
46312,66 103 
46312,66 101 
46825,35 100 
46825,35 4
46825,35 1636
46825,35 11
48833,57 25 
48862,1 75 
49771,3 72 
49820,72 70 
50703,66 80 
51124,26 83 
51397,62 64 275
51679,41 63 263
51887,44 151 
51931,2 69 
52253,62 183 
52624,8 183 
53122,6 93 
53428,95 103 
53428,95 101 
54342,16 100 
54342,16 4
54342,16 1636
54342,16 11
56350,25 25 
56778,7 75 
57687,47 72 
57737,29 70 
58625,54 80 
59054,61 83 
59365,89 64 313
59863,05 61 476
60071,36 150 
60113,14 68 
60622,59 92 
60622,59 65 
61612,2 103 
61612,2 101 
62125,51 100 
62125,51 4
62125,51 1636
62125,51 11
64134,36 25 
64162,3 75 
65070,47 72 
65122,15 70 
66002,33 80 
66424,28 83 
66641,39 64 218
66822,8 61 160
67028,84 150 
67070,1 68 
67580,43 92 
67580,43 65 
68294,32 256 
68569,08 103 
68569,08 101 
69083,28 100 
69083,28 4
69083,28 1636
69083,28 11
71090,73 25 
71119,18 75 
72025,71 72 
72077,82 70 
72959,67 80 
73381,26 83 
73585,44 64 205
73759,67 61 153
73965,49 150 
73996,11 68 
74505,17 92 
74505,17 65 
75220,63 256 
75499,46 103 
75499,46 101 
76015,5 100 
76015,5 4
76015,5 1636
76015,5 10
78022,21 25 
78049,66 75 
78957,6 72 
79008,16 70 
79892,56 80 
80311,74 83 
80827,05 64 516
81001,78 62 158
81208,13 150 
81246,31 68 
81761,79 92 
81761,79 65 
82435,03 256 
82749,68 103 
82749,68 101 
83262,98 100 
83262,98 4
83262,98 1636
83262,98 10
85271,22 25 
85299,9 75 
86206,77 72 
86258,33 70 
87144,87 80 
87561,83 83 
87597,3 64 36
87629,6 256 
87938,44 63 324
88144,23 151 
88180,97 69 
88691,22 93 
88789,83 256 
88944,84 183 
89680,03 103 
89680,03 101 
90593,13 100 
90593,13 4
90593,13 1636
90593,13 11
92601,47 25 
92629,79 75 
93536,93 72 
93589,94 70 
94471,22 80 
94892,18 83 
95286,39 64 395
95508,12 61 204
95714,66 150 
95746,92 68 
96255,99 92 
96255,99 65 
97250,08 103 
97250,08 101 
97777,82 100 
97777,82 4
97777,82 1636
97777,82 11
99785,31 25 
99813,85 75 
100721,49 72 
100772,23 70 
101656,6 80 
102075,57 83 
102228,54 64 153
102411,04 61 163
102617,3 150 
102654,81 68 
103168,1 92 
103168,1 65 
103395,64 256 
104153,76 103 
104153,76 101 
104667,38 100 
104667,38 4
104667,38 1636
104667,38 11
106675,32 25 
106704,24 75 
107612,26 72 
107663,85 70 
108549,88 80 
108979,29 83 
109065,96 64 88
109266,99 61 182
109472 150 
109501 68 
110012,05 92 
110012,05 65 
111004,15 103 
111004,15 101 
111530,78 100 
111530,78 4
111530,78 1636
111530,78 11
113539,09 25 
113567,74 75 
114475,75 72 
114526,39 70 
115409,78 80 
115829,72 83 
117316,76 64 1488
117548,79 61 214
117755,25 150 
117796,14 68 
118307,78 92 
118307,78 65 
118606,24 256 
119293,92 103 
119293,92 101 
119807,64 100 
119807,64 4
119807,64 1636
119807,64 11
121815,51 25 
121844,21 75 
122751,76 72 
122802,97 70 
123687,74 80 
124119,49 83 
124251,77 64 134
124420,81 61 143
124626,7 152 
124658,78 69 
125169,08 93 
126157,73 103 
126157,73 101 
127070,87 100 
127070,87 4
127070,87 1636
127070,87 10
129079,13 25 
129107,71 75 
130014,61 72 
130199,76 70 
131225,08 80 
131769,49 83 
132033,88 64 266
133096,12 63 1034
133301,7 151 
133334,99 69 
134030,48 183 
134526,77 93 
134833,92 103 
134833,92 101 
135747,69 100 
135747,69 4
135747,69 1636
135747,69 10
137755,28 25 
137784,01 75 
138693,21 72 
138889,22 70 
139807,36 80 
140272,59 83 
140997,29 64 726
142067,12 62 1049
142274,61 150 
142300,22 68 
142662,68 172 
143158,94 92 
143158,94 65 
143803,39 103 
143803,39 101 
144316,7 100 
144316,7 4
144316,7 1636
144316,7 10
146325,08 25 
146353,85 75 
147261,11 72 
147405,56 70 
148312 80 
148735,53 83 
148977,44 64 242
149130,2 62 129
149336,01 150 
149368,06 68 
149881,98 92 
149881,98 65 
150680,27 256 
150867,81 103 
150867,81 101 
151383,43 100 
151383,43 4
151383,43 1636
151383,43 10
153388,6 25 
153417,22 75 
154325,99 72 
154376,03 70 
155260,3 80 
155679,22 83 
155901,96 64 224
156057,54 62 139
156263,68 150 
156294,18 68 
156806,43 92 
156806,43 65 
156923,82 256 
157810,77 103 
157810,77 101 
158324,14 100 
158324,14 4
158324,14 1636
158324,14 10
158324,14 79 
160332,39 25 
160360,84 75 
161267,7 72 
161319,47 70 
162202,54 80 
162622,89 83 
162631,01 64 9
162664,51 256 
162867,48 62 218
163072,9 150 
163105,65 68 
163614,05 92 
163614,05 65 
164607,78 103 
164607,78 101 
165121,05 100 
165121,05 4
165121,05 1636
165121,05 11
167129,34 25 
167157,88 75 
168064,87 72 
168117,51 70 
168999,84 80 
169420,6 83 
169627,26 64 208
169851 61 205
170058,01 152 
170092,56 69 
170592,35 181 
170885,92 256 
171106,23 181 
171606,23 93 
171618,24 103 
171618,24 101 
172531,41 100 
172531,41 4
172531,41 1636
172531,41 11
174540,33 25 
174568,16 75 
175476,26 72 
175526,65 70 
176411,78 80 
176830,3 83 
177119,18 64 290
177546,91 256 
177989,74 63 854
178197,4 151 
178236,32 69 
178905,6 256 
178918,28 183 
179118,47 183 
179617,48 93 
179734,63 103 
179734,63 101 
180647,95 100 
180647,95 4
180647,95 1636
180647,95 10
182656,03 25 
182684,69 75 
183592,43 72 
183643,31 70 
184530,23 80 
184960,05 83 
185180,43 64 221
185345,34 62 146
185550,92 150 
185588,3 68 
186097,43 92 
186097,43 65 
187091,5 103 
187091,5 101 
187605,07 100 
187605,07 4
187605,07 1636
187605,07 11
189613,75 25 
189641,76 75 
190551,1 72 
190600,31 70 
191486,87 80 
191916,98 83 
192178,27 64 262
192212,69 256 
192615,63 63 420
192821,99 151 
192856,42 69 
193367,64 93 
194355,05 103 
194355,05 101 
195269,06 100 
195269,06 4
195269,06 1636
195269,06 10
197276,35 25 
197305,07 75 
198213,69 72 
198263,65 70 
199147,01 80 
199567,15 83 
200050,15 64 484
200219,62 62 147
200426,16 150 
200466,23 68 
200976,69 92 
200976,69 65 
201965,05 103 
201965,05 101 
202479,29 100 
202479,29 4
202479,29 1636
202479,29 10
204486,6 25 
204515,35 75 
205422,66 72 
205473,84 70 
206359,12 80 
206777,26 83 
206984,59 64 208
207158,99 62 156
207364,7 150 
207396,63 68 
207909,42 92 
207909,42 65 
208895,42 103 
208895,42 101 
209408,87 100 
209408,87 4
209408,87 1636
209408,87 11
211416,98 25 
211445,67 75 
212353,12 72 
212404,18 70 
213289,7 80 
213707,72 83 
214820,03 64 1113
215676,19 61 837
215882,85 150 
215926,21 68 
216349,76 171 
216844,71 92 
216844,71 65 
217425,17 103 
217425,17 101 
217938,4 100 
217938,4 4
217938,4 1636
217938,4 11
219946,7 25 
219975,35 75 
220882,82 72 
220933,81 70 
221819,75 80 
222237,29 83 
224168,77 64 1933
224404,94 61 210
224612,33 150 
224655,71 68 
225164,97 92 
225164,97 65 
225426,12 256 
226154,7 103 
226154,7 101 
226670,88 100 
226670,88 1
226670,88 1636
226670,88 11
226670,88 78 
226670,88 781 
228676,18 25 
228704,68 75 
229611,7 72 
229663,42 70 
230553 80 
230980,19 83 
231194,09 64 215
231404,11 61 185
231609,66 151 
231652,75 69 
232160,33 93 
232438,29 181 
232648,85 181 
233151,69 103 
233151,69 101 
234065,1 100 
234065,1 1
234065,1 1636
234065,1 10
236073,06 25 
236101,5 75 
237009,6 72 
237060,33 70 
237946,85 80 
238377,04 83 
238524,36 64 148
238714,81 62 166
238921,33 151 
238956,2 69 
239469,18 93 
240455,19 103 
240455,19 101 
241368,4 100 
241368,4 1
241368,4 1636
241368,4 10
243377,26 25 
243405,1 75 
244312,75 72 
244363,83 70 
245251,78 80 
245680,53 83 
245774,63 64 95
246314,3 62 515
246521,62 151 
246553,2 69 
246920,46 182 
247418,61 93 
247949,37 183 
248051,93 103 
248051,93 101 
248965,15 100 
248965,15 1
248965,15 1636
248965,15 10
250973,3 25 
251002,01 75 
251909,56 72 
252094,12 70 
252992,66 80 
253517,26 83 
253660,82 64 145
256518,86 61 2843
256724,36 150 
256758,12 68 
257267,01 92 
257267,01 65 
258260,88 103 
258260,88 101 
258774,29 100 
258774,29 1
258774,29 1636
258774,29 11
260782,57 25 
260811 75 
261717,68 72 
261863,02 70 
262786,93 80 
263246,33 83 
263520,78 64 276
263854,1 61 315
264063,38 151 
264105,47 69 
264640,89 181 
264938,92 181 
265179,76 181 
265675,35 93 
265697,75 103 
265697,75 101 
266611,1 100 
266611,1 1
266611,1 1636
266611,1 11
268619,11 25 
268647,87 75 
269555,66 72 
269713,25 70 
270638,43 80 
271122,93 83 
271931,8 64 810
273016,08 61 1068
273223,16 151 
273261,48 69 
273916,99 181 
274057,91 181 
274554,81 93 
274760,49 103 
274760,49 101 
275673,69 100 
275673,69 1
275673,69 1636
275673,69 11
277681,81 25 
277710,55 75 
278617,26 72 
278762,45 70 
279660,16 80 
280079,2 83 
281052,68 64 975
282925,02 62 1847
283130,94 152 
283163,88 69 
283672,03 93 
284662,88 103 
284662,88 101 
285576,48 100 
285576,48 1
285576,48 1636
285576,48 10
287584,23 25 
287612,96 75 
288519,72 72 
288571,79 70 
289454,93 80 
289874,98 83 
290096,06 64 222
292023,45 62 1909
292228,83 151 
292267,7 69 
292858,11 182 
293353,94 93 
293765,56 103 
293765,56 101 
294678,91 100 
294678,91 1
294678,91 1636
294678,91 11
296686,84 25 
296715,47 75 
297622,03 72 
297674 70 
298554,67 80 
298977,56 83 
299322,15 64 345
300374,53 63 1024
300580,71 151 
300622,9 69 
301337,51 183 
301828,09 183 
302322,95 93 
302335,12 103 
302335,12 101 
303248,33 100 
303248,33 1
303248,33 1636
303248,33 10
305256,51 25 
305285,12 75 
306191,64 72 
306243,78 70 
307125,72 80 
307547,23 83 
310363,16 64 2817
312882,42 256 
313093,87 63 2709
313300,64 151 
313337,45 69 
314068,61 182 
315737,17 181 
317128,27 183 
317627,87 93 
317648,55 103 
317648,55 101 
318565,05 100 
318565,05 1
318565,05 1636
318565,05 11
320569,93 25 
320598,5 75 
321505,96 72 
321558,2 70 
322440,66 80 
322860,52 83 
323001,22 64 141
324796,65 62 1777
325003,51 150 
325040,3 68 
325516,81 172 
326013,77 92 
326013,77 65 
326538,06 103 
326538,06 101 
327051,32 100 
327051,32 1
327051,32 1636
327051,32 10
329059,58 25 
329088,39 75 
329996,63 72 
330047,07 70 
330931,43 80 
331350,22 83 
331596,68 64 248
333511,9 63 1896
333717,11 151 
333757,06 69 
334268,66 93 
334567,06 182 
335254,27 103 
335254,27 101 
336167,41 100 
336167,41 1
336167,41 1636
336167,41 10
338175,72 25 
338204,08 75 
339110,37 72 
339162,82 70 
340048,34 80 
340466,34 83 
341006,53 64 542
343273,55 256 
343326,42 63 2301
343533,58 153 
343565,03 68 
343957,44 173 
344453,55 92 
344453,55 65 
345063,39 103 
345063,39 101 
345576,68 100 
345576,68 1
345576,68 1636
345576,68 11
347585,08 25 
347613,67 75 
348520,3 72 
348572,16 70 
349456,62 80 
349875,6 83 
350433,06 64 558
350622,32 62 161
350827,99 150 
350867,92 68 
351380,49 92 
351380,49 65 
352120,48 256 
352366,97 103 
352366,97 101 
352881 100 
352881 1
352881 1636
352881 11
354888,57 25 
354917,13 75 
355823,45 72 
355875,85 70 
356757,56 80 
357179,18 83 
357264 64 86
357432,14 62 147
357638,08 150 
357673,97 68 
358184,76 92 
358184,76 65 
358287,66 256 
359177,33 103 
359177,33 101 
359690,67 100 
359690,67 1
359690,67 1636
359690,67 11
361698,86 25 
361727,61 75 
362636,56 72 
362686,2 70 
363567,16 80 
363989,59 83 
364186,17 64 197
364342,93 62 141
364548,18 150 
364578,35 68 
365087,53 92 
365087,53 65 
365616,86 256 
366081,1 103 
366081,1 101 
366594,33 100 
366594,33 1
366594,33 1636
366594,33 10
368603,16 25 
368631,15 75 
369538,31 72 
369590,77 70 
370475 80 
370893,21 83 
371026,4 64 134
371285,81 63 234
371491,41 151 
371526,69 69 
372039,01 93 
372447,35 182 
373024,78 103 
373024,78 101 
373937,85 100 
373937,85 1
373937,85 1636
373937,85 11
375946,29 25 
375974,86 75 
376882,02 72 
376934,45 70 
377816,25 80 
378236,8 83 
378291,88 64 56
378471,19 62 155
378680,09 150 
378718,64 68 
379233,73 92 
379233,73 65 
380221,78 103 
380221,78 101 
380735,17 100 
380735,17 1
380735,17 1636
380735,17 10
382743,55 25 
382771,76 75 
383679,75 72 
383850,67 70 
384775,33 80 
385207,54 250 
385219,89 101 
387234,8 100 
387234,8 1
387234,8 1636
387234,8 10
387234,8 25 
387263,4 75 
388170,86 72 
388328,82 70 
389217,74 80 
389632,3 83 
389963,48 64 332
390471,38 256 
391210,3 63 1219
391415,82 151 
391451,97 69 
391961,16 93 
392949,7 103 
392949,7 101 
393863,09 100 
393863,09 1
393863,09 1636
393863,09 10
395871,09 25 
395899,84 75 
396805,69 72 
396858,41 70 
397740,57 80 
398161,67 83 
398509,27 64 348
399125 63 591
399331,36 151 
399367,23 69 
400106,73 183 
400245,65 256 
400291,81 183 
400790,24 93 
400866,06 103 
400866,06 101 
401782,98 100 
401782,98 1
401782,98 1636
401782,98 11
403787,49 25 
403816,16 75 
404722,69 72 
404774,83 70 
405659,37 80 
406078,1 83 
406376,98 64 300
406551,83 62 155
406760,07 150 
406792,26 68 
407301,43 92 
407301,43 65 
408289,54 103 
408289,54 101 
408802,83 100 
408802,83 1
408802,83 1636
408802,83 11
410811,06 25 
410839,73 75 
411747,52 72 
411798,52 70 
412681,99 80 
413101,78 83 
413441,68 64 341
413612,4 62 151
413818,62 150 
413854,89 68 
414362,74 92 
414362,74 65 
415353,17 103 
415353,17 101 
415866,52 100 
415866,52 1
415866,52 1636
415866,52 10
417874,83 25 
417903,53 75 
418810,15 72 
418862,03 70 
419747,67 80 
420165,46 83 
420299,13 64 134
420340,45 256 
420674,38 63 350
420879,6 151 
420917,85 69 
421574,7 183 
421865,55 183 
421902,91 256 
422028,32 183 
422527,18 93 
422550,11 103 
422550,11 101 
423463,12 100 
423463,12 1
423463,12 1636
423463,12 11
425471,49 25 
425500,22 75 
426407,18 72 
426458,79 70 
427341,61 80 
427762,11 83 
427948,97 64 188
428111,33 62 137
428316,05 150 
428355,39 68 
428867,09 92 
428867,09 65 
429585,99 256 
429853,68 103 
429853,68 101 
430367,3 100 
430367,3 1
430367,3 1636
430367,3 10
432375,43 25 
432403,93 75 
433310,8 72 
433363,58 70 
434249,58 80 
434665,85 83 
435080,04 64 415
436003,2 61 898
436208,12 150 
436240,37 68 
436623,99 171 
437120,06 92 
437120,06 65 
437743,64 103 
437743,64 101 
438257,27 100 
438257,27 1
438257,27 1636
438257,27 11
440265,4 25 
440293,6 75 
441201,54 72 
441252,28 70 
442133,77 80 
442555,74 83 
442774,88 64 220
442940,08 62 145
443146,63 152 
443188,67 69 
443699,35 93 
443855,54 182 
443934,59 182 
444114,23 256 
444139,17 182 
444687,3 103 
444687,3 101 
445600,42 100 
445600,42 1
445600,42 1636
445600,42 10
447608,64 25 
447637,42 75 
448544,12 72 
448596,01 70 
449475,98 80 
449899,37 83 
451296 64 1398
451868,87 61 545
452074,14 150 
452104,45 68 
452454,37 171 
452950,92 92 
452950,92 65 
453603,51 103 
453603,51 101 
454117,44 100 
454117,44 1
454117,44 1636
454117,44 11
456125,13 25 
456154,56 75 
457061,55 72 
457112,26 70 
457994,93 80 
458415,59 83 
461859,81 64 3445
461896,13 256 
463263,8 62 1384
463469,74 150 
463499,72 68 
463874,17 172 
464371,32 92 
464371,32 65 
464998,52 103 
464998,52 101 
465512,41 100 
465512,41 1
465512,41 1636
465512,41 10
467520,14 25 
467548,8 75 
468456,51 72 
468507,49 70 
469390,5 80 
469810,7 83 
470053,71 64 244
470299,51 61 224
470505,14 150 
470536,94 68 
471048,91 92 
471048,91 65 
471066,93 256 
472035,49 103 
472035,49 101 
472549,01 100 
472549,01 1
472549,01 1636
472549,01 10
474557,05 25 
474585,58 75 
475494,18 72 
475545,38 70 
476427,19 80 
476847,71 83 
477979,67 64 1133
478023,54 256 
478369,16 61 363
478573,75 150 
478608,66 68 
479116,42 92 
479116,42 65 
480112,01 103 
480112,01 101 
480628,22 100 
480628,22 1
480628,22 1636
480628,22 11
482633,67 25 
482662,96 75 
483569,89 72 
483620,86 70 
484503,59 80 
484924,52 83 
487563,13 64 2640
487637,16 256 
489052,34 62 1463
489257,41 150 
489284,29 68 
489604,36 172 
490100,77 92 
490100,77 65 
490787,63 103 
490787,63 101 
491301,45 100 
491301,45 1
491301,45 1636
491301,45 10
493309,22 25 
493337,89 75 
494244,7 72 
494429,81 70 
495437,18 80 
496000,27 83 
496494,93 64 496
496799,27 61 281
497005,69 150 
497045,35 68 
497553,44 92 
497553,44 65 
498200,1 256 
498544,28 103 
498544,28 101 
499057,82 100 
499057,82 1
499057,82 1636
499057,82 11
501068,27 25 
501107,96 75 
502015,88 72 
502173,22 70 
503090,31 80 
503596,36 83 
504045,17 64 450
504479,33 62 417
504685,43 150 
504718,22 68 
505054,91 172 
505553,83 92 
505553,83 65 
506221,02 103 
506221,02 101 
506734,38 100 
506734,38 1
506734,38 1636
506734,38 11
508742,61 25 
508771,11 75 
509679,7 72 
509836,61 70 
510732,63 80 
511153,23 83 
511362,3 64 210
511396,02 256 
511582,52 62 203
511788,63 150 
511826,66 68 
512333,91 92 
512333,91 65 
513324,63 103 
513324,63 101 
513838,02 100 
513838,02 1
513838,02 1636
513838,02 10
515846,12 25 
515874,69 75 
516782,77 72 
516833,44 70 
517714,46 80 
518136,77 83 
518844,94 64 709
518929,66 256 
519369,65 61 501
519576,66 150 
519609,35 68 
520120,23 92 
520120,23 65 
521107,96 103 
521107,96 101 
521621,47 100 
521621,47 1
521621,47 1636
521621,47 10
523629,49 25 
523658,07 75 
524564,67 72 
524616,9 70 
525499,35 80 
525920,13 83 
526208,57 64 289
526397,68 61 171
526602,78 150 
526641,76 68 
527153,77 92 
527153,77 65 
527347,73 256 
528144,87 103 
528144,87 101 
528658,15 100 
528658,15 1
528658,15 1636
528658,15 11
530666,5 25 
530695,2 75 
531601,98 72 
531653,78 70 
532538,28 80 
532957,05 83 
533256,06 64 300
533457,93 62 182
533663,2 150 
533691,88 68 
534201,75 92 
534201,75 65 
535195,17 103 
535195,17 101 
535709,48 100 
535709,48 1
535709,48 1636
535709,48 11
535709,48 79 
537716,73 25 
537745,29 75 
538653,57 72 
538703,94 70 
539586,82 80 
540007,39 83 
541634,02 64 1628
541681,61 256 
541838,66 62 180
542044,83 152 
542079,35 69 
542588,66 93 
543578,25 103 
543578,25 101 
544491,46 100 
544491,46 1
544491,46 1636
544491,46 10
546500,37 25 
546528,22 75 
547436,03 72 
547486,88 70 
548370,8 80 
548790,27 83 
549223,51 64 434
549907,71 61 665
550114,56 150 
550156,21 68 
550544,05 171 
551039,28 92 
551039,28 65 
551654,79 103 
551654,79 101 
552168,1 100 
552168,1 1
552168,1 1636
552168,1 10
554176,37 25 
554206,34 75 
555113,07 72 
555163,77 70 
556047,61 80 
556467,03 83 
556612,12 64 146
556867,79 61 229
557073,37 150 
557112,91 68 
557619,89 92 
557619,89 65 
557646,36 256 
558611,87 103 
558611,87 101 
559128,06 100 
559128,06 1
559128,06 1636
559128,06 11
561133,42 25 
561162,01 75 
562070,7 72 
562120,66 70 
563008,02 80 
563437,3 83 
567939,54 64 4503
568226,51 62 258
568434,18 150 
568463,6 68 
568976,11 92 
568976,11 65 
569966,91 103 
569966,91 101 
570480,2 100 
570480,2 1
570480,2 1636
570480,2 11
572488,49 25 
572516,9 75 
573424,07 72 
573475,64 70 
574357,11 80 
574779,12 83 
574961,55 64 183
575138,13 62 160
575342,67 150 
575385,07 68 
575897,92 92 
575897,92 65 
576582,66 256 
576883,94 103 
576883,94 101 
577397,32 100 
577397,32 1
577397,32 1636
577397,32 11
579405,47 25 
579434,31 75 
580342,78 72 
580392,94 70 
581274,88 80 
581696,12 83 
581889,23 64 194
582059,88 62 152
582267,02 150 
582297,58 68 
582811,96 92 
582811,96 65 
583801,04 103 
583801,04 101 
584314,25 100 
584314,25 1
584314,25 1636
584314,25 10
586322,59 25 
586351,22 75 
587258,72 72 
587309,75 70 
588192,13 80 
588613,26 83 
588773,39 64 161
589049,91 61 251
589254,66 150 
589285,95 68 
589796,39 92 
589796,39 65 
590784,68 103 
590784,68 101 
591298,1 100 
591298,1 2
591298,1 1636
591298,1 10
591298,1 78 
591298,1 781 
593306,19 25 
593337,34 75 
594245,87 72 
594293,44 70 
595175,72 80 
595596,81 83 
599366,97 64 3771
599756,84 61 363
599964,26 150 
600001,07 68 
600509,45 92 
600509,45 65 
600735,26 256 
601500,14 103 
601500,14 101 
602013,4 100 
602013,4 2
602013,4 1636
602013,4 10
604021,83 25 
604051,69 75 
604959,94 72 
605008,89 70 
605892,1 80 
606312,27 83 
606352,29 64 41
606570,09 61 192
606774,95 152 
606811,49 69 
607482,02 181 
607621,08 181 
608118,18 93 
608310,57 103 
608310,57 101 
609224,81 100 
609224,81 2
609224,81 1636
609224,81 11
611231,87 25 
611260,56 75 
612170,21 72 
612352,49 70 
613246,53 80 
613775,84 83 
613924,54 64 149
614529,74 62 582
614736,57 151 
614767,98 69 
615341,66 182 
615748,75 256 
615782,31 183 
617382,05 181 
619990,32 181 
621090,05 183 
622640,5 181 
624042,31 182 
624541,02 93 
624556,79 103 
624556,79 101 
625469,95 100 
625469,95 2
625469,95 1636
625469,95 10
627478,15 25 
627506,92 75 
628415,3 72 
628572,13 70 
629490,01 80 
629968,81 83 
630479,54 64 511
631401,29 61 900
631606,04 150 
631637,52 68 
632030,4 171 
632527,69 92 
632527,69 65 
633139,79 103 
633139,79 101 
633654,48 100 
633654,48 2
633654,48 1636
633654,48 11
635661,38 25 
635690,18 75 
636597,8 72 
636742,21 70 
637645,24 80 
638071,87 83 
638787,19 64 716
639837,39 256 
641095,62 63 2291
641302,76 150 
641343,34 68 
641761,44 173 
642259,38 92 
642259,38 65 
642842,26 103 
642842,26 101 
643355,63 100 
643355,63 2
643355,63 1636
643355,63 10
645363,94 25 
645392,59 75 
646300,78 72 
646351,09 70 
647233,23 80 
647654,44 83 
648212,02 64 559
648736,41 63 496
648944,06 151 
648981,78 69 
649610,32 183 
650106,34 93 
650479,08 103 
650479,08 101 
651395,39 100 
651395,39 2
651395,39 1636
651395,39 10
653400,48 25 
653429,74 75 
654337,35 72 
654387,56 70 
655271,75 80 
655691,03 83 
656607,92 64 918
658754,84 61 2119
658963,52 152 
659003,22 69 
659509,05 181 
659602,03 181 
660099,65 93 
660379,89 182 
660501,32 103 
660501,32 101 
661414,61 100 
661414,61 2
661414,61 1636
661414,61 11
663423,52 25 
663451,45 75 
664359,09 72 
664410,12 70 
665292,86 80 
665713,42 83 
668105,14 64 2393
671938,6 63 3813
672145,26 150 
672183,41 68 
672621,04 173 
673120,29 92 
673120,29 65 
673682,35 103 
673682,35 101 
674195,62 100 
674195,62 2
674195,62 1636
674195,62 10
676204,05 25 
676232,44 75 
677140,29 72 
677191,11 70 
678075,73 80 
678494,54 83 
678627,18 64 134
678934,49 63 281
679141,04 151 
679180,95 69 
679605,78 256 
679720,11 183 
680216,25 93 
680679,37 103 
680679,37 101 
681593,1 100 
681593,1 2
681593,1 1636
681593,1 10
683600,89 25 
683629,48 75 
684535,75 72 
684587,96 70 
685472,56 80 
685891,44 83 
687802,69 64 1913
689104,91 63 1282
689309,93 151 
689350,05 69 
689859,6 93 
690195,14 256 
690468,69 183 
690848,36 103 
690848,36 101 
691762,55 100 
691762,55 2
691762,55 1636
691762,55 10
693769,81 25 
693798,16 75 
694705,03 72 
694756,84 70 
695640,54 80 
696060,29 83 
696948,76 64 890
698284,83 61 1319
698492,33 150 
698532,34 68 
699042,99 92 
699042,99 65 
699775,92 256 
700031 103 
700031 101 
700544,38 100 
700544,38 2
700544,38 1636
700544,38 11
702552,54 25 
702581,09 75 
703489,04 72 
703539,92 70 
704427 80 
704856,63 83 
705116,11 64 261
705485,84 256 
706372,39 63 1237
706578,37 150 
706605,24 68 
707113,88 92 
707113,88 65 
708107,58 103 
708107,58 101 
708621,9 100 
708621,9 2
708621,9 1636
708621,9 11
710629,14 25 
710657,59 75 
711566,45 72 
711616,32 70 
712500,79 80 
712919,71 83 
713064,15 64 145
713324,94 63 233
713529,75 150 
713565,62 68 
714077,87 92 
714077,87 65 
715064,54 103 
715064,54 101 
715577,86 100 
715577,86 2
715577,86 1636
715577,86 11
717586,11 25 
717614,73 75 
718522,74 72 
718573,27 70 
719459,13 80 
719890,22 83 
720030,15 64 141
720087,42 256 
720297,63 63 248
720505,79 150 
720536,96 68 
721045,81 92 
721045,81 65 
722034,9 103 
722034,9 101 
722549,01 100 
722549,01 2
722549,01 1636
722549,01 10
724556,4 25 
724585,11 75 
725493,29 72 
725543,65 70 
726426,86 80 
726847,1 83 
727189,31 64 343
727221,95 256 
727604,12 61 398
727811,33 150 
727852,77 68 
728361,98 92 
728361,98 65 
729351,75 103 
729351,75 101 
729865 100 
729865 2
729865 1636
729865 11
731873,27 25 
731902,58 75 
732810,57 72 
732860,67 70 
733741,88 80 
734164,01 83 
734397,48 64 234
734432,79 256 
734877,48 63 461
735084,24 150 
735112,08 68 
735529,29 173 
736028,46 92 
736028,46 65 
736615,29 103 
736615,29 101 
737131,45 100 
737131,45 2
737131,45 1636
737131,45 10
739139,49 25 
739165,34 75 
740074,22 72 
740257,54 70 
741157,7 80 
741680,7 83 
743153,08 64 1473
743616,89 63 445
743823,93 151 
743859,21 69 
744393,99 256 
744416,48 183 
744916,16 93 
745358,24 103 
745358,24 101 
746271,4 100 
746271,4 2
746271,4 1636
746271,4 10
748279,65 25 
748308,24 75 
749216,83 72 
749360,35 70 
750259,24 80 
750690,18 83 
751507,53 64 818
751550,57 256 
752092,98 61 564
752300,42 150 
752335,53 68 
752849,15 92 
752849,15 65 
753834,59 103 
753834,59 101 
754347,89 100 
754347,89 2
754347,89 1636
754347,89 11
756356,06 25 
756385,51 75 
757292,15 72 
757343,53 70 
758227,2 80 
758646,76 83 
759215,27 64 569
760262,92 256 
761113,55 63 1881
761319,02 150 
761354,09 68 
762119,12 92 
762119,12 65 
762857,41 103 
762857,41 101 
763370,78 100 
763370,78 2
763370,78 1636
763370,78 11
765379,18 25 
765501,06 75 
766409,81 72 
766459,43 70 
767348,37 80 
767776,21 83 
768054,89 64 280
768313,7 63 232
768518,94 150 
768555,37 68 
769067,2 92 
769067,2 65 
770054,89 103 
770054,89 101 
770567,66 100 
770567,66 2
770567,66 1636
770567,66 10
772576 25 
772604,5 75 
773512,35 72 
773563 70 
774445,09 80 
774866,61 83 
775452,19 64 587
775766,74 61 289
775973,21 150 
776005,47 68 
776515,43 92 
776515,43 65 
777300,26 256 
777504,37 103 
777504,37 101 
778017,77 100 
778017,77 2
778017,77 1636
778017,77 11
780025,97 25 
781080,83 75 
781989,7 72 
782039,41 70 
782927,63 80 
783356,19 83 
784153,09 64 798
784843,91 63 663
785049,41 150 
785077,23 68 
785548,56 173 
786042,59 92 
786042,59 65 
786580,46 103 
786580,46 101 
787094,58 100 
787094,58 2
787094,58 1636
787094,58 10
789102,12 25 
789130,74 75 
790037,87 72 
790089,4 70 
790976,06 80 
791392,66 83 
791610,35 64 218
791963,33 61 331
792169,64 150 
792211,86 68 
792722,55 92 
792722,55 65 
792927,81 256 
793710,75 103 
793710,75 101 
794224,05 100 
794224,05 2
794224,05 1636
794224,05 11
796232,32 25 
796261,09 75 
797169,23 72 
797219,57 70 
798101,99 80 
798522,97 83 
800812,79 64 2291
801096,21 61 255
801302,41 153 
801336,86 68 
801851,31 92 
801851,31 65 
802631,75 256 
802840,13 103 
802840,13 101 
803353,44 100 
803353,44 2
803353,44 1636
803353,44 10
805361,77 25 
805736,85 75 
806646,05 72 
806695,49 70 
807582,69 80 
808012,19 83 
808233,45 64 222
808505,86 61 255
808713,12 150 
808747,06 68 
809260,59 92 
809260,59 65 
809887,03 256 
810250,29 103 
810250,29 101 
810763,59 100 
810763,59 2
810763,59 1636
810763,59 11
812771,87 25 
813267,16 75 
813356,79 250 
813368,07 101 
815383,89 100 
815383,89 2
815383,89 1636
815383,89 11
815383,89 25 
815408,86 75 
816316,54 72 
816371,34 70 
817256,79 80 
817688,08 83 
817826,19 64 139
818724,6 63 877
818930,33 150 
818969,24 68 
819428,45 173 
819927,2 92 
819927,2 65 
820472,66 103 
820472,66 101 
820988,75 100 
820988,75 2
820988,75 1636
820988,75 10
822994,18 25 
823022,76 75 
823930,5 72 
823981,32 70 
824864,38 80 
825284,82 83 
825762,97 64 479
826160,72 61 371
826368,45 150 
826410,6 68 
826923,98 92 
826923,98 65 
827054,84 256 
827909,36 103 
827909,36 101 
828423,96 100 
828423,96 2
828423,96 1636
828423,96 10
830431,01 25 
830459,68 75 
831367,43 72 
831418,24 70 
832305,74 80 
832734,92 83 
832947,06 64 213
833184,63 61 210
833392,83 150 
833429,66 68 
833940,93 92 
833940,93 65 
834933,05 103 
834933,05 101 
835446,5 100 
835446,5 2
835446,5 1636
835446,5 11
837454,59 25 
838816,19 75 
839363,18 250 
839370,39 101 
841386,38 100 
841386,38 2
841386,38 1636
841386,38 11
841386,38 25 
841411,01 75 
842318,38 72 
842373,67 70 
842557,15 250 
842569,79 101 
844584,99 100 
844584,99 2
844584,99 1636
844584,99 11
844584,99 25 
844613,59 75 
845520,78 72 
845541,8 70 
846248,91 80 
846675,72 83 
847562,92 64 888
849841,15 256 
850682,31 63 3101
850887,65 150 
850920,52 68 
851433,55 92 
851433,55 65 
852418,83 103 
852418,83 101 
852932,22 100 
852932,22 2
852932,22 1636
852932,22 10
852932,22 79 
854940,44 25 
855888,65 75 
856797,23 72 
856993,92 70 
857894,84 80 
858430,5 83 
858696,64 64 268
858755,97 256 
859305,17 61 582
859510,3 150 
859543,09 68 
860053,97 92 
860053,97 65 
861041,85 103 
861041,85 101 
861555,46 100 
861555,46 2
861555,46 1636
861555,46 11
863563,48 25 
865191,11 75 
866099,37 72 
866256,69 70 
867203,65 80 
867653,23 83 
867763,25 64 111
868059,98 63 275
868265,24 150 
868294,9 68 
868706,44 173 
869203,78 92 
869203,78 65 
869798,02 103 
869798,02 101 
870311,43 100 
870311,43 6
870311,43 1636
870311,43 11
870311,43 78 
870311,43 781 
872319,58 25 
872348,07 75 
873255,8 72 
873400,17 70 
874317,11 80 
874810,14 83 
875494,55 64 685
875783,95 63 269
875990,03 153 
876029,18 68 
876425,66 173 
876926,01 92 
876926,01 65 
877528,04 103 
877528,04 101 
878041,32 100 
878041,32 6
878041,32 1636
878041,32 11
880049,64 25 
880078,24 75 
880986,08 72 
881130,19 70 
882017,32 80 
882446,91 83 
882753,23 64 307
883130,86 63 352
883337 151 
883372,91 69 
884206,17 183 
884415,29 183 
884914,25 93 
884924,98 103 
884924,98 101 
885838,17 100 
885838,17 6
885838,17 1636
885838,17 10
887846,41 25 
887875,15 75 
888781,8 72 
888833,57 70 
889715,18 80 
890136,93 83 
890991,41 64 855
891640,87 61 626
891846,66 151 
891889,26 69 
892484,94 181 
892983,97 93 
893387,71 103 
893387,71 101 
894300,86 100 
894300,86 6
894300,86 1636
894300,86 11
896309,22 25 
896337,93 75 
897244,56 72 
897296,51 70 
898181,01 80 
898599,74 83 
899364,01 64 764
901909,29 256 
902746,91 62 3362
903521,62 151 
903564,25 69 
904380,24 256 
904815,29 182 
905075,72 183 
906013,86 182 
929193,12 182 
929603,14 183 
933254,89 181 
935181,58 181 
937204,38 183 
938523,15 181 
939832,58 182 
940354,77 183 
940793,45 183 
942253,63 183 
943393,16 182 
943888,06 93 
943899,46 103 
943899,46 101 
944812,49 100 
944812,49 6
944812,49 1636
944812,49 10
946820,67 25 
946849,33 75 
947756,2 72 
947807,95 70 
948689,32 80 
949111,36 83 
949324,92 64 214
949371,27 256 
950212,04 255 
950230,11 101 
952245,25 100 
952245,25 6
952245,25 1636
952245,25 10
952245,25 25 
952273,84 75 
953181,09 72 
953232,31 70 
954114,69 80 
954535,77 83 
955700 64 1165
958259,11 61 2538
958465,5 151 
958501,77 69 
959002,84 181 
959499,69 93 
959999,08 103 
959999,08 101 
960915,47 100 
960915,47 6
960915,47 1636
960915,47 11
962920,48 25 
962948,97 75 
963856,91 72 
963907,69 70 
964789,45 80 
965211,12 83 
965483,18 64 273
967768,51 256 
967891,48 63 2388
968098,02 151 
968135,99 69 
968643,26 183 
969139,42 93 
969634,93 103 
969634,93 101 
970548,08 100 
970548,08 6
970548,08 1636
970548,08 11
972556,3 25 
972585,06 75 
973495,57 72 
973543,68 70 
974428,8 80 
974846,95 83 
976693,61 64 1848
979011,38 61 2299
979215,42 150 
979251,42 68 
979672,46 171 
980168,3 92 
980168,3 65 
980300,3 256 
980750,14 103 
980750,14 101 
981263,86 100 
981263,86 6
981263,86 1636
981263,86 11
983272,61 25 
983300,5 75 
984208,49 72 
984393,23 70 
985320,45 80 
985789,11 83 
985874,71 64 86
985918,49 256 
986147,27 61 252
986354,29 152 
986395,11 69 
986905,75 93 
987304,74 181 
987632,18 181 
987893,98 103 
987893,98 101 
988808,05 100 
988808,05 6
988808,05 1636
988808,05 11
990815,29 25 
990844,06 75 
991750,63 72 
991896,06 70 
992834,78 80 
993292,62 83 
993713,03 64 421
993749,06 256 
996267,39 61 2536
996472,97 150 
996506,22 68 
997020,76 92 
997020,76 65 
998009,58 103 
998009,58 101 
998522,93 100 
998522,93 6
998522,93 1636
998522,93 10
1000531,23 25 
1000559,53 75 
1001468,43 72 
1001611,79 70 
1002536,57 80 
1003008,37 83 
1003587,23 64 580
1005037,46 61 1430
1005244,49 151 
1005275,84 69 
1005892,77 181 
1005931,36 256 
1006303,79 181 
1006800,85 93 
1006819,13 103 
1006819,13 101 
1007732,93 100 
1007732,93 6
1007732,93 1636
1007732,93 10
1009740,54 25 
1010476,45 75 
1011384,61 72 
1011540,91 70 
1012452,65 80 
1012924,13 83 
1015331,06 64 2408
1015363,89 256 
1016480,89 61 1132
1016685,88 151 
1016728,54 69 
1017481,22 181 
1017977,96 93 
1018227,6 103 
1018227,6 101 
1019141,25 100 
1019141,25 6
1019141,25 1636
1019141,25 11
1021149 25 
1021177,52 75 
1022084,95 72 
1022309,62 70 
1023201,84 80 
1023626,28 83 
1028396,96 64 4772
1029977,69 256 
1030354,46 63 1931
1030560,41 151 
1030602,69 69 
1031042,14 183 
1031633,68 183 
1032132,67 93 
1032154,95 103 
1032154,95 101 
1033068,34 100 
1033068,34 6
1033068,34 1636
1033068,34 10
1035076,31 25 
1035105,03 75 
1036012,78 72 
1036170,26 70 
1037104,37 80 
1037566,9 83 
1041300,72 64 3734
1044316,39 61 2992
1044524,05 151 
1044556,69 69 
1045212,35 181 
1045612,64 181 
1046111,9 93 
1046135,58 103 
1046135,58 101 
1047048,66 100 
1047048,66 6
1047048,66 1636
1047048,66 10
1049056,94 25 
1049085,69 75 
1049993,29 72 
1050137,62 70 
1051064,7 80 
1051547,52 83 
1052589,56 64 1043
1052628,46 256 
1054613,73 63 2001
1054820,05 150 
1054858,85 68 
1055301,73 173 
1055798,93 92 
1055798,93 65 
1056359,02 103 
1056359,02 101 
1056871,21 100 
1056871,21 6
1056871,21 1636
1056871,21 10
1058879,37 25 
1058907,95 75 
1059814,81 72 
1059960,09 70 
1060888,59 80 
1061370,33 83 
1061553,68 64 185
1061597,34 256 
1061850,26 63 268
1062055,65 150 
1062095,81 68 
1062602,61 92 
1062602,61 65 
1063594,75 103 
1063594,75 101 
1064110,98 100 
1064110,98 6
1064110,98 1636
1064110,98 10
1066116,33 25 
1069370,07 75 
1070278,65 72 
1070435,53 70 
1071361,27 80 
1071845,48 83 
1072041,97 64 198
1072094,63 256 
1072359,89 63 289
1072566,62 150 
1072598,78 68 
1073112,7 92 
1073112,7 65 
1074096,9 103 
1074096,9 101 
1074611,46 100 
1074611,46 6
1074611,46 1636
1074611,46 11
1076618,46 25 
1077860,02 75 
1078769,71 72 
1078938,51 70 
1079838,76 80 
1080255,15 83 
1080687,66 64 434
1083089,41 61 2382
1083293,74 150 
1083326,71 68 
1083781,16 171 
1084280,38 92 
1084280,38 65 
1084641,41 256 
1084825,64 103 
1084825,64 101 
1085338,85 100 
1085338,85 6
1085338,85 1636
1085338,85 11
1087347,32 25 
1087375,84 75 
1088284,51 72 
1088334,42 70 
1089220,82 80 
1089637,86 83 
1089953,26 64 316
1090776,54 61 806
1090982,55 152 
1091016,73 69 
1091589,99 181 
1091872,56 181 
1091989,34 181 
1092489,2 93 
1092515,64 103 
1092515,64 101 
1093428,67 100 
1093428,67 6
1093428,67 1636
1093428,67 11
1095437,04 25 
1095466,71 75 
1096375,85 72 
1096424,24 70 
1097313 80 
1097740,97 83 
1106922,35 64 9182
1108539,77 63 1591
1108746,97 151 
1108782,61 69 
1109301,48 183 
1109508,84 256 
1109749,85 183 
1110147,37 183 
1110645,4 93 
1110667,83 103 
1110667,83 101 
1111580,98 100 
1111580,98 6
1111580,98 1636
1111580,98 10
1113589,24 25 
1113617,91 75 
1114524,87 72 
1114576,53 70 
1115461,85 80 
1115880,53 83 
1116462,68 64 584
1117598,15 63 1119
1117805,32 150 
1117840,95 68 
1118280,99 173 
1118777,61 92 
1118777,61 65 
1119344,85 103 
1119344,85 101 
1119857,62 100 
1119857,62 6
1119857,62 1636
1119857,62 11
1121865,62 25 
1121894,32 75 
1122800,44 72 
1122853,03 70 
1123738,22 80 
1124169,76 83 
1125298,87 64 1130
1126256,1 256 
1126630,68 63 1316
1126836,3 151 
1126867,91 69 
1127400,22 183 
1127674,43 256 
1127689,75 183 
1127862,14 183 
1128289,94 183 
1128787,79 93 
1128806,72 103 
1128806,72 101 
1129719,83 100 
1129719,83 6
1129719,83 1636
1129719,83 10
1131728,34 25 
1131756,66 75 
1132664,82 72 
1132715,32 70 
1133597,99 80 
1134018,84 83 
1134994,54 64 976
1135033,74 256 
1137854,27 61 2837
1138059,01 151 
1138090 69 
1138600,5 181 
1140583,91 256 
1143889,13 181 
1144721,28 181 
1145108,27 183 
1146395,94 183 
1146588,64 183 
1151067,3 181 
1151568,84 93 
1151583,57 103 
1151583,57 101 
1152496,67 100 
1152496,67 6
1152496,67 1636
1152496,67 11
1154504,97 25 
1154533,69 75 
1155439,77 72 
1155492,27 70 
1156374,83 80 
1156795,64 83 
1157716,15 64 921
1157789,16 256 
1160385,44 63 2644
1160592,41 151 
1160627,58 69 
1161139,38 93 
1162125,7 103 
1162125,7 101 
1163038,89 100 
1163038,89 6
1163038,89 1636
1163038,89 10
1165047,06 25 
1165075,7 75 
1165984,57 72 
1166034,47 70 
1166918,62 80 
1167337,89 83 
1168539,92 64 1203
1171343,74 62 2781
1171548,83 151 
1171582,23 69 
1172639,24 182 
1173134,08 93 
1173147,75 103 
1173147,75 101 
1174060,86 100 
1174060,86 6
1174060,86 1636
1174060,86 10
1176069,27 25 
1176097,79 75 
1177005,83 72 
1177056,2 70 
1177941,16 80 
1178359,67 83 
1179501,47 64 1142
1181764,6 256 
1182693,66 62 3176
1182899,11 151 
1182937,58 69 
1183677,64 182 
1183959,7 182 
1184458,16 93 
1184476,14 103 
1184476,14 101 
1185392,08 100 
1185392,08 6
1185392,08 1636
1185392,08 10
1187397,54 25 
1187426,08 75 
1188333,78 72 
1188518,32 70 
1189498,97 80 
1190088,01 83 
1192345,47 64 2258
1194733,75 62 2368
1194940,71 151 
1194972,23 69 
1195679,74 182 
1196138,29 182 
1196327,33 182 
1196638,7 182 
1197129,7 182 
1197627,67 93 
1197643,79 103 
1197643,79 101 
1198556,89 100 
1198556,89 6
1198556,89 1636
1198556,89 10
1200565,14 25 
1200593,77 75 
1201501,41 72 
1201672,44 70 
1202573,61 80 
1203122,43 83 
1203740,74 64 620
1204725,19 256 
1206291,72 63 2531
1206497,99 150 
1206540,39 68 
1207050,26 92 
1207050,26 65 
1208039,3 103 
1208039,3 101 
1208553,82 100 
1208553,82 6
1208553,82 1636
1208553,82 11
1210560,86 25 
1212615,72 75 
1213524,48 72 
1213667,37 70 
1214585,18 80 
1215077,49 83 
1217334,22 64 2258
1220393,86 256 
1221126,33 63 3771
1221333,4 151 
1221374 69 
1222097,35 183 
1222593,36 93 
1222838,3 183 
1222872,95 103 
1222872,95 101 
1223786,07 100 
1223786,07 6
1223786,07 1636
1223786,07 10
1225794,29 25 
1225822,96 75 
1226731,36 72 
1226875,13 70 
1227791,9 80 
1228271,56 83 
1229832,06 64 1561
1231261,73 256 
1231766,94 63 1911
1232554,59 150 
1232596,07 68 
1232966,23 173 
1233462,27 92 
1233462,27 65 
1234094,82 103 
1234094,82 101 
1234608,43 100 
1234608,43 6
1234608,43 1636
1234608,43 11
1236616,6 25 
1236644,96 75 
1237552,39 72 
1237697,01 70 
1238629,72 80 
1239106,99 83 
1239835,23 64 729
1239871,34 256 
1240275,4 63 423
1242633,39 151 
1242671,64 69 
1243187,48 93 
1244170,45 103 
1244170,45 101 
1245084,28 100 
1245084,28 6
1245084,28 1636
1245084,28 11
1247091,8 25 
1247120,32 75 
1248028,35 72 
1248185,81 70 
1249122,98 80 
1249609,13 83 
1249827,17 64 219
1250242,84 256 
1250678,41 63 830
1250885,78 153 
1250921,62 68 
1251366,02 173 
1251864,62 92 
1251864,62 65 
1252420,26 103 
1252420,26 101 
1252933,7 100 
1252933,7 6
1252933,7 1636
1252933,7 10
1254941,77 25 
1254970,53 75 
1255878,46 72 
1256049,15 70 
1256981,16 80 
1257432,41 83 
1257657,35 64 226
1257703,1 256 
1257981,24 63 296
1258187,74 150 
1258225,12 68 
1258734,31 92 
1258734,31 65 
1259723,75 103 
1259723,75 101 
1260237,54 100 
1260237,54 6
1260237,54 1636
1260237,54 10
1262245,46 25 
1262274,05 75 
1263182,37 72 
1263326,42 70 
1264260,45 80 
1264735,95 83 
1265032,99 64 298
1265261,6 63 207
1265468,04 150 
1265501,7 68 
1266012,26 92 
1266012,26 65 
1267000,62 103 
1267000,62 101 
1267514,51 100 
1267514,51 6
1267514,51 1636
1267514,51 11
1269522,18 25 
1269550,82 75 
1270458,53 72 
1270616,22 70 
1271506,83 80 
1271932,91 83 
1273329 64 1397
1273361,25 256 
1274515,6 61 1170
1274720,94 150 
1274751,62 68 
1275136,44 171 
1275633 92 
1275633 65 
1276250 103 
1276250 101 
1276763,33 100 
1276763,33 6
1276763,33 1636
1276763,33 11
1278771,53 25 
1278800,92 75 
1279707,05 72 
1279759,13 70 
1280640,82 80 
1281062,38 83 
1284386,54 64 3325
1284422,99 256 
1284612,38 61 206
1284816,72 150 
1284853,48 68 
1285362,7 92 
1285362,7 65 
1286352,31 103 
1286352,31 101 
1286868,54 100 
1286868,54 6
1286868,54 1636
1286868,54 11
1288874,7 25 
1291368 75 
1291387,15 250 
1291402,6 101 
1293418,63 100 
1293418,63 6
1293418,63 1636
1293418,63 11
1293418,63 25 
1293443,36 75 
1294350,7 72 
1294405,89 70 
1295288,5 80 
1295709,23 83 
1296063,15 64 355
1296290,91 61 210
1296500,02 150 
1296537,36 68 
1297048,1 92 
1297048,1 65 
1298040,43 103 
1298040,43 101 
1298553,79 100 
1298553,79 6
1298553,79 1636
1298553,79 11
1300562 25 
1304828,87 75 
1305736,67 72 
1305787,61 70 
1306413,31 250 
1306423,5 101 
1308438,91 100 
1308438,91 6
1308438,91 1636
1308438,91 11
1308438,91 25 
1308467,35 75 
1309374,95 72 
1309395,56 70 
1310103,4 80 
1310529,34 83 
1314051,69 64 3524
1314090,11 256 
1314701,57 61 628
1314907,23 152 
1314947,15 69 
1315457,25 93 
1316445,87 103 
1316445,87 101 
1317359,84 100 
1317359,84 6
1317359,84 1636
1317359,84 10
1319367,32 25 
1319395,89 75 
1320302,48 72 
1320354,68 70 
1321237,12 80 
1321657,94 83 
1322475,58 64 819
1323641,25 256 
1323872,91 63 1376
1324464,4 150 
1324502,8 68 
1324885,14 173 
1325380,64 92 
1325380,64 65 
1326001,76 103 
1326001,76 101 
1326515,25 100 
1326515,25 6
1326515,25 1636
1326515,25 10
1328523,33 25 
1328552,06 75 
1329459,72 72 
1329510,67 70 
1330395,49 80 
1330814,13 83 
1331089,37 64 276
1331280,67 63 175
1331486,77 150 
1331527,16 68 
1332037,86 92 
1332037,86 65 
1333025,4 103 
1333025,4 101 
1333538,84 100 
1333538,84 6
1333538,84 1636
1333538,84 10
1335547,05 25 
1335576,43 75 
1336484,53 72 
1336534,34 70 
1337418,23 80 
1337837,67 83 
1339318,99 64 1482
1339603,4 63 260
1339808,55 150 
1339842,85 68 
1340355,43 92 
1340355,43 65 
1341341,84 103 
1341341,84 101 
1341855,2 100 
1341855,2 6
1341855,2 1636
1341855,2 10
1343863,49 25 
1343892,05 75 
1344799 72 
1344850,73 70 
1345736,11 80 
1346167,35 83 
1346330,99 64 165
1346529,84 63 177
1346735,72 150 
1346773,25 68 
1347285,63 92 
1347285,63 65 
1348272,19 103 
1348272,19 101 
1348785,6 100 
1348785,6 6
1348785,6 1636
1348785,6 11
1350794,41 25 
1350822,42 75 
1351730,15 72 
1351780,98 70 
1352664,52 80 
1353085,09 83 
1353942,62 64 859
1354193,77 63 231
1354399,37 151 
1354436,7 69 
1354859,8 256 
1354969,8 183 
1355469,12 93 
1355594,79 183 
1355935,55 103 
1355935,55 101 
1356849,81 100 
1356849,81 6
1356849,81 1636
1356849,81 10
1358857,02 25 
1358887,71 75 
1359795,7 72 
1359844,44 70 
1360726,05 80 
1361147,71 83 
1361902,12 64 755
1362209,13 63 289
1362415,13 150 
1362446,7 68 
1362955,92 92 
1362955,92 65 
1363945,44 103 
1363945,44 101 
1364458,89 100 
1364458,89 6
1364458,89 1636
1364458,89 11
1366467 25 
1366496,56 75 
1367404,19 72 
1367454,46 70 
1368337,58 80 
1368757,77 83 
1369241,92 64 485
1369629,86 61 367
1369837,02 150 
1369870,11 68 
1370378,67 92 
1370378,67 65 
1370595,48 256 
1371369,09 103 
1371369,09 101 
1371882,51 100 
1371882,51 6
1371882,51 1636
1371882,51 11
1373890,64 25 
1373919,3 75 
1374826,89 72 
1375011,26 70 
1376025,75 80 
1376607,77 83 
1376777,24 64 170
1377019,7 61 227
1377225,34 150 
1377262,78 68 
1377772,9 92 
1377772,9 65 
1377899,93 256 
1378766,03 103 
1378766,03 101 
1379282,13 100 
1379282,13 6
1379282,13 1636
1379282,13 10
1381287,54 25 
1381476,09 75 
1382385,32 72 
1382648,19 70 
1383656,79 80 
1384151,26 83 
1400164,52 64 16014
1400196,07 256 
1401218,44 63 1035
1401426,07 150 
1401452,18 68 
1401862,71 173 
1402358,01 92 
1402358,01 65 
1402955,51 103 
1402955,51 101 
1403468,81 100 
1403468,81 6
1403468,81 1636
1403468,81 10
1405477,09 25 
1405505,96 75 
1406413,95 72 
1406584,39 70 
1407489,48 80 
1407877,73 250 
1407900,04 101 
1409915,29 100 
1409915,29 6
1409915,29 1636
1409915,29 10
1409915,29 25 
1409945,58 75 
1410854,15 72 
1410995,97 70 
1411944,52 80 
1412392,51 83 
1412859,74 64 469
1413210,08 63 326
1413417,72 150 
1413452,02 68 
1413959,62 92 
1413959,62 65 
1414950,38 103 
1414950,38 101 
1415464,03 100 
1415464,03 6
1415464,03 1636
1415464,03 11
1417472,03 25 
1417500,61 75 
1418408,76 72 
1418552,66 70 
1419483,01 80 
1419935,79 83 
1421709,33 64 1774
1422393 61 659
1422600,51 150 
1422634,21 68 
1423144,63 92 
1423144,63 65 
1423221,96 256 
1424133,06 103 
1424133,06 101 
1424660,09 100 
1424660,09 6
1424660,09 1636
1424660,09 11
1424660,09 79 
1426667,91 25 
1426803,24 75 
1427711,95 72 
1427855,4 70 
1428784,6 80 
1429278,53 83 
1429589,38 64 312
1429848,15 61 237
1430055,15 152 
1430093,39 69 
1430734,51 181 
1431774,68 181 
1432270,72 93 
1432289,58 103 
1432289,58 101 
1433203,83 100 
1433203,83 6
1433203,83 1636
1433203,83 11
1435211 25 
1435239,58 75 
1436147,44 72 
1436291,68 70 
1437220,92 80 
1437674,86 83 
1439830,63 64 2157
1440102,1 61 256
1440309,3 150 
1440342,34 68 
1440761,9 171 
1441257,47 92 
1441257,47 65 
1441845,45 103 
1441845,45 101 
1442358,79 100 
1442358,79 6
1442358,79 1636
1442358,79 10
1444367,15 25 
1444609,43 75 
1445515,72 72 
1445674,23 70 
1446601,58 80 
1447091,99 250 
1447109,87 101 
1449125,01 100 
1449125,01 6
1449125,01 1636
1449125,01 10
1449125,01 25 
1449153,63 75 
1450061,27 72 
1450219,13 70 
1451139,98 80 
1451602,25 83 
1452171,3 64 570
1452728,07 256 
1453529,87 63 1342
1453737,35 150 
1453767,88 68 
1454280,03 92 
1454280,03 65 
1455266,36 103 
1455266,36 101 
1455779,68 100 
1455779,68 6
1455779,68 1636
1455779,68 11
1457787,89 25 
1457816,49 75 
1458727,75 72 
1458895,3 70 
1459835,8 80 
1460305,21 83 
1460486,47 64 182
1460527,35 256 
1460967,63 61 464
1461174,5 150 
1461217,57 68 
1462673,32 171 
1462912,35 171 
1463407,67 92 
1463407,67 65 
1463436,18 103 
1463436,18 101 
1463949,56 100 
1463949,56 5
1463949,56 1636
1463949,56 11
1463949,56 78 
1463949,56 781 
1465957,78 25 
1465986,48 75 
1466893,66 72 
1467038,31 70 
1467959,62 80 
1468434,98 83 
1469236,11 64 802
1469438,08 61 178
1469646,97 151 
1469680,57 69 
1470191,21 93 
1470563,08 181 
1471179,58 103 
1471179,58 101 
1472092,64 100 
1472092,64 5
1472092,64 1636
1472092,64 10
1474101,15 25 
1474982,49 75 
1475892,89 72 
1476047,86 70 
1476946,9 80 
1477364,45 83 
1480300,35 64 2937
1480349,72 256 
1483648,26 63 3326
1483853,4 150 
1483887,9 68 
1484281,94 173 
1484779,76 92 
1484779,76 65 
1485386,74 103 
1485386,74 101 
1485900,05 100 
1485900,05 5
1485900,05 1636
1485900,05 10
1487908,42 25 
1487937,06 75 
1488844,35 72 
1488895,46 70 
1489778,97 80 
1490198,94 83 
1490444,14 64 246
1490757,24 63 293
1490962,8 150 
1491004,58 68 
1491511,69 92 
1491511,69 65 
1492503,5 103 
1492503,5 101 
1493020,14 100 
1493020,14 5
1493020,14 1636
1493020,14 10
1495025,04 25 
1495053,88 75 
1495960,45 72 
1496012,51 70 
1496898,67 80 
1497315,83 83 
1497651,11 64 336
1497896,65 63 222
1498103,1 150 
1498135,1 68 
1498647,84 92 
1498647,84 65 
1499396,77 256 
1499633,77 103 
1499633,77 101 
1500147,25 100 
1500147,25 5
1500147,25 1636
1500147,25 11
1502155,47 25 
1502183,95 75 
1503090,14 72 
1503142,7 70 
1504025,02 80 
1504445,96 83 
1504740,97 64 296
1504785,15 256 
1505286,21 61 521
1505493,64 151 
1505527,42 69 
1506059,7 181 
1506370,75 181 
1506650,23 181 
1507148 93 
1507163,91 103 
1507163,91 101 
1508076,97 100 
1508076,97 5
1508076,97 1636
1508076,97 10
1510085,4 25 
1510433,92 75 
1511342,09 72 
1511392,4 70 
1512272,57 80 
1512695,78 83 
1514831 64 2136
1517427,51 256 
1518526,57 63 3673
1518733,4 150 
1518761,66 68 
1519159,6 173 
1519656,98 92 
1519656,98 65 
1520264,89 103 
1520264,89 101 
1520778,22 100 
1520778,22 5
1520778,22 1636
1520778,22 10
1522786,47 25 
1522815,08 75 
1523722,57 72 
1523773,7 70 
1524658,71 80 
1525077,17 83 
1525291,21 64 215
1525535,39 63 219
1525742,51 150 
1525776,29 68 
1526289,74 92 
1526289,74 65 
1527275,23 103 
1527275,23 101 
1527788,46 100 
1527788,46 5
1527788,46 1636
1527788,46 11
1529796,82 25 
1529827,13 75 
1530734,61 72 
1530784,11 70 
1531668,18 80 
1532087,51 83 
1535050,44 64 2964
1535110,91 256 
1538688,8 61 3617
1538893,99 153 
1538930,56 68 
1540682,26 171 
1540820,27 171 
1541435,24 171 
1541935,25 92 
1541935,25 65 
1541962,23 103 
1541962,23 101 
1542475,71 100 
1542475,71 5
1542475,71 1636
1542475,71 11
1544483,83 25 
1544512,57 75 
1545421,05 72 
1545471,07 70 
1546356,05 80 
1546787,78 83 
1547024,26 64 237
1547071,19 256 
1547348,5 61 309
1547555,97 151 
1547593,68 69 
1548101,96 93 
1548508,97 181 
1549092,56 103 
1549092,56 101 
1550005,7 100 
1550005,7 5
1550005,7 1636
1550005,7 11
1552014 25 
1552042,65 75 
1552951,54 72 
1553001,3 70 
1553885,41 80 
1554304,53 83 
1556422,28 64 2118
1557384,99 256 
1557664,29 63 1215
1557870,65 151 
1557904,9 69 
1558414 93 
1558751 183 
1559408,12 103 
1559408,12 101 
1560321,56 100 
1560321,56 5
1560321,56 1636
1560321,56 10
1562330,11 25 
1562358,06 75 
1563264,84 72 
1563317,67 70 
1564200,57 80 
1564620,49 83 
1565225,83 64 607
1575246,46 252 
1575268,17 101 
1577283,46 100 
1577283,46 5
1577283,46 1636
1577283,46 10
1577283,46 25 
1577311,97 75 
1578217,95 72 
1578417,96 70 
1579421,75 80 
1579947,15 83 
1580243,78 64 298
1580275,76 256 
1581028,57 63 762
1581235,06 150 
1581273,01 68 
1581730,39 173 
1582226,45 92 
1582226,45 65 
1582771,54 103 
1582771,54 101 
1583284,86 100 
1583284,86 5
1583284,86 1636
1583284,86 10
1585293,14 25 
1585708,26 75 
1586614,63 72 
1586826,85 70 
1587745,28 80 
1588196,83 83 
1588449,97 64 254
1588715,25 63 239
1588920,02 150 
1588963,26 68 
1589472,59 92 
1589472,59 65 
1590461,57 103 
1590461,57 101 
1590974,92 100 
1590974,92 5
1590974,92 1636
1590974,92 11
1592983,14 25 
1593358,18 75 
1594267,65 72 
1594423,65 70 
1595386,13 80 
1595873,5 83 
1596357,08 64 485
1597524,92 61 1146
1597729,66 151 
1597773,01 69 
1598469,2 181 
1598965,07 93 
1599284,44 103 
1599284,44 101 
1600201,27 100 
1600201,27 5
1600201,27 1636
1600201,27 10
1602205,96 25 
1602234,63 75 
1603142,6 72 
1603313,1 70 
1604237,75 80 
1604709,79 83 
1604916,82 64 208
1604954,92 256 
1614937,1 252 
1614957,79 101 
1616972,9 100 
1616972,9 5
1616972,9 1636
1616972,9 10
1616972,9 25 
1618947,4 75 
1619856,86 72 
1620092,58 70 
1620986,55 80 
1621515,83 83 
1622480,82 64 966
1623003,78 63 503
1623211,56 150 
1623242,15 68 
1623608,43 173 
1624104,29 92 
1624104,29 65 
1624740,16 103 
1624740,16 101 
1625253,56 100 
1625253,56 5
1625253,56 1636
1625253,56 11
1627261,71 25 
1627290,39 75 
1628198,85 72 
1628249,06 70 
1629136,88 80 
1629565,7 83 
1629952,97 64 388
1630237,03 63 259
1630441,8 151 
1630473,68 69 
1630981,08 93 
1631603,09 256 
1631755,27 183 
1631977,11 103 
1631977,11 101 
1632891,07 100 
1632891,07 5
1632891,07 1636
1632891,07 11
1634898,49 25 
1634927,16 75 
1635833,75 72 
1635885,63 70 
1636767,61 80 
1637189,09 83 
1637627,98 64 440
1639994,73 61 2340
1640200,33 151 
1640233,89 69 
1640857,95 181 
1641354,81 93 
1641732,88 103 
1641732,88 101 
1642645,99 100 
1642645,99 5
1642645,99 1636
1642645,99 11
1644654,3 25 
1644682,67 75 
1645590,7 72 
1645641,43 70 
1646527,47 80 
1646944,85 83 
1649003,99 64 2060
1659024 252 
1659045,41 101 
1661060,5 100 
1661060,5 5
1661060,5 1636
1661060,5 11
1661060,5 25 
1671057,38 254 
1671066,79 101 
1673079,25 100 
1673079,25 5
1673079,25 1636
1673079,25 11
1673079,25 25 
1683080,75 254 
1683101,73 101 
1685114,24 100 
1685114,24 5
1685114,24 1636
1685114,24 11
1685114,24 25 
1695115,17 254 
1695123,17 101 
1697135,77 100 
1697135,77 5
1697135,77 1636
1697135,77 11
1697135,77 25 
1707136,29 254 
1707158,07 101 
1709170,56 100 
1709170,56 5
1709170,56 1636
1709170,56 11
1709170,56 25 
1719170,24 254 
1719179,62 101 
1721192,11 100 
1721192,11 5
1721192,11 1636
1721192,11 11
1721192,11 25 
1724168,52 75 
1725077,09 72 
1725127,37 70 
1726012,04 80 
1726631,08 83 
1742920,38 64 16290
1743160,42 256 
1747605,64 62 4663
1747811,5 152 
1747854,37 69 
1748514,84 182 
1748797,25 182 
1749297,52 93 
1749353,26 103 
1749353,26 101 
1750266,37 100 
1750266,37 5
1750266,37 1636
1750266,37 10
1752274,66 25 
1752303,26 75 
1753211,49 72 
1753395,33 70 
1754282,06 80 
1754818,52 83 
1755097,88 64 280
1756112,44 256 
1756336,53 63 1212
1756542,9 150 
1756584,23 68 
1757035,47 173 
1757530,62 92 
1757530,62 65 
1758082,84 103 
1758082,84 101 
1758596,19 100 
1758596,19 5
1758596,19 1636
1758596,19 10
1760604,43 25 
1770604,2 254 
1770624,15 101 
1772636,59 100 
1772636,59 5
1772636,59 1636
1772636,59 10
1772636,59 25 
1779704,82 75 
1780615,07 72 
1780756,99 70 
1781694,85 80 
1782180,08 83 
1783213,08 64 1034
1783249,67 256 
1783818,66 63 587
1784025,34 150 
1784066,83 68 
1784455,81 173 
1784951,33 92 
1784951,33 65 
1785564,37 103 
1785564,37 101 
1786077,65 100 
1786077,65 5
1786077,65 1636
1786077,65 11
1788085,99 25 
1790820,04 75 
1791728,65 72 
1791885,52 70 
1792813,16 80 
1793295,34 83 
1793500,13 64 206
1794661,86 61 1141
1794867,46 151 
1794896,46 69 
1798700,9 256 
1864236,37 181 
1865020,78 181 
1865323,02 181 
1869533,71 181 
1870030,88 93 
1870048,12 103 
1870048,12 101 
1870961,17 100 
1870961,17 5
1870961,17 1636
1870961,17 11
1872969,4 25 
1882967,07 254 
1882975,87 101 
1884988,29 100 
1884988,29 5
1884988,29 1636
1884988,29 11
1884988,29 25 
1894988,97 254 
1895010,64 101 
1897023,2 100 
1897023,2 5
1897023,2 1636
1897023,2 11
1897023,2 25 
1907023,18 254 
1907032,17 101 
1909044,66 100 
1909044,66 5
1909044,66 1636
1909044,66 11
1909044,66 25 
1919045,34 254 
1919053,74 101 
1921066,15 100 
1921066,15 5
1921066,15 1636
1921066,15 11
1921066,15 25 
1931067,65 254 
1931088,47 101 
1933101,79 100 
1933101,79 5
1933101,79 1636
1933101,79 11
1933101,79 25 
1943101,21 254 
1943110,4 101 
1945122,49 100 
1945122,49 5
1945122,49 1636
1945122,49 11
1945122,49 25 
1955122,61 254 
1955131,7 101 
1957143,96 100 
1957143,96 5
1957143,96 1636
1957143,96 11
1957143,96 25 
1967144,26 254 
1967153,06 101 
1969165,47 100 
1969165,47 5
1969165,47 1636
1969165,47 11
1969165,47 25 
1971915,58 75 
1972320,75 250 
1972336,54 101 
1974352,57 100 
1974352,57 5
1974352,57 1636
1974352,57 11
1974352,57 25 
1974377,41 75 
1975285,51 72 
1975460,26 70 
1976359,63 80 
1976896,39 83 
1976978,49 64 83
1977024,7 256 
1979245,39 61 2243
1979977,21 151 
1980021,16 69 
1980622,65 181 
1981131,06 181 
1981832,63 181 
1982186,72 256 
2038500,89 181 
2038998,41 93 
2039015,42 103 
2039015,42 101 
2039928,75 100 
2039928,75 5
2039928,75 1636
2039928,75 10
2041936,76 25 
2041965,4 75 
2042872,41 72 
2043017,46 70 
2043919,11 80 
2044347,46 83 
2045180,58 64 834
2045215,06 256 
2046474,59 63 1275
2046681,48 150 
2046712,94 68 
2047128,54 173 
2047626,52 92 
2047626,52 65 
2048211,48 103 
2048211,48 101 
2048725,47 100 
2048725,47 5
2048725,47 1636
2048725,47 10
2050733,15 25 
2050761,74 75 
2051669,67 72 
2051720,25 70 
2052608,67 80 
2053036,99 83 
2053633,12 64 597
2054174,12 63 525
2054380,55 150 
2054415,78 68 
2054770,31 173 
2055268,63 92 
2055268,63 65 
2055914,8 103 
2055914,8 101 
2056430,92 100 
2056430,92 5
2056430,92 1636
2056430,92 10
2058436,36 25 
2058465,06 75 
2059372,8 72 
2059424,85 70 
2060308,27 80 
2060727,08 83 
2060810,21 64 84
2061064,07 63 231
2061271,15 150 
2061306,19 68 
2061817,43 92 
2061817,43 65 
2062076,75 256 
2062805,19 103 
2062805,19 101 
2063318,56 100 
2063318,56 5
2063318,56 1636
2063318,56 10
2065326,7 25 
2065355,25 75 
2066262,6 72 
2066314,03 70 
2067196,93 80 
2067617,45 83 
2080331,79 64 12716
2081423,34 63 1065
2081629,82 150 
2081666,55 68 
2082174,99 92 
2082174,99 65 
2083169,81 103 
2083169,81 101 
2083684,01 100 
2083684,01 5
2083684,01 1636
2083684,01 10
2085691,31 25 
2087839,93 75 
2088748,13 72 
2088797,71 70 
2089685,72 80 
2090114,36 83 
2091143,6 64 1031
2091443,75 61 278
2091471,32 256 
2092043,35 251 
2092043,35 243 
2092059,27 101 
2094074,37 100 
2094074,37 5
2094074,37 1636
2094074,37 10
2094074,37 25 
2104072,18 254 
2104080,69 101 
2106093,07 100 
2106093,07 5
2106093,07 1636
2106093,07 10
2106093,07 25 
2116093,73 254 
2116102,82 101 
2118114,8 100 
2118114,8 5
2118114,8 1636
2118114,8 10
2118114,8 25 
2118146,06 75 
2119053,26 72 
2119104,56 70 
2119989,12 80 
2120408,02 83 
2120779,17 64 372
2120828,42 256 
2121246,11 63 439
2121453,71 150 
2121493,71 68 
2121816,44 173 
2122311,89 92 
2122311,89 65 
2122992,63 103 
2122992,63 101 
2123505,97 100 
2123505,97 5
2123505,97 1636
2123505,97 11
2125514,22 25 
2128154,89 75 
2128641,15 250 
2128656,06 101 
2130672,45 100 
2130672,45 5
2130672,45 1636
2130672,45 11
2130672,45 25 
2136401,09 75 
2136409,11 250 
2136426,08 101 
2138442,03 100 
2138442,03 5
2138442,03 1636
2138442,03 11
2138442,03 25 
2138467,41 75 
2139375,84 72 
2139429,2 70 
2140318,98 80 
2140746,02 83 
2141808,49 64 1063
2144302,43 61 2478
2144508,46 151 
2144550,47 69 
2145137,6 181 
2145487,9 181 
2145798,2 181 
2146183,22 256 
2283885,99 182 
2285531,59 182 
2317284,36 182 
2318013,16 182 
2350972,07 182 
2372803,34 182 
2373822,89 182 
2378512,33 181 
2438750,33 182 
2448233,52 182 
2499595,04 181 
2500093,5 93 
2500110,54 103 
2500110,54 101 
2501024,02 100 
2501024,02 5
2501024,02 1636
2501024,02 10
2503031,89 25 
2503060,64 75 
2503968,12 72 
2504152,49 70 
2505161,11 80 
2505695,72 83 
2506419,97 64 725
2506458,14 256 
2507184,53 63 743
2507390,03 152 
2507423,13 69 
2507808,56 183 
2507835,93 256 
2507999,37 183 
2508497,72 93 
2508920,06 103 
2508920,06 101 
2509834,51 100 
2509834,51 5
2509834,51 1636
2509834,51 11
2511841,73 25 
2511870,36 75 
2512776,99 72 
2512949,05 70 
2513862,89 80 
2514358,79 83 
2515259,8 64 902
2517394,51 62 2117
2517599,67 150 
2517630,12 68 
2518068,11 172 
2518565,85 92 
2518565,85 65 
2519129,12 103 
2519129,12 101 
2519642,62 100 
2519642,62 5
2519642,62 1636
2519642,62 10
2521650,87 25 
2521679,27 75 
2522586,75 72 
2522824,61 70 
2523715,68 80 
2524274,41 83 
2526419,25 64 2146
2527583,36 62 1137
2527790,01 151 
2527825,65 69 
2528453,57 256 
2528466,55 182 
2528964,61 93 
2529325,45 103 
2529325,45 101 
2530237,73 100 
2530237,73 5
2530237,73 1636
2530237,73 11
2532246,04 25 
2532274,7 75 
2533182,61 72 
2533326,63 70 
2534242,03 80 
2534683,26 83 
2537739,25 64 3057
2538804,24 62 1043
2539010,45 150 
2539047,62 68 
2539467,45 172 
2539963,2 92 
2539963,2 65 
2540546,53 103 
2540546,53 101 
2541060,13 100 
2541060,13 5
2541060,13 1636
2541060,13 11
2543068,22 25 
2543096,59 75 
2544004,8 72 
2544175,25 70 
2545100,85 80 
2545585,27 83 
2545841,16 64 257
2546017,74 62 154
2546224,73 150 
2546257,86 68 
2546769,12 92 
2546769,12 65 
2547582,37 256 
2547704,11 172 
2547756,73 103 
2547756,73 101 
2548269,99 100 
2548269,99 5
2548269,99 1636
2548269,99 11
2550278,5 25 
2550306,77 75 
2551212,91 72 
2551358,95 70 
2552286,35 80 
2552755,5 83 
2553075,1 64 321
2553237,07 62 136
2553443,71 150 
2553481,34 68 
2553992,21 92 
2553992,21 65 
2554614,73 256 
2554980,31 103 
2554980,31 101 
2555497,82 100 
2555497,82 5
2555497,82 1636
2555497,82 10
2557501,95 25 
2557530,58 75 
2558438,66 72 
2558582,39 70 
2559499,63 80 
2559979,06 83 
2561070,18 64 1092
2561113,59 256 
2561466,45 63 368
2561672,16 150 
2561700,1 68 
2562087,53 173 
2562584,38 92 
2562584,38 65 
2563203,45 103 
2563203,45 101 
2563716,73 100 
2563716,73 5
2563716,73 1636
2563716,73 11
2565724,96 25 
2565753,59 75 
2566661,66 72 
2566819,08 70 
2567754,03 80 
2568242,2 83 
2570434,31 64 2193
2570754,12 62 287
2570960,55 150 
2570993,85 68 
2571505,49 92 
2571505,49 65 
2572212,67 256 
2572492,82 103 
2572492,82 101 
2573006,06 100 
2573006,06 5
2573006,06 1636
2573006,06 10
2575014,29 25 
2575042,94 75 
2575949,88 72 
2576002,43 70 
2576885,93 80 
2577305,01 83 
2577594,31 64 290
2577852,23 63 242
2578059,44 150 
2578093 68 
2578458 173 
2578955,58 92 
2578955,58 65 
2579596,38 103 
2579596,38 101 
2580109,78 100 
2580109,78 5
2580109,78 1636
2580109,78 11
2582118,08 25 
2582147,26 75 
2583054,63 72 
2583105,08 70 
2583989,71 80 
2584408,53 83 
2585111,69 64 704
2585343,44 62 216
2585551,1 150 
2585587,93 68 
2586099,1 92 
2586099,1 65 
2586260,27 256 
2587086,64 103 
2587086,64 101 
2587599,76 100 
2587599,76 5
2587599,76 1636
2587599,76 10
2589608,1 25 
2589636,76 75 
2590543,15 72 
2590595,22 70 
2591476,33 80 
2591898,67 83 
2591970,36 64 72
2592011,31 256 
2592315,89 63 325
2592521,38 150 
2592553,5 68 
2593062,74 92 
2593062,74 65 
2594056,86 103 
2594056,86 101 
2594570,5 100 
2594570,5 5
2594570,5 1636
2594570,5 11
2596578,62 25 
2596820,34 75 
2597729,77 72 
2597778,92 70 
2598666,89 80 
2599095,61 83 
2600380,11 64 1285
2600587,1 62 186
2600791,82 150 
2600834,27 68 
2601348,88 92 
2601348,88 65 
2601636,02 256 
2602333,24 103 
2602333,24 101 
2602846,75 100 
2602846,75 5
2602846,75 1636
2602846,75 10
2604854,76 25 
2613226,71 75 
2614134,12 72 
2614186,4 70 
2615025,89 250 
2615034,86 101 
2617050,29 100 
2617050,29 5
2617050,29 1636
2617050,29 10
2617050,29 25 
2617971,08 75 
2618879,95 72 
2618899,45 70 
2619607,98 80 
2620033,76 83 
2620562 64 530
2621014,58 63 435
2621220,43 150 
2621247,95 68 
2621614,97 173 
2622113,56 92 
2622113,56 65 
2622751,12 103 
2622751,12 101 
2623265,45 100 
2623265,45 5
2623265,45 1636
2623265,45 11
2623265,45 79 
2625272,67 25 
2635271,87 254 
2635292,41 101 
2637304,99 100 
2637304,99 5
2637304,99 1636
2637304,99 11
2637304,99 25 
2647306,74 254 
2647327,29 101 
2649339,79 100 
2649339,79 5
2649339,79 1636
2649339,79 11
2649339,79 25 
2659339,42 254 
2659348,55 101 
2661361,09 100 
2661361,09 5
2661361,09 1636
2661361,09 11
2661361,09 25 
2663138,76 75 
2664046,39 72 
2664097,08 70 
2664987,07 80 
2665413,91 83 
2667130,18 64 1717
2667341,38 62 182
2667549,06 150 
2667579,1 68 
2668087,71 92 
2668087,71 65 
2669077,88 103 
2669077,88 101 
2669591,21 100 
2669591,21 5
2669591,21 1636
2669591,21 10
2671599,46 25 
2671628,92 75 
2672536,1 72 
2672586,72 70 
2673472,11 80 
2674023,98 250 
2674035,74 101 
2676050,88 100 
2676050,88 5
2676050,88 1636
2676050,88 10
2676050,88 25 
2676079,49 75 
2676989,64 72 
2677131,49 70 
2678055,57 80 
2678528,08 83 
2678874,6 64 347
2679250,62 63 350
2679457,99 150 
2679494,07 68 
2679904,93 173 
2680403,61 92 
2680403,61 65 
2680992,75 103 
2680992,75 101 
2681506,14 100 
2681506,14 3
2681506,14 1636
2681506,14 11
2681506,14 78 
2681506,14 781 
2683514,52 25 
2683542,89 75 
2684450,7 72 
2684595,08 70 
2685523,75 80 
2686004,95 83 
2686106,1 64 102
2686261,76 62 138
2686466,67 153 
2686504,73 68 
2687013,68 92 
2687013,68 65 
2687852,27 256 
2688003,07 103 
2688003,07 101 
2688519,23 100 
2688519,23 3
2688519,23 1636
2688519,23 11
2690524,78 25 
2690553,48 75 
2691461,36 72 
2691605,29 70 
2692547,66 80 
2693041,86 83 
2693173,61 64 132
2693352,86 62 152
2693559,45 151 
2693594,47 69 
2694105,12 93 
2695093,52 103 
2695093,52 101 
2696007,36 100 
2696007,36 3
2696007,36 1636
2696007,36 10
2698014,99 25 
2698043,31 75 
2698950,63 72 
2699108,65 70 
2700038,96 80 
2700505,34 83 
2707293,52 64 6789
2707710,92 63 396
2707916,08 151 
2707949,07 69 
2708615,59 183 
2708821,19 256 
2709108,03 183 
2709607,97 93 
2709620,51 103 
2709620,51 101 
2710533,9 100 
2710533,9 3
2710533,9 1636
2710533,9 10
2712541,92 25 
2712570,48 75 
2713476,84 72 
2713635,84 70 
2714563,55 80 
2715059,06 83 
2717353,32 64 2295
2717690,4 63 313
2717896 151 
2717930,99 69 
2719219,64 256 
2719344,38 182 
2722415,35 183 
2722913,85 93 
2722934,79 103 
2722934,79 101 
2723848,31 100 
2723848,31 3
2723848,31 1636
2723848,31 11
2725856,67 25 
2735854,13 254 
2735862,78 101 
2737875,01 100 
2737875,01 3
2737875,01 1636
2737875,01 11
2737875,01 25 
2747876,43 254 
2747897,32 101 
2749909,82 100 
2749909,82 3
2749909,82 1636
2749909,82 11
2749909,82 25 
2759911,19 254 
2759932,21 101 
2761944,64 100 
2761944,64 3
2761944,64 1636
2761944,64 11
2761944,64 25 
2771944,28 254 
2771966,86 101 
2773979,29 100 
2773979,29 3
2773979,29 1636
2773979,29 11
2773979,29 25 
2777049,36 75 
2777958 72 
2778008,07 70 
2778892,79 80 
2779311,53 83 
2780583,52 64 1273
2780841,45 62 238
2781049,1 151 
2781090,15 69 
2781589,24 256 
2781601,8 182 
2782098,74 93 
2782589,13 103 
2782589,13 101 
2783502,21 100 
2783502,21 3
2783502,21 1636
2783502,21 10
2785510,46 25 
2785538,91 75 
2786445,84 72 
2786497,55 70 
2787380,8 80 
2787800,93 83 
2788503,35 64 703
2788537,76 256 
2789551,03 61 1031
2789756,13 151 
2789788,63 69 
2790291,89 181 
2790789,05 93 
2790942,1 181 
2791291,93 103 
2791291,93 101 
2792205,68 100 
2792205,68 3
2792205,68 1636
2792205,68 10
2794213,27 25 
2794241,92 75 
2795150,34 72 
2795200,53 70 
2796084,08 80 
2796517,25 83 
2817170,6 64 20655
2817768,15 256 
2818547,55 63 1360
2818754,97 151 
2818789,39 69 
2819462,41 183 
2819960,08 93 
2820292,75 103 
2820292,75 101 
2821205,98 100 
2821205,98 3
2821205,98 1636
2821205,98 11
2823214,08 25 
2823243,14 75 
2824151,1 72 
2824348,2 70 
2825267,85 80 
2825758,1 83 
2826623,29 64 866
2829127,46 62 2477
2829335,37 151 
2829376,61 69 
2830043,18 182 
2830539,85 93 
2830875,01 103 
2830875,01 101 
2831788,08 100 
2831788,08 3
2831788,08 1636
2831788,08 11
2833796,4 25 
2833825,12 75 
2834732,38 72 
2834877,07 70 
2835797,69 80 
2836286,94 83 
2836652,43 64 366
2838159,84 61 1488
2838364,83 153 
2838394,43 68 
2838872,87 172 
2842790,42 171 
2843286,54 92 
2843286,54 65 
2843309,66 103 
2843309,66 101 
2843823,08 100 
2843823,08 3
2843823,08 1636
2843823,08 11
2845832,07 25 
2845859,92 75 
2846768,91 72 
2846912,17 70 
2847848,87 80 
2848361,91 83 
2848717,91 64 357
2849089,9 62 356
2849431,17 151 
2849474,87 69 
2849921,82 182 
2850419,22 93 
2850973,03 103 
2850973,03 101 
2851887,04 100 
2851887,04 3
2851887,04 1636
2851887,04 10
2853894,55 25 
2853923,01 75 
2854831,69 72 
2854975,18 70 
2855899,27 80 
2856384,95 83 
2856437,96 64 54
2857755,8 61 1292
2857962,56 151 
2858003,83 69 
2858932,84 181 
2859271,1 181 
2859450,93 181 
2859948,16 93 
2859969,16 103 
2859969,16 101 
2860885,64 100 
2860885,64 3
2860885,64 1636
2860885,64 11
2862890,68 25 
2862919,27 75 
2863826,92 72 
2863971,29 70 
2864898,76 80 
2865367,76 83 
2866465,26 64 1098
2867667,23 63 1181
2867872,68 150 
2867907,76 68 
2868331,95 173 
2868827,59 92 
2868827,59 65 
2869405,09 103 
2869405,09 101 
2869918,74 100 
2869918,74 3
2869918,74 1636
2869918,74 11
2871926,8 25 
2871955,3 75 
2872862,66 72 
2873007,33 70 
2873966,77 80 
2874430,57 83 
2874836,7 64 408
2875186,86 63 331
2875394,17 150 
2875436,32 68 
2875799,62 173 
2876295,72 92 
2876295,72 65 
2876935,25 103 
2876935,25 101 
2877448,5 100 
2877448,5 3
2877448,5 1636
2877448,5 10
2879456,8 25 
2880031,83 75 
2880940,18 72 
2881097,12 70 
2882018,62 80 
2882493,78 83 
2882849,02 64 356
2883126,28 63 260
2883332,86 151 
2883366,65 69 
2883878,53 93 
2884064,76 256 
2884411,51 183 
2884865,17 103 
2884865,17 101 
2885778,23 100 
2885778,23 3
2885778,23 1636
2885778,23 10
2887786,49 25 
2897785,05 254 
2897806,22 101 
2899819,12 100 
2899819,12 3
2899819,12 1636
2899819,12 10
2899819,12 25 
2909820,25 254 
2909840,86 101 
2911853,35 100 
2911853,35 3
2911853,35 1636
2911853,35 10
2911853,35 25 
2921855 254 
2921875,68 101 
2923888,22 100 
2923888,22 3
2923888,22 1636
2923888,22 10
2923888,22 25 
2933887,92 254 
2933897,94 101 
2935909,67 100 
2935909,67 3
2935909,67 1636
2935909,67 10
2935909,67 25 
2945911,76 254 
2945932,07 101 
2947944,56 100 
2947944,56 3
2947944,56 1636
2947944,56 10
2947944,56 25 
2957946,1 254 
2957967,57 101 
2959979,32 100 
2959979,32 3
2959979,32 1636
2959979,32 10
2959979,32 25 
2966914,4 75 
2967823,31 72 
2967980,04 70 
2968901,57 80 
2969376,37 83 
2971939,53 64 2564
2972514,9 63 554
2973246,38 151 
2973287,65 69 
2973788,32 183 
2974283,98 93 
2974786,57 103 
2974786,57 101 
2975699,66 100 
2975699,66 3
2975699,66 1636
2975699,66 11
2977707,97 25 
2978935,71 75 
2979002,71 250 
2979010,45 101 
2981026,43 100 
2981026,43 3
2981026,43 1636
2981026,43 11
2981026,43 25 
2981051,31 75 
2981959,58 72 
2982120,51 70 
2983041,48 80 
2983517,01 83 
3002019,8 64 18504
3002055,94 256 
3004402,62 62 2362
3004609,38 151 
3004647,4 69 
3005198,44 182 
3005517,18 182 
3005604,89 256 
3006185,6 182 
3006683,75 93 
3006706,12 103 
3006706,12 101 
3007619,26 100 
3007619,26 3
3007619,26 1636
3007619,26 10
3009627,57 25 
3009656,92 75 
3010564,46 72 
3010614,76 70 
3011497,76 80 
3011918,33 83 
3012613,61 64 697
3013433,96 63 797
3013640,57 151 
3013671,31 69 
3014476,19 183 
3015223,25 256 
3015259,41 183 
3015756,76 93 
3015768,91 103 
3015768,91 101 
3016682,08 100 
3016682,08 3
3016682,08 1636
3016682,08 11
3018690,19 25 
3028689,3 254 
3028709,93 101 
3030722,29 100 
3030722,29 3
3030722,29 1636
3030722,29 11
3030722,29 25 
3040723,72 254 
3040744,57 101 
3042757,09 100 
3042757,09 3
3042757,09 1636
3042757,09 11
3042757,09 25 
3043308,3 75 
3044216,73 72 
3044266,93 70 
3045151,03 80 
3045570,4 83 
3046399,19 64 830
3046444,02 256 
3056422,82 252 
3056431,33 101 
3058446,32 100 
3058446,32 3
3058446,32 1636
3058446,32 11
3058446,32 25 
3064885,49 75 
3065792,75 72 
3065844,19 70 
3066729,79 80 
3067147,53 83 
3073260,24 64 6113
3074791,26 256 
3075869,97 63 2593
3076074,84 152 
3076109,79 69 
3076619,23 93 
3077608,73 103 
3077608,73 101 
3078522,75 100 
3078522,75 3
3078522,75 1636
3078522,75 10
3080530,11 25 
3080558,89 75 
3081177,05 250 
3081192,99 101 
3083208,94 100 
3083208,94 3
3083208,94 1636
3083208,94 10
3083208,94 25 
3093208,34 254 
3093228,67 101 
3095241,17 100 
3095241,17 3
3095241,17 1636
3095241,17 10
3095241,17 25 
3105242,16 254 
3105263,54 101 
3107276,07 100 
3107276,07 3
3107276,07 1636
3107276,07 10
3107276,07 25 
3117275,79 254 
3117285,18 101 
3119297,72 100 
3119297,72 3
3119297,72 1636
3119297,72 10
3119297,72 25 
3119325,29 75 
3119332,37 250 
3119349,93 101 
3121366,1 100 
3121366,1 3
3121366,1 1636
3121366,1 10
3121366,1 25 
3131364,15 254 
3131372,46 101 
3133384,78 100 
3133384,78 3
3133384,78 1636
3133384,78 10
3133384,78 25 
3143386,04 254 
3143393,92 101 
3145406,27 100 
3145406,27 3
3145406,27 1636
3145406,27 10
3145406,27 25 
3147499,59 75 
3148381,92 250 
3148390,77 101 
3150406,7 100 
3150406,7 3
3150406,7 1636
3150406,7 10
3150406,7 25 
3160404,76 254 
3160413,36 101 
3162425,61 100 
3162425,61 3
3162425,61 1636
3162425,61 10
3162425,61 25 
3172427,17 254 
3172447,95 101 
3174460,57 100 
3174460,57 3
3174460,57 1636
3174460,57 10
3174460,57 25 
3180352,09 75 
3180374,46 250 
3180390,34 101 
3182406,35 100 
3182406,35 3
3182406,35 1636
3182406,35 10
3182406,35 25 
3182579,76 75 
3183050,32 250 
3183069,18 101 
3185085,25 100 
3185085,25 3
3185085,25 1636
3185085,25 10
3185085,25 25 
3185110,19 75 
3186017,86 72 
3186206,18 70 
3187136,02 80 
3187642,6 83 
3188266,08 64 624
3189979,75 256 
3196735,25 63 8440
3196940,2 151 
3196973,68 69 
3197599,09 93 
3198476,97 103 
3198476,97 101 
3199390,16 100 
3199390,16 3
3199390,16 1636
3199390,16 10
3201398,29 25 
3201427,01 75 
3202333,87 72 
3202558,98 70 
3203455,69 80 
3203995,52 83 
3258392,64 64 54399
3259140,42 62 729
3259347,37 150 
3259378,16 68 
3259677,25 256 
3259822,47 172 
3260319,06 92 
3260319,06 65 
3260876,8 103 
3260876,8 101 
3261390,91 100 
3261390,91 3
3261390,91 1636
3261390,91 11
3263398,31 25 
3263427,03 75 
3264334,67 72 
3264385,6 70 
3265271,79 80 
3265702,42 83 
3266395,23 64 694
3267307,84 63 887
3267514,96 150 
3267543,3 68 
3267983,07 173 
3268481,44 92 
3268481,44 65 
3269046,61 103 
3269046,61 101 
3269562,72 100 
3269562,72 3
3269562,72 1636
3269562,72 11
3271568,15 25 
3271596,81 75 
3272504,2 72 
3272555,36 70 
3273439,39 80 
3273858,82 83 
3274159,46 64 301
3274450,6 63 272
3274656,38 150 
3274691,52 68 
3275200,38 92 
3275200,38 65 
3276190,28 103 
3276190,28 101 
3276703,43 100 
3276703,43 3
3276703,43 1636
3276703,43 11
3278713,06 25 
3278740,32 75 
3279646,84 72 
3279698,95 70 
3280584,36 80 
3281002,43 83 
3281132,5 64 131
3281426,82 63 266
3281634,18 150 
3281675,17 68 
3282182,79 92 
3282182,79 65 
3283173,91 103 
3283173,91 101 
3283687,19 100 
3283687,19 3
3283687,19 1636
3283687,19 11
3285695,38 25 
3287564,18 75 
3288472,95 72 
3288521,96 70 
3289406,33 80 
3289825,28 83 
3294540,88 64 4717
3294585,56 256 
3296166,13 255 
3296181,6 101 
3298196,67 100 
3298196,67 3
3298196,67 1636
3298196,67 11
3298196,67 25 
3308195,38 254 
3308216,41 101 
3310228,91 100 
3310228,91 3
3310228,91 1636
3310228,91 11
3310228,91 25 
3320228,39 254 
3320237,92 101 
3322250,47 100 
3322250,47 3
3322250,47 1636
3322250,47 11
3322250,47 25 
3324160,89 75 
3324794,44 250 
3324808,42 101 
3326824,67 100 
3326824,67 3
3326824,67 1636
3326824,67 11
3326824,67 25 
3336823,19 254 
3336843,97 101 
3338856,41 100 
3338856,41 3
3338856,41 1636
3338856,41 11
3338856,41 25 
3348857,87 254 
3348879,02 101 
3350892,03 100 
3350892,03 3
3350892,03 1636
3350892,03 11
3350892,03 25 
3360892,46 254 
3360913,75 101 
3362926,28 100 
3362926,28 3
3362926,28 1636
3362926,28 11
3362926,28 25 
3372925,65 254 
3372935,31 101 
3374947,74 100 
3374947,74 3
3374947,74 1636
3374947,74 11
3374947,74 25 
3384947,8 254 
3384956,75 101 
3386969,25 100 
3386969,25 3
3386969,25 1636
3386969,25 11
3386969,25 25 
3391488,2 75 
3392398,17 72 
3392583,91 70 
3393489,81 80 
3393950,79 250 
3393966,22 101 
3395981,33 100 
3395981,33 3
3395981,33 1636
3395981,33 11
3395981,33 25 
3399954,88 75 
3400863,47 72 
3401020,33 70 
3401929,5 80 
3402350,2 83 
3402845,39 64 496
3403035,71 61 167
3403242,2 153 
3403277,25 68 
3403789,53 92 
3403789,53 65 
3404788,34 103 
3404788,34 101 
3405302,97 100 
3405302,97 3
3405302,97 1636
3405302,97 10
3407309,94 25 
3408404,58 75 
3411279,41 72 
3411336,84 70 
3412221,95 80 
3412652,54 83 
3412752,99 64 102
3412807,96 256 
3414911,14 63 2140
3415118,61 151 
3415146,47 69 
3415660,88 93 
3415849,79 183 
3416649,81 103 
3416649,81 101 
3417563,25 100 
3417563,25 3
3417563,25 1636
3417563,25 10
3419572,4 25 
3429570,03 254 
3429590,96 101 
3431603,41 100 
3431603,41 3
3431603,41 1636
3431603,41 10
3431603,41 25 
3441603,56 254 
3441612,4 101 
3443624,9 100 
3443624,9 3
3443624,9 1636
3443624,9 10
3443624,9 25 
3451026,32 75 
3451063,97 250 
3451074,13 101 
3453090,16 100 
3453090,16 3
3453090,16 1636
3453090,16 10
3453090,16 25 
3453115,01 75 
3454023,18 72 
3454077,56 70 
3454963,81 80 
3455380,77 83 
3455943,23 64 563
3457823,39 256 
3465967,8 252 
3465988,64 101 
3468003,69 100 
3468003,69 3
3468003,69 1636
3468003,69 10
3468003,69 25 
3472044,66 75 
3472338,62 250 
3472344,91 101 
3474361,55 100 
3474361,55 3
3474361,55 1636
3474361,55 10
3474361,55 25 
3474385,73 75 
3483959,8 72 
3484011,11 70 
3484457,38 250 
3484474,07 101 
3486489,15 100 
3486489,15 3
3486489,15 1636
3486489,15 10
3486489,15 25 
3486544,37 75 
3487453,42 72 
3487472,7 70 
3487714,92 250 
3487726,06 101 
3489741,05 100 
3489741,05 3
3489741,05 1636
3489741,05 10
3489741,05 25 
3489798,57 75 
3490705,77 72 
3490724,64 70 
3490780,15 250 
3490791,26 101 
3492807,17 100 
3492807,17 3
3492807,17 1636
3492807,17 10
3492807,17 25 
3492835,08 75 
3493744,32 72 
3493763,35 70 
3494472,5 80 
3494897,13 83 
3495886,99 64 991
3496002,38 256 
3504456,23 62 8547
3504660,68 150 
3504699,19 68 
3505096,27 172 
3505594,16 92 
3505594,16 65 
3506198 103 
3506198 101 
3506711,68 100 
3506711,68 3
3506711,68 1636
3506711,68 11
3508719,55 25 
3508748,22 75 
3509655,38 72 
3509853,44 70 
3510752,26 80 
3511170,1 83 
3511522,36 64 353
3511923,39 62 381
3512129,41 151 
3512163,5 69 
3512716,32 182 
3513302,93 256 
3513345,48 183 
3513907,44 183 
3541966,18 181 
3734732,66 181 
3771618,48 182 
3771845,35 181 
3773073,72 181 
3787380,8 182 
3787879,23 93 
3787903,59 103 
3787903,59 101 
3788816,98 100 
3788816,98 3
3788816,98 1636
3788816,98 11
3790825,02 25 
3800823,91 254 
3800844,69 101 
3802857,13 100 
3802857,13 3
3802857,13 1636
3802857,13 11
3802857,13 25 
3812858,81 254 
3812879,44 101 
3814891,95 100 
3814891,95 3
3814891,95 1636
3814891,95 11
3814891,95 25 
3824893,41 254 
3824914,28 101 
3826926,75 100 
3826926,75 3
3826926,75 1636
3826926,75 11
3826926,75 25 
3832155,81 75 
3832334,9 250 
3832350,22 101 
3834366,18 100 
3834366,18 3
3834366,18 1636
3834366,18 11
3834366,18 25 
3834390,92 75 
3835154,13 250 
3835162,15 101 
3837178,28 100 
3837178,28 3
3837178,28 1636
3837178,28 11
3837178,28 25 
3838509,23 75 
3839417,78 72 
3839618,47 70 
3840525,92 80 
3841055,01 83 
3845920,01 64 4866
3855945,61 252 
3855954,42 101 
3857969,4 100 
3857969,4 3
3857969,4 1636
3857969,4 11
3857969,4 25 
3857998,09 75 
3858905,68 72 
3859050,05 70 
3860011,02 80 
3860433,27 83 
3891890,5 64 31458
3891952,5 256 
3893803,88 62 1892
3894009,8 151 
3894052,58 69 
3894737,58 182 
3895017,76 182 
3895608,45 182 
3895993,85 256 
3949684,77 181 
3959698,37 181 
3964205,79 181 
3994727,34 182 
3997775,71 181 
3998619,48 182 
4038804,6 181 
4101396,04 182 
4101473,28 181 
4126226,85 182 
4126748,35 182 
4168025,53 181 
4193988,73 182 
4212947,6 182 
4336200,35 181 
4344548,52 182 
4344813,62 182 
4345311,82 93 
4345330,53 103 
4345330,53 101 
4346243,73 100 
4346243,73 3
4346243,73 1636
4346243,73 10
4348252,95 25 
4348280,66 75 
4349188,56 72 
4349385,84 70 
4350288,76 80 
4350835,76 83 
4351470,83 64 636
4351531,66 256 
4351873,77 63 386
4352081,12 151 
4352122,5 69 
4352717,24 183 
4352780,3 256 
4352998,61 183 
4353488,94 182 
4539033,53 181 
4752390,04 182 
4752869,93 182 
4753223,17 181 
4755229,74 182 
4766118,17 181 
4767187,9 181 
4767488,99 181 
4848568,46 181 
4871346,15 182 
4888037,13 182 
5002624,68 182 
5018946,3 182 
5019273,49 182 
5030982,66 182 
5031939,12 182 
5033275,1 182 
5038428,6 182 
5038579,89 182 
5212338,14 182 
5233058,28 182 
5234599,28 181 
5235707,29 181 
5268656,47 182 
5276447,45 181 
5277458,37 182 
5288747,51 182 
5304618,34 182 
5360487,09 182 
5361300,39 181 
5361635,9 181 
5395868,59 182 
5399347,59 182 
5429805,28 182 
5431560,37 182 
5477612,51 181 
5484442,49 182 
5505168,76 182 
5539943,29 182 
5590323,79 181 
5591329,97 182 
5611690,42 182 
5633350,85 182 
5638270,93 181 
5639634,09 182 
5653237,06 182 
5707049,06 182 
5707952,22 182 
5710169,29 182 
5710997 183 
5711495,23 93 
5711516,54 103 
5711516,54 101 
5712429,71 100 
5712429,71 3
5712429,71 1636
5712429,71 10
5714437,92 25 
5714466,68 75 
5715374,21 72 
5715558,58 70 
5716576,4 80 
5717048,33 83 
5718040,3 64 993
5718282,2 62 222
5718486,98 150 
5718520,59 68 
5718886,17 172 
5719381,63 92 
5719381,63 65 
5720019,5 103 
5720019,5 101 
5720532,95 100 
5720532,95 3
5720532,95 1636
5720532,95 10
5722541,06 25 
5722569,67 75 
5723478,24 72 
5723661,95 70 
5724606,17 80 
5725111,62 83 
5725418,13 64 307
5725583,09 62 139
5725789,5 150 
5725824,66 68 
5726334,74 92 
5726334,74 65 
5727323 103 
5727323 101 
5727839,15 100 
5727839,15 3
5727839,15 1636
5727839,15 11
5729848,36 25 
5729873,13 75 
5730351,06 250 
5730360,83 101 
5732376,84 100 
5732376,84 3
5732376,84 1636
5732376,84 11
5732376,84 25 
5732401,72 75 
5733309,55 72 
5733364,2 70 
5734248,62 80 
5734667,52 83 
5752621,6 64 17955
5757302,54 256 
5757662,18 62 5017
5757867,43 151 
5757906,12 69 
5758415,93 93 
5758667,03 183 
5758701,96 256 
5758733,5 183 
5759402,6 103 
5759402,6 101 
5760315,93 100 
5760315,93 3
5760315,93 1636
5760315,93 10
5762323,96 25 
5762352,46 75 
5763259,79 72 
5763311,55 70 
5764198,88 80 
5764556,5 250 
5764573,69 101 
5766588,76 100 
5766588,76 3
5766588,76 1636
5766588,76 10
5766588,76 25 
5766617,23 75 
5767524,24 72 
5767576,09 70 
5768457,22 80 
5768879,4 83 
5768967,66 64 89
5769132,7 62 148
5769337,98 150 
5769379,38 68 
5769890,06 92 
5769890,06 65 
5770877,42 103 
5770877,42 101 
5771404,02 100 
5771404,02 3
5771404,02 1636
5771404,02 10
5773412,29 25 
5773440,8 75 
5774347,99 72 
5774399,7 70 
5775286,49 80 
5775703,01 83 
5775992,38 64 290
5776212,91 62 204
5776418,64 150 
5776456,62 68 
5776965,92 92 
5776965,92 65 
5777954,5 103 
5777954,5 101 
5778467,76 100 
5778467,76 3
5778467,76 1636
5778467,76 10
5780476,02 25 
5780505,4 75 
5781412,73 72 
5781463,27 70 
5782344,54 80 
5782766,6 83 
5788158,44 64 5393
5788340,36 62 163
5788546,02 150 
5788583,55 68 
5789097,08 92 
5789097,08 65 
5790082,51 103 
5790082,51 101 
5790595,98 100 
5790595,98 3
5790595,98 1636
5790595,98 10
5792604,22 25 
5792632,5 75 
5793539,79 72 
5793591,39 70 
5794475,74 80 
5794894,83 83 
5800184,41 64 5290
5800371,05 62 159
5800578,06 150 
5800618,42 68 
5801129,9 92 
5801129,9 65 
5802117,32 103 
5802117,32 101 
5802630,71 100 
5802630,71 3
5802630,71 1636
5802630,71 11
5804639,58 25 
5804667,72 75 
5805574,59 72 
5805626,29 70 
5806507,28 80 
5806929,53 83 
5819440,94 64 12512
5819630,09 62 160
5819834,99 151 
5819878,02 69 
5820445,29 181 
5821200,79 256 
5825674,3 182 
5826169,52 93 
5826187,02 103 
5826187,02 101 
5827100,59 100 
5827100,59 3
5827100,59 1636
5827100,59 11
5829108,68 25 
5829137,74 75 
5830044,09 72 
5830242,48 70 
5831174,62 80 
5831665,85 83 
5832132,15 64 467
5832633,86 62 476
5832839,06 151 
5832871,54 69 
5833363,81 182 
5833862,13 93 
5834370,3 103 
5834370,3 101 
5835283,58 100 
5835283,58 3
5835283,58 1636
5835283,58 11
5837291,67 25 
5837320,38 75 
5838229,45 72 
5838385,78 70 
5839321,63 80 
5839808,99 83 
5840101,07 64 293
5840469,17 61 341
5840675,98 153 
5840708,13 68 
5841220,07 92 
5841220,07 65 
5841864,93 172 
5842206,96 103 
5842206,96 101 
5842720,3 100 
5842720,3 3
5842720,3 1636
5842720,3 10
5844729,05 25 
5844757,03 75 
5845664,82 72 
5845715,8 70 
5846599,35 80 
5847019,11 83 
5847155,75 64 138
5847350,21 62 172
5847555,73 150 
5847598,38 68 
5848110,14 92 
5848110,14 65 
5849097,28 103 
5849097,28 101 
5849611,13 100 
5849611,13 3
5849611,13 1636
5849611,13 11
5851618,84 25 
5851647,66 75 
5852555,2 72 
5852606,14 70 
5853491,6 80 
5853909,48 83 
5855336,66 64 1429
5855399,26 256 
5855759,13 61 398
5855964,64 151 
5855995,18 69 
5856615,3 181 
5856844,18 181 
5856937,29 256 
5857097,32 181 
5857745,83 181 
5858243,93 93 
5858266,51 103 
5858266,51 101 
5859183,32 100 
5859183,32 3
5859183,32 1636
5859183,32 10
5861187,96 25 
5861216,59 75 
5862125,17 72 
5862175,36 70 
5863056,78 80 
5863478,51 83 
5863584,66 64 107
5863769,51 62 158
5863978,56 150 
5864017,76 68 
5864527,53 92 
5864527,53 65 
5865516,71 103 
5865516,71 101 
5866030,1 100 
5866030,1 3
5866030,1 1636
5866030,1 11
5868038,9 25 
5868066,97 75 
5868973,47 72 
5869025,52 70 
5869906,7 80 
5870329,01 83 
5875486,66 64 5159
5875528,79 256 
5875868,88 61 356
5876076,06 151 
5876106,05 69 
5876684,34 181 
5876864,14 181 
5877032,98 182 
5878413,09 181 
5878910,27 93 
5878924,29 103 
5878924,29 101 
5879837,63 100 
5879837,63 3
5879837,63 1636
5879837,63 11
5881845,78 25 
5881874,26 75 
5882781,62 72 
5882833,05 70 
5883719,75 80 
5884149,64 83 
5884481,9 64 333
5884759,75 63 250
5884967,25 150 
5885009,43 68 
5885343,86 173 
5885842,71 92 
5885842,71 65 
5886363,61 172 
5886507,74 103 
5886507,74 101 
5887020,91 100 
5887020,91 3
5887020,91 1636
5887020,91 11
5889029,92 25 
5889057,72 75 
5889965,54 72 
5890017,52 70 
5890898,82 80 
5891319,96 83 
5891432,23 64 113
5891469,31 256 
5891738,47 63 287
5891945,39 150 
5891979,14 68 
5892490,81 92 
5892490,81 65 
5893024,65 172 
5893478,05 103 
5893478,05 101 
5893991,89 100 
5893991,89 3
5893991,89 1636
5893991,89 10
5895999,66 25 
5896028,16 75 
5896935,9 72 
5896987,07 70 
5897870,37 80 
5898290,38 83 
5898496,1 64 207
5898698,76 62 183
5898905,17 150 
5898936,32 68 
5899447,66 92 
5899447,66 65 
5900435,05 103 
5900435,05 101 
5900948,44 100 
5900948,44 3
5900948,44 1636
5900948,44 10
5902956,6 25 
5902986,16 75 
5903894,36 72 
5903944,13 70 
5904828,63 80 
5905247,3 83 
5905712,97 64 467
5905902,65 62 162
5906108,14 150 
5906147,22 68 
5906658,64 92 
5906658,64 65 
5907645,27 103 
5907645,27 101 
5908159,23 100 
5908159,23 3
5908159,23 1636
5908159,23 10
5910166,83 25 
5910196,32 75 
5911103,83 72 
5911154,53 70 
5912040,34 80 
5912470,89 83 
5912497,81 64 28
5912681,57 62 159
5912888,04 150 
5912930,14 68 
5913441,52 92 
5913441,52 65 
5914275,92 256 
5914387,57 172 
5914429,07 103 
5914429,07 101 
5914942,35 100 
5914942,35 3
5914942,35 1636
5914942,35 11
5916950,58 25 
5916979,87 75 
5917887,65 72 
5917938,18 70 
5918821,61 80 
5919241,25 83 
5919911,51 64 671
5920197,86 63 265
5920404,23 152 
5920435,75 69 
5920993,06 183 
5921319,78 256 
5969120,79 182 
5971492,68 181 
5972702,38 183 
5973199,7 93 
5973217,31 103 
5973217,31 101 
5974130,47 100 
5974130,47 3
5974130,47 1636
5974130,47 11
5976138,69 25 
5976167,75 75 
5977074,81 72 
5977272,7 70 
5978206,1 80 
5978695,85 83 
5979057,64 64 363
5979098,25 256 
5979346,45 61 265
5979553,06 151 
5979596,75 69 
5980131,52 181 
5980627,89 93 
5981022,51 182 
5981093,88 103 
5981093,88 101 
5982007,07 100 
5982007,07 3
5982007,07 1636
5982007,07 10
5984015,24 25 
5984044,03 75 
5984951,55 72 
5985002,68 70 
5985889,57 80 
5986425,88 83 
5993649,18 64 7224
5994099,81 62 425
5994304,82 150 
5994335,45 68 
5994845,48 92 
5994845,48 65 
5995860,84 103 
5995860,84 101 
5996377,03 100 
5996377,03 3
5996377,03 1636
5996377,03 11
5998382,61 25 
5998411,2 75 
5999318,09 72 
5999463,23 70 
6000377,18 80 
6000872,99 83 
6000915,82 64 44
6001156,45 61 217
6001362,72 151 
6001398,95 69 
6002020,41 182 
6002245,82 256 
6003443,4 182 
6005560,87 182 
6005781,6 182 
6006564,78 183 
6008181,75 181 
6008680,51 93 
6008695,33 103 
6008695,33 101 
6009608,46 100 
6009608,46 3
6009608,46 1636
6009608,46 11
6011616,71 25 
6011645,43 75 
6012551,83 72 
6012697,36 70 
6013603,5 80 
6014028,22 83 
6014618,94 64 593
6015107,03 61 468
6015648,72 151 
6015688,69 69 
6016251,01 181 
6016440,99 181 
6016938,08 93 
6017185,04 103 
6017185,04 101 
6018098,12 100 
6018098,12 3
6018098,12 1636
6018098,12 10
6020106,4 25 
6020134,94 75 
6021043,47 72 
6021093,69 70 
6021978,65 80 
6022397,12 83 
6022955,15 64 559
6023105,07 62 123
6023311,97 150 
6023345,17 68 
6023856,96 92 
6023856,96 65 
6024848,42 103 
6024848,42 101 
6025362,54 100 
6025362,54 3
6025362,54 1636
6025362,54 11
6027370,01 25 
6027399,79 75 
6028306,87 72 
6028357,39 70 
6029239,34 80 
6029660,68 83 
6030445,21 64 785
6031545,84 63 1073
6031751,65 152 
6031786,27 69 
6032421,3 183 
6032749,41 183 
6033246,42 93 
6033284,84 103 
6033284,84 101 
6034198,64 100 
6034198,64 3
6034198,64 1636
6034198,64 10
6036206,95 25 
6036234,85 75 
6037142,02 72 
6037193,51 70 
6038078,35 80 
6038496,83 83 
6039550,58 64 1054
6039815,5 62 240
6040021,87 150 
6040062,36 68 
6040569,84 92 
6040569,84 65 
6041561,21 103 
6041561,21 101 
6042075,28 100 
6042075,28 3
6042075,28 1636
6042075,28 10
6044082,82 25 
6044111,56 75 
6045019,98 72 
6045070,3 70 
6045954,61 80 
6046264,49 250 
6046279,3 101 
6048294,3 100 
6048294,3 3
6048294,3 1636
6048294,3 10
6048294,3 25 
6048323,05 75 
6049230,79 72 
6049281,55 70 
6050167,37 80 
6050598,33 83 
6062804,15 64 12207
6062916,97 256 
6066644,63 62 3813
6066850,75 150 
6066890,86 68 
6067402,85 92 
6067402,85 65 
6068389,73 103 
6068389,73 101 
6068903,05 100 
6068903,05 3
6068903,05 1636
6068903,05 11
6070911,47 25 
6070939,95 75 
6071772,18 250 
6071787,35 101 
