47,02 100 
47,02 6
47,02 1666
47,02 11
2047,05 25 
2071,45 75 
3430,41 72 
3679,35 70 
4985,93 80 
5843,58 83 
6233,74 64 391
6482,54 62 226
6691,53 151 
6725,28 69 
7200,92 182 
7367,96 256 
10148,02 182 
10645,79 93 
10669,38 103 
10669,38 101 
14686,33 100 
14686,33 6
14686,33 1666
14686,33 10
16694,61 25 
16723,33 75 
18080,62 72 
18228,26 70 
19588,1 80 
20504,4 83 
21358,04 64 854
21574,45 62 192
21780,33 151 
21816,9 69 
22326,66 93 
22340,21 256 
23315,54 103 
23315,54 101 
27334,38 100 
27334,38 6
27334,38 1666
27334,38 10
29342,51 25 
29371,11 75 
30728,37 72 
30876,35 70 
32220,72 80 
33085,58 83 
33127,6 64 43
33294,3 62 143
33501,03 151 
33527,5 69 
33950,08 256 
39238,41 182 
39736,01 93 
39748,48 103 
39748,48 101 
43767,65 100 
43767,65 6
43767,65 1666
43767,65 10
45776,18 25 
45804,07 75 
47161,48 72 
47309,18 70 
48667,58 80 
49531,93 83 
52397,64 64 2867
59586,58 62 7164
59794,64 151 
59827,58 69 
60277,62 182 
60775,26 93 
61197,22 256 
61234,1 182 
61325,91 103 
61325,91 101 
65344,91 100 
65344,91 6
65344,91 1666
65344,91 10
67352,66 25 
67381,54 75 
68739,78 72 
68913,33 70 
70233,03 80 
71069,27 83 
72132,31 64 1064
72374,2 61 213
72981,36 151 
73021,56 69 
73334,72 93 
73576,18 182 
73839,74 256 
74520,14 103 
74520,14 101 
78538,94 100 
78538,94 6
78538,94 1666
78538,94 10
80547,09 25 
80575,79 75 
81935,18 72 
81987,57 70 
83274,05 80 
83997,16 83 
86240,08 64 2244
86456,75 62 195
86662 151 
86691,22 69 
87077,11 182 
87471,24 256 
88308,89 182 
88806,93 93 
88820,69 103 
88820,69 101 
92839,51 100 
92839,51 6
92839,51 1666
92839,51 11
94847,61 25 
94876,42 75 
96233,91 72 
96287,93 70 
97574,43 80 
98310,89 83 
99301,7 64 992
99512,92 61 190
100118,84 150 
100150,51 68 
100516,46 92 
100516,46 65 
101364,93 256 
101655,21 103 
101655,21 101 
102169,23 100 
102169,23 6
102169,23 1666
102169,23 11
104176,88 25 
104205,51 75 
105565,35 72 
105617,5 70 
106903,65 80 
107627,01 83 
108241,18 64 615
108475,22 61 209
109081,04 150 
109108,82 68 
109467,71 92 
109467,71 65 
109862,78 256 
110611,29 103 
110611,29 101 
111124,95 100 
111124,95 6
111124,95 1666
111124,95 11
113132,99 25 
113161,76 75 
114518,44 72 
114573,39 70 
115858,66 80 
116583,04 83 
118295,58 64 1714
119262,36 62 948
119324,06 256 
120302,77 153 
120330,39 68 
120839,96 92 
120839,96 65 
121832,95 103 
121832,95 101 
122346,64 100 
122346,64 6
122346,64 1666
122346,64 11
124354,68 25 
124383,42 75 
125741,03 72 
125795,3 70 
127080,12 80 
127791,45 83 
137972,87 64 10182
138130,59 62 131
138337,3 151 
138380,14 69 
138892,01 93 
139133,19 256 
139878,54 103 
139878,54 101 
143900,31 100 
143900,31 6
143900,31 1666
143900,31 10
145905,4 25 
145934,02 75 
147292,25 72 
147345,82 70 
148628,8 80 
149342,13 83 
150033,84 64 693
150295,5 61 235
150902,12 151 
150930,07 69 
151239,94 93 
151571,59 256 
151584,89 182 
151658,46 182 
152018,63 182 
152433,22 103 
152433,22 101 
156451,94 100 
156451,94 6
156451,94 1666
156451,94 10
158460,05 25 
158488,84 75 
159845,37 72 
159901,33 70 
161185,82 80 
161910,04 83 
164168,85 64 2260
164455,32 63 267
164639,31 256 
165352,77 150 
165395,62 68 
165910,58 92 
165910,58 65 
166893,67 103 
166893,67 101 
167407,59 100 
167407,59 6
167407,59 1666
167407,59 10
169415,35 25 
169443,99 75 
170800,43 72 
171002,59 70 
172318,85 80 
173185,58 83 
173544,51 64 360
173814,11 63 243
174020,59 152 
174058,15 69 
174574,24 93 
175556,75 103 
175556,75 101 
179576,12 100 
179576,12 6
179576,12 1666
179576,12 11
181583,73 25 
181612,14 75 
182969,29 72 
183024,02 70 
184309,75 80 
185033,65 83 
185565,7 64 533
185793,24 62 200
185999,15 151 
186040,28 69 
186491,64 256 
187109,6 182 
187606,97 93 
187618,38 103 
187618,38 101 
191637,04 100 
191637,04 6
191637,04 1666
191637,04 11
193645,11 25 
193673,65 75 
195031,87 72 
195085,86 70 
196365,8 80 
197081,78 83 
207634,08 64 10553
207943,83 62 280
208151,18 151 
208190,26 69 
208665,62 256 
219410,53 182 
219908,97 93 
219924,15 103 
219924,15 101 
223942,98 100 
223942,98 6
223942,98 1666
223942,98 11
225951,7 25 
225979,71 75 
227336,77 72 
227391,68 70 
228672,61 80 
229387,93 83 
230458,55 64 1072
235122,63 61 4643
235729,81 150 
235765,37 68 
236193,77 172 
237247,77 256 
240644,44 172 
255184,84 172 
266934,08 172 
268636,57 172 
270607,21 172 
273927,08 172 
274092,87 172 
288712,31 172 
293921,92 172 
418091,45 171 
418439,61 92 
418439,61 65 
418465,66 103 
418465,66 101 
418979,73 100 
418979,73 6
418979,73 1666
418979,73 10
420987,33 25 
426040,75 75 
426075,6 250 
426088,45 101 
428104,47 100 
428104,47 6
428104,47 1666
428104,47 10
428104,47 25 
428131,21 75 
429491,25 72 
429704,79 70 
430290,96 250 
430300,56 101 
432315,95 100 
432315,95 6
432315,95 1666
432315,95 10
432315,95 25 
432344,62 75 
433703,57 72 
433712,72 70 
434820,62 80 
435685,91 83 
435887,65 64 203
436075,61 256 
436489,87 62 578
445867,52 151 
445901,95 69 
446418,47 93 
446438,08 256 
447399,89 103 
447399,89 101 
451419,05 100 
451419,05 6
451419,05 1666
451419,05 10
453427,35 25 
453455,54 75 
454813,17 72 
455053,94 70 
456369,51 80 
457209,96 83 
480739,1 64 23530
481003,29 61 244
481610,15 151 
481641,33 69 
481949,39 93 
482063,41 256 
483144,58 103 
483144,58 101 
487163,34 100 
487163,34 6
487163,34 1666
487163,34 11
489171,44 25 
489200,17 75 
490557,86 72 
490611,98 70 
491894,49 80 
492608,24 83 
520813,75 64 28207
521043,89 256 
530836,25 252 
530857,33 101 
532872,57 100 
532872,57 6
532872,57 1666
532872,57 11
532872,57 25 
533421,68 75 
534780,49 72 
534832,76 70 
536120,63 80 
536855,84 83 
538453,68 64 1599
548480,62 252 
548489,82 101 
550505,06 100 
550505,06 6
550505,06 1666
550505,06 11
550505,06 25 
550813,65 75 
552172,75 72 
552225,35 70 
553512,81 80 
554248,28 83 
575465,02 64 21218
575630,61 61 139
575779,26 256 
576420,25 251 
576420,25 242 
576437,75 101 
578453,21 100 
578453,21 6
578453,21 1666
578453,21 11
578453,21 25 
578481,8 75 
579840,2 72 
580026,86 70 
581347,94 80 
582236,36 83 
617525,81 64 35290
622781,33 61 5227
623387,24 150 
623425,94 68 
623894,74 172 
624315,61 256 
627804,25 172 
644454,83 172 
645803,77 171 
646150,67 92 
646150,67 65 
646167,79 103 
646167,79 101 
646681,4 100 
646681,4 6
646681,4 1666
646681,4 11
648689,47 25 
648718,29 75 
650077,5 72 
650236,63 70 
651590,52 80 
652459,36 83 
723545,15 64 71086
732810,82 256 
733575,66 252 
733596,85 101 
735612,18 100 
735612,18 6
735612,18 1666
735612,18 11
735612,18 25 
735641,21 75 
736998,59 72 
737146,14 70 
738512,25 80 
739368,69 83 
740948,53 64 1581
741151,87 62 185
741358,1 151 
741396,33 69 
741812,77 182 
742097,64 256 
743922,5 182 
744422,3 93 
744445,58 103 
744445,58 101 
748468 100 
748468 6
748468 1666
748468 10
750472,48 25 
750501,28 75 
751859,63 72 
752032,89 70 
753387,76 80 
754228,98 83 
769302,01 64 15074
769530,72 62 203
769735,92 151 
769776,3 69 
770260,84 256 
778232,57 182 
778729,77 93 
778750,95 103 
778750,95 101 
782769,59 100 
782769,59 6
782769,59 1666
782769,59 11
784777,69 25 
784806,42 75 
786164,04 72 
786218,29 70 
787503,36 80 
788241,05 83 
789687,09 64 1447
789866,07 62 160
790074,97 151 
790113,73 69 
790561,92 182 
790889,13 256 
806261,07 182 
806757,55 93 
806778,76 103 
806778,76 101 
810797,54 100 
810797,54 6
810797,54 1666
810797,54 10
812805,82 25 
812834,28 75 
814192,08 72 
814247,13 70 
814881,4 250 
814895,24 101 
816910,57 100 
816910,57 6
816910,57 1666
816910,57 10
816910,57 25 
816939,22 75 
818298,51 72 
818320,45 70 
819429,22 80 
820160,76 83 
832695,35 64 12535
832896,67 62 183
833102,03 151 
833134,92 69 
833690,83 181 
835656,26 256 
835703,59 181 
842379,35 182 
843508,75 182 
866503,75 183 
867611,06 183 
868740,57 182 
869236,72 93 
869258,58 103 
869258,58 101 
873277,75 100 
873277,75 6
873277,75 1666
873277,75 11
875285,41 25 
875314,18 75 
876671,44 72 
876845,86 70 
878189,28 80 
879028,71 83 
881092,4 64 2065
881438,14 61 318
882046,03 152 
882089,64 69 
882400,31 93 
882668,38 182 
883585,82 103 
883585,82 101 
887604,57 100 
887604,57 6
887604,57 1666
887604,57 11
889612,64 25 
889641,38 75 
890999,62 72 
891053,19 70 
892336,78 80 
893049,41 83 
893962,54 64 914
894298,39 63 318
894343,54 256 
895268,59 151 
895308,99 69 
895567,48 256 
895611,8 183 
896110,64 93 
896806,7 103 
896806,7 101 
900826,16 100 
900826,16 6
900826,16 1666
900826,16 10
902833,78 25 
902862,31 75 
904220,17 72 
904274,07 70 
905559,34 80 
906270,3 83 
907944,87 64 1676
908194,68 62 233
908400,62 151 
908435,93 69 
909077,63 182 
909574,7 93 
909934,2 103 
909934,2 101 
913953,01 100 
913953,01 6
913953,01 1666
913953,01 11
915961,2 25 
915989,75 75 
917347,43 72 
917401,62 70 
918685,13 80 
919397,83 83 
924702,61 64 5306
925034,24 256 
925852,08 61 1124
926665,31 150 
926708,9 68 
927159,73 171 
927506,36 92 
927506,36 65 
928206,36 103 
928206,36 101 
928720,64 100 
928720,64 6
928720,64 1666
928720,64 10
930728,82 25 
930756,93 75 
932115,15 72 
932168,57 70 
933449,4 80 
934165,07 83 
976531,47 64 42368
976813,7 256 
977531,78 61 973
978136,39 151 
978179,08 69 
978489,61 93 
979618,44 256 
979677,66 103 
979677,66 101 
983696,42 100 
983696,42 6
983696,42 1666
983696,42 10
985704,52 25 
992823,26 75 
994183,22 72 
994382,12 70 
995734,03 80 
996644,78 83 
1000208,8 64 3565
1000246,36 256 
1000896,82 61 668
1001502,07 151 
1001537,91 69 
1001851,41 93 
1002348,15 181 
1003041,02 103 
1003041,02 101 
1007059,88 100 
1007059,88 6
1007059,88 1666
1007059,88 11
1009067,9 25 
1010497,34 75 
1011857,09 72 
1011907,8 70 
1013192,97 80 
1013917,41 83 
1052462,66 64 38546
1052781,14 256 
1052792,51 63 306
1052998,11 151 
1053040,33 69 
1053465,97 256 
1053656,04 183 
1054151,59 93 
1054538,95 103 
1054538,95 101 
1058560,67 100 
1058560,67 6
1058560,67 1666
1058560,67 10
1060565,89 25 
1060594,63 75 
1061951,56 72 
1062007,5 70 
1063294,13 80 
1064015,81 83 
1074642,72 64 10628
1074732,16 256 
1075439,39 62 776
1075794,38 151 
1075825,94 69 
1076338,59 93 
1077329,11 103 
1077329,11 101 
1081348,78 100 
1081348,78 6
1081348,78 1666
1081348,78 10
1083356,12 25 
1083384,81 75 
1084743,41 72 
1084796,42 70 
1086084,25 80 
1086819,29 83 
1098294,66 64 11477
1098629,39 63 310
1098836,83 150 
1098869,99 68 
1099283,92 173 
1099781,36 92 
1099781,36 65 
1100372,64 103 
1100372,64 101 
1100886,21 100 
1100886,21 6
1100886,21 1666
1100886,21 11
1102894,32 25 
1102923,04 75 
1104281,82 72 
1104481,36 70 
1105834,27 80 
1106704,14 83 
1109154,07 64 2451
1110199,47 61 1018
1110805,23 150 
1110842,51 68 
1111305,18 171 
1111569,87 256 
1112337,21 171 
1112685,6 92 
1112685,6 65 
1112713,87 103 
1112713,87 101 
1113227,5 100 
1113227,5 6
1113227,5 1666
1113227,5 11
1115235,74 25 
1115264,4 75 
1116622,84 72 
1116769,64 70 
1118138,39 80 
1118992,17 83 
1132913,48 64 13923
1133160,1 61 228
1133768,27 150 
1133805,79 68 
1134168,04 92 
1134168,04 65 
1134468,5 256 
1135304,19 103 
1135304,19 101 
1135818,64 100 
1135818,64 6
1135818,64 1666
1135818,64 10
1137825,88 25 
1138867,65 75 
1140227,3 72 
1140386,19 70 
1140580,8 250 
1140595,29 101 
1142610,47 100 
1142610,47 6
1142610,47 1666
1142610,47 10
1142610,47 25 
1142639,24 75 
1143996,87 72 
1144007,1 70 
1145114,75 80 
1145834,02 83 
1149636,56 64 3804
1150049,52 256 
1150359,69 61 702
1150967,25 151 
1150998,58 69 
1151311,32 93 
1151602,3 181 
1152496,82 103 
1152496,82 101 
1156515,92 100 
1156515,92 6
1156515,92 1666
1156515,92 10
1158523,82 25 
1158553,03 75 
1159912,14 72 
1159964,4 70 
1161252,54 80 
1161987 83 
1169053,29 64 7067
1169359,83 256 
1169970,37 63 895
1170175,38 152 
1170217,1 69 
1170729,21 93 
1171715,18 103 
1171715,18 101 
1175733,96 100 
1175733,96 6
1175733,96 1666
1175733,96 11
1177742,09 25 
1184887,73 75 
1186247,34 72 
1186299,36 70 
1187588,98 80 
1188322,38 83 
1200095,89 64 11774
1200987,28 62 871
1201623,64 151 
1201651,82 69 
1202163,51 182 
1202660,23 93 
1203155,07 103 
1203155,07 101 
1207173,88 100 
1207173,88 6
1207173,88 1666
1207173,88 11
1209181,88 25 
1209210,69 75 
1210568,32 72 
1210622,47 70 
1211909,65 80 
1212645,27 83 
1212915,37 64 272
1213320,73 63 383
1213526,12 151 
1213571,36 69 
1214080,94 93 
1214242,31 183 
1215069,9 103 
1215069,9 101 
1219088,64 100 
1219088,64 6
1219088,64 1666
1219088,64 11
1221096,75 25 
1221125,61 75 
1222483,53 72 
1222537,15 70 
1223822,33 80 
1224546,83 83 
1225955,56 64 1410
1226827,9 61 856
1227435,02 150 
1227467,39 68 
1228001,14 171 
1228347,78 92 
1228347,78 65 
1228970,58 103 
1228970,58 101 
1229484,23 100 
1229484,23 6
1229484,23 1666
1229484,23 10
1231492,28 25 
1231520,88 75 
1232879,48 72 
1232932,93 70 
1234217,87 80 
1234942,38 83 
1253625,22 64 18684
1254827,18 61 1174
1255435,39 151 
1255473,32 69 
1255781,86 93 
1256171,42 181 
1256786,06 256 
1256971,86 103 
1256971,86 101 
1260994,06 100 
1260994,06 6
1260994,06 1666
1260994,06 11
1262998,88 25 
1263027,51 75 
1264384,55 72 
1264559,3 70 
1265885,17 80 
1266741,95 83 
1279352,86 64 12611
1279677,06 61 301
1280284,36 150 
1280316,36 68 
1280674,65 92 
1280674,65 65 
1281814,53 103 
1281814,53 101 
1282328,15 100 
1282328,15 6
1282328,15 1666
1282328,15 10
1284336,39 25 
1284365 75 
1285722,94 72 
1285870,31 70 
1287231,11 80 
1288106,1 83 
1297934,02 64 9829
1297971,35 256 
1299725,46 61 1772
1300334,32 151 
1300369,55 69 
1300679,41 93 
1300909,43 181 
1301691,78 181 
1301872,69 103 
1301872,69 101 
1305892,52 100 
1305892,52 6
1305892,52 1666
1305892,52 11
1307899,44 25 
1312286,07 75 
1313644,14 72 
1313791,41 70 
1315153,85 80 
1315987,56 83 
1327069,3 64 11082
1327105,46 256 
1327375,7 61 287
1327980,9 150 
1328015,47 68 
1328537,97 171 
1329265,87 171 
1329479,95 171 
1329825,42 92 
1329825,42 65 
1329847,26 103 
1329847,26 101 
1330361,73 100 
1330361,73 6
1330361,73 1666
1330361,73 10
1332368,95 25 
1332397,72 75 
1333755,58 72 
1333902,71 70 
1335222,17 80 
1336058,97 83 
1337763,32 64 1705
1338025,26 63 234
1338219,23 256 
1339643,29 150 
1339677,12 68 
1340186,71 92 
1340186,71 65 
1341175,73 103 
1341175,73 101 
1341689,68 100 
1341689,68 6
1341689,68 1666
1341689,68 11
1343697,42 25 
1343725,95 75 
1345082,89 72 
1345138,3 70 
1346421,17 80 
1347147,44 83 
1349896,13 64 2749
1350125,19 63 206
1350332,7 153 
1350366,6 68 
1350790,74 173 
1351289,18 92 
1351289,18 65 
1351864,27 103 
1351864,27 101 
1352378,62 100 
1352378,62 6
1352378,62 1666
1352378,62 10
1354386,1 25 
1354414,73 75 
1355773,45 72 
1355827,65 70 
1357112,14 80 
1357835,96 83 
1363886,35 64 6052
1364167,65 61 255
1364503,33 256 
1365917,57 151 
1365959,53 69 
1366272,1 93 
1367299,43 181 
1367457,55 103 
1367457,55 101 
1371476,35 100 
1371476,35 6
1371476,35 1666
1371476,35 11
1373484,96 25 
1374419,42 75 
1374563,5 250 
1374573,73 101 
1376589,89 100 
1376589,89 6
1376589,89 1666
1376589,89 11
1376589,89 25 
1376614,62 75 
1377972,05 72 
1378016,85 70 
1379300,6 80 
1380026,44 83 
1384057,27 64 4032
1384303,2 61 226
1384910,77 150 
1384951,24 68 
1385310,48 92 
1385310,48 65 
1385342,13 256 
1385702,55 171 
1385977,69 171 
1386449,36 103 
1386449,36 101 
1386963,58 100 
1386963,58 6
1386963,58 1666
1386963,58 11
1388971,26 25 
1388999,9 75 
1390358,26 72 
1390411,61 70 
1391695,46 80 
1392421,21 83 
1394267,52 64 1848
1394553,48 61 268
1395159,16 150 
1395199,75 68 
1395252,17 256 
1396176,49 171 
1396370 171 
1396719,74 92 
1396719,74 65 
1396738,28 103 
1396738,28 101 
1397252,53 100 
1397252,53 6
1397252,53 1666
1397252,53 10
1399259,98 25 
1399288,84 75 
1400645,77 72 
1400701,66 70 
1401984,78 80 
1402696,91 83 
1405608,68 64 2913
1405855,32 256 
1405888,83 63 261
1406094,44 150 
1406128,79 68 
1406637,26 92 
1406637,26 65 
1407627,02 103 
1407627,02 101 
1408140,78 100 
1408140,78 6
1408140,78 1666
1408140,78 10
1410148,89 25 
1410177,58 75 
1411535,24 72 
1411589,13 70 
1412873,9 80 
1413598,73 83 
1415830,67 64 2233
1416066,32 63 217
1416273,34 150 
1416310,73 68 
1416825,03 92 
1416825,03 65 
1417738,68 256 
1417809,37 103 
1417809,37 101 
1418325,92 100 
1418325,92 6
1418325,92 1666
1418325,92 10
1420331,07 25 
1420359,79 75 
1421718,09 72 
1421771,39 70 
1423057 80 
1423781 83 
1428056,41 64 4277
1428356,51 63 272
1428564,33 150 
1428594,1 68 
1429105,52 92 
1429105,52 65 
1430097,33 103 
1430097,33 101 
1430611,31 100 
1430611,31 6
1430611,31 1666
1430611,31 10
1432619,01 25 
1432647,86 75 
1434004,86 72 
1434059,54 70 
1435341,49 80 
1436229,12 83 
1436246,25 64 18
1436283,81 256 
1436551,69 63 284
1436761,62 150 
1436795,31 68 
1437311,9 92 
1437311,9 65 
1438293,92 103 
1438293,92 101 
1438807,84 100 
1438807,84 6
1438807,84 1666
1438807,84 11
1440815,68 25 
1440844,35 75 
1442203,55 72 
1442429,73 70 
1443748,33 80 
1444625,57 83 
1445570,43 64 946
1445852,6 61 255
1446458,2 150 
1446493,26 68 
1446852,86 92 
1446852,86 65 
1446895,27 256 
1447996,45 103 
1447996,45 101 
1448511,55 100 
1448511,55 6
1448511,55 1666
1448511,55 11
1450518,3 25 
1457531,34 75 
1458890,31 72 
1459049,07 70 
1460410,2 80 
1461271,79 83 
1466267,66 64 4997
1466531,28 61 236
1467072,01 256 
1468165,05 150 
1468203,93 68 
1468564,53 92 
1468564,53 65 
1469707,09 103 
1469707,09 101 
1470220,88 100 
1470220,88 6
1470220,88 1666
1470220,88 10
1472228,82 25 
1472257,64 75 
1473615,81 72 
1473776,17 70 
1475183,76 80 
1475918,77 83 
1477096,01 64 1178
1477395,04 63 278
1477601,92 152 
1477644,47 69 
1478217,47 183 
1478714,57 93 
1479143,07 103 
1479143,07 101 
1483162,23 100 
1483162,23 6
1483162,23 1666
1483162,23 10
1485169,9 25 
1485199,5 75 
1486557,06 72 
1486610,31 70 
1487897,95 80 
1488633,36 83 
1505608,48 64 16977
1506170,09 61 545
1506304,75 256 
1507720,15 151 
1507751,74 69 
1508060,66 93 
1508395,35 181 
1508635,85 181 
1509250,11 103 
1509250,11 101 
1513268,98 100 
1513268,98 6
1513268,98 1666
1513268,98 11
1515277,07 25 
1525273,85 254 
1525283,34 101 
1527295,71 100 
1527295,71 6
1527295,71 1666
1527295,71 11
1527295,71 25 
1529472,77 75 
1530830,51 72 
1530884,7 70 
1532111,37 250 
1532120,53 101 
1534135,73 100 
1534135,73 6
1534135,73 1666
1534135,73 11
1534135,73 25 
1534164,84 75 
1535523,1 72 
1535532,27 70 
1536640,8 80 
1537359,07 83 
1537489,99 64 132
1537794,19 61 276
1538401,36 150 
1538440,57 68 
1538528,54 256 
1539375,16 171 
1539524,16 171 
1539869,46 92 
1539869,46 65 
1539943,67 103 
1539943,67 101 
1540457,23 100 
1540457,23 6
1540457,23 1666
1540457,23 10
1542465,59 25 
1542493,86 75 
1543852,27 72 
1543905,68 70 
1545191,95 80 
1545928,64 83 
1551017,97 64 5090
1551310,73 256 
1551517,06 63 471
1551722,79 150 
1551759,7 68 
1552154,33 173 
1552651,31 92 
1552651,31 65 
1553257,84 103 
1553257,84 101 
1553771,8 100 
1553771,8 6
1553771,8 1666
1553771,8 11
1555780,55 25 
1555808,35 75 
1557166,6 72 
1557220,01 70 
1558506,15 80 
1559242,98 83 
1560816,59 64 1575
1561080,3 63 239
1561289,38 151 
1561328,46 69 
1561789,43 256 
1561861,64 183 
1562360,61 93 
1562827,08 103 
1562827,08 101 
1566846,01 100 
1566846,01 6
1566846,01 1666
1566846,01 11
1568853,95 25 
1568882,7 75 
1570239,41 72 
1570294,44 70 
1571586,02 80 
1572317,32 83 
1572698,98 64 383
1572970,73 63 255
1573176,46 151 
1573216,75 69 
1573731,59 93 
1574715,32 103 
1574715,32 101 
1578737,68 100 
1578737,68 6
1578737,68 1666
1578737,68 11
1580742,2 25 
1580770,89 75 
1582128,14 72 
1582316,02 70 
1583642,79 80 
1584378,9 83 
1592272,38 64 7895
1592607,93 61 313
1593215,58 150 
1593248,47 68 
1593608,08 92 
1593608,08 65 
1593825,96 171 
1594746,75 103 
1594746,75 101 
1595260,3 100 
1595260,3 6
1595260,3 1666
1595260,3 11
1597268,39 25 
1597683,49 75 
1597691,91 250 
1597704,53 101 
1599720,49 100 
1599720,49 6
1599720,49 1666
1599720,49 11
1599720,49 25 
1599745,32 75 
1601103,11 72 
1601254,54 70 
1602623,27 80 
1603491,02 83 
1605821,97 64 2332
1606081,49 61 233
1606688,08 150 
1606722,41 68 
1607081,53 92 
1607081,53 65 
1607282,82 256 
1607787,75 171 
1608142,51 171 
1608220,9 103 
1608220,9 101 
1608735,63 100 
1608735,63 6
1608735,63 1666
1608735,63 11
1610742,62 25 
1610771,42 75 
1612129,47 72 
1612276,72 70 
1613633,9 80 
1614365,97 83 
1615907,82 64 1543
1616189,94 61 266
1616798,32 150 
1616837,98 68 
1617200,93 92 
1617200,93 65 
1617217,22 256 
1618336,57 103 
1618336,57 101 
1618850,2 100 
1618850,2 6
1618850,2 1666
1618850,2 11
1620858,25 25 
1620887,99 75 
1622246,61 72 
1622405,4 70 
1623775,04 80 
1624668,14 83 
1627825,54 64 3159
1628138,43 61 286
1628744,93 150 
1628774,9 68 
1629138,63 256 
1629923,99 171 
1630272,84 92 
1630272,84 65 
1630291,49 103 
1630291,49 101 
1630805,18 100 
1630805,18 6
1630805,18 1666
1630805,18 10
1632813,27 25 
1632855,4 75 
1634215,5 72 
1634266,85 70 
1635553,14 80 
1636289,88 83 
1654565,37 64 18277
1654604,76 256 
1655196,78 63 609
1655403,19 150 
1655434,93 68 
1655871,55 173 
1656368,19 92 
1656368,19 65 
1656933,35 103 
1656933,35 101 
1657447,01 100 
1657447,01 6
1657447,01 1666
1657447,01 10
1659455,02 25 
1660003,63 75 
1661362,9 72 
1661416,55 70 
1662699,12 80 
1663424,87 83 
1675395,28 64 11971
1675636,07 256 
1675848,23 63 429
1676637,87 152 
1676678,9 69 
1677099,79 256 
1677136,52 183 
1677633,81 93 
1678177,5 103 
1678177,5 101 
1682196,36 100 
1682196,36 6
1682196,36 1666
1682196,36 10
1682196,36 79 
1684204,34 25 
1684234,04 75 
1685590,79 72 
1685644,96 70 
1686932,62 80 
1687654,48 83 
1694090,28 64 6436
1694915,9 256 
1695528,51 61 1412
1696136,21 151 
1696177,39 69 
1696486,4 93 
1696850,52 181 
1697388,8 256 
1697598,39 181 
1697676,52 103 
1697676,52 101 
1701694,57 100 
1701694,57 6
1701694,57 1666
1701694,57 10
1703702,67 25 
1709329 75 
1710688,18 72 
1710740,77 70 
1712028,57 80 
1712763,72 83 
1719479,23 64 6716
1720065,79 61 559
1720946,8 151 
1720975,25 69 
1721285,38 93 
1721500,02 181 
1721911,24 181 
1722247,28 256 
1722478,46 103 
1722478,46 101 
1726497,28 100 
1726497,28 6
1726497,28 1666
1726497,28 10
1728505,3 25 
1728534,16 75 
1729892,14 72 
1729945,74 70 
1731230,66 80 
1732102,06 83 
1733259,1 64 1158
1734138,45 256 
1734639,01 61 1352
1735246,73 151 
1735275,82 69 
1735585,92 93 
1735991,83 181 
1736240,55 181 
1736330,68 256 
1736654,52 181 
1736779,11 103 
1736779,11 101 
1740798,44 100 
1740798,44 6
1740798,44 1666
1740798,44 11
1742806,01 25 
1742834,65 75 
1744193,29 72 
1744339,93 70 
1745708,83 80 
1746575,83 83 
1764818,29 64 18243
1765358,14 61 511
1765965,09 150 
1766000,58 68 
1766511,94 171 
1766861,33 92 
1766861,33 65 
1767499,11 103 
1767499,11 101 
1768016,17 100 
1768016,17 6
1768016,17 1666
1768016,17 10
1770020,9 25 
1770049,44 75 
1771407,45 72 
1771461,41 70 
1772746,64 80 
1773484,17 83 
1775602,57 64 2120
1776014,49 63 386
1776180,8 256 
1776797,76 152 
1776836,3 69 
1777343,83 93 
1778334,47 103 
1778334,47 101 
1782353,7 100 
1782353,7 6
1782353,7 1666
1782353,7 11
1784361,64 25 
1784390,21 75 
1785748,65 72 
1785802,81 70 
1787086,69 80 
1787824,69 83 
1789502,46 64 1679
1789933,76 61 404
1790539,55 150 
1790576,7 68 
1790936,92 92 
1790936,92 65 
1791130,07 256 
1792075,22 103 
1792075,22 101 
1792589,32 100 
1792589,32 6
1792589,32 1666
1792589,32 10
1794596,96 25 
1794625,52 75 
1795984,17 72 
1796037,45 70 
1797325,05 80 
1798047,35 83 
1800597,78 64 2552
1800846,61 256 
1803944,23 63 3326
1804150,24 150 
1804180,2 68 
1804621,06 173 
1805119,47 92 
1805119,47 65 
1805682,73 103 
1805682,73 101 
1806196,44 100 
1806196,44 6
1806196,44 1666
1806196,44 10
1808204,76 25 
1808233,04 75 
1809590,36 72 
1809645,94 70 
1810935,03 80 
1811654,45 83 
1819901,87 64 8248
1820333,18 256 
1820531,85 63 602
1820739,28 150 
1820777,14 68 
1821149,7 173 
1821647,51 92 
1821647,51 65 
1822276,15 103 
1822276,15 101 
1822789,54 100 
1822789,54 6
1822789,54 1666
1822789,54 11
1824797,37 25 
1824825,99 75 
1826186,83 72 
1826237,78 70 
1827524,55 80 
1828247,38 83 
1829694,55 64 1449
1830016,98 61 304
1830623,61 150 
1830666,16 68 
1831021,25 256 
1831694,94 171 
1831898,37 171 
1832244,8 92 
1832244,8 65 
1832271,3 103 
1832271,3 101 
1832785,01 100 
1832785,01 4
1832785,01 1666
1832785,01 11
1832785,01 78 
1832785,01 178 
1834793,2 25 
1835194,84 75 
1836554,71 72 
1836606,63 70 
1837891,77 80 
1838616,02 83 
1840942,56 64 2328
1841337,4 61 377
1841946,08 150 
1841981,2 68 
1842343,8 92 
1842343,8 65 
1842416,17 256 
1843030,29 171 
1843479,63 103 
1843479,63 101 
1843993,76 100 
1843993,76 4
1843993,76 1666
1843993,76 10
1846001,35 25 
1846030,02 75 
1847388,38 72 
1847441,97 70 
1848730,15 80 
1849451,63 83 
1851050,73 64 1600
1851314,8 63 238
1851523,23 151 
1851564,26 69 
1852075,17 93 
1853062,17 103 
1853062,17 101 
1857081,4 100 
1857081,4 4
1857081,4 1666
1857081,4 10
1859089,84 25 
1859117,96 75 
1860475,29 72 
1860529,5 70 
1861814,77 80 
1862526,3 83 
1872784,18 64 10259
1874252,04 63 1451
1874459,71 151 
1874501,17 69 
1875118,62 183 
1875616,97 93 
1875999,17 103 
1875999,17 101 
1880019,08 100 
1880019,08 4
1880019,08 1666
1880019,08 11
1882026,02 25 
1882054,81 75 
1883412,87 72 
1883626,51 70 
1884972,97 80 
1885849,3 83 
1886376,1 64 528
1886662,93 61 268
1887270,23 150 
1887303,83 68 
1887664,78 92 
1887664,78 65 
1887717,72 256 
1888807,76 103 
1888807,76 101 
1889321,15 100 
1889321,15 4
1889321,15 1666
1889321,15 11
1891328,71 25 
1891357,51 75 
1892716 72 
1892862,59 70 
1894202,4 80 
1895045,4 83 
1895335,13 64 291
1895586,02 61 235
1896195,04 150 
1896233,29 68 
1896596,14 92 
1896596,14 65 
1896764,92 256 
1897736,58 103 
1897736,58 101 
1898253,22 100 
1898253,22 4
1898253,22 1666
1898253,22 11
1900258,23 25 
1900286,91 75 
1901646 72 
1901698,76 70 
1902986,29 80 
1903708,87 83 
1905301,64 64 1595
1905551,16 61 231
1906158,42 150 
1906188,96 68 
1906549,63 92 
1906549,63 65 
1906697,79 256 
1907154,88 171 
1907692,02 103 
1907692,02 101 
1908205,67 100 
1908205,67 4
1908205,67 1666
1908205,67 10
1910213,73 25 
1910242,26 75 
1911600,52 72 
1911654,25 70 
1912937,33 80 
1913663,77 83 
1915798,36 64 2136
1916101,66 62 280
1916504,32 150 
1916536 68 
1916896,37 172 
1917017,88 172 
1917514,27 92 
1917514,27 65 
1918034,23 103 
1918034,23 101 
1918548,5 100 
1918548,5 4
1918548,5 1666
1918548,5 10
1920556,09 25 
1921024,42 75 
1922383,91 72 
1922436,18 70 
1923719,45 80 
1924445,84 83 
1924989,64 64 545
1926261,84 62 1244
1926467,94 150 
1926505,45 68 
1927013,9 92 
1927013,9 65 
1928003,28 103 
1928003,28 101 
1928517,07 100 
1928517,07 4
1928517,07 1666
1928517,07 11
1930525,02 25 
1930553,69 75 
1931910,7 72 
1931965,62 70 
1933252,68 80 
1933975,37 83 
1934303,04 64 329
1934524,61 61 204
1934961,9 256 
1936685,21 150 
1936727,01 68 
1937086,79 92 
1937086,79 65 
1938225,57 103 
1938225,57 101 
1938739,26 100 
1938739,26 4
1938739,26 1666
1938739,26 10
1940747,28 25 
1940776,02 75 
1942135,3 72 
1942188,02 70 
1943470,81 80 
1944197,31 83 
1945160,44 64 964
1945321,24 62 139
1945528,8 150 
1945558,53 68 
1945634,87 256 
1945805 172 
1946096,7 172 
1946595,54 92 
1946595,54 65 
1947061,79 103 
1947061,79 101 
1947575,94 100 
1947575,94 4
1947575,94 1666
1947575,94 10
1949583,47 25 
1949612,3 75 
1950971,54 72 
1951023,98 70 
1952311,54 80 
1953033,54 83 
1958329,65 64 5297
1958441,25 62 91
1958646,99 150 
1958677,95 68 
1959077,55 172 
1959574,28 92 
1959574,28 65 
1959891,26 256 
1960176,17 103 
1960176,17 101 
1960689,84 100 
1960689,84 4
1960689,84 1666
1960689,84 11
1962698,43 25 
1962726,59 75 
1964084,53 72 
1964138,51 70 
1965420,99 80 
1966147,87 83 
1966800,49 64 654
1967090,8 61 264
1967696,4 150 
1967722,56 68 
1968082,88 92 
1968082,88 65 
1968472,16 256 
1969225,56 103 
1969225,56 101 
1969739,21 100 
1969739,21 4
1969739,21 1666
1969739,21 11
1971747,29 25 
1971778,19 75 
1973135,52 72 
1973187,71 70 
1974476,98 80 
1975197,58 83 
1976046,08 64 849
1976323,84 61 261
1976928,52 150 
1976958,41 68 
1977316,83 92 
1977316,83 65 
1977568,63 256 
1978461,6 103 
1978461,6 101 
1978975,79 100 
1978975,79 4
1978975,79 1666
1978975,79 11
1980983,4 25 
1981012,11 75 
1982369,63 72 
1982423,94 70 
1983711,16 80 
1984433,49 83 
1987261,1 64 2828
1987410,73 62 126
1987615,53 153 
1987647,72 68 
1987681,91 256 
1988013,28 172 
1988294,68 172 
1988789,57 92 
1988789,57 65 
1989150,35 103 
1989150,35 101 
1989664,64 100 
1989664,64 4
1989664,64 1666
1989664,64 10
1991672,04 25 
1991700,83 75 
1993058,58 72 
1993113,53 70 
1994402,4 80 
1995388,8 83 
1995606,8 64 219
1995850,6 61 223
1996456,47 151 
1996501,99 69 
1996815,65 93 
1997496,09 181 
1997735,41 181 
1998000,08 103 
1998000,08 101 
2002022,92 100 
2002022,92 4
2002022,92 1666
2002022,92 10
2004026,91 25 
2004055,71 75 
2005413,23 72 
2005588,01 70 
2006921,16 80 
2007823,53 83 
2008445,38 64 623
2008632,76 62 171
2008838,55 150 
2008878,19 68 
2009387,41 92 
2009387,41 65 
2009820,23 256 
2010381,41 103 
2010381,41 101 
2010895,43 100 
2010895,43 4
2010895,43 1666
2010895,43 10
2012903,32 25 
2012931,89 75 
2014290,51 72 
2014437,16 70 
2015812,45 80 
2016726,34 83 
2016846,86 64 122
2017033,26 62 161
2017238,55 150 
2017274,63 68 
2017792,47 92 
2017792,47 65 
2017957,15 256 
2018778,45 103 
2018778,45 101 
2019291,39 100 
2019291,39 4
2019291,39 1666
2019291,39 11
2021301,33 25 
2021328,26 75 
2022685,96 72 
2022833,36 70 
2024233,44 80 
2025096,26 83 
2027459,01 64 2364
2027700,28 61 219
2028307,24 150 
2028336,65 68 
2028636,13 256 
2029453,43 171 
2029634,6 171 
2029983,38 92 
2029983,38 65 
2030012,99 103 
2030012,99 101 
2030527,42 100 
2030527,42 4
2030527,42 1666
2030527,42 11
2032534,69 25 
2032909,86 75 
2034268,63 72 
2034415,25 70 
2035766,04 80 
2036637,75 83 
2037440,14 64 803
2037679,32 61 216
2038287,33 150 
2038323,47 68 
2038687,55 92 
2038687,55 65 
2038924,86 256 
2039822,19 103 
2039822,19 101 
2040335,81 100 
2040335,81 4
2040335,81 1666
2040335,81 11
2042344,03 25 
2042372,64 75 
2043731,1 72 
2043904,31 70 
2045292,07 80 
2046127,2 83 
2046318,29 64 192
2046538,29 62 199
2046744,62 153 
2046782,09 68 
2047124,5 172 
2047621,3 92 
2047621,3 65 
2048285,13 103 
2048285,13 101 
2048799,11 100 
2048799,11 4
2048799,11 1666
2048799,11 10
2050807,14 25 
2050836,23 75 
2052193,46 72 
2052247,18 70 
2053529,65 80 
2054243,56 83 
2054789,37 64 546
2054948,39 62 132
2055155,07 150 
2055196,32 68 
2055709,74 92 
2055709,74 65 
2056298,89 256 
2056694,88 103 
2056694,88 101 
2057209,18 100 
2057209,18 4
2057209,18 1666
2057209,18 10
2059216,54 25 
2059245,35 75 
2060602,21 72 
2060656,94 70 
2061942,85 80 
2062666,66 83 
2062769,02 64 103
2062802,86 256 
2062836,96 62 51
2063043,49 150 
2063081,64 68 
2063589,84 92 
2063589,84 65 
2064584,78 103 
2064584,78 101 
2065099,17 100 
2065099,17 4
2065099,17 1666
2065099,17 11
2067106,49 25 
2067135,22 75 
2068493,81 72 
2068546,87 70 
2069834,63 80 
2070569,83 83 
2071401,35 64 832
2071661,82 61 240
2072266,56 150 
2072304,51 68 
2072665,94 92 
2072665,94 65 
2072736,44 256 
2073807,53 103 
2073807,53 101 
2074321,28 100 
2074321,28 4
2074321,28 1666
2074321,28 10
2074321,28 79 
2076329,19 25 
2076358,05 75 
2077716,5 72 
2077769,56 70 
2079057,24 80 
2079792,76 83 
2080308,02 64 516
2080522,03 62 197
2080730,5 150 
2080767,46 68 
2081028,96 256 
2081905,34 172 
2082102,94 172 
2082598,59 92 
2082598,59 65 
2082617,02 103 
2082617,02 101 
2083130,7 100 
2083130,7 4
2083130,7 1666
2083130,7 11
2085138,88 25 
2085167,69 75 
2086525,1 72 
2086579,18 70 
2087865,23 80 
2088602,19 83 
2089889,34 64 1288
2090087,32 61 180
2090693,69 150 
2090727,65 68 
2091090,61 92 
2091090,61 65 
2091125 256 
2092226,23 103 
2092226,23 101 
2092743,66 100 
2092743,66 4
2092743,66 1666
2092743,66 11
2094747,9 25 
2094776,46 75 
2096134,62 72 
2096188,53 70 
2097478,86 80 
2098211,35 83 
2101462,75 64 3253
2101757,4 61 268
2102363,88 150 
2102398,14 68 
2102742,33 256 
2103301,27 171 
2103533,37 171 
2103879,95 92 
2103879,95 65 
2103901,35 103 
2103901,35 101 
2104416,11 100 
2104416,11 5
2104416,11 1666
2104416,11 11
2104416,11 78 
2104416,11 178 
2106422,98 25 
2106451,87 75 
2107809,43 72 
2107863,7 70 
2109157,02 80 
2109886,31 83 
2110232,65 64 348
2110456,8 61 198
2111063,11 151 
2111105,62 69 
2111415,08 93 
2111983,08 181 
2112061,71 181 
2112604,14 103 
2112604,14 101 
2116623,96 100 
2116623,96 5
2116623,96 1666
2116623,96 11
2118631,06 25 
2123577,55 75 
2124937,6 72 
2124989,36 70 
2126273,78 80 
2126998,95 83 
2132678,26 64 5680
2132732,99 256 
2133894,85 62 1193
2134100,56 152 
2134131,15 69 
2134623,51 182 
2135121,1 93 
2135634,25 103 
2135634,25 101 
2139653,2 100 
2139653,2 5
2139653,2 1666
2139653,2 10
2141661,23 25 
2141689,97 75 
2143047,28 72 
2143101,6 70 
2144388,74 80 
2145111,25 83 
2149802,06 64 4692
2149967,03 62 139
2150173,43 151 
2150208,74 69 
2150771,35 182 
2151268,81 93 
2151707,33 103 
2151707,33 101 
2155727,04 100 
2155727,04 5
2155727,04 1666
2155727,04 11
2157734,18 25 
2157765,77 75 
2159122,8 72 
2159294,86 70 
2160625,68 80 
2161517,43 83 
2161767,36 64 251
2161996,12 61 200
2162603,07 151 
2162643,4 69 
2162952,75 93 
2163203,14 181 
2163432,97 181 
2164141,99 103 
2164141,99 101 
2168160,86 100 
2168160,86 5
2168160,86 1666
2168160,86 10
2170168,89 25 
2170197,69 75 
2171554,97 72 
2171702,71 70 
2173043,49 80 
2173885,42 83 
2178804,78 64 4920
2178846,96 256 
2179579,01 62 750
2179786,82 151 
2179818,07 69 
2180320 182 
2180513,61 256 
2180569,52 182 
2181068,56 93 
2181321,27 103 
2181321,27 101 
2185340,22 100 
2185340,22 5
2185340,22 1666
2185340,22 10
2187348,36 25 
2187376,95 75 
2188734,83 72 
2188788,75 70 
2190077,14 80 
2190798,56 83 
2192386,34 64 1589
2193006,99 256 
2194235,9 62 1826
2194442,31 151 
2194483,64 69 
2195069,14 182 
2195565,65 93 
2195981,46 103 
2195981,46 101 
2200000,35 100 
2200000,35 5
2200000,35 1666
2200000,35 11
2202008,34 25 
2202037,57 75 
2203395,26 72 
2203448,99 70 
2204735,55 80 
2205458,36 83 
2206295,61 64 838
2206805,5 61 482
2207412,3 151 
2207451,29 69 
2207761,95 93 
2208059,48 181 
2208410,24 181 
2208755,03 256 
2208874,44 181 
2208949,27 103 
2208949,27 101 
2212968,57 100 
2212968,57 5
2212968,57 1666
2212968,57 10
2214976,06 25 
2215004,7 75 
2216362,77 72 
2216416,52 70 
2217700,07 80 
2218426,24 83 
2226483,25 64 8059
2227065,01 256 
2227547,79 62 1046
2227754,28 151 
2227788,75 69 
2228419,22 182 
2228751,65 256 
2231622,9 182 
2232121,74 93 
2232139,25 103 
2232139,25 101 
2236158,41 100 
2236158,41 5
2236158,41 1666
2236158,41 10
2238166,11 25 
2238194,67 75 
2239552,25 72 
2239608,05 70 
2240896,06 80 
2241616,33 83 
2243733,05 64 2117
2244263,46 63 503
2244471,62 150 
2244515,28 68 
2244960,64 173 
2245458,82 92 
2245458,82 65 
2246013,28 103 
2246013,28 101 
2246530,4 100 
2246530,4 5
2246530,4 1666
2246530,4 10
2248535,08 25 
2248563,66 75 
2249920,76 72 
2249975,68 70 
2251259,54 80 
2251971,78 83 
2260362,61 64 8392
2260663,46 256 
2260768,06 63 387
2260974,3 150 
2261014,93 68 
2261498,9 173 
2261995,63 92 
2261995,63 65 
2262512,87 103 
2262512,87 101 
2263027,1 100 
2263027,1 5
2263027,1 1666
2263027,1 10
2265035,05 25 
2265063,09 75 
2266420,49 72 
2266476,15 70 
2267764,07 80 
2268498,08 83 
2271224,55 64 2728
2271271,3 256 
2271593,78 63 351
2271801,23 152 
2271836,32 69 
2272327,21 183 
2272681,04 256 
2272769,1 183 
2273267,6 93 
2273334,92 103 
2273334,92 101 
2277354,12 100 
2277354,12 5
2277354,12 1666
2277354,12 11
2279361,93 25 
2279390,56 75 
2280747,73 72 
2280896,03 70 
2282197,07 80 
2282932,02 83 
2284018,6 64 1088
2284475,21 62 438
2285515,19 256 
2286143,58 150 
2286177,62 68 
2286570,69 172 
2287067,68 92 
2287067,68 65 
2287675,57 103 
2287675,57 101 
2288189,6 100 
2288189,6 5
2288189,6 1666
2288189,6 11
2290197,36 25 
2290225,99 75 
2291584,59 72 
2291637,97 70 
2292926,98 80 
2293647,66 83 
2294374,76 64 728
2294422,88 256 
2294476,25 62 83
2294682 150 
2294719,77 68 
2295233,22 92 
2295233,22 65 
2296218,39 103 
2296218,39 101 
2296732,11 100 
2296732,11 5
2296732,11 1666
2296732,11 10
2298740,11 25 
2298768,81 75 
2300126,42 72 
2300180,61 70 
2301468,33 80 
2302203,46 83 
2302358,28 64 156
2302593,52 63 218
2302798,51 150 
2302831,85 68 
2303341,94 92 
2303341,94 65 
2303907,11 256 
2304334,99 103 
2304334,99 101 
2304848,64 100 
2304848,64 5
2304848,64 1666
2304848,64 11
2306856,67 25 
2306885,36 75 
2308242,42 72 
2308297,01 70 
2309579,24 80 
2310293,39 83 
2310707,68 64 415
2310956,27 63 225
2311161,42 151 
2311193,53 69 
2311706,16 93 
2312691,3 103 
2312691,3 101 
2316710,16 100 
2316710,16 5
2316710,16 1666
2316710,16 11
2318718,35 25 
2318746,98 75 
2320104,39 72 
2320158,71 70 
2321441,06 80 
2322168,18 83 
2329629,02 64 7461
2330633,06 63 975
2330838,9 151 
2330877,63 69 
2331477,16 183 
2331973,79 93 
2332376,2 103 
2332376,2 101 
2336395,68 100 
2336395,68 5
2336395,68 1666
2336395,68 10
2338403,04 25 
2338431,89 75 
2339788,35 72 
2339843,58 70 
2341131,5 80 
2341866,63 83 
2343303,18 64 1437
2343473,17 62 142
2343678,98 151 
2343712,1 69 
2344222,76 93 
2344478,23 182 
2344986,7 182 
2345210,67 103 
2345210,67 101 
2349229,47 100 
2349229,47 5
2349229,47 1666
2349229,47 11
2351237,56 25 
2351266,34 75 
2352624,83 72 
2352678,06 70 
2353964,24 80 
2354687,7 83 
2355114,32 64 428
2355391,16 61 251
2355998,52 151 
2356040,51 69 
2356351,46 93 
2357006,04 181 
2357538,82 103 
2357538,82 101 
2361557,59 100 
2361557,59 5
2361557,59 1666
2361557,59 10
2363565,64 25 
2363594,52 75 
2364953,05 72 
2365006,17 70 
2366286,16 80 
2367002,36 83 
2371158,41 64 4157
2371691 62 505
2372304,02 151 
2372335,41 69 
2373136,55 182 
2373605,46 182 
2373828,9 256 
2374563,36 182 
2374686,28 182 
2375182,1 93 
2375197,78 103 
2375197,78 101 
2379220,1 100 
2379220,1 5
2379220,1 1666
2379220,1 11
2381225,09 25 
2381253,59 75 
2382610,76 72 
2382825,33 70 
2384158,14 80 
2385088,03 83 
2386090,06 64 1003
2386363,08 256 
2386385,56 63 273
2386592,03 151 
2386627,22 69 
2387137,76 93 
2388125,8 103 
2388125,8 101 
2392145,29 100 
2392145,29 5
2392145,29 1666
2392145,29 10
2394152,61 25 
2394181,38 75 
2395539,02 72 
2395699,76 70 
2397055,58 80 
2397775,92 83 
2408551,66 64 10777
2409934,31 61 1364
2411366,34 151 
2411403,57 69 
2411712,06 93 
2412746,42 181 
2412901,78 103 
2412901,78 101 
2416920,68 100 
2416920,68 5
2416920,68 1666
2416920,68 10
2418928,78 25 
2419956,74 75 
2421315,77 72 
2421489 70 
2422845,67 80 
2423711,4 83 
2427002,87 64 3292
2427837,12 256 
2428424,14 61 1395
2429029,91 151 
2429062,3 69 
2429372 93 
2430365,55 181 
2430560,83 103 
2430560,83 101 
2434579,67 100 
2434579,67 5
2434579,67 1666
2434579,67 11
2436587,72 25 
2436616,59 75 
2437974,6 72 
2438134,87 70 
2439482,65 80 
2440410,97 83 
2444942,83 64 4533
2444984,88 256 
2447039,25 62 2071
2447245,97 150 
2447276,53 68 
2447793,37 172 
2448289,55 92 
2448289,55 65 
2448779,72 103 
2448779,72 101 
2449293,35 100 
2449293,35 5
2449293,35 1666
2449293,35 10
2451301,39 25 
2451330,16 75 
2452687,96 72 
2452835,39 70 
2454184,64 80 
2455057,95 83 
2456546,4 64 1490
2456585,69 256 
2457349,65 62 787
2457556,38 151 
2457596,66 69 
2458108,52 93 
2458987,26 256 
2459095,25 103 
2459095,25 101 
2463114,11 100 
2463114,11 5
2463114,11 1666
2463114,11 11
2465122,11 25 
2465150,93 75 
2466507,56 72 
2466562,58 70 
2467847,66 80 
2468585,49 83 
2472313,74 64 3729
2472345,9 256 
2473150,46 62 821
2473355,6 150 
2473390 68 
2473744,03 172 
2474995,45 172 
2475493,47 92 
2475493,47 65 
2475514,84 103 
2475514,84 101 
2476028,84 100 
2476028,84 5
2476028,84 1666
2476028,84 10
2478036,72 25 
2478065,41 75 
2479423,66 72 
2479478,3 70 
2480763,39 80 
2481499,93 83 
2483153,48 64 1655
2483278,65 62 101
2483485,39 153 
2483519,06 68 
2483936,1 172 
2484435,88 92 
2484435,88 65 
2485017,42 103 
2485017,42 101 
2485531,36 100 
2485531,36 5
2485531,36 1666
2485531,36 11
2487539,3 25 
2487568,01 75 
2488925,77 72 
2488979,74 70 
2490269,36 80 
2491002,65 83 
2513064,94 64 22063
2513562,27 62 476
2513627,54 256 
2514476,79 150 
2514519,65 68 
2515030,79 92 
2515030,79 65 
2516017,46 103 
2516017,46 101 
2516531,45 100 
2516531,45 5
2516531,45 1666
2516531,45 10
2518539,34 25 
2518567,81 75 
2519924,91 72 
2519979,55 70 
2521266,75 80 
2522002,54 83 
2522330,01 64 328
2522379,19 256 
2522491,8 62 144
2522699,47 151 
2522737,52 69 
2523250,05 93 
2524203,3 182 
2524240,59 103 
2524240,59 101 
2528259,79 100 
2528259,79 5
2528259,79 1666
2528259,79 11
2530267,48 25 
2530296,29 75 
2531654,15 72 
2531707,9 70 
2532993,17 80 
2533717,69 83 
2588349,15 64 54632
2588404,48 256 
2588493,79 62 121
2588700,33 150 
2588740,31 68 
2589231,3 172 
2590247,04 172 
2590745,7 92 
2590745,7 65 
2590772 103 
2590772 101 
2591288,64 100 
2591288,64 5
2591288,64 1666
2591288,64 10
2593293,68 25 
2593322,52 75 
2594680,35 72 
2594867,5 70 
2596213,07 80 
2597063,59 83 
2603931 64 6868
2604297,98 256 
2605823,48 62 1871
2606217,51 151 
2606252,84 69 
2606762,04 93 
2606830,6 256 
2607752,08 103 
2607752,08 101 
2611770,5 100 
2611770,5 5
2611770,5 1666
2611770,5 11
2613778,39 25 
2613806,96 75 
2615164,52 72 
2615218,64 70 
2616506,09 80 
2617228,35 83 
2618924,15 64 1697
2619236,01 256 
2619785,52 62 839
2619990,67 150 
2620033,63 68 
2620543,79 92 
2620543,79 65 
2621532,15 103 
2621532,15 101 
2622045,82 100 
2622045,82 5
2622045,82 1666
2622045,82 11
2624054,16 25 
2624082,48 75 
2625441,71 72 
2625494,18 70 
2626785,99 80 
2627503,84 83 
2633068,33 64 5565
2633103,83 256 
2633162,6 62 76
2633367,7 150 
2633396,47 68 
2633905,54 92 
2633905,54 65 
2634899,73 103 
2634899,73 101 
2635413,42 100 
2635413,42 5
2635413,42 1666
2635413,42 10
2637421,53 25 
2637450,26 75 
2638808,64 72 
2638863 70 
2640148,69 80 
2640871,84 83 
2643277,55 64 2407
2643654,98 256 
2644176,32 62 880
2644383,38 151 
2644418,49 69 
2644619,72 256 
2644817,89 182 
2645121,43 182 
2645329,85 182 
2645826,34 93 
2645921,69 103 
2645921,69 101 
2649940,49 100 
2649940,49 5
2649940,49 1666
2649940,49 11
2651948,69 25 
2651977,32 75 
2653334,82 72 
2653388,99 70 
2654675,22 80 
2655325,41 250 
2655344,29 101 
2657359,55 100 
2657359,55 5
2657359,55 1666
2657359,55 11
2657359,55 25 
2657388,35 75 
2658745,56 72 
2658800,16 70 
2660087,01 80 
2660809,6 83 
2661323,79 64 515
2661368,3 256 
2661436,72 62 95
2661641,84 150 
2661677,67 68 
2662049,39 172 
2662545,09 92 
2662545,09 65 
2663180,88 103 
2663180,88 101 
2663695,81 100 
2663695,81 5
2663695,81 1666
2663695,81 10
2665702,78 25 
2665731,62 75 
2667088,44 72 
2667143,06 70 
2668431,51 80 
2669166,78 83 
2670460,38 64 1295
2671064,86 256 
2672349,34 63 1864
2672641,68 150 
2672673,12 68 
2673149,42 173 
2673522,27 173 
2674157,31 173 
2674654,59 92 
2674654,59 65 
2674682,66 103 
2674682,66 101 
2675196,25 100 
2675196,25 5
2675196,25 1666
2675196,25 10
2677204,33 25 
2677233,12 75 
2678591,58 72 
2678644,73 70 
2679930,04 80 
2680667,73 83 
2688028,72 64 7362
2688183,81 256 
2688978,81 63 929
2689184,53 150 
2689217,2 68 
2689726,46 92 
2689726,46 65 
2690715,76 103 
2690715,76 101 
2691230,09 100 
2691230,09 5
2691230,09 1666
2691230,09 10
2693237,47 25 
2693266,05 75 
2694623,62 72 
2694678,11 70 
2695963,67 80 
2696700,81 83 
2696880,68 64 181
2697153,52 63 254
2697363,38 152 
2697395,65 69 
2697907,88 93 
2698147,09 256 
2698898,9 103 
2698898,9 101 
2702918,91 100 
2702918,91 5
2702918,91 1666
2702918,91 11
2704925,88 25 
2713764,07 75 
2715123,67 72 
2715322,38 70 
2716648,35 80 
2717505,19 83 
2719265,65 64 1762
2719306,42 256 
2719360,13 62 70
2719567,22 150 
2719599,69 68 
2720109,89 92 
2720109,89 65 
2721102,65 103 
2721102,65 101 
2721616,27 100 
2721616,27 5
2721616,27 1666
2721616,27 11
2723624,62 25 
2723653,33 75 
2725009,56 72 
2725171,54 70 
2726535,48 80 
2727434,24 83 
2727758,05 64 325
2727944,4 62 164
2728151,68 150 
2728182,57 68 
2728693,72 92 
2728693,72 65 
2729685,67 103 
2729685,67 101 
2730203,01 100 
2730203,01 5
2730203,01 1666
2730203,01 10
2732208,54 25 
2732236,44 75 
2733593,67 72 
2733741,37 70 
2735063,55 80 
2735910,59 83 
2737947,76 64 2038
2738593,78 256 
2739663,78 63 1688
2739870,09 152 
2739897,43 69 
2740311,23 256 
2740345,97 183 
2740844,38 93 
2741400,61 103 
2741400,61 101 
2745420,05 100 
2745420,05 5
2745420,05 1666
2745420,05 11
2747427,55 25 
2747457,1 75 
2748815,14 72 
2748868,09 70 
2750153,83 80 
2750890,84 83 
2751226,92 64 337
2751393,65 62 144
2751600,76 150 
2751643,71 68 
2752155,46 92 
2752155,46 65 
2753142,03 103 
2753142,03 101 
2753655,72 100 
2753655,72 5
2753655,72 1666
2753655,72 11
2755663,74 25 
2755692,44 75 
2757051,71 72 
2757104,33 70 
2758388,6 80 
2759113,78 83 
2759597,25 64 485
2759823,23 62 204
2760030,36 150 
2760066,52 68 
2760581,23 92 
2760581,23 65 
2761113,25 256 
2761565,06 103 
2761565,06 101 
2762078,77 100 
2762078,77 5
2762078,77 1666
2762078,77 11
2764086,77 25 
2764115,6 75 
2765473,11 72 
2765527,36 70 
2766810,41 80 
2767536,93 83 
2767812,98 64 277
2767995,93 62 166
2768202,4 150 
2768231,73 68 
2768757,85 172 
2769253,74 92 
2769253,74 65 
2769560,97 256 
2769734,98 103 
2769734,98 101 
2770248,56 100 
2770248,56 5
2770248,56 1666
2770248,56 11
2772256,7 25 
2772285,36 75 
2773643,42 72 
2773697,07 70 
2774979,8 80 
2775693,45 83 
2775854,67 64 162
2776073,74 62 195
2776279,08 150 
2776308,27 68 
2776822,04 92 
2776822,04 65 
2777518,97 256 
2777811,44 103 
2777811,44 101 
2778325,67 100 
2778325,67 5
2778325,67 1666
2778325,67 10
2780333,31 25 
2780361,92 75 
2781719,79 72 
2781774,64 70 
2783058,36 80 
2783770,07 83 
2784208,06 64 439
2784632,35 256 
2785545,96 63 1310
2785751,41 150 
2785784,16 68 
2786195,82 173 
2787537,48 173 
2788036,23 92 
2788036,23 65 
2788060,39 103 
2788060,39 101 
2788573,98 100 
2788573,98 5
2788573,98 1666
2788573,98 10
2790582,05 25 
2790611,4 75 
2791969,26 72 
2792022,55 70 
2793305,57 80 
2794032,17 83 
2809706,05 64 15675
2810371,21 63 641
2810387,98 256 
2811143,47 150 
2811178,77 68 
2811689,13 92 
2811689,13 65 
2812676,44 103 
2812676,44 101 
2813190,46 100 
2813190,46 5
2813190,46 1666
2813190,46 10
2813190,46 79 
2815198,46 25 
2815226,91 75 
2816584,91 72 
2816638,85 70 
2817924,8 80 
2818648,26 83 
2820748,6 64 2100
2821231,39 63 465
2821438,04 150 
2821475,69 68 
2821857,47 173 
2822355,31 92 
2822355,31 65 
2822709,3 256 
2822978,7 103 
2822978,7 101 
2823492,38 100 
2823492,38 5
2823492,38 1666
2823492,38 10
2825500,38 25 
2825529,32 75 
2826885,52 72 
2826941,09 70 
2828228,25 80 
2828950,41 83 
2830665,02 64 1715
2830960,77 256 
2830971,42 63 290
2831177,92 150 
2831204,68 68 
2831607,61 173 
2832104,56 92 
2832104,56 65 
2832707,84 103 
2832707,84 101 
2833221,5 100 
2833221,5 5
2833221,5 1666
2833221,5 11
2835229,76 25 
2835258,65 75 
2836616,47 72 
2836803,54 70 
2838198,91 80 
2839026,37 83 
2839235,38 64 211
2839269,4 256 
2839450,23 62 198
2839655,8 150 
2839699,18 68 
2840064,75 172 
2840560,96 92 
2840560,96 65 
2841197,71 103 
2841197,71 101 
2841714,35 100 
2841714,35 5
2841714,35 1666
2841714,35 11
2843720,2 25 
2843748,21 75 
2845106,18 72 
2845253,43 70 
2846552,25 80 
2847276,16 83 
2847719,6 64 445
2847931,54 62 190
2848139,08 150 
2848170,89 68 
2848683,37 92 
2848683,37 65 
2849433,51 256 
2849674,12 103 
2849674,12 101 
2850187,78 100 
2850187,78 5
2850187,78 1666
2850187,78 11
2852195,91 25 
2852224,6 75 
2853582,68 72 
2853636,53 70 
2854923,27 80 
2855645,89 83 
2885448,13 64 29803
2885701,52 256 
2885719,09 62 247
2886409,7 150 
2886447,73 68 
2887542,93 172 
2888041,11 92 
2888041,11 65 
2888057,48 103 
2888057,48 101 
2888571,78 100 
2888571,78 5
2888571,78 1666
2888571,78 10
2890579,09 25 
2890607,88 75 
2891965,24 72 
2892019,82 70 
2893303,01 80 
2894029,13 83 
2898358,28 64 4331
2898498,24 256 
2898920,59 63 534
2899126,06 150 
2899166,79 68 
2899675,89 92 
2899675,89 65 
2900665,29 103 
2900665,29 101 
2901179,54 100 
2901179,54 5
2901179,54 1666
2901179,54 11
2903186,99 25 
2903215,8 75 
2904573,26 72 
2904628,63 70 
2905911,16 80 
2906650,37 83 
2919851,42 64 13202
2920119,39 62 249
2920325,12 150 
2920357,71 68 
2920544,14 256 
2920649,24 172 
2921147,67 92 
2921147,67 65 
2921856,2 103 
2921856,2 101 
2922369,85 100 
2922369,85 5
2922369,85 1666
2922369,85 10
2924378,04 25 
2924406,81 75 
2925764,99 72 
2925818,44 70 
2927105,72 80 
2927827,98 83 
2931778,76 64 3952
2932108,86 256 
2932184,67 63 386
2932391,1 150 
2932433,54 68 
2932943,18 92 
2932943,18 65 
2933931,06 103 
2933931,06 101 
2934444,92 100 
2934444,92 5
2934444,92 1666
2934444,92 10
2936452,91 25 
2936481,45 75 
2937838,19 72 
2937893,47 70 
2939180,26 80 
2939902,97 83 
2940636,87 64 735
2940809,99 256 
2940929,34 63 268
2941134,25 150 
2941170,75 68 
2941563,41 173 
2942058,51 92 
2942058,51 65 
2942673,92 103 
2942673,92 101 
2943188,38 100 
2943188,38 5
2943188,38 1666
2943188,38 11
2945196,21 25 
2945246,85 75 
2946605,37 72 
2946809,66 70 
2948141,51 80 
2949005,81 83 
2949620,75 64 616
2949798,02 62 153
2950004,96 150 
2950033,8 68 
2950393,05 172 
2950890,36 92 
2950890,36 65 
2951418,07 256 
2951536,95 103 
2951536,95 101 
2952050,57 100 
2952050,57 1
2952050,57 1666
2952050,57 11
2952050,57 78 
2952050,57 178 
2954058,84 25 
2954087,51 75 
2955445,2 72 
2955619,2 70 
2956920 80 
2957655,29 83 
2960256,94 64 2603
2960449,54 62 170
2960656,02 152 
2960687,67 69 
2961205,25 93 
2961573,3 182 
2962166,72 256 
2962199,03 103 
2962199,03 101 
2966217,93 100 
2966217,93 1
2966217,93 1666
2966217,93 10
2968225,98 25 
2968254,72 75 
2969612,91 72 
2969666,4 70 
2970955,64 80 
2971689,27 83 
2977147,03 64 5459
2977619,26 256 
2978651,63 63 1486
2978857,83 151 
2978887,93 69 
2979220,49 256 
2990083,2 182 
2992228,32 182 
2992393,56 182 
2995229,38 182 
3027447,01 182 
3029554,48 182 
3030977,26 182 
3031312,87 181 
3031796,67 181 
3047011,68 182 
3048349,9 182 
3049415,67 182 
3049801,89 183 
3050299,9 93 
3050321,09 103 
3050321,09 101 
3054340,78 100 
3054340,78 1
3054340,78 1666
3054340,78 10
3056348,04 25 
3056376,57 75 
3057735,2 72 
3057948,52 70 
3059318,63 80 
3060158,03 83 
3061042,3 64 885
3061266,5 63 204
3061472,44 151 
3061513,02 69 
3061841,09 183 
3061956,75 256 
3062134,2 183 
3062632,49 93 
3063009,28 103 
3063009,28 101 
3067031,34 100 
3067031,34 1
3067031,34 1666
3067031,34 10
3069035,92 25 
3069064,73 75 
3070424,12 72 
3070583,16 70 
3071937,75 80 
3072859,2 83 
3074313,98 64 1456
3074359,14 256 
3075224,51 62 887
3075431,11 151 
3075464,45 69 
3076191,97 182 
3076691,91 93 
3076717,49 256 
3076963,06 103 
3076963,06 101 
3080982,78 100 
3080982,78 1
3080982,78 1666
3080982,78 10
3082989,98 25 
3088056,56 75 
3089415,98 72 
3089574,87 70 
3090878,18 80 
3091611,08 83 
3092459,9 64 850
3094325,77 61 1849
3094932,59 150 
3094971,72 68 
3095531,71 171 
3095879,26 92 
3095879,26 65 
3096424,36 256 
3096474,67 103 
3096474,67 101 
3096988,4 100 
3096988,4 1
3096988,4 1666
3096988,4 11
3098996,38 25 
3099571,69 75 
3100930,69 72 
3100983,22 70 
3102269,68 80 
3103006,17 83 
3104765,52 64 1761
3105015,04 62 224
3105221,75 150 
3105261,32 68 
3105660,45 172 
3106156,2 92 
3106156,2 65 
3106763,63 103 
3106763,63 101 
3107277,25 100 
3107277,25 1
3107277,25 1666
3107277,25 11
3109285,29 25 
3109314,01 75 
3110671,02 72 
3110725,72 70 
3112012,53 80 
3112748,74 83 
3112774,38 64 27
3112964,29 62 163
3113175,39 150 
3113208,26 68 
3113658,64 172 
3114156,33 92 
3114156,33 65 
3114706,88 103 
3114706,88 101 
3115220,48 100 
3115220,48 1
3115220,48 1666
3115220,48 10
3117228,57 25 
3117257,37 75 
3118614,48 72 
3118669,03 70 
3119956,57 80 
3120678,71 83 
3122804,17 64 2126
3123068,55 63 246
3123274,53 151 
3123305,96 69 
3123818,96 93 
3123867,41 256 
3123901,97 183 
3124809,26 103 
3124809,26 101 
3128829,27 100 
3128829,27 1
3128829,27 1666
3128829,27 11
3130836,19 25 
3130878,13 75 
3132236,31 72 
3132290,06 70 
3133577,47 80 
3134299,42 83 
3134618,58 64 320
3134807,98 62 163
3135015,13 150 
3135052,22 68 
3135566,15 92 
3135566,15 65 
3136550,79 103 
3136550,79 101 
3137064,51 100 
3137064,51 1
3137064,51 1666
3137064,51 11
3139072,5 25 
3139101,32 75 
3140458,75 72 
3140513,22 70 
3141800,37 80 
3142535,86 83 
3142852,18 64 317
3143108,27 62 226
3143314,71 150 
3143356,01 68 
3143866,89 92 
3143866,89 65 
3143972,7 256 
3144853,87 103 
3144853,87 101 
3145367,56 100 
3145367,56 1
3145367,56 1666
3145367,56 10
3147375,6 25 
3147404,36 75 
3148763,49 72 
3148816 70 
3150100,54 80 
3150825,63 83 
3151682,44 64 858
3152004,85 61 301
3152612,56 150 
3152640,76 68 
3153059,55 171 
3153406,46 92 
3153406,46 65 
3153983,22 256 
3154143,21 103 
3154143,21 101 
3154656,92 100 
3154656,92 1
3154656,92 1666
3154656,92 10
3156664,92 25 
3156693,62 75 
3158052,17 72 
3158105,34 70 
3159389,69 80 
3160129,23 83 
3160396,92 64 270
3160473,93 256 
3160747,56 61 327
3161354,5 152 
3161387,63 69 
3161697,47 93 
3161969,62 181 
3162419,62 181 
3162699,92 181 
3162899,47 103 
3162899,47 101 
3166919,53 100 
3166919,53 1
3166919,53 1666
3166919,53 11
3168926,38 25 
3174019,44 75 
3175379,72 72 
3175431,31 70 
3176716,29 80 
3177454,19 83 
3178111,58 64 659
3178294,32 62 161
3178502,91 150 
3178535,74 68 
3179049,29 92 
3179049,29 65 
3180038,77 103 
3180038,77 101 
3180556,06 100 
3180556,06 1
3180556,06 1666
3180556,06 10
3182560,51 25 
3182589,23 75 
3183947,5 72 
3184002,13 70 
3185286,15 80 
3185997,37 83 
3186361,05 64 365
3186577 61 194
3187184,93 150 
3187229,88 68 
3187592,62 92 
3187592,62 65 
3187728,89 171 
3188728,37 103 
3188728,37 101 
3189242,41 100 
3189242,41 1
3189242,41 1666
3189242,41 10
3191250,15 25 
3191279,61 75 
3192638,29 72 
3192823,89 70 
3194150,08 80 
3195033,3 83 
3195889,21 64 857
3197363,58 63 1452
3197568,78 151 
3197607,41 69 
3198118,76 93 
3198838,89 183 
3199110,56 103 
3199110,56 101 
3203129,45 100 
3203129,45 1
3203129,45 1666
3203129,45 11
3205137,64 25 
3205167,48 75 
3206525,1 72 
3206671,45 70 
3208041,22 80 
3208933,99 83 
3208978,47 64 46
3209237,4 62 238
3209443,54 150 
3209487,99 68 
3210037,57 172 
3210535,16 92 
3210535,16 65 
3210985,47 103 
3210985,47 101 
3211499,16 100 
3211499,16 1
3211499,16 1666
3211499,16 11
3213507,87 25 
3213536,08 75 
3214893,58 72 
3215067,89 70 
3216418,57 80 
3217263,72 83 
3219008,62 64 1746
3219202,86 62 168
3219408,8 150 
3219443,48 68 
3219850,5 256 
3220541,98 172 
3220726,7 172 
3221222,36 92 
3221222,36 65 
3221247,72 103 
3221247,72 101 
3221761,47 100 
3221761,47 1
3221761,47 1666
3221761,47 10
3223769,41 25 
3223798,22 75 
3225155,93 72 
3225209,91 70 
3226497,69 80 
3227232,78 83 
3227905,77 64 674
3228226,63 61 302
3228833,96 150 
3228878,74 68 
3229238,92 92 
3229238,92 65 
3229348,53 256 
3230377,14 103 
3230377,14 101 
3230890,91 100 
3230890,91 1
3230890,91 1666
3230890,91 10
3232898,92 25 
3232927,61 75 
3234285,94 72 
3234339,31 70 
3235623,51 80 
3236348,98 83 
3237961,81 64 1614
3238023,37 256 
3238441,4 61 455
3239047,06 150 
3239082,86 68 
3239442,13 92 
3239442,13 65 
3239647,92 171 
3240586,17 103 
3240586,17 101 
3241099,75 100 
3241099,75 1
3241099,75 1666
3241099,75 10
3243107,82 25 
3243136,54 75 
3244496,37 72 
3244548,45 70 
3245833,52 80 
3246558,55 83 
3246733,6 64 177
3247021,5 61 265
3247628,34 152 
3247670,52 69 
3247983,75 93 
3248358,14 181 
3248575,7 181 
3249169,07 103 
3249169,07 101 
3253188,08 100 
3253188,08 1
3253188,08 1666
3253188,08 11
3255196,67 25 
3263887,77 75 
3265245,16 72 
3265299,5 70 
3266583,62 80 
3267295,59 83 
3267412,72 64 118
3267632,41 62 192
3267838,07 150 
3267875,48 68 
3268388,76 92 
3268388,76 65 
3269373,69 103 
3269373,69 101 
3269887,67 100 
3269887,67 1
3269887,67 1666
3269887,67 11
3271895,6 25 
3271924,29 75 
3273281,66 72 
3273335,86 70 
3274620,15 80 
3275358,77 83 
3275693,31 64 335
3275870,62 62 153
3276075,91 150 
3276111,98 68 
3276621,33 92 
3276621,33 65 
3277381,49 256 
3277610,15 103 
3277610,15 101 
3278123,76 100 
3278123,76 1
3278123,76 1666
3278123,76 11
3280131,93 25 
3280160,48 75 
3281517,48 72 
3281572,26 70 
3282856,61 80 
3283595,36 83 
3289512,38 64 5919
3289703,3 62 164
3289909,35 150 
3289941,23 68 
3290452,97 92 
3290452,97 65 
3291444,22 103 
3291444,22 101 
3291960,89 100 
3291960,89 1
3291960,89 1666
3291960,89 10
3291960,89 79 
3293965,97 25 
3294567,92 75 
3295926,47 72 
3295979,44 70 
3297265,61 80 
3297989,14 83 
3299264,17 64 1276
3299545,71 61 265
3300151,3 150 
3300194,67 68 
3300553,38 92 
3300553,38 65 
3300592,83 256 
3301693,17 103 
3301693,17 101 
3302206,94 100 
3302206,94 1
3302206,94 1666
3302206,94 10
3304214,91 25 
3310427,59 75 
3311786,9 72 
3311840,46 70 
3313127,01 80 
3313862,42 83 
3314184,66 64 324
3314510,67 61 303
3315118,03 152 
3315161,68 69 
3315476,46 93 
3315825,83 181 
3316660,06 103 
3316660,06 101 
3320678,91 100 
3320678,91 1
3320678,91 1666
3320678,91 11
3322687,04 25 
3325674,4 75 
3327033,04 72 
3327219,56 70 
3328551,07 80 
3329428,97 83 
3334150,19 64 4722
3334191,45 256 
3334599,56 62 427
3334806,66 150 
3334841,71 68 
3335295,89 172 
3335795,98 92 
3335795,98 65 
3336344,92 103 
3336344,92 101 
3336858,68 100 
3336858,68 1
3336858,68 1666
3336858,68 10
3338866,64 25 
3338895,53 75 
3340252,69 72 
3340400,64 70 
3341750,3 80 
3342583,38 83 
3343239,64 64 658
3343629,25 61 367
3344234,96 150 
3344264,38 68 
3344696,48 171 
3345045,94 92 
3345045,94 65 
3345767,59 103 
3345767,59 101 
3346281,2 100 
3346281,2 1
3346281,2 1666
3346281,2 11
3348291,08 25 
3348318,13 75 
3349676,26 72 
3349729,71 70 
3351016,16 80 
3351722,87 250 
3351738,32 101 
3353753,59 100 
3353753,59 1
3353753,59 1666
3353753,59 11
3353753,59 25 
3353782,11 75 
3355141,46 72 
3355194,12 70 
3356481,46 80 
3357203,78 83 
3357583,41 64 380
3357821,36 62 218
3358028,76 150 
3358063,63 68 
3358576,67 92 
3358576,67 65 
3359561,62 103 
3359561,62 101 
3360075,32 100 
3360075,32 1
3360075,32 1666
3360075,32 11
3362083,38 25 
3362112,19 75 
3363469,65 72 
3363524,2 70 
3364808,94 80 
3365546,69 83 
3365916,77 64 371
3366123,7 62 177
3366329,86 150 
3366366,5 68 
3366659,95 256 
3367664,1 172 
3368162,09 92 
3368162,09 65 
3368184,57 103 
3368184,57 101 
3368698,27 100 
3368698,27 1
3368698,27 1666
3368698,27 11
3370706,86 25 
3370735,13 75 
3372094,78 72 
3372146,89 70 
3373429,61 80 
3374143,08 83 
3375000,16 64 858
3375243,15 62 221
3375450,7 150 
3375482,3 68 
3375994,88 92 
3375994,88 65 
3376606,09 256 
3376980,61 103 
3376980,61 101 
3377494,29 100 
3377494,29 1
3377494,29 1666
3377494,29 11
3379502,38 25 
3379531,16 75 
3380888,39 72 
3380942,9 70 
3382228,04 80 
3382952,5 83 
3383280,86 64 329
3383468,28 62 171
3383675,23 150 
3383700,67 68 
3383949 256 
3384782,72 172 
3384973,71 172 
3385470,17 92 
3385470,17 65 
3385496,96 103 
3385496,96 101 
3386011,15 100 
3386011,15 1
3386011,15 1666
3386011,15 10
3388018,74 25 
3388047,39 75 
3389404,65 72 
3389459,2 70 
3390742,86 80 
3391455,5 83 
3392155,18 64 700
3392192,17 256 
3392518,81 61 345
3393125,35 150 
3393168,17 68 
3393593,38 171 
3393940,77 92 
3393940,77 65 
3394666,92 103 
3394666,92 101 
3395180,01 100 
3395180,01 1
3395180,01 1666
3395180,01 10
3397188,26 25 
3398549,93 75 
3399909,7 72 
3399961,45 70 
3401245,71 80 
3401957,51 83 
3403310,27 64 1354
3403701,95 61 372
3404308,44 150 
3404349,6 68 
3404709,03 92 
3404709,03 65 
3404934,95 256 
3405299,27 171 
3405605,24 171 
3405848,25 103 
3405848,25 101 
3406365,29 100 
3406365,29 2
3406365,29 1666
3406365,29 11
3406365,29 78 
3406365,29 178 
3408369,9 25 
3408398,85 75 
3409757,28 72 
3409810,43 70 
3411098,15 80 
3411820,56 83 
3419711,56 64 7893
3419798,74 256 
3420072,29 62 337
3420280,04 151 
3420316,57 69 
3420360,6 256 
3420592,21 182 
3420792,87 182 
3421291,05 93 
3421814,74 103 
3421814,74 101 
3425834,27 100 
3425834,27 2
3425834,27 1666
3425834,27 11
3427841,58 25 
3427870,29 75 
3429228,94 72 
3429282,2 70 
3430568,34 80 
3431291,61 83 
3433020,78 64 1730
3433054,94 256 
3433328,51 62 292
3433533,54 151 
3433577,11 69 
3433722,39 182 
3434262,72 182 
3434511,49 182 
3458218,48 256 
3468501,97 182 
3468999,54 93 
3469021,08 103 
3469021,08 101 
3473040,23 100 
3473040,23 2
3473040,23 1666
3473040,23 10
3475048,12 25 
3475078,11 75 
3476436,46 72 
3476622,1 70 
3478042,55 80 
3478912,18 83 
3479202,24 64 292
3479490,19 61 260
3480095,9 150 
3480130,61 68 
3480552,5 171 
3480898,32 92 
3480898,32 65 
3481411,06 256 
3481629,15 103 
3481629,15 101 
3482142,87 100 
3482142,87 2
3482142,87 1666
3482142,87 11
3484150,93 25 
3484179,8 75 
3485537,92 72 
3485711,61 70 
3487035,5 80 
3487867,44 83 
3489324,37 64 1458
3489676,39 62 331
3489881,88 151 
3489913,53 69 
3490422,06 182 
3490921,69 93 
3491411,62 103 
3491411,62 101 
3495430,46 100 
3495430,46 2
3495430,46 1666
3495430,46 10
3497438,62 25 
3497467,32 75 
3498825,54 72 
3498985,6 70 
3500319,24 80 
3501155,09 83 
3501484,74 64 331
3501756,13 61 255
3502230,02 256 
3503452,35 150 
3503489,46 68 
3503853,7 92 
3503853,7 65 
3504762,42 171 
3504992,47 103 
3504992,47 101 
3505506,31 100 
3505506,31 2
3505506,31 1666
3505506,31 10
3507514,18 25 
3507543,04 75 
3508900,42 72 
3508954,79 70 
3510237,1 80 
3510951,02 83 
3511604,4 64 654
3511960,06 61 330
3512567,83 150 
3512610,27 68 
3512969,9 92 
3512969,9 65 
3513471,25 171 
3514108,37 103 
3514108,37 101 
3514622,63 100 
3514622,63 2
3514622,63 1666
3514622,63 10
3516630,13 25 
3516659,14 75 
3518015,84 72 
3518070,69 70 
3519353,52 80 
3520080,26 83 
3522571,05 64 2492
3523129,46 62 531
3523336,2 151 
3523378,8 69 
3523887,62 93 
3524473,32 182 
3524877,07 103 
3524877,07 101 
3528896,34 100 
3528896,34 2
3528896,34 1666
3528896,34 10
3530904,12 25 
3530932,83 75 
3532289,98 72 
3532344,71 70 
3533626,33 80 
3534353,97 83 
3569513,74 64 35161
3570278,04 61 740
3570885,61 150 
3570918,73 68 
3571279,44 92 
3571279,44 65 
3571880,63 171 
3572416,74 103 
3572416,74 101 
3572930,37 100 
3572930,37 2
3572930,37 1666
3572930,37 11
3574938,44 25 
3580537,87 75 
3581895,82 72 
3581950,06 70 
3583237,06 80 
3583959,53 83 
3585579,79 64 1621
3585984,35 256 
3586693,09 62 1095
3586901,62 153 
3586937,9 68 
3587508,57 172 
3588005,39 92 
3588005,39 65 
3588436,43 103 
3588436,43 101 
3588950,58 100 
3588950,58 2
3588950,58 1666
3588950,58 11
3590958,17 25 
3590987,03 75 
3592343,92 72 
3592398,73 70 
3593680,59 80 
3594394,93 83 
3594505,68 64 112
3594743,87 62 217
3594952,03 151 
3594983,27 69 
3595569,57 182 
3596064,87 93 
3596486,31 103 
3596486,31 101 
3600509,01 100 
3600509,01 2
3600509,01 1666
3600509,01 11
3602513,37 25 
3602542,14 75 
3603900,06 72 
3604193,84 70 
3605522,65 80 
3606403,16 83 
3606933,07 64 531
3607753,84 62 792
3607959,68 151 
3607995,98 69 
3608888,06 182 
3609309,78 182 
3609828,51 182 
3610348,93 182 
3610845,62 93 
3610867,02 103 
3610867,02 101 
3614885,75 100 
3614885,75 2
3614885,75 1666
3614885,75 11
3616894,01 25 
3616922,48 75 
3618280,6 72 
3618334,24 70 
3619622,95 80 
3620357,28 83 
3625509,5 64 5154
3626673,39 61 1147
3627281,11 151 
3627320,72 69 
3627629,8 93 
3628081,18 181 
3628470,11 181 
3628832,59 103 
3628832,59 101 
3632852,18 100 
3632852,18 2
3632852,18 1666
3632852,18 10
3634859,5 25 
3638406,61 75 
3639764,55 72 
3639818,45 70 
3641102,14 80 
3641828,65 83 
3650312,53 64 8486
3651223,36 61 894
3651829,55 150 
3651865,54 68 
3652407,43 171 
3652754,63 92 
3652754,63 65 
3653368,68 103 
3653368,68 101 
3653883,12 100 
3653883,12 2
3653883,12 1666
3653883,12 11
3655890,4 25 
3655919,32 75 
3657278,66 72 
3657330,8 70 
3658620,3 80 
3659353,76 83 
3660466,9 64 1113
3660923,15 63 437
3661131,1 150 
3661172,78 68 
3661778,61 173 
3662275,23 92 
3662275,23 65 
3662671,36 103 
3662671,36 101 
3663186,12 100 
3663186,12 2
3663186,12 1666
3663186,12 10
3665193,08 25 
3665221,67 75 
3666581,23 72 
3666634,69 70 
3667923,67 80 
3668656,58 83 
3668710,48 64 55
3669002,14 61 266
3669610,1 150 
3669649,4 68 
3670015,22 92 
3670015,22 65 
3671147,77 103 
3671147,77 101 
3671661,43 100 
3671661,43 2
3671661,43 1666
3671661,43 10
3673669,6 25 
3673911,31 75 
3675260,25 250 
3675279,7 101 
3677294,72 100 
3677294,72 2
3677294,72 1666
3677294,72 10
3677294,72 25 
3677319,37 75 
3678678,5 72 
3678735,14 70 
3680022,78 80 
3680744,6 83 
3682097,42 64 1354
3683102,84 61 987
3683396,01 256 
3684797,47 152 
3684829,97 69 
3685137,86 93 
3685518,4 181 
3685857,22 181 
3686327,88 103 
3686327,88 101 
3690346,76 100 
3690346,76 2
3690346,76 1666
3690346,76 10
3692354,95 25 
3692383,6 75 
3693742,2 72 
3693795,58 70 
3695080,6 80 
3695818,19 83 
3696321,28 64 504
3696591,59 256 
3697815,5 63 1466
3698175,9 151 
3698210,69 69 
3698654,81 256 
3698741,17 183 
3699176,04 183 
3699675,55 93 
3699708,85 103 
3699708,85 101 
3703727,59 100 
3703727,59 2
3703727,59 1666
3703727,59 11
3705735,87 25 
3705765,2 75 
3707124,19 72 
3707349,54 70 
3708777,31 80 
3709652,14 83 
3710318,88 64 668
3712191,89 256 
3713833,32 62 3489
3714040,23 151 
3714083,72 69 
3714736,29 182 
3715232,2 93 
3715582,03 103 
3715582,03 101 
3719601,16 100 
3719601,16 2
3719601,16 1666
3719601,16 10
3721609,08 25 
3721637,64 75 
3722996,47 72 
3723156,03 70 
3724454,37 80 
3725178,87 83 
3725452,75 64 275
3725695,55 61 225
3726302,98 150 
3726345,74 68 
3726806,66 171 
3727154,03 92 
3727154,03 65 
3727843,42 103 
3727843,42 101 
3728357,05 100 
3728357,05 2
3728357,05 1666
3728357,05 11
3730365,75 25 
3730393,89 75 
3731752,37 72 
3731805,59 70 
3733095,2 80 
3733828,58 83 
3734092,66 64 265
3734381,42 62 260
3734588,37 151 
3734621,3 69 
3735165,16 182 
3735606,93 182 
3736484,92 182 
3736985,87 93 
3736999,44 103 
3736999,44 101 
3741021,25 100 
3741021,25 2
3741021,25 1666
3741021,25 11
3743026,36 25 
3743055,81 75 
3744413,32 72 
3744467,38 70 
3745754,29 80 
3746489,68 83 
3746870,39 64 382
3747520,69 256 
3747894,43 61 1006
3748502,03 151 
3748535,63 69 
3748843,81 93 
3749134,32 181 
3750033,95 103 
3750033,95 101 
3754053,28 100 
3754053,28 2
3754053,28 1666
3754053,28 10
3756060,66 25 
3766059,2 254 
3766080,25 101 
3768092,81 100 
3768092,81 2
3768092,81 1666
3768092,81 10
3768092,81 25 
3778094,22 254 
3778115,07 101 
3780127,6 100 
3780127,6 2
3780127,6 1666
3780127,6 10
3780127,6 25 
3787769,09 75 
3789127,48 72 
3789180,85 70 
3790473,28 80 
3791190,58 83 
3792046,62 64 857
3792373,65 61 305
3792979,86 150 
3793022,79 68 
3793536,06 171 
3793884,21 92 
3793884,21 65 
3794521,37 103 
3794521,37 101 
3795035,11 100 
3795035,11 2
3795035,11 1666
3795035,11 10
3797043,8 25 
3797071,98 75 
3798432,08 72 
3798484,77 70 
3799768,56 80 
3800493,46 83 
3801726,48 64 1235
3802149,67 63 405
3802169,57 256 
3803651,17 151 
3803680,23 69 
3804188,61 93 
3805183,57 103 
3805183,57 101 
3809202,29 100 
3809202,29 2
3809202,29 1666
3809202,29 11
3811211,02 25 
3811239,16 75 
3812595,42 72 
3812650,72 70 
3813937,31 80 
3814673,7 83 
3815856,01 64 1183
3815890,08 256 
3816850,32 61 978
3817457,66 151 
3817492,31 69 
3817800,57 93 
3818223,85 181 
3818413,66 181 
3818692,73 181 
3818990,92 103 
3818990,92 101 
3823009,72 100 
3823009,72 2
3823009,72 1666
3823009,72 11
3825017,73 25 
3828311,93 75 
3829670,63 72 
3829856,89 70 
3831157,82 80 
3831893,86 83 
3832542,58 64 651
3833120,15 63 548
3833924,6 150 
3833966,32 68 
3834514,81 173 
3835012,5 92 
3835012,5 65 
3835282,32 256 
3835463,77 103 
3835463,77 101 
3835977,51 100 
3835977,51 2
3835977,51 1666
3835977,51 10
3837985,7 25 
3838107,7 75 
3839466,46 72 
3839625,99 70 
3841023,62 80 
3841888,75 83 
3842583,61 64 696
3842869,21 256 
3843401,05 63 793
3843607,71 151 
3843636,44 69 
3844143,88 256 
3844181,62 183 
3844678,86 93 
3845139,68 103 
3845139,68 101 
3849159,12 100 
3849159,12 2
3849159,12 1666
3849159,12 10
3851166,46 25 
3851195,14 75 
3852554,62 72 
3852713,64 70 
3854085,83 80 
3854963,08 83 
3856683,64 64 1721
3856907,95 62 200
3857538,82 256 
3858413,9 151 
3858448,24 69 
3859092,87 182 
3859588,58 93 
3859947,29 103 
3859947,29 101 
3863965,81 100 
3863965,81 2
3863965,81 1666
3863965,81 10
3865973,46 25 
3866002,41 75 
3867359,54 72 
3867507,47 70 
3868878,64 80 
3869756,66 83 
3871583,13 64 1827
3872298,9 61 691
3872907,37 150 
3872943,99 68 
3873303,74 92 
3873303,74 65 
3873552,24 171 
3874447,03 103 
3874447,03 101 
3874961,43 100 
3874961,43 2
3874961,43 1666
3874961,43 11
3876968,72 25 
3876997,29 75 
3878356,06 72 
3878516,03 70 
3879812,88 80 
3880525,43 83 
3882440,32 64 1915
3882688,56 256 
3883467,12 63 1010
3883675,31 150 
3883717,21 68 
3884224,96 92 
3884224,96 65 
3885215,79 103 
3885215,79 101 
3885730,03 100 
3885730,03 2
3885730,03 1666
3885730,03 11
3887737,44 25 
3887766,11 75 
3889124,38 72 
3889177,83 70 
3890463,33 80 
3891187,48 83 
3891895,6 64 709
3892179,31 63 259
3892387,11 152 
3892421,13 69 
3892931,98 93 
3893104,13 183 
3893918,72 103 
3893918,72 101 
3897940,44 100 
3897940,44 2
3897940,44 1666
3897940,44 11
3899946,16 25 
3899974,35 75 
3901332,08 72 
3901385,95 70 
3902670,14 80 
3903396,11 83 
3904046,49 64 652
3906390,41 61 2317
3906995,54 151 
3907027,3 69 
3907337,16 93 
3907731,88 181 
3908525,72 103 
3908525,72 101 
3912544,83 100 
3912544,83 2
3912544,83 1666
3912544,83 10
3914552,66 25 
3914581,21 75 
3915939,05 72 
3915993,04 70 
3917282,04 80 
3918002,63 83 
3918917,53 64 916
3919318,05 256 
3919405,01 63 470
3919610,95 151 
3919649,01 69 
3920159,88 93 
3921000,74 183 
3921146,96 103 
3921146,96 101 
3925165,81 100 
3925165,81 2
3925165,81 1666
3925165,81 11
3927173,95 25 
3927203,4 75 
3928562,6 72 
3928614,32 70 
3929897,54 80 
3930637,3 83 
3933743,79 64 3108
3935450,4 61 1682
3936056,75 153 
3936090,24 68 
3936450,62 92 
3936450,62 65 
3936662,65 171 
3936943,17 256 
3937593,23 103 
3937593,23 101 
3938107,69 100 
3938107,69 2
3938107,69 1666
3938107,69 11
3940115,13 25 
3940145,78 75 
3941502,47 72 
3941556,85 70 
3942844,91 80 
3943565,17 83 
3944257,71 64 694
3944566,72 61 283
3945173,29 151 
3945211,3 69 
3945330,57 256 
3945856,87 181 
3946148,52 181 
3973357,31 182 
4002109,85 182 
4010909,56 182 
4011160,32 182 
4012200,04 182 
4013650,88 182 
4013868,38 182 
4014232,81 182 
4016408,9 181 
4016705,5 93 
4016719,25 103 
4016719,25 101 
4020738,68 100 
4020738,68 2
4020738,68 1666
4020738,68 11
4022746,13 25 
4022774,82 75 
4024133,61 72 
4024346,78 70 
4025678,02 80 
4026529,46 83 
4026861,69 64 334
4027284,17 256 
4027813,73 62 926
4028019,36 151 
4028056,76 69 
4028500,26 182 
4028997,44 93 
4029553,77 103 
4029553,77 101 
4033572,52 100 
4033572,52 2
4033572,52 1666
4033572,52 10
4035580,61 25 
4035609,45 75 
4036965,46 72 
4037127,84 70 
4038476,62 80 
4039310,61 83 
4040293,41 64 984
4040654,24 61 345
4041262,51 150 
4041298,32 68 
4041658,17 92 
4041658,17 65 
4041911,01 171 
4042801,36 103 
4042801,36 101 
4043315 100 
4043315 2
4043315 1666
4043315 10
4045323,73 25 
4045352,07 75 
4046711,82 72 
4046764,57 70 
4048050,29 80 
4048773,18 83 
4048884,45 64 113
4049118,61 61 213
4049723,57 150 
4049765,78 68 
4050125,41 92 
4050125,41 65 
4050468,75 171 
4051264,24 103 
4051264,24 101 
4051777,92 100 
4051777,92 2
4051777,92 1666
4051777,92 10
4053786,01 25 
4063784,66 254 
4063805,67 101 
4065818,02 100 
4065818,02 2
4065818,02 1666
4065818,02 10
4065818,02 25 
4067769,37 75 
4069127,31 72 
4069180,52 70 
4070470,36 80 
4071203,35 83 
4073841,92 64 2639
4073911,19 256 
4074307,59 61 440
4076065,94 150 
4076101,7 68 
4076461,12 92 
4076461,12 65 
4076915,94 171 
4077149,24 171 
4077599,55 103 
4077599,55 101 
4078113,3 100 
4078113,3 2
4078113,3 1666
4078113,3 11
4080121,27 25 
4080643,96 75 
4082001,9 72 
4082054,93 70 
4083339,63 80 
4084051,16 83 
4084485,75 64 436
4084776,92 63 273
4084876,83 256 
4085696,56 150 
4085737,11 68 
4086139,86 173 
4086636,87 92 
4086636,87 65 
4087235,4 103 
4087235,4 101 
4087749,43 100 
4087749,43 2
4087749,43 1666
4087749,43 10
4089757,1 25 
4089785,69 75 
4091144,41 72 
4091197,82 70 
4092481,54 80 
4093193,94 83 
4093671,85 64 479
4093897,51 61 198
4094505,82 150 
4094547,05 68 
4094978,02 171 
4095324,16 92 
4095324,16 65 
4096044,99 103 
4096044,99 101 
4096562,37 100 
4096562,37 2
4096562,37 1666
4096562,37 11
4098566,72 25 
4098596,22 75 
4099953,56 72 
4100007,21 70 
4101293,12 80 
4102016,81 83 
4102215,2 64 200
4102275,84 256 
4102857,53 63 615
4103063,82 150 
4103102,78 68 
4103614,94 92 
4103614,94 65 
4104601,27 103 
4104601,27 101 
4105114,93 100 
4105114,93 2
4105114,93 1666
4105114,93 10
4107123,03 25 
4107151,76 75 
4108510,1 72 
4108564,43 70 
4109845,3 80 
4110573,15 83 
4114630,5 64 4059
4114951,84 61 301
4115559,52 150 
4115586,76 68 
4115946,55 92 
4115946,55 65 
4116051,22 256 
4117089,29 103 
4117089,29 101 
4117603,21 100 
4117603,21 2
4117603,21 1666
4117603,21 11
4119610,94 25 
4120079,56 75 
4121439,13 72 
4121491,25 70 
4122773,18 80 
4123487,55 83 
4123969,09 64 482
4124214,86 256 
4124225,69 63 233
4124430,81 150 
4124462,85 68 
4124858,08 173 
4125354,73 92 
4125354,73 65 
4125965,46 103 
4125965,46 101 
4126479,16 100 
4126479,16 2
4126479,16 1666
4126479,16 11
4128487,18 25 
4128515,88 75 
4129874,57 72 
4129927,69 70 
4131210,92 80 
4131923,82 83 
4132156,46 64 234
4132362,11 256 
4132373,34 63 198
4132580,14 150 
4132618,73 68 
4133036,22 173 
4133533,52 92 
4133533,52 65 
4134121,92 103 
4134121,92 101 
4134635,57 100 
4134635,57 2
4134635,57 1666
4134635,57 10
4136643,68 25 
4136672,41 75 
4138030,11 72 
4138084,13 70 
4139374,46 80 
4140320,5 83 
4150536,15 64 10216
4150810,89 61 256
4151416,5 150 
4151456,24 68 
4151800,61 256 
4152172,81 171 
4152448 171 
4152794,76 92 
4152794,76 65 
4152954,02 103 
4152954,02 101 
4153467,63 100 
4153467,63 2
4153467,63 1666
4153467,63 11
4155475,72 25 
4155504,55 75 
4156861,37 72 
4157049,5 70 
4158387,67 80 
4159125,73 83 
4159852,95 64 728
4159887,94 256 
4160155 63 284
4160364,45 150 
4160398,66 68 
4160909,55 92 
4160909,55 65 
4161896,89 103 
4161896,89 101 
4162410,59 100 
4162410,59 2
4162410,59 1666
4162410,59 11
4164418,55 25 
4164447,37 75 
4165805,38 72 
4165859,26 70 
4167318,19 80 
4168201,86 83 
4168480,25 64 279
4168731,34 63 224
4168938,61 152 
4168981,33 69 
4169491,46 93 
4170479,88 103 
4170479,88 101 
4174499,89 100 
4174499,89 2
4174499,89 1666
4174499,89 10
4176506,73 25 
4176535,24 75 
4177893,03 72 
4178040,67 70 
4179402,12 80 
4180303,33 83 
4180646,64 64 345
4180875,6 61 199
4181483,28 150 
4181518 68 
4182025,68 171 
4182372,75 92 
4182372,75 65 
4183021,09 103 
4183021,09 101 
4183534,85 100 
4183534,85 2
4183534,85 1666
4183534,85 10
4185543,01 25 
4195541,79 254 
4195562,4 101 
4197574,85 100 
4197574,85 2
4197574,85 1666
4197574,85 10
4197574,85 25 
4207576,81 254 
4207597,01 101 
4209609,52 100 
4209609,52 2
4209609,52 1666
4209609,52 10
4209609,52 25 
4216158,4 75 
4217516,94 72 
4217676,81 70 
4218975,44 80 
4219700,38 83 
4256283,74 64 36585
4256679,43 61 370
4257285,74 150 
4257329,96 68 
4257690,77 92 
4257690,77 65 
4257969,69 256 
4258828,58 103 
4258828,58 101 
4259342,67 100 
4259342,67 2
4259342,67 1666
4259342,67 10
4261350,26 25 
4268815,59 75 
4270174,32 72 
4270227,4 70 
4271518,88 80 
4272250,39 83 
4278951,91 64 6702
4279372,08 61 392
4279977,47 150 
4280008,9 68 
4280392,41 171 
4280739,15 92 
4280739,15 65 
4281512,16 103 
4281512,16 101 
4282028,7 100 
4282028,7 2
4282028,7 1666
4282028,7 10
4284033,9 25 
4284062,41 75 
4285421,93 72 
4285474,27 70 
4286760,85 80 
4287497,18 83 
4288143,03 64 647
4288215,98 256 
4288448,24 61 285
4289053,68 150 
4289089,71 68 
4289448,05 92 
4289448,05 65 
4290182,75 171 
4290588,21 103 
4290588,21 101 
4291101,95 100 
4291101,95 2
4291101,95 1666
4291101,95 11
4293109,9 25 
4300495,57 75 
4301854,59 72 
4301907,16 70 
4303196,24 80 
4303930,11 83 
4304552,88 64 624
4305219,72 256 
4306387,75 62 1806
4306593,91 151 
4306629,43 69 
4307138,73 93 
4307662,15 182 
4308127,33 103 
4308127,33 101 
4312146,53 100 
4312146,53 2
4312146,53 1666
4312146,53 11
4314154,23 25 
4314183,82 75 
4315542,34 72 
4315594,75 70 
4316884,85 80 
4317617,97 83 
4317824,32 64 207
4318787,6 61 945
4319394,24 151 
4319436,64 69 
4319749,37 93 
4320084,53 181 
4320935,16 103 
4320935,16 101 
4324954,04 100 
4324954,04 2
4324954,04 1666
4324954,04 10
4326962,16 25 
4331229,01 75 
4332586,74 72 
4332734,17 70 
4334084,43 80 
4334943,55 83 
4336206,05 64 1263
4336256,64 256 
4336728,25 61 506
4337333,66 150 
4337375,97 68 
4337735,54 92 
4337735,54 65 
4337911,85 171 
4338874,11 103 
4338874,11 101 
4339388,1 100 
4339388,1 2
4339388,1 1666
4339388,1 11
4339388,1 79 
4341395,82 25 
4341425,15 75 
4342783,65 72 
4342929,81 70 
4344252,97 80 
4345085,78 83 
4347205,98 64 2121
4347478,33 61 247
4348084,17 151 
4348113,02 69 
4348421,15 93 
4348940,95 181 
4349062,7 181 
4349572,42 181 
4349616,19 103 
4349616,19 101 
4353635,01 100 
4353635,01 2
4353635,01 1666
4353635,01 11
4355643,07 25 
4365652,07 254 
4365662,67 101 
4367674,9 100 
4367674,9 2
4367674,9 1666
4367674,9 11
4367674,9 25 
4369585,97 75 
4370942,43 72 
4370998,67 70 
4372283,78 80 
4372950,42 250 
4372965,99 101 
4374981,32 100 
4374981,32 2
4374981,32 1666
4374981,32 11
4374981,32 25 
4377249,13 75 
4378607,27 72 
4378660,85 70 
4379945,56 80 
4380670,54 83 
4382467,75 64 1798
4382512,84 256 
4382915,9 61 420
4383523,91 151 
4383556,31 69 
4383865,87 93 
4384310,16 181 
4385054,09 103 
4385054,09 101 
4389073,48 100 
4389073,48 2
4389073,48 1666
4389073,48 10
4391081,21 25 
4391109,77 75 
4392467,22 72 
4392521,49 70 
4393802,43 80 
4394517,65 83 
4396488,31 64 1972
4397199,29 63 683
4397406,2 151 
4397442,94 69 
4398029,69 183 
4398527,49 93 
4398941,48 103 
4398941,48 101 
4402960,25 100 
4402960,25 2
4402960,25 1666
4402960,25 11
4404968,36 25 
4404997,05 75 
4406354,02 72 
4406408,83 70 
4407694,41 80 
4408431,71 83 
4413812,03 64 5381
4414304,96 61 476
4414910,63 153 
4414943,19 68 
4415304,15 92 
4415304,15 65 
4415439,39 256 
4416440,86 103 
4416440,86 101 
4416954,28 100 
4416954,28 2
4416954,28 1666
4416954,28 10
4418962,54 25 
4420910,22 75 
4422270,08 72 
4422321,9 70 
4423606,44 80 
4424318,19 83 
4425629,1 64 1311
4426235,53 61 586
4426840,81 150 
4426878,95 68 
4427241,92 92 
4427241,92 65 
4427483,26 256 
4428382,14 103 
4428382,14 101 
4428896,18 100 
4428896,18 2
4428896,18 1666
4428896,18 10
4430904,01 25 
4430933,43 75 
4432291,56 72 
4432344,34 70 
4433629,7 80 
4434353,99 83 
4436702,15 64 2349
4436998,59 61 273
4437606,44 150 
4437634,34 68 
4437948,51 256 
4438540,38 171 
4438758,98 171 
4439108,86 92 
4439108,86 65 
4439137,61 103 
4439137,61 101 
4439654,07 100 
4439654,07 2
4439654,07 1666
4439654,07 11
4441659,29 25 
4441688,08 75 
4443045,78 72 
4443099,67 70 
4444390,87 80 
4445269,43 83 
4446327,04 64 1058
4446757,17 256 
4447682,59 63 1335
4447889,65 150 
4447928,93 68 
4448529,02 173 
4449026,85 92 
4449026,85 65 
4449426,61 103 
4449426,61 101 
4449940,49 100 
4449940,49 2
4449940,49 1666
4449940,49 10
4451948,55 25 
4452070,8 75 
4453428,65 72 
4453575,41 70 
4454896,59 80 
4455731,55 83 
4456603,56 64 873
4456855,81 256 
4457249,69 63 626
4457455,09 151 
4457497,92 69 
4458006,16 93 
4458995,84 103 
4458995,84 101 
4463014,89 100 
4463014,89 2
4463014,89 1666
4463014,89 10
4465022,75 25 
4465051,54 75 
4466410,31 72 
4466463,25 70 
4467745,16 80 
4468472,87 83 
4469974,85 64 1503
4470545,2 61 554
4471150,44 150 
4471180,27 68 
4471540,16 92 
4471540,16 65 
4472339,48 171 
4472683,12 103 
4472683,12 101 
4473196,79 100 
4473196,79 2
4473196,79 1666
4473196,79 11
4475204,85 25 
4475233,54 75 
4476592,36 72 
4476645,35 70 
4477926,45 80 
4478654,87 83 
4479569,05 64 915
4479964,01 256 
4481579,89 63 1993
4481940,11 150 
4481979,94 68 
4482470,39 173 
4482968,32 92 
4482968,32 65 
4483478,47 103 
4483478,47 101 
