31,86 100 
31,86 2
31,86 1894
31,86 10
2033,41 25 
2537,66 75 
3746,99 72 
3995,98 70 
5431,17 80 
6482,93 83 
6824,01 64 341
6961,23 62 105
7020,99 239 
7712,63 151 
7751,81 69 
8264,02 93 
9125,13 183 
9256,43 103 
9256,43 101 
10168,03 100 
10168,03 2
10168,03 1894
10168,03 11
12181,11 25 
12204,98 75 
13412,82 72 
13630,24 70 
15029,87 80 
16079,39 83 
16648,46 64 571
16845,69 63 180
17053,43 150 
17092,92 68 
17368,51 239 
18282,48 173 
18505,4 173 
19002,18 92 
19002,18 65 
19037,19 103 
19037,19 101 
19550,82 100 
19550,82 2
19550,82 1894
19550,82 11
21558,88 25 
21587,54 75 
22795,24 72 
23012,92 70 
24417,82 80 
25462,1 83 
26635,28 64 1174
26679,22 239 
26982,99 63 322
27190,56 150 
27227,79 68 
27741,8 92 
27741,8 65 
28726,49 103 
28726,49 101 
29240,69 100 
29240,69 2
29240,69 1894
29240,69 11
31248,29 25 
31277,65 75 
32486,5 72 
32702,19 70 
34113,68 80 
35178,05 83 
35617,62 64 441
35870,8 63 227
36078,82 150 
36112,88 68 
36534,06 239 
37734,37 173 
38164,76 173 
38906,82 173 
39119,31 173 
40307,62 173 
40589,56 173 
41087,47 92 
41087,47 65 
41107,99 103 
41107,99 101 
41621,59 100 
41621,59 2
41621,59 1894
41621,59 11
43629,79 25 
44138,06 75 
45346,75 72 
45563,31 70 
46977,86 80 
48026,01 83 
48606,75 64 582
48890,56 63 266
49054,11 239 
49873,72 150 
49912,63 68 
50538,76 172 
50611,36 172 
51558,25 172 
51799,97 172 
52875,08 173 
53825,1 173 
54011,2 173 
54508,49 92 
54508,49 65 
54529,02 103 
54529,02 101 
55042,61 100 
55042,61 2
55042,61 1894
55042,61 10
57050,69 25 
57079,17 75 
58287,61 72 
58491,32 70 
59903,31 80 
60954,18 83 
61259,6 64 307
61458,11 61 172
61567,35 152 
61600,85 69 
62060,95 93 
62185,97 239 
62757,79 181 
63098,89 103 
63098,89 101 
64013,01 100 
64013,01 2
64013,01 1894
64013,01 11
66020,28 25 
67874,96 75 
67882,8 250 
67896,17 101 
69912,01 100 
69912,01 2
69912,01 1894
69912,01 11
69912,01 25 
69936,83 75 
71144,82 72 
71365,92 70 
72793,56 80 
73828,55 83 
74307,16 64 479
74564,6 63 231
74771,56 150 
74809,04 68 
74854,4 239 
76583,5 173 
76821,39 173 
77320,55 92 
77320,55 65 
77346,15 103 
77346,15 101 
77860,43 100 
77860,43 2
77860,43 1894
77860,43 10
79867,96 25 
79896,57 75 
81104,69 72 
81321,83 70 
82683,26 80 
83531,17 83 
84094,11 64 564
84280,7 62 164
84485,87 151 
84519,23 69 
85035,21 93 
85068,48 239 
85752,99 182 
86022,46 103 
86022,46 101 
86935,86 100 
86935,86 2
86935,86 1894
86935,86 10
88944,05 25 
88974,84 75 
90183 72 
90224,65 70 
91573,1 80 
92420,83 83 
93264,92 64 845
93508,42 61 222
93614,49 150 
93653,35 68 
94116,41 92 
94116,41 65 
94185,09 239 
95151,84 103 
95151,84 101 
95665,46 100 
95665,46 2
95665,46 1894
95665,46 10
97673,49 25 
97702,21 75 
98910,15 72 
98954,5 70 
100303,51 80 
101137,02 83 
101421 64 285
101487,86 239 
101742,48 61 300
101848,94 150 
101885,38 68 
103098,77 171 
103596,31 171 
104043,99 92 
104043,99 65 
104068,14 103 
104068,14 101 
104584,59 100 
104584,59 2
104584,59 1894
104584,59 10
106589,87 25 
106618,81 75 
107827,16 72 
107871,56 70 
109221,51 80 
110066,67 83 
110532,93 64 467
110757,63 61 199
110863,93 150 
110899,27 68 
111360,36 92 
111360,36 65 
112397,91 103 
112397,91 101 
112911,56 100 
112911,56 2
112911,56 1894
112911,56 11
114919,81 25 
114948,31 75 
116155,91 72 
116200,45 70 
117556,7 80 
118383 83 
119078,99 64 697
119338,26 63 236
119545,61 152 
119584,42 69 
120094,7 93 
120146,04 239 
120802,58 181 
121087,61 103 
121087,61 101 
122001,8 100 
122001,8 2
122001,8 1894
122001,8 11
124009,35 25 
124037,83 75 
125245,24 72 
125290,2 70 
126642,44 80 
127486,04 83 
127873,05 64 388
128107,61 61 210
128215,1 151 
128252,01 69 
128715,17 93 
129750,67 103 
129750,67 101 
130664,1 100 
130664,1 2
130664,1 1894
130664,1 10
132672,72 25 
136699,2 75 
136751,14 250 
136760,34 101 
138776,36 100 
138776,36 2
138776,36 1894
138776,36 10
138776,36 25 
138801,17 75 
140008,28 72 
140056,86 70 
141405,54 80 
142239,74 83 
142668,69 64 430
142882,21 62 190
143087,99 151 
143125,98 69 
143640,07 239 
144243,84 182 
144672,75 183 
144775,75 183 
145190,02 183 
145914,6 182 
146645,12 183 
147867,37 181 
148452,55 182 
148949,84 93 
148969,3 103 
148969,3 101 
149883,02 100 
149883,02 2
149883,02 1894
149883,02 10
151891,03 25 
151919,91 75 
153127,45 72 
153171,49 70 
154522,43 80 
155367,57 83 
156509,95 64 1143
156825,7 61 299
156930,61 150 
156973,21 68 
157437,31 92 
157437,31 65 
158471,97 103 
158471,97 101 
158985,53 100 
158985,53 2
158985,53 1894
158985,53 11
160993,83 25 
161022,61 75 
162229,56 72 
162274,49 70 
163622,57 80 
164470,4 83 
165016,91 64 547
165222,54 62 180
165429,9 151 
165465,02 69 
165977,48 93 
166174,39 239 
166345,52 182 
166961,91 103 
166961,91 101 
167875,29 100 
167875,29 2
167875,29 1894
167875,29 11
169883,46 25 
177468,96 75 
178677,35 72 
178720,74 70 
180068,54 80 
180916,9 83 
181362,73 64 447
181573,95 63 190
181779,98 150 
181816,42 68 
182326,52 92 
182326,52 65 
183315,15 103 
183315,15 101 
183828,93 100 
183828,93 2
183828,93 1894
183828,93 10
185836,84 25 
185865,36 75 
187073,09 72 
187290,62 70 
188653,88 80 
189500,17 83 
189775,75 64 277
190007,03 61 215
190114,43 150 
190146,3 68 
190608,92 92 
190608,92 65 
191645,01 103 
191645,01 101 
192158,9 100 
192158,9 2
192158,9 1894
192158,9 11
194166,72 25 
194195,25 75 
195403,53 72 
195447,62 70 
196797,22 80 
197643,41 83 
197924,06 64 282
198110,53 61 162
198216,35 151 
198245,1 69 
198704,17 93 
199649,92 183 
199748,19 103 
199748,19 101 
200662,21 100 
200662,21 2
200662,21 1894
200662,21 10
202669,74 25 
202805,06 75 
203079,73 250 
203092,54 101 
205108,49 100 
205108,49 2
205108,49 1894
205108,49 10
205108,49 25 
205586,46 75 
206794,68 72 
206842,5 70 
208198,18 80 
209038,61 83 
209494,6 64 457
209755,04 61 237
209862,23 150 
209899 68 
210362,1 92 
210362,1 65 
211396,45 103 
211396,45 101 
211913,91 100 
211913,91 2
211913,91 1894
211913,91 10
213918,26 25 
213946,91 75 
215154,31 72 
215198,67 70 
216548,78 80 
217394,93 83 
217689,23 64 295
217853,61 61 140
217959,98 150 
218001,73 68 
218460,59 92 
218460,59 65 
219499,76 103 
219499,76 101 
220013,45 100 
220013,45 2
220013,45 1894
220013,45 10
222021,45 25 
222050,41 75 
223258,26 72 
223301,91 70 
224652,36 80 
225498,21 83 
225777,76 64 281
225952,6 61 149
226058,48 152 
226091,61 69 
226550,09 93 
226635,92 239 
227589,7 103 
227589,7 101 
228503,14 100 
228503,14 2
228503,14 1894
228503,14 10
230511,24 25 
230539,92 75 
231747,64 72 
231791,72 70 
233149,19 80 
234001,33 83 
234210,87 64 210
234436,37 61 210
234544,25 150 
234581,44 68 
235040,44 92 
235040,44 65 
236079,5 103 
236079,5 101 
236593,33 100 
236593,33 2
236593,33 1894
236593,33 11
238601,21 25 
238630,78 75 
239837,36 72 
239882,6 70 
241230,6 80 
242064,79 83 
242565,14 64 501
242814 63 230
243020,52 150 
243057,22 68 
243570,22 92 
243570,22 65 
244555,95 103 
244555,95 101 
245069,63 100 
245069,63 2
245069,63 1894
245069,63 10
247077,9 25 
247106,54 75 
248312,41 72 
248359,18 70 
249706,77 80 
250554,36 83 
250929,9 64 375
251151,38 61 199
251260,81 150 
251294,06 68 
251755,77 92 
251755,77 65 
252792,5 103 
252792,5 101 
253306,37 100 
253306,37 2
253306,37 1894
253306,37 11
255314,41 25 
255343 75 
256550,94 72 
256595,28 70 
257948,99 80 
258791 83 
259381,95 64 592
259600,63 61 198
259710,62 151 
259739,42 69 
260199,4 93 
261104,5 183 
261242,3 103 
261242,3 101 
262155,75 100 
262155,75 2
262155,75 1894
262155,75 11
264163,78 25 
264193,25 75 
265401,32 72 
265445,25 70 
266794,99 80 
267627,21 83 
267979,55 64 353
268217,25 61 218
268323,94 151 
268366,99 69 
268828,41 93 
269633,85 183 
269661,81 239 
269820,7 183 
269865,45 103 
269865,45 101 
270778,84 100 
270778,84 2
270778,84 1894
270778,84 10
272786,93 25 
272815,56 75 
274024,15 72 
274067,46 70 
275417,6 80 
276263,59 83 
276522,78 64 260
276619,42 239 
276894,64 61 352
277001,64 150 
277043,18 68 
277503,4 92 
277503,4 65 
278541,67 103 
278541,67 101 
279056,03 100 
279056,03 2
279056,03 1894
279056,03 11
281063,73 25 
281091,98 75 
282299,59 72 
282343,88 70 
283701,97 80 
284553,53 83 
285012,68 64 460
285204,47 62 172
285412,4 151 
285453,79 69 
285967,02 93 
286951,49 103 
286951,49 101 
287865,11 100 
287865,11 2
287865,11 1894
287865,11 11
289873,37 25 
289901,78 75 
291110,5 72 
291353,8 70 
292817,72 80 
293896,41 83 
294033,04 64 137
294289,91 63 235
294495,6 150 
294529,42 68 
295040,09 92 
295040,09 65 
296027,87 103 
296027,87 101 
296545,08 100 
296545,08 2
296545,08 1894
296545,08 10
298549,58 25 
298580,47 75 
299787,19 72 
300003,48 70 
301417,1 80 
302466,15 83 
302970,56 64 506
303221,66 61 224
303327,01 150 
303365,78 68 
303832,53 92 
303832,53 65 
304864,22 103 
304864,22 101 
305378,48 100 
305378,48 2
305378,48 1894
305378,48 11
307385,92 25 
307414,51 75 
308622,08 72 
308840,2 70 
310253,49 80 
311315,98 83 
311945 64 630
312145,11 63 177
312352,99 150 
312389,11 68 
312565,47 239 
313843,24 173 
314211,77 173 
314709,11 92 
314709,11 65 
314726,74 103 
314726,74 101 
315240,39 100 
315240,39 2
315240,39 1894
315240,39 11
317248,73 25 
317277,25 75 
318483,82 72 
318689,18 70 
320106,01 80 
321151,89 83 
321948,03 64 797
322171,56 61 194
322277,76 151 
322313,13 69 
322770,53 93 
323816,25 103 
323816,25 101 
324729,66 100 
324729,66 2
324729,66 1894
324729,66 11
326737,81 25 
326766,51 75 
327974,33 72 
328191,69 70 
329600,74 80 
330654,48 83 
331194,14 64 540
331502,66 63 290
331710,18 150 
331753,69 68 
332265,03 92 
332265,03 65 
333252,27 103 
333252,27 101 
333766,08 100 
333766,08 2
333766,08 1894
333766,08 11
335774,06 25 
335803,54 75 
337010,82 72 
337227,98 70 
338656,53 80 
339704,62 83 
340399,69 64 697
340643,04 63 220
340849,3 150 
340883,25 68 
341393,54 92 
341393,54 65 
342381,83 103 
342381,83 101 
342895,89 100 
342895,89 2
342895,89 1894
342895,89 10
344903,5 25 
344935,16 75 
346143,37 72 
346357,32 70 
347772,86 80 
348820,73 83 
349644,29 64 825
349884,56 61 212
349989,68 150 
350026,27 68 
350489,42 92 
350489,42 65 
351524,67 103 
351524,67 101 
352038,5 100 
352038,5 2
352038,5 1894
352038,5 10
354046,35 25 
354075,11 75 
355283,21 72 
355500,18 70 
356920,56 80 
357963,02 83 
358393,88 64 432
358436,29 239 
358708,24 61 293
358813,53 152 
358848,97 69 
359311,48 93 
360347,64 103 
360347,64 101 
361261,65 100 
361261,65 2
361261,65 1894
361261,65 10
363269,8 25 
363884,38 75 
365092,67 72 
365309,51 70 
366733,14 80 
367798,79 83 
368259,53 64 462
368474,79 63 197
368680,71 151 
368724,87 69 
369237,31 93 
370223,5 103 
370223,5 101 
371137,44 100 
371137,44 2
371137,44 1894
371137,44 11
373145,02 25 
373173,95 75 
374381,07 72 
374586,09 70 
376009,85 80 
377048,3 83 
377815,54 64 769
378081,27 63 247
378288,48 150 
378320,86 68 
378836,17 92 
378836,17 65 
379819,48 103 
379819,48 101 
380333,1 100 
380333,1 2
380333,1 1894
380333,1 10
382341,39 25 
382369,79 75 
383581,37 72 
383795,13 70 
385219,23 80 
386271,09 83 
386919,87 64 650
387142,78 61 206
387249,47 150 
387290,51 68 
387753,76 92 
387753,76 65 
388789,07 103 
388789,07 101 
389307,27 100 
389307,27 2
389307,27 1894
389307,27 10
391310,75 25 
391339,47 75 
392547,94 72 
392764,85 70 
394178,01 80 
395213,96 83 
395807,25 64 594
396097,26 61 271
396205,28 150 
396247,57 68 
396706,22 92 
396706,22 65 
397745,93 103 
397745,93 101 
398258,9 100 
398258,9 2
398258,9 1894
398258,9 10
400266,99 25 
400295,84 75 
401503,08 72 
401720,97 70 
403132,08 80 
404156,93 83 
404927,28 64 771
405189,57 63 234
405397,21 151 
405429,75 69 
405942,11 93 
406928,21 103 
406928,21 101 
407841,56 100 
407841,56 2
407841,56 1894
407841,56 11
409849,79 25 
409878,51 75 
411086,67 72 
411130,29 70 
412484,22 80 
413326,65 83 
413863,46 64 538
414520,7 63 636
414728,57 150 
414772,34 68 
415286,93 92 
415286,93 65 
416270,9 103 
416270,9 101 
416784,75 100 
416784,75 2
416784,75 1894
416784,75 11
418792,63 25 
418821,25 75 
420030,15 72 
420073,12 70 
421423,38 80 
422256,16 83 
422987,18 64 732
423265,32 63 250
423470,52 150 
423502,06 68 
424018,35 92 
424018,35 65 
425000,54 103 
425000,54 101 
425514,24 100 
425514,24 2
425514,24 1894
425514,24 10
427522,48 25 
427550,96 75 
428759,4 72 
428802,92 70 
430154,48 80 
430999,03 83 
431533,86 64 536
431769,08 61 211
431875,54 152 
431907,53 69 
432369,91 93 
433410,21 103 
433410,21 101 
434324,19 100 
434324,19 2
434324,19 1894
434324,19 10
436331,83 25 
436360,41 75 
437568,87 72 
437612,25 70 
438962,4 80 
439808,69 83 
440390,4 64 583
440833,94 63 427
441039,23 151 
441081,32 69 
441593,09 93 
442579,69 103 
442579,69 101 
443493,37 100 
443493,37 2
443493,37 1894
443493,37 11
445501,98 25 
446211,66 75 
447421,16 72 
447461,47 70 
448811,82 80 
449657,68 83 
450397,2 64 740
450581,08 63 164
450787,96 150 
450824,41 68 
450944,97 239 
452617,7 173 
453113,51 92 
453113,51 65 
453135,26 103 
453135,26 101 
453649,57 100 
453649,57 2
453649,57 1894
453649,57 10
455656,98 25 
455686,22 75 
456894,25 72 
456937,69 70 
458294,7 80 
459147,08 83 
460069,79 64 924
460404,8 61 312
460509,99 150 
460553,19 68 
461015,17 92 
461015,17 65 
462051,57 103 
462051,57 101 
462565,24 100 
462565,24 2
462565,24 1894
462565,24 11
464573,42 25 
464602,1 75 
465810,05 72 
465853,82 70 
467203,1 80 
468036,96 83 
468673,13 64 637
468976,3 61 275
469084,63 151 
469118,1 69 
469577,01 93 
470621,33 103 
470621,33 101 
471534,95 100 
471534,95 2
471534,95 1894
471534,95 11
473542,95 25 
473571,51 75 
474778,49 72 
474823,56 70 
476172,95 80 
477019,87 83 
477718,64 64 700
478028,28 63 290
478235,26 150 
478266,86 68 
478776,55 92 
478776,55 65 
479764,12 103 
479764,12 101 
480281,04 100 
480281,04 2
480281,04 1894
480281,04 10
482286,25 25 
482314,38 75 
483521,89 72 
483566,53 70 
484918,44 80 
485749,22 83 
486257,7 64 509
486492,97 61 211
486598,75 150 
486635,38 68 
487097,61 92 
487097,61 65 
488134,02 103 
488134,02 101 
488648,33 100 
488648,33 2
488648,33 1894
488648,33 10
490655,61 25 
491017,69 75 
492225,12 72 
492269,48 70 
493620,27 80 
494465,59 83 
495273,03 64 808
495477,98 63 187
495684,3 151 
495725,28 69 
496239,61 93 
496982,41 182 
497223,45 103 
497223,45 101 
498137,21 100 
498137,21 2
498137,21 1894
498137,21 10
500145,03 25 
500173,7 75 
501381,29 72 
501425,72 70 
502775,35 80 
503621,97 83 
503882,67 64 262
504057,41 61 156
504162,8 150 
504201,5 68 
504664,86 92 
504664,86 65 
505700,1 103 
505700,1 101 
506213,87 100 
506213,87 2
506213,87 1894
506213,87 11
508221,89 25 
508250,42 75 
509458,53 72 
509702,45 70 
511159,99 80 
512245,08 83 
512890,4 64 646
513125,98 63 216
513332,3 150 
513370,94 68 
513887,16 92 
513887,16 65 
514869,57 103 
514869,57 101 
515383,25 100 
515383,25 2
515383,25 1894
515383,25 11
517391,27 25 
517420,5 75 
518627,78 72 
518872,13 70 
520330,79 80 
521427,87 83 
522043,91 64 617
522316,73 63 250
522523,23 150 
522554,42 68 
523063,93 92 
523063,93 65 
524052,41 103 
524052,41 101 
524566,45 100 
524566,45 2
524566,45 1894
524566,45 11
526574,86 25 
526602,82 75 
527811,02 72 
528041,43 70 
529502,32 80 
530570,69 83 
530986,74 64 417
531225,4 61 216
531333,08 151 
531377,35 69 
531841,85 93 
532875,37 103 
532875,37 101 
533788,86 100 
533788,86 2
533788,86 1894
533788,86 10
535796,93 25 
535827,05 75 
537034,02 72 
537250,8 70 
538664,1 80 
539713,53 83 
540347,81 64 635
540612,6 63 247
540819,54 151 
540848,4 69 
541357,48 93 
541639,75 239 
542351,41 103 
542351,41 101 
543265,18 100 
543265,18 2
543265,18 1894
543265,18 11
545272,93 25 
545302,34 75 
546512,31 72 
546726,87 70 
548136,04 80 
549189,56 83 
549859,96 64 671
550150,95 63 269
550356,96 152 
550391 69 
550900,82 93 
551395,58 239 
551573,25 182 
551762,29 181 
551894,16 103 
551894,16 101 
552807,58 100 
552807,58 2
552807,58 1894
552807,58 11
554815,65 25 
554844,35 75 
556051,95 72 
556256,48 70 
557668,76 80 
558705,53 83 
559773,69 64 1069
560093,42 61 295
560198,48 151 
560226,73 69 
560686,38 93 
561730,03 103 
561730,03 101 
562643,37 100 
562643,37 2
562643,37 1894
562643,37 10
564651,67 25 
565186,57 75 
566396,15 72 
566611,89 70 
568025,9 80 
569074,66 83 
569706,3 64 632
569910,98 61 184
570017,69 150 
570053,81 68 
570515,25 92 
570515,25 65 
571552,55 103 
571552,55 101 
572069,69 100 
572069,69 2
572069,69 1894
572069,69 11
574074,65 25 
574102,97 75 
575311,43 72 
575514,91 70 
576935,58 80 
578004,19 83 
578831,64 64 829
579084,95 61 229
579192,1 153 
579223,91 68 
579688,21 92 
579688,21 65 
580722,04 103 
580722,04 101 
581236,32 100 
581236,32 2
581236,32 1894
581236,32 11
583244,42 25 
583272,39 75 
584481,61 72 
584697,64 70 
586066,3 80 
586907,14 83 
588100,61 64 1195
588336,24 61 217
588441,47 151 
588482,02 69 
588942,58 93 
589145,3 239 
589985,47 103 
589985,47 101 
590898,16 100 
590898,16 2
590898,16 1894
590898,16 11
592906,34 25 
592935,19 75 
594143,2 72 
594187,82 70 
595536,56 80 
596383,18 83 
597123,79 64 741
597399,75 61 258
597506,58 151 
597545,24 69 
598007,99 93 
598789,47 183 
599048,18 103 
599048,18 101 
599961,16 100 
599961,16 2
599961,16 1894
599961,16 10
601969,02 25 
602064,16 75 
603273,36 72 
603316,37 70 
604665,11 80 
605512,45 83 
606435,54 64 924
606691,57 239 
606705,86 61 248
606811,07 150 
606851,85 68 
607315,39 92 
607315,39 65 
608350,86 103 
608350,86 101 
608863,83 100 
608863,83 2
608863,83 1894
608863,83 10
610872,57 25 
610901,11 75 
612107,78 72 
612152,6 70 
613502,96 80 
614335,42 83 
615607,07 64 1272
615830,77 61 204
615937,55 150 
615981,15 68 
616440,91 92 
616440,91 65 
617479,79 103 
617479,79 101 
617994,27 100 
617994,27 2
617994,27 1894
617994,27 10
620001,55 25 
620030,42 75 
621237,46 72 
621282,1 70 
622632,82 80 
623465,03 83 
624576,48 64 1113
624812,95 61 216
624919,86 150 
624951,02 68 
625410,88 92 
625410,88 65 
626449,37 103 
626449,37 101 
626963,13 100 
626963,13 2
626963,13 1894
626963,13 11
628971,46 25 
629000,52 75 
630208,39 72 
630252,55 70 
631609,42 80 
632461,14 83 
632984,58 64 525
633266,56 63 260
633472,63 150 
633507,36 68 
634017,86 92 
634017,86 65 
635005,76 103 
635005,76 101 
635519,43 100 
635519,43 2
635519,43 1894
635519,43 11
637527,56 25 
637556,11 75 
638763,88 72 
638808,06 70 
640166,15 80 
641004,18 83 
642141,84 64 1138
642418,24 61 255
642525,8 151 
642556,9 69 
643015,67 93 
643977,2 183 
644055,32 103 
644055,32 101 
644968,98 100 
644968,98 2
644968,98 1894
644968,98 10
646976,93 25 
647005,8 75 
648214,19 72 
648257,42 70 
649606,58 80 
650453,61 83 
651058,46 64 606
651317,97 63 239
651523,79 151 
651566,21 69 
652076,53 93 
652324,8 239 
652426,44 182 
652543,39 181 
653064,86 103 
653064,86 101 
653978,49 100 
653978,49 2
653978,49 1894
653978,49 10
655986,45 25 
656015,87 75 
657224,17 72 
657266,91 70 
658617,82 80 
659449,82 83 
659973,92 64 525
660276,89 61 281
660382,73 150 
660417,03 68 
660879,89 92 
660879,89 65 
661914,48 103 
661914,48 101 
662431,12 100 
662431,12 2
662431,12 1894
662431,12 10
664436,82 25 
664465,16 75 
665672,93 72 
665716,8 70 
667068,56 80 
667913,04 83 
668457,83 64 546
668692,97 61 208
668798,24 152 
668839,96 69 
669302,5 93 
670240,54 183 
670337,62 103 
670337,62 101 
671251,83 100 
671251,83 2
671251,83 1894
671251,83 11
673259,19 25 
673288,3 75 
674495,88 72 
674539,8 70 
675890,59 80 
676736,01 83 
677579,3 64 845
677845,44 61 244
677951,68 151 
677982,52 69 
678441,59 93 
679481,32 103 
679481,32 101 
680394,73 100 
680394,73 2
680394,73 1894
680394,73 11
682402,13 25 
682430,94 75 
683639,49 72 
683682,9 70 
685032,88 80 
686132,24 83 
686680,31 64 549
686952,23 63 248
687159,84 150 
687192,18 68 
687705,45 92 
687705,45 65 
688690,13 103 
688690,13 101 
689204,51 100 
689204,51 2
689204,51 1894
689204,51 11
691211,81 25 
691240,56 75 
692449,54 72 
692679,2 70 
694144,1 80 
695248,42 83 
695729,51 64 483
695985,36 63 231
696192,07 150 
696227,65 68 
696744,15 92 
696744,15 65 
697726,87 103 
697726,87 101 
698240,04 100 
698240,04 2
698240,04 1894
698240,04 11
700248,05 25 
700276,97 75 
701484,92 72 
701715,51 70 
703178,21 80 
704271,32 83 
704981,74 64 712
705258,94 63 256
705466,21 150 
705503,88 68 
706013,13 92 
706013,13 65 
707002,46 103 
707002,46 101 
707516,08 100 
707516,08 2
707516,08 1894
707516,08 10
709524,2 25 
709566,36 75 
710774,06 72 
710991,71 70 
712403,16 80 
713467,39 83 
714314,26 64 848
714524,35 61 191
714631,7 150 
714673,32 68 
715130,65 92 
715130,65 65 
716171,95 103 
716171,95 101 
716686,46 100 
716686,46 2
716686,46 1894
716686,46 11
718693,84 25 
718722,39 75 
719930,79 72 
720148,03 70 
721563,73 80 
722597,01 83 
723523,66 64 928
723792,68 63 251
723999,87 150 
724043,02 68 
724555,79 92 
724555,79 65 
725541,4 103 
725541,4 101 
726055,23 100 
726055,23 2
726055,23 1894
726055,23 10
728063,53 25 
728091,9 75 
729299,6 72 
729503,82 70 
730915,89 80 
731953,38 83 
732825,43 64 873
733035,17 61 190
733142,05 150 
733185,53 68 
733645,29 92 
733645,29 65 
734684,21 103 
734684,21 101 
735197,98 100 
735197,98 2
735197,98 1894
735197,98 10
737206,49 25 
737234,56 75 
738443,65 72 
738659,76 70 
740081,71 80 
741149,23 83 
741585,45 64 438
741771,77 61 171
741876,68 150 
741915,18 68 
742376,73 92 
742376,73 65 
743413,91 103 
743413,91 101 
743927,64 100 
743927,64 2
743927,64 1894
743927,64 10
745935,72 25 
745964,58 75 
747172,41 72 
747389,75 70 
748825,5 80 
749865,47 83 
750519,23 64 654
750748,82 63 205
750956,1 151 
750986,9 69 
751497,28 93 
751898,28 239 
752245,77 183 
752490,12 103 
752490,12 101 
753406,72 100 
753406,72 2
753406,72 1894
753406,72 11
755411,91 25 
756026,67 75 
757235,67 72 
757451,96 70 
758878,59 80 
759915,63 83 
760444,09 64 530
760718,12 63 258
760923,84 150 
760961,9 68 
761472,55 92 
761472,55 65 
762459,27 103 
762459,27 101 
762973,09 100 
762973,09 2
762973,09 1894
762973,09 11
764980,99 25 
765009,52 75 
766216,71 72 
766421,54 70 
767831,86 80 
768857,51 83 
769193,72 64 337
769411,84 63 196
769617,94 150 
769650,61 68 
770158,97 92 
770158,97 65 
771149,6 103 
771149,6 101 
771662,59 100 
771662,59 2
771662,59 1894
771662,59 11
773671,45 25 
773699,3 75 
774906,82 72 
774951,25 70 
776301,78 80 
777134,31 83 
778122,66 64 990
778361,78 63 216
778566,54 150 
778606,34 68 
779115,84 92 
779115,84 65 
780104,99 103 
780104,99 101 
780618,8 100 
780618,8 2
780618,8 1894
780618,8 11
782626,98 25 
782655,44 75 
783864,02 72 
783907,26 70 
785254,68 80 
786090,43 83 
786840,59 64 752
787080,74 61 219
787187,96 151 
787229,61 69 
787694,59 93 
788728,08 103 
788728,08 101 
789641,74 100 
789641,74 2
789641,74 1894
789641,74 10
791650,07 25 
794357,29 75 
795566,04 72 
795609,43 70 
796968,09 80 
797818,53 83 
798358,48 64 541
798659,48 63 282
798867,73 153 
798904,44 68 
799417,59 92 
799417,59 65 
800403,26 103 
800403,26 101 
800916,87 100 
800916,87 2
800916,87 1894
800916,87 10
802924,96 25 
802953,56 75 
804161,23 72 
804205,88 70 
805561,99 80 
806414,94 83 
806968,47 64 555
807242,72 239 
807257,23 61 270
807365,1 150 
807407,72 68 
807868,94 92 
807868,94 65 
808906,34 103 
808906,34 101 
809420,06 100 
809420,06 2
809420,06 1894
809420,06 10
811428,12 25 
811456,61 75 
812664,86 72 
812708,53 70 
814059 80 
814904,72 83 
815643,5 64 740
815879,86 61 216
815985,89 150 
816017,9 68 
816478,9 92 
816478,9 65 
817515,99 103 
817515,99 101 
818029,93 100 
818029,93 2
818029,93 1894
818029,93 10
820037,73 25 
820066,49 75 
821272,67 72 
821318,29 70 
822676,82 80 
823527,82 83 
824158,26 64 632
824377,9 61 198
824484,18 150 
824521,15 68 
824978,78 92 
824978,78 65 
826019,13 103 
826019,13 101 
826532,89 100 
826532,89 2
826532,89 1894
826532,89 10
828541,58 25 
828569,82 75 
829776,74 72 
829823,13 70 
831179,79 80 
832031,75 83 
832770,95 64 741
832994,94 63 205
833200,13 151 
833232,23 69 
833745,68 93 
834123,77 239 
834735,46 103 
834735,46 101 
835649,26 100 
835649,26 2
835649,26 1894
835649,26 11
837657,03 25 
837686,06 75 
838893 72 
838937,54 70 
840288 80 
841120,46 83 
843072,1 64 1952
843312,15 63 220
843517,6 150 
843553,86 68 
844065,29 92 
844065,29 65 
845051,15 103 
845051,15 101 
845568,45 100 
845568,45 2
845568,45 1894
845568,45 10
847573,09 25 
847601,45 75 
848809,38 72 
848853,43 70 
850209,29 80 
851036,64 83 
851537,56 64 502
851751,48 61 197
851859,14 150 
851895,69 68 
852355,88 92 
852355,88 65 
853394,3 103 
853394,3 101 
853907,97 100 
853907,97 2
853907,97 1894
853907,97 11
855916,14 25 
855944,77 75 
857152,13 72 
857196,78 70 
858547,72 80 
859392,8 83 
859921,43 64 530
859968,9 239 
860288,37 61 351
860395,08 151 
860434,31 69 
860897,69 93 
861150,54 239 
861937,4 103 
861937,4 101 
862851,46 100 
862851,46 2
862851,46 1894
862851,46 11
864858,95 25 
865793,79 75 
867003,49 72 
867045,83 70 
868395,88 80 
869495,48 83 
869957,53 64 464
870251,7 63 278
870457,19 150 
870488,37 68 
871001,82 92 
871001,82 65 
871986,9 103 
871986,9 101 
872500,67 100 
872500,67 2
872500,67 1894
872500,67 10
874509,12 25 
874537,42 75 
875745,79 72 
875989,01 70 
877440,18 80 
878504,94 83 
878963,64 64 460
879206,83 61 223
879312,79 150 
879351,06 68 
879812,28 92 
879812,28 65 
880849,69 103 
880849,69 101 
881363,32 100 
881363,32 2
881363,32 1894
881363,32 10
883371,99 25 
883400,07 75 
884607,59 72 
884812,2 70 
886221,74 80 
887275,48 83 
888353,63 64 1080
888565,06 61 185
888671,06 152 
888702,53 69 
889164,07 93 
890205,78 103 
890205,78 101 
891119,15 100 
891119,15 2
891119,15 1894
891119,15 10
893127,31 25 
893156,85 75 
894364,3 72 
894581,58 70 
896006,26 80 
897070,59 83 
897235,2 64 165
897467,72 61 212
897574,74 150 
897611,15 68 
898071,45 92 
898071,45 65 
899108,72 103 
899108,72 101 
899622,63 100 
899622,63 2
899622,63 1894
899622,63 11
901630,37 25 
901659,34 75 
902866,6 72 
903084,34 70 
904513,03 80 
905560,26 83 
906327,27 64 768
906624,47 63 279
906831,93 150 
906873,7 68 
907387,09 92 
907387,09 65 
908371,53 103 
908371,53 101 
908885,07 100 
908885,07 2
908885,07 1894
908885,07 11
910893,16 25 
910921,94 75 
912130,11 72 
912347,05 70 
913777,02 80 
914823,05 83 
915549,32 64 727
915814,4 63 245
916020,59 150 
916055,88 68 
916569,65 92 
916569,65 65 
917554,27 103 
917554,27 101 
918068,75 100 
918068,75 2
918068,75 1894
918068,75 11
920076,42 25 
920104,87 75 
921312,71 72 
921516,76 70 
922935,65 80 
923965,93 83 
924676,81 64 712
924976,68 61 279
925084,03 151 
925113,91 69 
925571,68 93 
926617,29 103 
926617,29 101 
927530,54 100 
927530,54 2
927530,54 1894
927530,54 10
929538,71 25 
929567,45 75 
930775,54 72 
930979,45 70 
932390,9 80 
933428,62 83 
933673,03 64 245
933948,02 63 254
934154,65 151 
934194,75 69 
934708,89 93 
935693,39 103 
935693,39 101 
936610,48 100 
936610,48 2
936610,48 1894
936610,48 11
938614,98 25 
938643,53 75 
939852,42 72 
940068,91 70 
941433,85 80 
942265,02 83 
942761,65 64 498
943261,14 61 477
943367,49 151 
943399,57 69 
943862,64 93 
944902,88 103 
944902,88 101 
945816,48 100 
945816,48 2
945816,48 1894
945816,48 11
947824,34 25 
947853,15 75 
949061,31 72 
949104,95 70 
950452,08 80 
951301,22 83 
951750,22 64 450
951979,27 63 212
952187,36 150 
952227,37 68 
952734,74 92 
952734,74 65 
953725,82 103 
953725,82 101 
954239,48 100 
954239,48 2
954239,48 1894
954239,48 10
956247,48 25 
956276,07 75 
957485,53 72 
957527,96 70 
958877,12 80 
959724,33 83 
960885,52 64 1162
961152,02 61 241
961258,46 150 
961289,99 68 
961750,5 92 
961750,5 65 
962788,51 103 
962788,51 101 
963302,7 100 
963302,7 2
963302,7 1894
963302,7 10
965310,34 25 
965339,06 75 
966547,52 72 
966604,23 70 
967961,49 80 
968813,68 83 
969611,58 64 799
969882,83 63 244
970089,64 151 
970121,81 69 
970633,01 93 
971490,53 239 
971624,82 103 
971624,82 101 
972539,07 100 
972539,07 2
972539,07 1894
972539,07 10
974546,7 25 
974575,03 75 
975782,5 72 
975827,87 70 
977178,14 80 
978023,07 83 
978350,1 64 328
978649,59 61 281
978756,41 150 
978789,19 68 
979249,39 92 
979249,39 65 
980287,81 103 
980287,81 101 
980801,53 100 
980801,53 2
980801,53 1894
980801,53 11
982809,64 25 
982838,56 75 
984045,98 72 
984090,18 70 
985443,49 80 
986272,94 83 
986915,76 64 644
987158,99 63 220
987365,54 150 
987399,22 68 
987910,83 92 
987910,83 65 
988897,73 103 
988897,73 101 
989411,17 100 
989411,17 2
989411,17 1894
989411,17 11
991419,94 25 
991448,26 75 
992655,91 72 
992699,94 70 
994046,14 80 
994882,72 83 
995960,08 64 1078
996192,7 63 205
996400,81 150 
996435,14 68 
996949,02 92 
996949,02 65 
997933,79 103 
997933,79 101 
998447,36 100 
998447,36 2
998447,36 1894
998447,36 10
1000455,53 25 
1000484,23 75 
1001690,97 72 
1001736,07 70 
1003084,45 80 
1003932,24 83 
1004666,37 64 735
1004918,5 239 
1004929,07 61 238
1005034,08 150 
1005071,51 68 
1005530,89 92 
1005530,89 65 
1006570,14 103 
1006570,14 101 
1007083,77 100 
1007083,77 2
1007083,77 1894
1007083,77 11
1009091,9 25 
1009120,64 75 
1010328,61 72 
1010372,42 70 
1011723,22 80 
1012555,29 83 
1013493,35 64 939
1013768,01 63 254
1013973,68 150 
1014014,45 68 
1014526,9 92 
1014526,9 65 
1015513,06 103 
1015513,06 101 
1016027,47 100 
1016027,47 2
1016027,47 1894
1016027,47 10
1018034,84 25 
1018063,75 75 
1019270,51 72 
1019315,47 70 
1020667,85 80 
1021511,61 83 
1022092,57 64 582
1022360,68 61 250
1022467,99 152 
1022499,63 69 
1022959,9 93 
1024002,93 103 
1024002,93 101 
1024919,29 100 
1024919,29 2
1024919,29 1894
1024919,29 10
1026924,56 25 
1027127,2 75 
1028336,26 72 
1028378,2 70 
1029730,71 80 
1030574,43 83 
1031199,62 64 626
1031432,79 63 206
1031639,47 151 
1031669,17 69 
1032177,84 93 
1032832,71 239 
1033172,52 103 
1033172,52 101 
1034085,98 100 
1034085,98 2
1034085,98 1894
1034085,98 10
1036093,94 25 
1036123,02 75 
1037331,89 72 
1037374,75 70 
1038723,45 80 
1039570,71 83 
1040387,12 64 817
1040632,5 61 223
1040739,3 150 
1040776,9 68 
1041236,41 92 
1041236,41 65 
1042275,38 103 
1042275,38 101 
1042789,69 100 
1042789,69 2
1042789,69 1894
1042789,69 11
1044797,67 25 
1044825,74 75 
1046033,78 72 
1046237,86 70 
1047648,82 80 
1048700,33 83 
1049265,47 64 567
1049528,28 63 242
1049736,59 150 
1049773,34 68 
1050281,7 92 
1050281,7 65 
1051271,61 103 
1051271,61 101 
1051785,21 100 
1051785,21 2
1051785,21 1894
1051785,21 10
1053793,45 25 
1053821,98 75 
1055029,26 72 
1055073,96 70 
1056424,9 80 
1057257,39 83 
1058007,77 64 752
1058376,4 61 347
1058483,45 150 
1058517,17 68 
1058980,07 92 
1058980,07 65 
1060014,63 103 
1060014,63 101 
1060528,33 100 
1060528,33 2
1060528,33 1894
1060528,33 11
1062536,72 25 
1062565,44 75 
1063771,82 72 
1063816,95 70 
1065169,12 80 
1065999,77 83 
1066900,64 64 902
1067211,38 61 293
1067318,23 151 
1067347,8 69 
1067810,39 93 
1068850,92 103 
1068850,92 101 
1069765,85 100 
1069765,85 2
1069765,85 1894
1069765,85 10
1071772,59 25 
1071801,5 75 
1073008,84 72 
1073053,16 70 
1074403,27 80 
1075249,37 83 
1076521,46 64 1274
1076795,95 61 255
1076901,31 150 
1076934,95 68 
1077393,75 92 
1077393,75 65 
1078433,57 103 
1078433,57 101 
1078947,43 100 
1078947,43 2
1078947,43 1894
1078947,43 11
1080955,39 25 
1080983,98 75 
1082192,64 72 
1082235,83 70 
1083585,84 80 
1084432,08 83 
1085213,63 64 783
1085504,49 63 274
1085710,88 150 
1085745,43 68 
1086254,33 92 
1086254,33 65 
1087243,24 103 
1087243,24 101 
1087757,2 100 
1087757,2 2
1087757,2 1894
1087757,2 11
1089765,62 25 
1089793,72 75 
1091002,77 72 
1091046,42 70 
1092395,68 80 
1093241,69 83 
1093961,3 64 720
1094242,9 63 256
1094447,44 152 
1094487,85 69 
1095000,39 93 
1095986,16 103 
1095986,16 101 
1096899,53 100 
1096899,53 2
1096899,53 1894
1096899,53 11
1098907,56 25 
1098937,18 75 
1099077,12 250 
1099090,68 101 
1101106,64 100 
1101106,64 2
1101106,64 1894
1101106,64 11
1101106,64 25 
1101131,49 75 
1102340,4 72 
1102388,23 70 
1103737,87 80 
1104570,17 83 
1105243,2 64 674
1105531,42 63 270
1105738,01 150 
1105776,39 68 
1106290,03 92 
1106290,03 65 
1107274,72 103 
1107274,72 101 
1107788,6 100 
1107788,6 2
1107788,6 1894
1107788,6 10
1109796,49 25 
1110371,42 75 
1111579,63 72 
1111623,28 70 
1112978,68 80 
1113819,64 83 
1114586,03 64 767
1114874,48 63 270
1115082,28 151 
1115114,32 69 
1115626,88 93 
1116617,4 103 
1116617,4 101 
1117533,73 100 
1117533,73 2
1117533,73 1894
1117533,73 11
1119539,07 25 
1119567,75 75 
1120775,05 72 
1120819,67 70 
1122173,51 80 
1123015,69 83 
1124140,4 64 1126
1124511,54 61 351
1124617,06 151 
1124643,84 69 
1125103,02 93 
1126146,75 103 
1126146,75 101 
1127060,24 100 
1127060,24 2
1127060,24 1894
1127060,24 10
1129068,32 25 
1129097,13 75 
1130305,37 72 
1130349,08 70 
1131701,91 80 
1132531,94 83 
1133680,41 64 1150
1134003,78 63 300
1134211,07 151 
1134239,5 69 
1134749,96 93 
1134933,26 239 
1135742,77 103 
1135742,77 101 
1136656,23 100 
1136656,23 2
1136656,23 1894
1136656,23 10
1138664,27 25 
1139892,56 75 
1141102,02 72 
1141144,37 70 
1142497,96 80 
1143327,19 83 
1145681,65 64 2356
1145972,56 61 274
1146078,6 152 
1146114,77 69 
1146572,88 93 
1147338,76 181 
1147402,28 239 
1147617,79 103 
1147617,79 101 
1148531,37 100 
1148531,37 2
1148531,37 1894
1148531,37 10
1150539,31 25 
1150567,97 75 
1151777,92 72 
1151819,97 70 
1153387,64 80 
1154469,46 83 
1155800,04 64 1332
1156238,65 61 411
1156344,39 150 
1156381,83 68 
1156841,87 92 
1156841,87 65 
1157880,45 103 
1157880,45 101 
1158394,24 100 
1158394,24 2
1158394,24 1894
1158394,24 11
1160402,12 25 
1160430,69 75 
1161639,7 72 
1161856,36 70 
1163282,41 80 
1164318,54 83 
1165300,22 64 982
1165580,07 63 263
1165787,05 150 
1165818,04 68 
1166331,84 92 
1166331,84 65 
1167316,36 103 
1167316,36 101 
1167830,15 100 
1167830,15 2
1167830,15 1894
1167830,15 11
1169838,08 25 
1169866,65 75 
1171076,35 72 
1171292,04 70 
1172712,17 80 
1173754,65 83 
1174766,52 64 1012
1175062,12 63 269
1175271,12 150 
1175307,22 68 
1175815,92 92 
1175815,92 65 
1176805,71 103 
1176805,71 101 
1177319,95 100 
1177319,95 2
1177319,95 1894
1177319,95 10
1179327,45 25 
1179356,05 75 
1180569,39 72 
1180781,36 70 
1182192,53 80 
1183257,4 83 
1183939,67 64 684
1184201,23 61 238
1184308,32 150 
1184343,34 68 
1184807,55 92 
1184807,55 65 
1185841,93 103 
1185841,93 101 
1186355,54 100 
1186355,54 2
1186355,54 1894
1186355,54 11
1188363,69 25 
1188392,4 75 
1189603,95 72 
1189817,55 70 
1191241,35 80 
1192280,2 83 
1193056,21 64 777
1193299,54 63 221
1193504,78 150 
1193540,02 68 
1194049,88 92 
1194049,88 65 
1195038,09 103 
1195038,09 101 
1195552,59 100 
1195552,59 2
1195552,59 1894
1195552,59 11
1197559,86 25 
1197589,43 75 
1198797,34 72 
1199013,67 70 
1200436,36 80 
1201489,77 83 
1202327 64 838
1202710,89 63 356
1202918,94 150 
1202963,17 68 
1203477,96 92 
1203477,96 65 
1204460,78 103 
1204460,78 101 
1204974,82 100 
1204974,82 2
1204974,82 1894
1204974,82 10
1206982,53 25 
1207011,22 75 
1208219,43 72 
1208436,38 70 
1209862,21 80 
1210912,4 83 
1212197,46 64 1286
1212456,25 61 238
1212562,88 150 
1212598,56 68 
1213059,56 92 
1213059,56 65 
1214096,74 103 
1214096,74 101 
1214614,34 100 
1214614,34 2
1214614,34 1894
1214614,34 10
1216618,5 25 
1216648,13 75 
1217855,55 72 
1218072,37 70 
1219485,05 80 
1220535,02 83 
1221060,8 64 527
1221313,62 61 233
1221421,09 150 
1221461,37 68 
1221919,95 92 
1221919,95 65 
1222959,72 103 
1222959,72 101 
1223474,1 100 
1223474,1 2
1223474,1 1894
1223474,1 10
1225481,64 25 
1225510,07 75 
1226716,89 72 
1226922,19 70 
1228335,66 80 
1229371,62 83 
1230330,78 64 960
1230544,75 61 187
1230652,13 152 
1230679,39 69 
1231138,77 93 
1232182,58 103 
1232182,58 101 
1233096,51 100 
1233096,51 2
1233096,51 1894
1233096,51 11
1235104,37 25 
1235132,75 75 
1236341,38 72 
1236558,03 70 
1237965,95 80 
1239007,35 83 
1239924,6 64 919
1240234,55 63 281
1240439,9 150 
1240479,87 68 
1240987,87 92 
1240987,87 65 
1241978,51 103 
1241978,51 101 
1242492,56 100 
1242492,56 2
1242492,56 1894
1242492,56 10
1244500,17 25 
1244528,8 75 
1245736,72 72 
1245967,39 70 
1247383,24 80 
1248443,35 83 
1249399,84 64 958
1249790,06 61 361
1249897,21 150 
1249930,36 68 
1250394,23 92 
1250394,23 65 
1251427,81 103 
1251427,81 101 
1251941,43 100 
1251941,43 2
1251941,43 1894
1251941,43 10
1253949,65 25 
1253978,18 75 
1255186,64 72 
1255403,38 70 
1256780,91 80 
1257613,12 83 
1258237,28 64 625
1258454,29 61 189
1258561,16 150 
1258592,63 68 
1259050,24 92 
1259050,24 65 
1260090,91 103 
1260090,91 101 
1260605,27 100 
1260605,27 4
1260605,27 1894
1260605,27 11
1260605,27 78 
1262612,81 25 
1262641,16 75 
1263849,07 72 
1263893,17 70 
1265242,89 80 
1266076,03 83 
1266862,91 64 788
1267167,13 63 279
1267372,81 151 
1267415,54 69 
1267924,93 93 
1268913,62 103 
1268913,62 101 
1269827,42 100 
1269827,42 4
1269827,42 1894
1269827,42 11
1271835,23 25 
1271864,32 75 
1273072,33 72 
1273115,81 70 
1274468,31 80 
1275311,93 83 
1276025,88 64 715
1276763,2 61 719
1276870,97 150 
1276904,39 68 
1277363,54 92 
1277363,54 65 
1278403,01 103 
1278403,01 101 
1278917,33 100 
1278917,33 4
1278917,33 1894
1278917,33 10
1280924,78 25 
1280953,88 75 
1282160,93 72 
1282205,24 70 
1283554,49 80 
1284401,53 83 
1285580,09 64 1179
1285874,81 63 275
1286082,41 151 
1286109,42 69 
1286622,03 93 
1287612,46 103 
1287612,46 101 
1288526,59 100 
1288526,59 4
1288526,59 1894
1288526,59 11
1290534,04 25 
1290562,75 75 
1291771,13 72 
1291814,62 70 
1293165,24 80 
1293997,42 83 
1294732,34 64 736
1295311,18 61 555
1295416,57 150 
1295456,79 68 
1295916,81 92 
1295916,81 65 
1296955,29 103 
1296955,29 101 
1297469,61 100 
1297469,61 4
1297469,61 1894
1297469,61 11
1299476,99 25 
1299505,84 75 
1300712,43 72 
1300757,68 70 
1302112,15 80 
1302954,22 83 
1304291,02 64 1338
1304514,29 61 202
1304620,37 150 
1304652,78 68 
1305117,34 92 
1305117,34 65 
1306151,35 103 
1306151,35 101 
1306668,28 100 
1306668,28 4
1306668,28 1894
1306668,28 11
1308673,42 25 
1308702,84 75 
1309910,38 72 
1309953,6 70 
1311303,84 80 
1312150,02 83 
1313631,8 64 1483
1313960,66 61 306
1314067,94 150 
1314102,27 68 
1314565,21 92 
1314565,21 65 
1315600,77 103 
1315600,77 101 
1316114,36 100 
1316114,36 4
1316114,36 1894
1316114,36 10
1318122,74 25 
1318151,23 75 
1319358,84 72 
1319403,12 70 
1320753,05 80 
1321599,23 83 
1322694,06 64 1096
1322983,24 63 266
1323191,63 151 
1323227,06 69 
1323739,67 93 
1323971,19 239 
1324730,24 103 
1324730,24 101 
1325643,75 100 
1325643,75 4
1325643,75 1894
1325643,75 10
1327651,93 25 
1328080,81 75 
1329290,42 72 
1329332,4 70 
1330683,43 80 
1331528,43 83 
1332058,12 64 530
1332374,28 61 288
1332481,42 151 
1332517,1 69 
1332977,55 93 
1333410,96 239 
1334019,77 103 
1334019,77 101 
1334933,18 100 
1334933,18 4
1334933,18 1894
1334933,18 11
1336941,28 25 
1336969,96 75 
1338177,79 72 
1338221,87 70 
1339573,39 80 
1340418,07 83 
1341404,09 64 987
1341827,9 61 398
1341934,69 150 
1341970,69 68 
1342430,64 92 
1342430,64 65 
1343469,13 103 
1343469,13 101 
1343982,83 100 
1343982,83 4
1343982,83 1894
1343982,83 10
1345990,79 25 
1346019,6 75 
1347226,71 72 
1347271,31 70 
1348628,32 80 
1349467,58 83 
1350757,72 64 1291
1351044,16 63 258
1351250,84 151 
1351281,95 69 
1351790,49 93 
1352785,17 103 
1352785,17 101 
1353698,89 100 
1353698,89 4
1353698,89 1894
1353698,89 11
1355707,04 25 
1355735,83 75 
1356944,26 72 
1357187,46 70 
1358641,93 80 
1359743,49 83 
1360251,12 64 508
1360572,84 61 296
1360682,62 150 
1360722,84 68 
1361183 92 
1361183 65 
1362221,38 103 
1362221,38 101 
1362735,23 100 
1362735,23 4
1362735,23 1894
1362735,23 11
1364743,08 25 
1364771,86 75 
1365978,98 72 
1366223,67 70 
1367679,05 80 
1368766,38 83 
1369451,82 64 687
1369715,13 61 243
1369821,99 150 
1369865,59 68 
1370327,5 92 
1370327,5 65 
1371364,25 103 
1371364,25 101 
1371877,87 100 
1371877,87 4
1371877,87 1894
1371877,87 10
1373886,07 25 
1373914,65 75 
1375121,63 72 
1375353,35 70 
1376819,5 80 
1377882,63 83 
1378803,42 64 921
1379378,48 61 550
1379485,16 151 
1379523,71 69 
1379985,98 93 
1381026,98 103 
1381026,98 101 
1381940,22 100 
1381940,22 4
1381940,22 1894
1381940,22 11
1383949,02 25 
1383977,56 75 
1385185,38 72 
1385402,26 70 
1386820,97 80 
1387878,41 83 
1389060,96 64 1184
1389400,5 61 311
1389508,23 152 
1389546,12 69 
1390004,57 93 
1391049,33 103 
1391049,33 101 
1391962,84 100 
1391962,84 4
1391962,84 1894
1391962,84 10
1393974,31 25 
1394012,83 75 
1395221,32 72 
1395438,18 70 
1396845,85 80 
1397888,07 83 
1398667,26 64 780
1399194,93 239 
1399214,61 61 529
1399320,04 151 
1399360,33 69 
1399821,03 93 
1400858,56 103 
1400858,56 101 
1401775,09 100 
1401775,09 4
1401775,09 1894
1401775,09 10
1403780,46 25 
1403809,45 75 
1405017,44 72 
1405234,05 70 
1406668,79 80 
1407723,37 83 
1408305,11 64 583
1408562,64 61 241
1408671,03 151 
1408702,79 69 
1409162,04 93 
1410201,34 103 
1410201,34 101 
1411114,85 100 
1411114,85 4
1411114,85 1894
1411114,85 10
1413122,85 25 
1413751,19 75 
1414961,23 72 
1415176,46 70 
1416545,62 80 
1417399,33 83 
1418211,19 64 813
1418498,83 61 261
1418605,31 151 
1418640,63 69 
1419100,75 93 
1420074,54 239 
1420101,08 183 
1420143,83 103 
1420143,83 101 
1421057,48 100 
1421057,48 4
1421057,48 1894
1421057,48 11
1423066,07 25 
1423094,16 75 
1424301,76 72 
1424346 70 
1425704,34 80 
1426556,15 83 
1428602,23 64 2047
1428673,43 239 
1429019,21 61 399
1429124,58 150 
1429161,05 68 
1429624,52 92 
1429624,52 65 
1430659,21 103 
1430659,21 101 
1431172,98 100 
1431172,98 4
1431172,98 1894
1431172,98 10
1433181,36 25 
1433210,69 75 
1434417,7 72 
1434461,47 70 
1435816,44 80 
1436657,7 83 
1437429,99 64 773
1437697,83 61 241
1437804,35 151 
1437837,19 69 
1438296,48 93 
1438465,4 239 
1439335,62 103 
1439335,62 101 
1440248,97 100 
1440248,97 4
1440248,97 1894
1440248,97 10
1442257,19 25 
1442285,89 75 
1443493,44 72 
1443537,84 70 
1444893,11 80 
1445733,87 83 
1446914,47 64 1182
1447213 63 280
1447418 151 
1447454,98 69 
1447964,25 93 
1448109,02 239 
1448958,33 103 
1448958,33 101 
1449871,63 100 
1449871,63 4
1449871,63 1894
1449871,63 11
1451880 25 
1452254,9 75 
1453463,12 72 
1453506,89 70 
1454858,48 80 
1455689,79 83 
1456595,82 64 907
1456906,98 63 285
1457113,61 153 
1457149,13 68 
1457659,75 92 
1457659,75 65 
1458647,6 103 
1458647,6 101 
1459161,23 100 
1459161,23 4
1459161,23 1894
1459161,23 11
1461169,2 25 
1461198,01 75 
1462406,37 72 
1462450,92 70 
1463799,43 80 
1464645,96 83 
1465599,83 64 955
1465866,34 63 249
1466073,91 151 
1466101,54 69 
1466613,21 93 
1466911,84 239 
1467603,74 103 
1467603,74 101 
1468517,18 100 
1468517,18 4
1468517,18 1894
1468517,18 10
1470525,3 25 
1470554,04 75 
1471761,4 72 
1471805,93 70 
1473155,04 80 
1474002,09 83 
1474739,34 64 739
1475007,1 61 246
1475113,8 151 
1475150,83 69 
1475613,85 93 
1476489,43 183 
1476653,36 103 
1476653,36 101 
1477566,75 100 
1477566,75 4
1477566,75 1894
1477566,75 11
1479574,93 25 
1479603,42 75 
1480811,89 72 
1480855,6 70 
1482204,67 80 
1483051,65 83 
1483955,92 64 905
1484526,33 61 543
1484632,25 150 
1484670,99 68 
1485134,75 92 
1485134,75 65 
1486169,3 103 
1486169,3 101 
1486682,98 100 
1486682,98 4
1486682,98 1894
1486682,98 11
1488691,07 25 
1489199,36 75 
1490409,59 72 
1490451,82 70 
1491803,29 80 
1492647,68 83 
1493800,54 64 1154
1494127,66 61 308
1494233,07 150 
1494266,63 68 
1494729,73 92 
1494729,73 65 
1495765,29 103 
1495765,29 101 
1496281,9 100 
1496281,9 4
1496281,9 1894
1496281,9 10
1498287,08 25 
1498315,66 75 
1499522,61 72 
1499567,6 70 
1500918,28 80 
1501750,61 83 
1502627,01 64 877
1502900,57 63 245
1503106,45 151 
1503143,91 69 
1503654,24 93 
1504641,56 103 
1504641,56 101 
1505555,45 100 
1505555,45 4
1505555,45 1894
1505555,45 10
1507563,13 25 
1507591,9 75 
1508800,15 72 
1508844,67 70 
1510194,81 80 
1511039,95 83 
1512225,1 64 1186
1512723,83 61 472
1512828,93 151 
1512867,81 69 
1513327,62 93 
1514200,1 183 
1514370,92 103 
1514370,92 101 
1515285,3 100 
1515285,3 4
1515285,3 1894
1515285,3 11
1517292,63 25 
1517681,16 75 
1518888,1 72 
1519119,61 70 
1520575,41 80 
1521675,72 83 
1522019,47 64 345
1522370,42 61 322
1522477,86 150 
1522522,35 68 
1522980,67 92 
1522980,67 65 
1524020,34 103 
1524020,34 101 
1524534,19 100 
1524534,19 4
1524534,19 1894
1524534,19 10
1526542,12 25 
1529236,4 75 
1529244,5 250 
1529257,22 101 
1531273,48 100 
1531273,48 4
1531273,48 1894
1531273,48 10
1531273,48 25 
1531298,13 75 
1532506,98 72 
1532740,63 70 
1534192,82 80 
1535296,59 83 
1536525,35 64 1229
1536729,24 61 181
1536835,21 151 
1536876,45 69 
1537339,62 93 
1538051,1 239 
1538374,38 103 
1538374,38 101 
1539287,96 100 
1539287,96 4
1539287,96 1894
1539287,96 10
1541295,83 25 
1541498,01 75 
1542707,65 72 
1542949,76 70 
1544416,11 80 
1545518,94 83 
1546163,63 64 646
1546411,92 61 228
1546518,08 151 
1546546,97 69 
1547008,46 93 
1548050,26 103 
1548050,26 101 
1548964 100 
1548964 4
1548964 1894
1548964 11
1550972,04 25 
1551000,49 75 
1552209,07 72 
1552452,34 70 
1553867,87 80 
1554915,1 83 
1555709,52 64 796
1556216,31 61 489
1556322,36 150 
1556360,88 68 
1556824,49 92 
1556824,49 65 
1557859,48 103 
1557859,48 101 
1558373,14 100 
1558373,14 4
1558373,14 1894
1558373,14 11
1560381,29 25 
1560409,89 75 
1561618,27 72 
1561835,06 70 
1563252,77 80 
1564297,82 83 
1565273,29 64 976
1565580,29 61 284
1565687,34 150 
1565730,33 68 
1566191,21 92 
1566191,21 65 
1567229,05 103 
1567229,05 101 
1567742,54 100 
1567742,54 4
1567742,54 1894
1567742,54 11
1569750,62 25 
1569779,98 75 
1570987,87 72 
1571204,59 70 
1572625,58 80 
1573667,25 83 
1574508,75 64 843
1574811,97 61 279
1574918,41 150 
1574953,09 68 
1575417,31 92 
1575417,31 65 
1576451,69 103 
1576451,69 101 
1576965,65 100 
1576965,65 4
1576965,65 1894
1576965,65 11
1578973,54 25 
1582321,05 75 
1583529,55 72 
1583746,1 70 
1583977,76 250 
1583995,23 101 
1586010,44 100 
1586010,44 4
1586010,44 1894
1586010,44 11
1586010,44 25 
1586559,23 75 
1586568,08 250 
1586579,87 101 
1588596,12 100 
1588596,12 4
1588596,12 1894
1588596,12 11
1588596,12 25 
1588620,9 75 
1589829,03 72 
1589846,18 70 
1591054,78 80 
1592099,57 83 
1592550,24 64 451
1592787,56 61 210
1592894,35 152 
1592932,48 69 
1593391,24 93 
1593503,35 239 
1594430,81 103 
1594430,81 101 
1595344,3 100 
1595344,3 4
1595344,3 1894
1595344,3 10
1597352,39 25 
1597381,05 75 
1598589,36 72 
1598806,38 70 
1600220,67 80 
1601268,9 83 
1601894,36 64 626
1602243,83 63 323
1602450,56 151 
1602483,62 69 
1602993,59 93 
1603426,11 239 
1603986,81 103 
1603986,81 101 
1604903,29 100 
1604903,29 4
1604903,29 1894
1604903,29 11
1606908,38 25 
1606937,15 75 
1608145,02 72 
1608362,36 70 
1609735,78 80 
1610585,11 83 
1611378,12 64 794
1611677,63 61 281
1611783,46 150 
1611817,93 68 
1612280,6 92 
1612280,6 65 
1613316,23 103 
1613316,23 101 
1613830,52 100 
1613830,52 4
1613830,52 1894
1613830,52 10
1615838,57 25 
1615866,61 75 
1617075,44 72 
1617118,86 70 
1618466,68 80 
1619314,7 83 
1620633,9 64 1320
1621151,04 62 491
1621358,4 150 
1621400,22 68 
1621910,32 92 
1621910,32 65 
1622898,81 103 
1622898,81 101 
1623412,33 100 
1623412,33 4
1623412,33 1894
1623412,33 10
1625420,46 25 
1625449,65 75 
1626657,15 72 
1626702,01 70 
1628052,15 80 
1628897,24 83 
1629756,24 64 861
1629938,26 62 163
1630146,17 152 
1630178,79 69 
1630691,48 93 
1631681,72 103 
1631681,72 101 
1632595,8 100 
1632595,8 4
1632595,8 1894
1632595,8 11
1634603,36 25 
1634631,81 75 
1635839,76 72 
1635884,02 70 
1637232,23 80 
1638066,78 83 
1638575,93 64 510
1638974,59 61 376
1639081,91 150 
1639112,83 68 
1639572,61 92 
1639572,61 65 
1640611,28 103 
1640611,28 101 
1641125,56 100 
1641125,56 4
1641125,56 1894
1641125,56 11
1643133,16 25 
1643574,9 75 
1644783,3 72 
1644827,98 70 
1646182 80 
1647023,58 83 
1648107,52 64 1086
1648162,57 239 
1648520,15 61 392
1648626,96 150 
1648668,93 68 
1649132,7 92 
1649132,7 65 
1650167,39 103 
1650167,39 101 
1650681,9 100 
1650681,9 4
1650681,9 1894
1650681,9 11
1652689,31 25 
1653464,11 75 
1654672,77 72 
1654715,94 70 
1656067,37 80 
1656912,09 83 
1657874,04 64 963
1657911,35 239 
1658234,19 61 336
1658341,85 150 
1658385,49 68 
1658845,52 92 
1658845,52 65 
1659883,28 103 
1659883,28 101 
1660396,83 100 
1660396,83 4
1660396,83 1894
1660396,83 10
1662404,95 25 
1662433,78 75 
1663642,5 72 
1663685,52 70 
1665036,77 80 
1665881,71 83 
1667088,47 64 1208
1667296,4 62 190
1667503,63 150 
1667541,05 68 
1668053,2 92 
1668053,2 65 
1669039,38 103 
1669039,38 101 
1669553 100 
1669553 4
1669553 1894
1669553 11
1671561,18 25 
1671590,53 75 
1672798,44 72 
1672841,72 70 
1674191,13 80 
1675037,95 83 
1675957,21 64 920
1676255,1 61 272
1676360,26 150 
1676403,75 68 
1676864,18 92 
1676864,18 65 
1677902,34 103 
1677902,34 101 
1678416,24 100 
1678416,24 4
1678416,24 1894
1678416,24 10
1680424,08 25 
1680453,4 75 
1681661,1 72 
1681704,68 70 
1683054,88 80 
1683900,84 83 
1684459,74 64 560
1684516,64 239 
1684823,79 61 337
1684930,9 151 
1684974,22 69 
1685431,52 93 
1686472,22 103 
1686472,22 101 
1687385,64 100 
1687385,64 4
1687385,64 1894
1687385,64 10
1689393,74 25 
1689422,39 75 
1690631,68 72 
1690674,26 70 
1692027,39 80 
1692870,63 83 
1694235,43 64 1366
1694445,83 62 190
1694652,04 150 
1694689,58 68 
1695198,83 92 
1695198,83 65 
1696188,19 103 
1696188,19 101 
1696704,77 100 
1696704,77 4
1696704,77 1894
1696704,77 10
1698709,8 25 
1699391,47 75 
1700598,37 72 
1700643,43 70 
1701997,53 80 
1702839,62 83 
1703807,79 64 969
1704097,47 61 273
1704203,05 151 
1704240,85 69 
1704703,03 93 
1705744,12 103 
1705744,12 101 
1706657,49 100 
1706657,49 4
1706657,49 1894
1706657,49 11
1708665,94 25 
1708694,56 75 
1709902,74 72 
1710146,33 70 
1711564,56 80 
1712622,33 83 
1713124,63 64 504
1713867,57 62 727
1714075,11 151 
1714108,81 69 
1714621,04 93 
1715606,76 103 
1715606,76 101 
1716520,15 100 
1716520,15 4
1716520,15 1894
1716520,15 10
1718528,28 25 
1718556,97 75 
1719764,57 72 
1719982,19 70 
1721390,57 80 
1722431,71 83 
1722987,59 64 557
1723500,87 62 497
1723707,97 150 
1723744,43 68 
1724255,3 92 
1724255,3 65 
1725242,69 103 
1725242,69 101 
1725756,28 100 
1725756,28 4
1725756,28 1894
1725756,28 10
1727764,65 25 
1727793,82 75 
1729002,72 72 
1729218,38 70 
1730635,86 80 
1731680,97 83 
1732261,43 64 581
1732564,49 61 285
1732671,16 151 
1732709,08 69 
1733169,2 93 
1733944,33 183 
1734213,1 103 
1734213,1 101 
1735125,72 100 
1735125,72 4
1735125,72 1894
1735125,72 10
1737134,03 25 
1737162,46 75 
1738371,35 72 
1738587,8 70 
1740006,15 80 
1741063,71 83 
1741676,86 64 614
1742196,49 63 494
1742402,32 151 
1742442,99 69 
1742955,16 93 
1743941,55 103 
1743941,55 101 
1744855,64 100 
1744855,64 4
1744855,64 1894
1744855,64 11
1746863,19 25 
1747518,08 75 
1748727,25 72 
1748943,65 70 
1750369,58 80 
1751419,35 83 
1752226,92 64 809
1752499,03 61 254
1752604,45 150 
1752639,33 68 
1753102,75 92 
1753102,75 65 
1754137,28 103 
1754137,28 101 
1754651,23 100 
1754651,23 4
1754651,23 1894
1754651,23 10
1756658,96 25 
1756687,57 75 
1757896,23 72 
1758113,15 70 
1759534,89 80 
1760562,19 83 
1761324,73 64 764
1761652,08 61 304
1761759,55 151 
1761790,36 69 
1762251,15 93 
1763293,43 103 
1763293,43 101 
1764206,87 100 
1764206,87 4
1764206,87 1894
1764206,87 11
1766215,03 25 
1766243,6 75 
1767450,95 72 
1767495,57 70 
1768845,52 80 
1769691,79 83 
1770376,35 64 685
1770656,69 61 260
1770763,42 150 
1770805,05 68 
1771266,1 92 
1771266,1 65 
1772302,82 103 
1772302,82 101 
1772816,55 100 
1772816,55 4
1772816,55 1894
1772816,55 11
1774824,61 25 
1774853,3 75 
1776062,64 72 
1776105,1 70 
1777459,27 80 
1778301,49 83 
1779320,98 64 1020
1779606,37 61 266
1779713,01 152 
1779743,11 69 
1780204,45 93 
1781245,78 103 
1781245,78 101 
1782159,22 100 
1782159,22 4
1782159,22 1894
1782159,22 11
1784167,27 25 
1785622,39 75 
1785845,47 250 
1785856,4 101 
1787872,48 100 
1787872,48 4
1787872,48 1894
1787872,48 11
1787872,48 25 
1788963,54 75 
1793688,02 250 
1793706,26 101 
1795722,65 100 
1795722,65 4
1795722,65 1894
1795722,65 11
1795722,65 25 
1796093,88 75 
1797303,3 72 
1797349,65 70 
1798698,98 80 
1799545,88 83 
1800269,84 64 725
1800616,36 61 326
1800723,98 150 
1800765,65 68 
1801228,34 92 
1801228,34 65 
1802263,61 103 
1802263,61 101 
1802780,32 100 
1802780,32 4
1802780,32 1894
1802780,32 11
1804785,46 25 
1804815,03 75 
1806023,45 72 
1806066,07 70 
1807419,42 80 
1808262,05 83 
1809393,7 64 1133
1809611,04 62 190
1809817,38 151 
1809850,01 69 
1810362,46 93 
1811353,17 103 
1811353,17 101 
1812267,33 100 
1812267,33 4
1812267,33 1894
1812267,33 10
1814274,83 25 
1824273 254 
1824294,36 101 
1826306,9 100 
1826306,9 4
1826306,9 1894
1826306,9 10
1826306,9 25 
1836306,64 254 
1836316 101 
1838328,59 100 
1838328,59 4
1838328,59 1894
1838328,59 10
1838328,59 25 
1838360,05 75 
1839568,42 72 
1839611,99 70 
1840961,35 80 
1841808,04 83 
1843102,3 64 1295
1843386,92 63 260
1843594,28 151 
1843622,44 69 
1844132,35 93 
1845125,65 103 
1845125,65 101 
1846039,48 100 
1846039,48 4
1846039,48 1894
1846039,48 11
1848047,24 25 
1848689,08 75 
1849898,7 72 
1849940,83 70 
1851299,8 80 
1852150,36 83 
1853375,89 64 1226
1853686,65 61 285
1853796,62 150 
1853837,06 68 
1854296,07 92 
1854296,07 65 
1855334,73 103 
1855334,73 101 
1855849,06 100 
1855849,06 4
1855849,06 1894
1855849,06 11
1857856,9 25 
1857885,25 75 
1859092,41 72 
1859137,2 70 
1860483,58 80 
1861586,61 83 
1862112,93 64 527
1862337,63 61 206
1862443,93 150 
1862486,03 68 
1862947,22 92 
1862947,22 65 
1863984,71 103 
1863984,71 101 
1864498,32 100 
1864498,32 4
1864498,32 1894
1864498,32 11
1866506,4 25 
1866535,08 75 
1867743,81 72 
1867986,95 70 
1869455,74 80 
1870542,8 83 
1871101,42 64 559
1871253,32 239 
1871690,44 61 562
1871798,09 150 
1871842,18 68 
1872307,91 92 
1872307,91 65 
1873340,71 103 
1873340,71 101 
1873854,96 100 
1873854,96 4
1873854,96 1894
1873854,96 10
1875862,42 25 
1875891,05 75 
1877100,52 72 
1877342,97 70 
1878763,35 80 
1879819,03 83 
1880384,79 64 567
1880578,7 62 175
1880784,86 150 
1880825,67 68 
1881339,72 92 
1881339,72 65 
1882323,58 103 
1882323,58 101 
1882837,2 100 
1882837,2 4
1882837,2 1894
1882837,2 10
1884845,43 25 
1884874,06 75 
1886082,55 72 
1886299,28 70 
1887664,47 80 
1888495,65 83 
1889262,5 64 769
1889560,7 61 280
1889669,2 151 
1889696,6 69 
1890159,78 93 
1891199,89 103 
1891199,89 101 
1892113,91 100 
1892113,91 4
1892113,91 1894
1892113,91 11
1894121,41 25 
1894152,19 75 
1895360,12 72 
1895402,12 70 
1896757,94 80 
1897598,17 83 
1898423,24 64 826
1898752,45 61 303
1898859,92 150 
1898897,36 68 
1899363,25 92 
1899363,25 65 
1900395,83 103 
1900395,83 101 
1900910,37 100 
1900910,37 4
1900910,37 1894
1900910,37 10
1902917,63 25 
1902946,33 75 
1904154,99 72 
1904198,14 70 
1905548,37 80 
1906394,34 83 
1906789,59 64 395
1907085,27 239 
1907095,8 61 289
1907204,81 151 
1907235,8 69 
1907697,99 93 
1908739,16 103 
1908739,16 101 
1909652,47 100 
1909652,47 4
1909652,47 1894
1909652,47 10
1911660,53 25 
1917447,03 75 
1918654,58 72 
1918698,86 70 
1920053,92 80 
1920894,91 83 
1921772,53 64 879
1922148,49 239 
1922160,01 61 360
1922265,66 153 
1922300,7 68 
1922763,91 92 
1922763,91 65 
1923799,39 103 
1923799,39 101 
1924316,27 100 
1924316,27 4
1924316,27 1894
1924316,27 11
1926321,07 25 
1926349,87 75 
1927557,28 72 
1927601,65 70 
1928952,82 80 
1929784,67 83 
1930654,13 64 870
1930911,89 63 235
1931121,92 151 
1931159,51 69 
1931669,87 93 
1931768,69 239 
1932662,45 103 
1932662,45 101 
1933575,72 100 
1933575,72 4
1933575,72 1894
1933575,72 11
1935583,98 25 
1940650,99 75 
1941859,81 72 
1941902,33 70 
1943255,67 80 
1944098,6 83 
1944680,22 64 582
1945011,18 61 313
1945117,94 150 
1945157,89 68 
1945618,86 92 
1945618,86 65 
1946656,51 103 
1946656,51 101 
1947170,13 100 
1947170,13 4
1947170,13 1894
1947170,13 11
1949178,26 25 
1949206,91 75 
1950415,42 72 
1950459,86 70 
1951813,28 80 
1952654,92 83 
1953762,47 64 1109
1954042,97 61 256
1954148,67 152 
1954176,17 69 
1954642,14 93 
1955679,43 103 
1955679,43 101 
1956593,41 100 
1956593,41 4
1956593,41 1894
1956593,41 10
1958600,98 25 
1965493,8 75 
1966702,93 72 
1966745,57 70 
1968094,52 80 
1968941,47 83 
1969946,7 64 1006
1970296,65 61 330
1970402,88 151 
1970436,02 69 
1970899,2 93 
1971939,22 103 
1971939,22 101 
1972853,01 100 
1972853,01 4
1972853,01 1894
1972853,01 11
1974860,82 25 
1974889,45 75 
1976096,35 72 
1976141,59 70 
1977490,59 80 
1978337,51 83 
1979015,46 64 679
1979311,3 61 268
1979419,49 150 
1979451,54 68 
1979913,52 92 
1979913,52 65 
1980948,78 103 
1980948,78 101 
1981462,5 100 
1981462,5 4
1981462,5 1894
1981462,5 10
1983470,55 25 
1983500,22 75 
1984708,13 72 
1984751,24 70 
1986102,12 80 
1986960,92 83 
1987510,25 64 550
1987843,4 63 310
1988051,43 151 
1988086,68 69 
1988597,01 93 
1988964,03 239 
1989348,17 183 
1989585,33 103 
1989585,33 101 
1990498,76 100 
1990498,76 4
1990498,76 1894
1990498,76 10
1992506,91 25 
1992816,15 75 
1994025,49 72 
1994267,67 70 
1995733,28 80 
1996836,58 83 
1997639,36 64 803
1998014,33 61 352
1998121,4 151 
1998162,68 69 
1998625,5 93 
1999661,33 103 
1999661,33 101 
2000574,52 100 
2000574,52 4
2000574,52 1894
2000574,52 10
2002582,81 25 
2002611,74 75 
2003818,98 72 
2004050,41 70 
2005509,43 80 
2006632,65 83 
2007528,98 64 897
2007843,01 63 291
2008049,02 151 
2008087,1 69 
2008596,15 93 
2009590,28 103 
2009590,28 101 
2010503,78 100 
2010503,78 4
2010503,78 1894
2010503,78 10
2012511,81 25 
2013113,66 75 
2014322,79 72 
2014552,58 70 
2015985,19 80 
2017041,53 83 
2018321,33 64 1280
2018675,12 239 
2018687,71 61 340
2018795,51 151 
2018829,25 69 
2019289,12 93 
2020196,23 183 
2020332,47 103 
2020332,47 101 
2021245,98 100 
2021245,98 4
2021245,98 1894
2021245,98 11
2023254,12 25 
2023389,25 75 
2024597,2 72 
2024641,09 70 
2025994,4 80 
2026824,1 83 
2027305,29 64 482
2027454,17 239 
2027935,46 61 605
2028040,74 150 
2028083,3 68 
2028548,82 92 
2028548,82 65 
2029581,93 103 
2029581,93 101 
2030099,12 100 
2030099,12 4
2030099,12 1894
2030099,12 11
2032104,02 25 
2032132,89 75 
2033340,69 72 
2033384,51 70 
2034743,45 80 
2035593,75 83 
2036631,35 64 1038
2036684,04 239 
2037078,74 61 420
2037184,54 150 
2037226,98 68 
2037689,31 92 
2037689,31 65 
2038724,66 103 
2038724,66 101 
2039238,98 100 
2039238,98 4
2039238,98 1894
2039238,98 10
2041246,27 25 
2041274,95 75 
2042482,72 72 
2042526,99 70 
2043876,55 80 
2044709,73 83 
2045121,27 64 412
2045429,66 63 281
2045635,81 153 
2045675,91 68 
2046185,54 92 
2046185,54 65 
2047174,37 103 
2047174,37 101 
2047688,95 100 
2047688,95 4
2047688,95 1894
2047688,95 11
2049696,2 25 
2049724,6 75 
2050931,49 72 
2050977,06 70 
2052326,87 80 
2053172,88 83 
2053765,19 64 593
2054031,35 61 247
2054138,07 150 
2054179,48 68 
2054643,44 92 
2054643,44 65 
2055677,47 103 
2055677,47 101 
2056191,14 100 
2056191,14 4
2056191,14 1894
2056191,14 11
2058199,17 25 
2058227,89 75 
2059436,31 72 
2059480,08 70 
2060828,72 80 
2061676,04 83 
2062659,09 64 984
2062876,78 61 189
2062984,69 150 
2063015,55 68 
2063476,96 92 
2063476,96 65 
2064513,86 103 
2064513,86 101 
2065027,44 100 
2065027,44 4
2065027,44 1894
2065027,44 10
2067035,57 25 
2071329,93 75 
2072538,32 72 
2072581,18 70 
2073931,54 80 
2074777,15 83 
2075412,52 64 637
2075826,53 63 398
2076031,34 151 
2076063,32 69 
2076571,5 93 
2077561,76 103 
2077561,76 101 
2078475,13 100 
2078475,13 4
2078475,13 1894
2078475,13 10
2080483,17 25 
2080872,49 75 
2082081,16 72 
2082123,73 70 
2083471,6 80 
2084319,8 83 
2084766,16 64 447
2084995,05 62 209
2085200,78 150 
2085233,43 68 
2085743,98 92 
2085743,98 65 
2086731,13 103 
2086731,13 101 
2087244,76 100 
2087244,76 4
2087244,76 1894
2087244,76 10
2089253,49 25 
2089281,6 75 
2090489,08 72 
2090533,73 70 
2091886,2 80 
2092729,66 83 
2093002,81 64 274
2093173,71 62 152
2093378,89 150 
2093416,34 68 
2093923,86 92 
2093923,86 65 
2094914,36 103 
2094914,36 101 
2095428,23 100 
2095428,23 4
2095428,23 1894
2095428,23 11
2097436,2 25 
2097465,76 75 
2098672,61 72 
2098716,6 70 
2100067 80 
2100913,11 83 
2101592,11 64 680
2101830,02 61 212
2101935,56 150 
2101972,61 68 
2102434,99 92 
2102434,99 65 
2103470,95 103 
2103470,95 101 
2103984,44 100 
2103984,44 4
2103984,44 1894
2103984,44 10
2105992,54 25 
2106022,32 75 
2107229,44 72 
2107273,2 70 
2108631,89 80 
2109482,67 83 
2110096,7 64 615
2110266,53 62 145
2110473,39 150 
2110515,97 68 
2111026,76 92 
2111026,76 65 
2112013,88 103 
2112013,88 101 
2112527,5 100 
2112527,5 4
2112527,5 1894
2112527,5 11
2114535,59 25 
2114564,18 75 
2115772,31 72 
2115816,09 70 
2117167,63 80 
2117999,18 83 
2118591,87 64 594
2118771,23 62 160
2118976,78 151 
2119018,63 69 
2119532,36 93 
2120517,01 103 
2120517,01 101 
2121434,06 100 
2121434,06 4
2121434,06 1894
2121434,06 11
2123438,74 25 
2123467,92 75 
2124675,9 72 
2124919,31 70 
2126383,12 80 
2127488,57 83 
2128179,44 64 691
2128357,42 62 151
2128564,5 151 
2128601,45 69 
2129109,79 93 
2130099,86 103 
2130099,86 101 
2131013,38 100 
2131013,38 4
2131013,38 1894
2131013,38 10
2133021,62 25 
2134262,9 75 
2135472,4 72 
2135701,42 70 
2137128,01 80 
2138164,72 83 
2138731,6 64 569
2138901,29 62 151
2139107,74 150 
2139143,74 68 
2139653,06 92 
2139653,06 65 
2140642,1 103 
2140642,1 101 
2141155,78 100 
2141155,78 4
2141155,78 1894
2141155,78 11
2143163,91 25 
2143192,58 75 
2144399,48 72 
2144444,59 70 
2145793,11 80 
2146640,55 83 
2147253,96 64 614
2147554,49 61 276
2147660,56 150 
2147700,02 68 
2148160,73 92 
2148160,73 65 
2149198,56 103 
2149198,56 101 
2149712,12 100 
2149712,12 4
2149712,12 1894
2149712,12 10
2151720,24 25 
2151749,8 75 
2152957,01 72 
2153000,72 70 
2154356,77 80 
2155196,95 83 
2156149,82 64 954
2156318,09 62 149
2156526,36 152 
2156563,05 69 
2157073,59 93 
2158061,26 103 
2158061,26 101 
2158975,32 100 
2158975,32 4
2158975,32 1894
2158975,32 11
2160982,8 25 
2165263 75 
2166471,81 72 
2166515,33 70 
2167862,68 80 
2168711,13 83 
2169195,92 64 486
2169494,04 61 277
2169601,61 150 
2169637,35 68 
2170096,03 92 
2170096,03 65 
2171135,89 103 
2171135,89 101 
2171650,08 100 
2171650,08 4
2171650,08 1894
2171650,08 11
2173657,65 25 
2173699,32 75 
2174908,67 72 
2174951,61 70 
2176306,86 80 
2177147,63 83 
2179607,54 64 2461
2180008,81 62 383
2180213,76 151 
2180241,49 69 
2180752,14 93 
2181744,71 103 
2181744,71 101 
2182658,27 100 
2182658,27 4
2182658,27 1894
2182658,27 10
2184666,38 25 
2184694,89 75 
2185903,47 72 
2185946,86 70 
2187296,54 80 
2188129,61 83 
2189057,52 64 929
2189668,15 61 593
2189773,75 151 
2189817,05 69 
2190278,75 93 
2191314 103 
2191314 101 
2192227,73 100 
2192227,73 4
2192227,73 1894
2192227,73 10
2194235,63 25 
2194544,74 75 
2195752,28 72 
2195796,02 70 
2197150,22 80 
2197992,37 83 
2200263,19 64 2272
2200540,44 63 257
2200745,7 151 
2200780,18 69 
2201289,51 93 
2202282,78 103 
2202282,78 101 
2203197,03 100 
2203197,03 4
2203197,03 1894
2203197,03 10
2205204,86 25 
2205846,24 75 
2207054,6 72 
2207099,04 70 
2208448,92 80 
2209294,13 83 
2210034,67 64 742
2210330,04 63 277
2210534,71 151 
2210562,23 69 
2211069,29 93 
2212065,44 103 
2212065,44 101 
2212978,8 100 
2212978,8 4
2212978,8 1894
2212978,8 11
2214986,97 25 
2215015,54 75 
2216224,33 72 
2216267,42 70 
2217618,27 80 
2218450,28 83 
2219082,8 64 633
2219440,59 61 338
2219548,41 150 
2219589,64 68 
2220050,59 92 
2220050,59 65 
2221088,22 103 
2221088,22 101 
2221604,8 100 
2221604,8 4
2221604,8 1894
2221604,8 10
2223610 25 
2223638,59 75 
2224846,9 72 
2224890,68 70 
2226247,97 80 
2227073,47 83 
2228666,62 64 1594
2229245,6 61 561
2229352,35 153 
2229386,43 68 
2229848,75 92 
2229848,75 65 
2230884,17 103 
2230884,17 101 
2231397,87 100 
2231397,87 4
2231397,87 1894
2231397,87 11
2233406,19 25 
2233434,92 75 
2234643,42 72 
2234686,76 70 
2236037,46 80 
2236882,61 83 
2238017,58 64 1136
2238076,87 239 
2238340,01 61 299
2238444,56 150 
2238475,87 68 
2238937,82 92 
2238937,82 65 
2239973,61 103 
2239973,61 101 
2240487,33 100 
2240487,33 4
2240487,33 1894
2240487,33 11
2242495,81 25 
2242524,13 75 
2243732,73 72 
2243976,2 70 
2245444,27 80 
2246532,06 83 
2247838,85 64 1308
2248079,62 61 216
2248189,88 150 
2248232,1 68 
2248695,86 92 
2248695,86 65 
2249729,75 103 
2249729,75 101 
2250243,75 100 
2250243,75 4
2250243,75 1894
2250243,75 10
2252253,7 25 
2252280,57 75 
2253489,13 72 
2253718,6 70 
2255181,76 80 
2256288 83 
2256989,23 64 702
2257260,03 63 253
2257468,29 151 
2257503,25 69 
2258012,78 93 
2259005,95 103 
2259005,95 101 
2259919,27 100 
2259919,27 4
2259919,27 1894
2259919,27 11
2261927,36 25 
2261956,18 75 
2263164,25 72 
2263408,38 70 
2264827,78 80 
2265883,97 83 
2266792,35 64 909
2266837,3 239 
2267296,18 61 480
2267403,04 150 
2267436,6 68 
2267901 92 
2267901 65 
2268935,01 103 
2268935,01 101 
2269448,6 100 
2269448,6 4
2269448,6 1894
2269448,6 10
2271456,75 25 
2271485,5 75 
2272693,61 72 
2272737,32 70 
2274092,47 80 
2274947,01 83 
2275515,67 64 570
2275585,39 239 
2275903,81 62 372
2276111,08 150 
2276153,45 68 
2276663,62 92 
2276663,62 65 
2277651,4 103 
2277651,4 101 
2278165,06 100 
2278165,06 4
2278165,06 1894
2278165,06 10
2280173,15 25 
2280201,81 75 
2281410,6 72 
2281453,64 70 
2282810,24 80 
2283649,86 83 
2284122,19 64 473
2284291,56 62 150
2284498,54 150 
2284536,01 68 
2285047,37 92 
2285047,37 65 
2286034,59 103 
2286034,59 101 
2286548,17 100 
2286548,17 4
2286548,17 1894
2286548,17 10
2288556,19 25 
2288585,23 75 
2289793,26 72 
2289836,64 70 
2291184,99 80 
2292032,82 83 
2293273,69 64 1242
2293459,07 62 161
2293667,75 150 
2293705,16 68 
2294214,49 92 
2294214,49 65 
2295203,92 103 
2295203,92 101 
2295717,94 100 
2295717,94 4
2295717,94 1894
2295717,94 11
2297725,66 25 
2297754,39 75 
2298963,54 72 
2299006,18 70 
2300358,87 80 
2301189,11 83 
2301690,3 64 502
2301960,87 61 253
2302068,17 150 
2302102,09 68 
2302562,95 92 
2302562,95 65 
2303600,42 103 
2303600,42 101 
2304114,03 100 
2304114,03 4
2304114,03 1894
2304114,03 11
2306122,11 25 
2306150,8 75 
2307357,33 72 
2307402,71 70 
2308752,6 80 
2309598,85 83 
2310315,5 64 718
2310512,63 61 169
2310617,68 150 
2310658,35 68 
2311123,45 92 
2311123,45 65 
2312156,74 103 
2312156,74 101 
2312673,39 100 
2312673,39 4
2312673,39 1894
2312673,39 11
2314678,61 25 
2314707,39 75 
2315914,8 72 
2315960,7 70 
2317307,99 80 
2318141,93 83 
2319223,55 64 1083
2319475,08 239 
2319486,43 61 240
2319592,43 150 
2319627,75 68 
2320091,49 92 
2320091,49 65 
2321126,3 103 
2321126,3 101 
2321640,21 100 
2321640,21 4
2321640,21 1894
2321640,21 10
2323648,2 25 
2323676,56 75 
2324885,08 72 
2324928,79 70 
2326279,97 80 
2327111,68 83 
2327977,59 64 866
2328189,3 62 185
2328400,27 150 
2328437,55 68 
2328952,37 92 
2328952,37 65 
2329935,95 103 
2329935,95 101 
2330450,39 100 
2330450,39 4
2330450,39 1894
2330450,39 11
2332457,79 25 
2332486,34 75 
2333694,43 72 
2333739,29 70 
2335088,74 80 
2335935,05 83 
2336525,52 64 592
2336771,25 61 225
2336877,03 150 
2336913,83 68 
2337374,76 92 
2337374,76 65 
2338412,4 103 
2338412,4 101 
2338926,05 100 
2338926,05 4
2338926,05 1894
2338926,05 11
2340934,92 25 
2340962,92 75 
2342171 72 
2342214,91 70 
2343564,98 80 
2344410,93 83 
2345196,62 64 787
2345460,78 239 
2345500,67 61 278
2345607,15 150 
2345643,49 68 
2346102,26 92 
2346102,26 65 
2347142,09 103 
2347142,09 101 
2347655,85 100 
2347655,85 4
2347655,85 1894
2347655,85 11
2349663,91 25 
2349692,52 75 
2350900,25 72 
2350944,41 70 
2352294,12 80 
2353140,6 83 
2353810,67 64 671
2353863,8 239 
2354228,76 61 396
2354336 152 
2354369,48 69 
2354833,79 93 
2355871,75 103 
2355871,75 101 
2356785,51 100 
2356785,51 4
2356785,51 1894
2356785,51 10
2358793,48 25 
2358822,17 75 
2360029,89 72 
2360074,05 70 
2361425,13 80 
2362270,2 83 
2362995,06 64 726
2363327,99 62 312
2363535,44 150 
2363569,41 68 
2364081,32 92 
2364081,32 65 
2365067,93 103 
2365067,93 101 
2365582,51 100 
2365582,51 4
2365582,51 1894
2365582,51 10
2367589,74 25 
2367618,29 75 
2368825,75 72 
2368870,27 70 
2370230,06 80 
2371306,54 83 
2371882,87 64 577
2372063,34 62 158
2372271,35 150 
2372313,1 68 
2372823,49 92 
2372823,49 65 
2373811,2 103 
2373811,2 101 
2374324,65 100 
2374324,65 4
2374324,65 1894
2374324,65 11
2376332,99 25 
2376362,6 75 
2377570,26 72 
2377786,72 70 
2379198,56 80 
2380236,07 83 
2381266,73 64 1032
2381543,02 61 255
2381649,29 150 
2381682,65 68 
2382146,49 92 
2382146,49 65 
2383180,49 103 
2383180,49 101 
2383695 100 
2383695 6
2383695 1894
2383695 10
2383695 78 
2385702,26 25 
2385730,96 75 
2386939,84 72 
2387156,1 70 
2388573,11 80 
2389632,12 83 
2390454,76 64 824
2390798,21 239 
2390824,74 61 341
2390931,23 151 
2390966,7 69 
2391430,96 93 
2392470,05 103 
2392470,05 101 
2393383,4 100 
2393383,4 6
2393383,4 1894
2393383,4 10
2395391,62 25 
2395420,26 75 
2396628,15 72 
2396845,46 70 
2398259,87 80 
2399308,07 83 
2399990,69 64 684
2400212,88 62 199
2400418,43 151 
2400460,88 69 
2400973,65 93 
2401101,7 239 
2401783,61 183 
2401959,39 103 
2401959,39 101 
2402875,77 100 
2402875,77 6
2402875,77 1894
2402875,77 10
2404880,85 25 
2404909,59 75 
2406117,48 72 
2406334,68 70 
2407745,19 80 
2408784,82 83 
2409622,84 64 840
2410071,03 62 422
2410278,09 151 
2410310,81 69 
2410823,49 93 
2411808,66 103 
2411808,66 101 
2412722,02 100 
2412722,02 6
2412722,02 1894
2412722,02 11
2414730,05 25 
2418170,65 75 
2419379,57 72 
2419595,85 70 
2419765,14 250 
2419778,55 101 
2421793,94 100 
2421793,94 6
2421793,94 1894
2421793,94 11
2421793,94 25 
2421822,68 75 
2422421,66 250 
2422429,84 101 
2424446,01 100 
2424446,01 6
2424446,01 1894
2424446,01 11
2424446,01 25 
2424470,87 75 
2425678,62 72 
2425696,04 70 
2426905,9 80 
2427749,68 83 
2428527,15 64 778
2428878,76 61 331
2428985,52 152 
2429017,59 69 
2429479,57 93 
2430433,74 239 
2430520,74 103 
2430520,74 101 
2431434,45 100 
2431434,45 6
2431434,45 1894
2431434,45 10
2433442,95 25 
2434883,64 75 
2436093,67 72 
2436135,75 70 
2437485,51 80 
2438331,76 83 
2439285,74 64 955
2439517,44 62 214
2439723,48 151 
2439759,64 69 
2440274,66 93 
2441262,66 103 
2441262,66 101 
2442176,79 100 
2442176,79 6
2442176,79 1894
2442176,79 10
2444184,31 25 
2444214,69 75 
2444361,09 250 
2444380,66 101 
2446396,63 100 
2446396,63 6
2446396,63 1894
2446396,63 10
2446396,63 25 
2450126,61 75 
2451335,3 72 
2451382,78 70 
2452736,98 80 
2453578,54 83 
2454501,87 64 924
2454707,33 62 184
2454913,08 151 
2454939,73 69 
2455451,91 93 
2456114,61 183 
2456442,98 103 
2456442,98 101 
2457356,41 100 
2457356,41 6
2457356,41 1894
2457356,41 11
2459364,65 25 
2459499,87 75 
2460709,11 72 
2460751,91 70 
2462108,45 80 
2462947,92 83 
2463801,57 64 855
2463849,39 239 
2464215,15 61 388
2464320,64 150 
2464353,94 68 
2464817,74 92 
2464817,74 65 
2465852,37 103 
2465852,37 101 
2466366,08 100 
2466366,08 6
2466366,08 1894
2466366,08 10
2468374,18 25 
2468402,86 75 
2469610,55 72 
2469654,68 70 
2471006,45 80 
2471850,81 83 
2473095,87 64 1246
2473386,95 63 271
2473594,02 150 
2473630,14 68 
2474139,23 92 
2474139,23 65 
2475128,6 103 
2475128,6 101 
2475643,11 100 
2475643,11 6
2475643,11 1894
2475643,11 11
2477650,31 25 
2477678,87 75 
2478885,68 72 
2478930,82 70 
2480278,46 80 
2481127,07 83 
2482171,49 64 1046
2482489,55 61 297
2482594,83 150 
2482626,14 68 
2483090,04 92 
2483090,04 65 
2484124,71 103 
2484124,71 101 
2484638,98 100 
2484638,98 6
2484638,98 1894
2484638,98 11
2486646,79 25 
2487248,24 75 
2488455,99 72 
2488500,3 70 
2489850,42 80 
2490696,42 83 
2491528,54 64 833
2491884,53 61 336
2491990,04 150 
2492022,95 68 
2492482,81 92 
2492482,81 65 
2493520,77 103 
2493520,77 101 
2494035,74 100 
2494035,74 6
2494035,74 1894
2494035,74 11
2496042,52 25 
2496071,2 75 
2497277,43 72 
2497323,64 70 
2498672,7 80 
2499519,27 83 
2500135,2 64 616
2500426,79 63 269
2500631,86 151 
2500668,05 69 
2501177,81 93 
2501288,01 239 
2502170,54 103 
2502170,54 101 
2503084,78 100 
2503084,78 6
2503084,78 1894
2503084,78 10
2505092,03 25 
2505121,48 75 
2506330,09 72 
2506372,54 70 
2507729,38 80 
2508568,8 83 
2509065,43 64 498
2509523,15 62 435
2509730,05 151 
2509756,85 69 
2510267,96 93 
2511220,62 183 
2511260,03 103 
2511260,03 101 
2512176,62 100 
2512176,62 6
2512176,62 1894
2512176,62 10
2514181,93 25 
2514211,02 75 
2515419,81 72 
2515462,22 70 
2516812,95 80 
2517658,41 83 
2518522,58 64 865
2518784,44 61 234
2518894,6 151 
2518931,08 69 
2519391,5 93 
2519827,7 239 
2520429,7 103 
2520429,7 101 
2521343,15 100 
2521343,15 6
2521343,15 1894
2521343,15 11
2523351,21 25 
2527244,89 75 
2528455,18 72 
2528670,18 70 
2530044,41 80 
2530893 83 
2531633,16 64 741
2531973,1 61 321
2532078,91 150 
2532112,2 68 
2532576,43 92 
2532576,43 65 
2533610,88 103 
2533610,88 101 
2534124,47 100 
2534124,47 6
2534124,47 1894
2534124,47 10
2536132,71 25 
2536161,2 75 
2537369,61 72 
2537413,18 70 
2538771,99 80 
2539622,64 83 
2540227,08 64 605
2540510,4 63 262
2540715,6 150 
2540749,08 68 
2541258,41 92 
2541258,41 65 
2542247,12 103 
2542247,12 101 
2542761,56 100 
2542761,56 6
2542761,56 1894
2542761,56 11
2544768,84 25 
2544797,64 75 
2546005,32 72 
2546049,34 70 
2547398,83 80 
2548245,54 83 
2549492,36 64 1248
2549817,18 61 306
2549923,87 150 
2549958,05 68 
2550419,01 92 
2550419,01 65 
2551456,56 103 
2551456,56 101 
2551970,25 100 
2551970,25 6
2551970,25 1894
2551970,25 11
2553978,34 25 
2554006,95 75 
2555214,7 72 
2555259,85 70 
2556608,67 80 
2557455,03 83 
2558536,96 64 1083
2558819,8 61 260
2558924,74 150 
2558967,52 68 
2559430,97 92 
2559430,97 65 
2560466,07 103 
2560466,07 101 
2560979,86 100 
2560979,86 6
2560979,86 1894
2560979,86 10
2562987,88 25 
2563017,18 75 
2564223,86 72 
2564268,38 70 
2565617,6 80 
2566451,38 83 
2566992,53 64 542
2567295,06 63 285
2567504,7 150 
2567550,57 68 
2568059,86 92 
2568059,86 65 
2569049,14 103 
2569049,14 101 
2569563 100 
2569563 6
2569563 1894
2569563 11
2571571,46 25 
2571599,63 75 
2572807,01 72 
2572851,48 70 
2574206,87 80 
2575047,74 83 
2575943,21 64 896
2576251,02 61 284
2576356,03 152 
2576382,75 69 
2576841,31 93 
2577885,45 103 
2577885,45 101 
2578799,11 100 
2578799,11 6
2578799,11 1894
2578799,11 10
2580807,01 25 
2580835,68 75 
2582044,14 72 
2582087,54 70 
2583438,09 80 
2584283,87 83 
2584877,78 64 595
2585167,61 63 272
2585372,63 150 
2585410,47 68 
2585922,67 92 
2585922,67 65 
2586908,36 103 
2586908,36 101 
2587422,71 100 
2587422,71 6
2587422,71 1894
2587422,71 11
2589430,76 25 
2589458,84 75 
2590666,35 72 
2590710,66 70 
2592069,56 80 
2592920,11 83 
2593770,78 64 852
2594033,17 63 234
2594239,52 151 
2594272,68 69 
2594788,56 93 
2594873,18 239 
2595771,32 103 
2595771,32 101 
2596685,11 100 
2596685,11 6
2596685,11 1894
2596685,11 10
2598692,89 25 
2599001,27 75 
2600211,4 72 
2600253,42 70 
2601605,19 80 
2602449,55 83 
2603621,93 64 1173
2603889,7 63 242
2604096,44 150 
2604135,42 68 
2604648,31 92 
2604648,31 65 
2605633,98 103 
2605633,98 101 
2606151,64 100 
2606151,64 6
2606151,64 1894
2606151,64 10
2608155,61 25 
2608184,6 75 
2609392,28 72 
2609437,18 70 
2610788,61 80 
2611632,35 83 
2612284,09 64 652
2612544,23 63 233
2612749,8 150 
2612785,58 68 
2613296,7 92 
2613296,7 65 
2614283,58 103 
2614283,58 101 
2614797,36 100 
2614797,36 6
2614797,36 1894
2614797,36 10
2616805,32 25 
2616833,83 75 
2618042,28 72 
2618085,98 70 
2619436,94 80 
2620282,02 83 
2621466,47 64 1186
2621755,44 61 262
2621862,26 153 
2621901,17 68 
2622365,7 92 
2622365,7 65 
2623399,72 103 
2623399,72 101 
2623913,4 100 
2623913,4 6
2623913,4 1894
2623913,4 10
2625921,54 25 
2625950,11 75 
2627158,28 72 
2627202,16 70 
2628552,18 80 
2629624,93 83 
2630041,39 64 417
2630308,08 61 244
2630414,37 151 
2630453,3 69 
2630915,91 93 
2631956,32 103 
2631956,32 101 
2632869,75 100 
2632869,75 6
2632869,75 1894
2632869,75 11
2634878,2 25 
2634906,68 75 
2636115,53 72 
2636345,02 70 
2637811,31 80 
2638914,42 83 
2639496,09 64 583
2639782,34 63 269
2639989,02 151 
2640022,43 69 
2640535,12 93 
2640552,79 239 
2641525,8 103 
2641525,8 101 
2642439,11 100 
2642439,11 6
2642439,11 1894
2642439,11 11
2644447,32 25 
2645049,06 75 
2646257,79 72 
2646500,97 70 
2647987,67 80 
2649070,16 83 
2649374,2 64 305
2649656,58 63 255
2649863,06 151 
2649898,4 69 
2650409,29 239 
2653600,86 182 
2654012,51 183 
2654508,49 93 
2654520,24 103 
2654520,24 101 
2655433,69 100 
2655433,69 6
2655433,69 1894
2655433,69 11
2657441,73 25 
2657470,95 75 
2658679,56 72 
2658922,36 70 
2660350,71 80 
2661398,33 83 
2662319,44 64 922
2662602,61 239 
2662617,44 61 273
2662728,85 150 
2662764,38 68 
2663230,06 92 
2663230,06 65 
2664262,84 103 
2664262,84 101 
2664777,27 100 
2664777,27 6
2664777,27 1894
2664777,27 10
2666784,84 25 
2666813,47 75 
2668021,63 72 
2668238,43 70 
2669658,51 80 
2670714,38 83 
2671381,8 64 668
2671600,6 62 194
2671806,1 151 
2671840,37 69 
2674120,07 239 
2675664,76 181 
2676767,04 183 
2676881,34 183 
2678363,43 181 
2679066,97 182 
2679563,59 93 
2679576,38 103 
2679576,38 101 
2680489,81 100 
2680489,81 6
2680489,81 1894
2680489,81 11
2682498,12 25 
2682526,8 75 
2683734,77 72 
2683951,88 70 
2685369,2 80 
2686414,52 83 
2686973,13 64 559
2687034,25 239 
2687342,63 61 343
2687447,95 150 
2687487,16 68 
2687947,21 92 
2687947,21 65 
2688985,77 103 
2688985,77 101 
2689499,41 100 
2689499,41 6
2689499,41 1894
2689499,41 10
2691507,67 25 
2691536,27 75 
2692743,69 72 
2692789,18 70 
2694136,84 80 
2694984,44 83 
2695634,61 64 652
2695737,47 239 
2696424,97 61 762
2696531,89 151 
2696566,21 69 
2697025,17 93 
2698061,98 103 
2698061,98 101 
2698975,67 100 
2698975,67 6
2698975,67 1894
2698975,67 11
2700983,5 25 
2701611,92 75 
2702820,64 72 
2702863,92 70 
2704220,75 80 
2705060,08 83 
2706431,11 64 1372
2706755,86 61 297
2706861,39 150 
2706905,76 68 
2707365,93 92 
2707365,93 65 
2708404,2 103 
2708404,2 101 
2708920,88 100 
2708920,88 6
2708920,88 1894
2708920,88 10
2710926,53 25 
2710954,75 75 
2712163,22 72 
2712206,44 70 
2713559,14 80 
2714403,21 83 
2715556,83 64 1155
2715735,43 62 160
2715941,11 151 
2715981,74 69 
2716494,7 93 
2717480,33 103 
2717480,33 101 
2718393,74 100 
2718393,74 6
2718393,74 1894
2718393,74 11
2720401,9 25 
2720897,77 75 
2722105,78 72 
2722149,49 70 
2723502,66 80 
2724331,82 83 
2724928,32 64 597
2725322,46 63 365
2725528,38 151 
2725559,75 69 
2726072,05 93 
2726181,6 239 
2727062,96 103 
2727062,96 101 
2727976,46 100 
2727976,46 6
2727976,46 1894
2727976,46 11
2729984,5 25 
2730306,53 75 
2730881,03 250 
2730900,66 101 
2732917,47 100 
2732917,47 6
2732917,47 1894
2732917,47 11
2732917,47 25 
2736833,43 75 
2737645,83 250 
2737657,65 101 
2739674,18 100 
2739674,18 6
2739674,18 1894
2739674,18 11
2739674,18 25 
2739698,67 75 
2740905,76 72 
2740954,44 70 
2742302,8 80 
2743150,59 83 
2743993,84 64 844
2744257,09 61 241
2744363,73 150 
2744397,22 68 
2744856,82 92 
2744856,82 65 
2745895,11 103 
2745895,11 101 
2746408,78 100 
2746408,78 6
2746408,78 1894
2746408,78 10
2748416,78 25 
2748445,68 75 
2749652,82 72 
2749697,43 70 
2751047,51 80 
2751880,24 83 
2752325,64 64 446
2752904,91 61 559
2753013,07 153 
2753046,26 68 
2753509,51 92 
2753509,51 65 
2754544,86 103 
2754544,86 101 
2755059,12 100 
2755059,12 6
2755059,12 1894
2755059,12 11
2757066,52 25 
2757095,25 75 
2758303,63 72 
2758347,35 70 
2759707,79 80 
2760556,58 83 
2761892,15 64 1336
2762229,06 63 314
2762436,37 151 
2762464,39 69 
2762973,09 93 
2763001,78 239 
2763967,51 103 
2763967,51 101 
2764881,03 100 
2764881,03 6
2764881,03 1894
2764881,03 10
2766889,16 25 
2766918,22 75 
2768126,14 72 
2768170,26 70 
2769523,66 80 
2770366,42 83 
2771097,77 64 733
2771479,51 62 355
2771686,38 151 
2771713,72 69 
2779422,88 181 
2780124,65 182 
2780622,74 93 
2780640,66 103 
2780640,66 101 
2781554 100 
2781554 6
2781554 1894
2781554 10
2783562,18 25 
2783591,19 75 
2784799,67 72 
2784842,68 70 
2786194,25 80 
2787038,84 83 
2788272,73 64 1235
2788320,17 239 
2788565,96 61 275
2788670,66 151 
2788712,61 69 
2789176,92 93 
2789651,58 239 
2790210,14 103 
2790210,14 101 
2791123,49 100 
2791123,49 6
2791123,49 1894
2791123,49 11
2793131,56 25 
2793162,66 75 
2794371,63 72 
2794585,54 70 
2795997,62 80 
2797035,13 83 
2797847,3 64 813
2798361,22 61 487
2798467,54 150 
2798507,27 68 
2798970,94 92 
2798970,94 65 
2800005,96 103 
2800005,96 101 
2800519,84 100 
2800519,84 6
2800519,84 1894
2800519,84 11
2802528,1 25 
2802557,36 75 
2803765,01 72 
2803981,63 70 
2805399,88 80 
2806430,91 83 
2807493,71 64 1064
2807741,22 61 218
2807849,59 150 
2807890,77 68 
2808353,06 92 
2808353,06 65 
2809388,76 103 
2809388,76 101 
2809902,41 100 
2809902,41 6
2809902,41 1894
2809902,41 10
2811910,45 25 
2811939,1 75 
2813147,13 72 
2813364,38 70 
2814791,23 80 
2815827 83 
2816395,27 64 569
2816709,96 63 297
2816915,95 150 
2816952,94 68 
2817467,96 92 
2817467,96 65 
2818306,19 239 
2818451,57 103 
2818451,57 101 
2818968,74 100 
2818968,74 6
2818968,74 1894
2818968,74 10
2820973,42 25 
2821001,92 75 
2822209,81 72 
2822427,33 70 
2823795,04 80 
2824636,63 83 
2825187,7 64 552
2825579,44 63 370
2825787,57 150 
2825824,64 68 
2826335,72 92 
2826335,72 65 
2827328,01 103 
2827328,01 101 
2827841,45 100 
2827841,45 6
2827841,45 1894
2827841,45 10
2829849,55 25 
2829878,31 75 
2831086,48 72 
2831130,29 70 
2832479,19 80 
2833326,39 83 
2833754,93 64 430
2834016,43 63 237
2834223,65 152 
2834261,29 69 
2834771,66 93 
2834909,96 239 
2835764,3 103 
2835764,3 101 
2836677,98 100 
2836677,98 6
2836677,98 1894
2836677,98 11
2838685,9 25 
2838714,75 75 
2839924,18 72 
2839966,69 70 
2841314,88 80 
2842162,61 83 
2843383,3 64 1221
2843724,93 61 324
2843831,71 150 
2843875,72 68 
2844337,45 92 
2844337,45 65 
2845373,46 103 
2845373,46 101 
2845887,33 100 
2845887,33 6
2845887,33 1894
2845887,33 11
2847895,49 25 
2847923,91 75 
2849130,67 72 
2849175,64 70 
2850525,5 80 
2851371,86 83 
2852470,29 64 1100
2853002,3 61 512
2853107,7 150 
2853138,19 68 
2853601,59 92 
2853601,59 65 
2854636,2 103 
2854636,2 101 
2855149,97 100 
2855149,97 6
2855149,97 1894
2855149,97 11
2857157,94 25 
2857187,87 75 
2858394,4 72 
2858438,46 70 
2859788,81 80 
2860621,59 83 
2862012,8 64 1392
2862177,67 239 
2862598,83 61 566
2862704,69 150 
2862747,68 68 
2863211,38 92 
2863211,38 65 
2864245,57 103 
2864245,57 101 
2864759,67 100 
2864759,67 6
2864759,67 1894
2864759,67 10
2866767,24 25 
2866795,99 75 
2868005,34 72 
2868047,87 70 
2869397,82 80 
2870244,02 83 
2870751,14 64 508
2871011,64 63 236
2871217,43 150 
2871250,18 68 
2871759,91 92 
2871759,91 65 
2872748,63 103 
2872748,63 101 
2873262,93 100 
2873262,93 6
2873262,93 1894
2873262,93 11
2875271,05 25 
2875299,56 75 
2876506,26 72 
2876551 70 
2877902,65 80 
2878747,75 83 
2881096,61 64 2351
2881397,72 61 279
2881504,89 150 
2881539,26 68 
2882002,78 92 
2882002,78 65 
2883037,67 103 
2883037,67 101 
2883551,9 100 
2883551,9 6
2883551,9 1894
2883551,9 10
2885559,45 25 
2885588,09 75 
2886795,43 72 
2886840,1 70 
2888188,47 80 
2889036,18 83 
2889844,02 64 809
2890155,04 63 293
2890362,22 150 
2890402,19 68 
2890657,71 239 
2891878,72 173 
2892126,51 173 
2892621,57 92 
2892621,57 65 
2892647 103 
2892647 101 
2893160,66 100 
2893160,66 6
2893160,66 1894
2893160,66 11
2895168,73 25 
2895199,46 75 
2896407,79 72 
2896449,22 70 
2897798,76 80 
2898645,49 83 
2899706,44 64 1062
2899962,1 61 238
2900067,73 150 
2900104,66 68 
2900568,06 92 
2900568,06 65 
2901603,22 103 
2901603,22 101 
2902116,86 100 
2902116,86 6
2902116,86 1894
2902116,86 10
2904124,97 25 
2904153,82 75 
2905361,46 72 
2905405,55 70 
2906757,49 80 
2907601,74 83 
2908811,93 64 1211
2909124,94 61 285
2909232 151 
2909269,72 69 
2909733,86 93 
2910772,76 103 
2910772,76 101 
2911689,18 100 
2911689,18 6
2911689,18 1894
2911689,18 11
2913694,29 25 
2913723 75 
2914929,36 72 
2914975,14 70 
2916324,16 80 
2917171 83 
2918110,53 64 941
2918405,31 61 276
2918512,3 150 
2918550,23 68 
2919015,51 92 
2919015,51 65 
2920048,84 103 
2920048,84 101 
2920118,29 102 
