21,97 100 
21,97 3
21,97 1935
21,97 11
2024,6 25 
2050,18 75 
3454,1 72 
3649,59 70 
5226,41 80 
6167,91 83 
6873,85 64 705
7071,28 62 184
7375,11 151 
7395,24 69 
8134,15 183 
8731,17 239 
14142,87 183 
15462,98 183 
16654,95 181 
17332,78 182 
17781,59 93 
17791,17 103 
17791,17 101 
19791,87 100 
19791,87 3
19791,87 1935
19791,87 11
21788,66 25 
21802,8 75 
23205,69 72 
23361,31 70 
24935,35 80 
25879,84 83 
26360,89 64 482
26651,32 63 278
26954,78 150 
26973,12 68 
27427,67 92 
27427,67 65 
28478,48 103 
28478,48 101 
28588,19 100 
28588,19 3
28588,19 1935
28588,19 10
30584,89 25 
31691,37 75 
33093,65 72 
33250,53 70 
34845,96 80 
35795,74 83 
36648,2 64 853
36931,68 63 270
37234,69 151 
37250,36 69 
37703,56 93 
38754,18 103 
38754,18 101 
40756,48 100 
40756,48 3
40756,48 1935
40756,48 11
42753,26 25 
42766,79 75 
44170,5 72 
44205,94 70 
45851,3 80 
46777,97 83 
46835,97 64 59
47162,04 63 318
47463,76 150 
47485,67 68 
47939,07 92 
47939,07 65 
48989,94 103 
48989,94 101 
49099,76 100 
49099,76 3
49099,76 1935
49099,76 11
51096,65 25 
51110,36 75 
52515,07 72 
52642,58 70 
54215,91 80 
55134,45 83 
55582,46 64 448
55870,97 63 271
56174,39 152 
56188,84 69 
56642,32 93 
57462,53 181 
57693,03 103 
57693,03 101 
59695,35 100 
59695,35 3
59695,35 1935
59695,35 10
61705,32 25 
62318,8 75 
63722,73 72 
63757,98 70 
65301,54 80 
66129,92 83 
68040,27 64 1911
68301,13 239 
68308,62 63 260
68610,94 151 
68623,63 69 
69078,24 93 
70127,93 103 
70127,93 101 
72130,53 100 
72130,53 3
72130,53 1935
72130,53 11
74140,18 25 
74154,47 75 
75558,21 72 
75592,99 70 
77136,91 80 
77964,94 83 
78088,14 64 124
78410,95 63 313
78714,32 150 
78739,51 68 
79193,58 92 
79193,58 65 
80243,65 103 
80243,65 101 
80353,33 100 
80353,33 3
80353,33 1935
80353,33 10
82350,18 25 
87934,72 75 
89336,95 72 
89373,93 70 
90919,72 80 
91745,93 83 
91859,78 64 115
92150,73 63 272
92453,99 151 
92467,31 69 
92919,7 93 
93870,1 239 
93971,3 103 
93971,3 101 
95973,52 100 
95973,52 3
95973,52 1935
95973,52 10
97970,4 25 
98290,48 75 
99694,11 72 
99729,58 70 
101275,48 80 
102101,62 83 
103719,64 64 1619
103952,03 61 211
104256,41 151 
104274,65 69 
104729,8 93 
105780,71 103 
105780,71 101 
107781,99 100 
107781,99 3
107781,99 1935
107781,99 10
109778,84 25 
110698,82 75 
112100,6 72 
112137,84 70 
113682,71 80 
114509,84 83 
116675,71 64 2167
116990,29 239 
116994,25 63 299
117295,61 151 
117309,21 69 
117763,42 93 
118814,35 103 
118814,35 101 
120817,83 100 
120817,83 3
120817,83 1935
120817,83 11
122826,62 25 
122840,65 75 
124242,88 72 
124279,46 70 
125822,91 80 
126651,45 83 
127703,34 64 1052
128020,46 63 303
128322,79 150 
128345,69 68 
128800,1 92 
128800,1 65 
129849,83 103 
129849,83 101 
129959,49 100 
129959,49 3
129959,49 1935
129959,49 10
131956,34 25 
131970,26 75 
133373,55 72 
133408,96 70 
134952,02 80 
135767,9 83 
135867,92 64 101
136161,29 63 274
136463,65 151 
136488,94 69 
136942,41 93 
137993,06 103 
137993,06 101 
139995,33 100 
139995,33 3
139995,33 1935
139995,33 11
141992,05 25 
142006,31 75 
143408,6 72 
143444,79 70 
144989,12 80 
145816,79 83 
146150,38 64 334
146459,81 63 297
146763,44 150 
146777,93 68 
147230,01 92 
147230,01 65 
148282,11 103 
148282,11 101 
148391,9 100 
148391,9 3
148391,9 1935
148391,9 10
150388,61 25 
150402,12 75 
151804,73 72 
151841,37 70 
153384,05 80 
154213,47 83 
154543,47 64 330
154799,86 61 241
155101,62 151 
155121,1 69 
155573,68 93 
156625,32 103 
156625,32 101 
158627,82 100 
158627,82 3
158627,82 1935
158627,82 10
160637,67 25 
160651,22 75 
162053,72 72 
162210,37 70 
163758,55 80 
164582,34 83 
165245,85 64 664
165650,18 63 388
165952,93 151 
165969,88 69 
166422,88 93 
167474,17 103 
167474,17 101 
169477,66 100 
169477,66 3
169477,66 1935
169477,66 11
171486,42 25 
174845,36 75 
176248,5 72 
176377,98 70 
177952,83 80 
178830,8 250 
178843,02 101 
180842,62 100 
180842,62 3
180842,62 1935
180842,62 11
180842,62 25 
180856,21 75 
182259,31 72 
182295,42 70 
183840,8 80 
184654,02 83 
184744,93 64 91
185039,58 63 279
185342,87 150 
185361,94 68 
185815,27 92 
185815,27 65 
186866,12 103 
186866,12 101 
186975,86 100 
186975,86 3
186975,86 1935
186975,86 10
188972,66 25 
188986,29 75 
190389,37 72 
190425,41 70 
191967,75 80 
192797,45 83 
193500,68 64 704
193701,11 62 184
194003,63 150 
194025,06 68 
194479,61 92 
194479,61 65 
195191,35 172 
195529,28 103 
195529,28 101 
195638,94 100 
195638,94 3
195638,94 1935
195638,94 11
197635,75 25 
197649,32 75 
199051,82 72 
199088,4 70 
200632,73 80 
201460,43 83 
201682,78 64 223
201939,27 63 239
202240,83 150 
202261,53 68 
202714,17 92 
202714,17 65 
203765,81 103 
203765,81 101 
203875,47 100 
203875,47 3
203875,47 1935
203875,47 11
205872,26 25 
205886 75 
207288,87 72 
207325,06 70 
208869,31 80 
209697,12 83 
209890,92 64 194
210179,1 63 269
210481,37 150 
210498,33 68 
210951,47 92 
210951,47 65 
212002,41 103 
212002,41 101 
212112,07 100 
212112,07 3
212112,07 1935
212112,07 10
214108,88 25 
214123,3 75 
215525,75 72 
215561,65 70 
217102,76 80 
217933,58 83 
218148,85 64 216
218380,48 61 220
218682,91 153 
218708,08 68 
219161,28 92 
219161,28 65 
220212,3 103 
220212,3 101 
220323,11 100 
220323,11 3
220323,11 1935
220323,11 11
222318,84 25 
222332,28 75 
223734,61 72 
223771,56 70 
225316,08 80 
226143,55 83 
226529,08 64 386
226789,08 63 246
227091,06 150 
227104,67 68 
227558,17 92 
227558,17 65 
228608,93 103 
228608,93 101 
228718,55 100 
228718,55 3
228718,55 1935
228718,55 11
230715,39 25 
230729,54 75 
232132,91 72 
232168,06 70 
233710,86 80 
234540,04 83 
234874,42 64 334
235189,57 63 303
235492,83 150 
235514,39 68 
235968,13 92 
235968,13 65 
237018,76 103 
237018,76 101 
237128,4 100 
237128,4 3
237128,4 1935
237128,4 10
239125,24 25 
239152,22 75 
240555,61 72 
240591,28 70 
242135 80 
242950,1 83 
243836,94 64 887
244218,81 62 363
244520,62 150 
244537,35 68 
244990,03 92 
244990,03 65 
245864,93 239 
246041,6 103 
246041,6 101 
246151,27 100 
246151,27 3
246151,27 1935
246151,27 10
248148,05 25 
248162,5 75 
249564,71 72 
249600,81 70 
251145,75 80 
251972,87 83 
252718,88 64 747
252999,61 63 268
253303,08 151 
253320,41 69 
253774,26 93 
254824,62 103 
254824,62 101 
256827,25 100 
256827,25 3
256827,25 1935
256827,25 10
258823,71 25 
258837,94 75 
260242,59 72 
260276,46 70 
261815,81 80 
262648,49 83 
263102,46 64 454
263308,9 62 195
263610,87 150 
263635,27 68 
264087,78 92 
264087,78 65 
265140,41 103 
265140,41 101 
265250,03 100 
265250,03 3
265250,03 1935
265250,03 11
267246,98 25 
269272,9 75 
270675,1 72 
270712,04 70 
272129,44 250 
272137,46 101 
274137,41 100 
274137,41 3
274137,41 1935
274137,41 11
274137,41 25 
274963,8 75 
276366,66 72 
276375,68 70 
277778,26 80 
278601,78 83 
278710,62 64 110
279010,26 63 289
279312,4 150 
279336,36 68 
279790,43 92 
279790,43 65 
280840,57 103 
280840,57 101 
280950,22 100 
280950,22 3
280950,22 1935
280950,22 10
282947,11 25 
284466,67 75 
285868,7 72 
286025,75 70 
287595,59 80 
288517,68 83 
288744,83 64 227
288989,05 62 232
289292,24 150 
289305,61 68 
289762,46 92 
289762,46 65 
290809,7 103 
290809,7 101 
290919,42 100 
290919,42 3
290919,42 1935
290919,42 11
292916,29 25 
292930,12 75 
294332,93 72 
294462,22 70 
296010,24 80 
296834,27 83 
298026,11 64 1192
298348,79 63 302
298650,69 150 
298674,87 68 
299127,85 92 
299127,85 65 
300179,14 103 
300179,14 101 
300289,05 100 
300289,05 3
300289,05 1935
300289,05 11
302285,62 25 
307017,53 75 
308421,41 72 
308456,47 70 
310001,68 80 
310828,5 83 
311697,81 64 870
312099,18 63 391
312401,76 152 
312415,06 69 
312867,79 93 
313920,11 103 
313920,11 101 
315922,54 100 
315922,54 3
315922,54 1935
315922,54 10
317919,11 25 
318545,73 75 
319947,64 72 
319984,94 70 
321527,25 80 
322356,95 83 
322761,98 64 405
323009,27 62 239
323312,28 150 
323331,33 68 
323784,76 92 
323784,76 65 
324835,59 103 
324835,59 101 
324946,32 100 
324946,32 3
324946,32 1935
324946,32 11
326942,16 25 
326956,09 75 
328359,73 72 
328394,84 70 
329941,15 80 
330753,88 83 
334769,87 64 4017
335098,6 63 320
335401,69 150 
335419,72 68 
335874,14 92 
335874,14 65 
336923,99 103 
336923,99 101 
337033,5 100 
337033,5 3
337033,5 1935
337033,5 10
339030,5 25 
349029,82 254 
349038,91 101 
351038,16 100 
351038,16 3
351038,16 1935
351038,16 10
351038,16 25 
351052,72 75 
352455,99 72 
352491,47 70 
354036,03 80 
354850,21 83 
355155,67 64 305
355508,11 63 338
355810,44 151 
355823,69 69 
356277,86 93 
357328,8 103 
357328,8 101 
359331,2 100 
359331,2 3
359331,2 1935
359331,2 10
361341,04 25 
361355,03 75 
362758,7 72 
362793,91 70 
364336,83 80 
365166,04 83 
365305,95 64 141
365548,61 62 224
365850,79 150 
365873,71 68 
366327,01 92 
366327,01 65 
366365,5 239 
366674,28 172 
367377,97 103 
367377,97 101 
367487,71 100 
367487,71 3
367487,71 1935
367487,71 11
369484,53 25 
369498,02 75 
370900,69 72 
370937,16 70 
372480,52 80 
373309,24 83 
373561,27 64 252
373889,74 63 315
374193,12 152 
374217 69 
374670,86 93 
375721,17 103 
375721,17 101 
377723,59 100 
377723,59 3
377723,59 1935
377723,59 10
379720,41 25 
379734,2 75 
381137,61 72 
381172,9 70 
382718,63 80 
383531,66 83 
383624,04 64 93
383878,92 62 241
384180,9 150 
384198,53 68 
384653,35 92 
384653,35 65 
385703,73 103 
385703,73 101 
385814,17 100 
385814,17 5
385814,17 1935
385814,17 11
385814,17 78 
387810,2 25 
393381,37 75 
394782,77 72 
394940,53 70 
396538,94 80 
397472,46 83 
398081,28 64 609
398438 63 340
398740,99 151 
398766,12 69 
399221,07 93 
400271,01 103 
400271,01 101 
402273,22 100 
402273,22 5
402273,22 1935
402273,22 10
404270,19 25 
414269,72 254 
414278,51 101 
416277,76 100 
416277,76 5
416277,76 1935
416277,76 10
416277,76 25 
425354,78 75 
426758,18 72 
426914,03 70 
428467,9 80 
429285,93 83 
430165,06 64 879
430467,57 62 289
430768,73 151 
430792,57 69 
431246,46 93 
431628,11 239 
432297,82 103 
432297,82 101 
434300,1 100 
434300,1 5
434300,1 1935
434300,1 11
436309,96 25 
436324,65 75 
437727,63 72 
437762,88 70 
439307,79 80 
440134,85 83 
440424,75 64 291
440747,96 63 307
441050,62 151 
441068,31 69 
441521,11 93 
442573,44 103 
442573,44 101 
444575,86 100 
444575,86 5
444575,86 1935
444575,86 11
446572,5 25 
446586,62 75 
447989,22 72 
448025,3 70 
449568,21 80 
450384,07 83 
450801,64 64 417
451148,17 239 
451186,02 63 376
451488,98 151 
451505,08 69 
451960,34 93 
452657,76 239 
453009,19 103 
453009,19 101 
455011,44 100 
455011,44 5
455011,44 1935
455011,44 10
457021,45 25 
457035,98 75 
458440,19 72 
458474,18 70 
460018,95 80 
460846,35 83 
461189,38 64 343
461468,2 63 262
461770,72 150 
461793,92 68 
462248,55 92 
462248,55 65 
463298,19 103 
463298,19 101 
463409,08 100 
463409,08 5
463409,08 1935
463409,08 11
465404,63 25 
465419,15 75 
466821,91 72 
466857,45 70 
468404,02 80 
469229,41 83 
469438,68 64 210
469667,7 61 212
469971,15 151 
469989,71 69 
470443,31 93 
471494,86 103 
471494,86 101 
473497,24 100 
473497,24 5
473497,24 1935
473497,24 11
475493,88 25 
475521,27 75 
476924,25 72 
476959,85 70 
478505,25 80 
479318,6 83 
479742,79 64 425
479977,25 61 219
480279,51 151 
480293,19 69 
480747,15 93 
481797,22 103 
481797,22 101 
483799,64 100 
483799,64 5
483799,64 1935
483799,64 10
485796,26 25 
485812,84 75 
487216,22 72 
487249,01 70 
488792,78 80 
489620,98 83 
490386,85 64 766
490677,17 63 270
490979,21 152 
490994,25 69 
491448,66 93 
492499,44 103 
492499,44 101 
494501,63 100 
494501,63 5
494501,63 1935
494501,63 10
496498,64 25 
496512,7 75 
497915,34 72 
497951,23 70 
499492,96 80 
500309,82 83 
500524,33 64 215
500787,5 61 251
501092,17 151 
501110,82 69 
501563,85 93 
502615,23 103 
502615,23 101 
504617,61 100 
504617,61 5
504617,61 1935
504617,61 11
506614,35 25 
506628,78 75 
508032,69 72 
508067,04 70 
509611,31 80 
510425,95 83 
510731,11 64 306
510967,35 61 222
511269,13 151 
511293,41 69 
511746,78 93 
512797,7 103 
512797,7 101 
514800,78 100 
514800,78 5
514800,78 1935
514800,78 10
516796,74 25 
516810,31 75 
518213,15 72 
518249,46 70 
519792,88 80 
520608,12 83 
521046,59 64 438
521317,78 62 257
521621 151 
521635,84 69 
522089,55 93 
522748,82 183 
523140,06 103 
523140,06 101 
525142,54 100 
525142,54 5
525142,54 1935
525142,54 10
527139,12 25 
527152,95 75 
528556,32 72 
528591,78 70 
530134,02 80 
530963,77 83 
531502,06 64 539
531858,14 63 335
532160,02 150 
532178,14 68 
532630,87 92 
532630,87 65 
533682,39 103 
533682,39 101 
533791,97 100 
533791,97 5
533791,97 1935
533791,97 11
535788,92 25 
535802,4 75 
537206,06 72 
537361,48 70 
538963,37 80 
539906,78 83 
540126,88 64 221
540387,32 62 241
540688,83 150 
540707,93 68 
541161,13 92 
541161,13 65 
542212,19 103 
542212,19 101 
542321,81 100 
542321,81 5
542321,81 1935
542321,81 11
544318,72 25 
544332,19 75 
545734,68 72 
545891,31 70 
547458,04 80 
548383,22 83 
548666,2 64 283
548867,19 62 191
549169,89 150 
549184,56 68 
549637,52 92 
549637,52 65 
550688,62 103 
550688,62 101 
550798,43 100 
550798,43 5
550798,43 1935
550798,43 10
552795,13 25 
552809,17 75 
554211,97 72 
554341,11 70 
555889,06 80 
556713,11 83 
556900,11 64 187
557127,72 61 215
557429,63 151 
557447,7 69 
557901,31 93 
558951,89 103 
558951,89 101 
560955,4 100 
560955,4 5
560955,4 1935
560955,4 10
562950,88 25 
562964,74 75 
564367,15 72 
564403,62 70 
565949,97 80 
566775,6 83 
567003,57 64 228
567237,38 61 222
567538,69 151 
567562,58 69 
568015,74 93 
569067,71 103 
569067,71 101 
571070,03 100 
571070,03 5
571070,03 1935
571070,03 10
573066,67 25 
573080,29 75 
574482,52 72 
574519,48 70 
576062,18 80 
576891,4 83 
577415,8 64 525
577677,54 61 253
577980,52 151 
577998,38 69 
578451,55 93 
579503,34 103 
579503,34 101 
581505,73 100 
581505,73 5
581505,73 1935
581505,73 10
583502,42 25 
583516,01 75 
584919 72 
584955,13 70 
586498,98 80 
587327,11 83 
590423,59 64 3096
590687,1 61 255
590988,78 151 
591006,22 69 
591460,41 93 
592511,29 103 
592511,29 101 
594513,68 100 
594513,68 5
594513,68 1935
594513,68 10
596523,62 25 
596537,66 75 
597940,15 72 
597976,34 70 
599519,54 80 
600348,35 83 
600583,41 64 235
600817,2 62 216
601120,43 151 
601136,32 69 
601590,42 93 
602640,41 103 
602640,41 101 
604642,68 100 
604642,68 5
604642,68 1935
604642,68 11
606639,55 25 
606653,11 75 
608055,58 72 
608092,21 70 
609634,34 80 
610464,23 83 
610909,17 64 445
611328,25 63 411
611632,11 151 
611650,99 69 
612104,14 93 
613156,04 103 
613156,04 101 
615158,48 100 
615158,48 5
615158,48 1935
615158,48 11
617168,35 25 
620394,09 75 
621796,2 72 
621833,12 70 
623376,87 80 
624205,24 83 
624451,39 64 246
624697,31 62 226
624998,99 150 
625019,6 68 
625471,81 92 
625471,81 65 
625511,36 239 
625595,24 172 
626523,96 103 
626523,96 101 
626633,6 100 
626633,6 5
626633,6 1935
626633,6 11
628630,44 25 
628643,94 75 
630046,59 72 
630083,04 70 
631628,68 80 
632455,09 83 
633645,34 64 1190
633876,12 62 222
634178 152 
634201,69 69 
634656,83 93 
635706,73 103 
635706,73 101 
637709,03 100 
637709,03 5
637709,03 1935
637709,03 10
639705,87 25 
639719,9 75 
641121,94 72 
641158,44 70 
642700,77 80 
643530,47 83 
643639,48 64 109
643986,88 63 337
644289,66 150 
644304,27 68 
644757,79 92 
644757,79 65 
645809,2 103 
645809,2 101 
645918,76 100 
645918,76 5
645918,76 1935
645918,76 11
647915,79 25 
649008,77 75 
650411,12 72 
650447,96 70 
651989,96 80 
652819,94 83 
653539,23 64 719
653816,92 62 264
654119,11 150 
654141,61 68 
654594,96 92 
654594,96 65 
655645,16 103 
655645,16 101 
655754,94 100 
655754,94 5
655754,94 1935
655754,94 11
657751,67 25 
657765,74 75 
659167,76 72 
659324,35 70 
660895,98 80 
661816,18 83 
662014,04 64 198
662227,08 62 198
662531,73 150 
662550,76 68 
663005,47 92 
663005,47 65 
664055,02 103 
664055,02 101 
664165,87 100 
664165,87 5
664165,87 1935
664165,87 11
666161,53 25 
666176,08 75 
667579,56 72 
667707,5 70 
669278,13 80 
670199,44 83 
670393,28 64 194
670596,44 62 184
670898,57 150 
670920,69 68 
671374,01 92 
671374,01 65 
671921,31 239 
672424,8 103 
672424,8 101 
672534,53 100 
672534,53 5
672534,53 1935
672534,53 10
674531,4 25 
674545,12 75 
675948,26 72 
675984,04 70 
677527,68 80 
678356,01 83 
678430,88 64 75
678737,91 63 289
679040 150 
679063,06 68 
679516,13 92 
679516,13 65 
680568,1 103 
680568,1 101 
680677,83 100 
680677,83 5
680677,83 1935
680677,83 10
682674,63 25 
682688,15 75 
684090,15 72 
684127,31 70 
685669,77 80 
686499,36 83 
687491,29 64 992
687736,09 62 224
688037,79 151 
688060,18 69 
688513 93 
689577,7 103 
689577,7 101 
691580,03 100 
691580,03 5
691580,03 1935
691580,03 10
693576,79 25 
693591,27 75 
694995,72 72 
695029,44 70 
696571,99 80 
697401,47 83 
697552,44 64 151
697886,11 63 325
698188,22 152 
698201,72 69 
698655,62 93 
699706,9 103 
699706,9 101 
701709,16 100 
701709,16 5
701709,16 1935
701709,16 11
703705,94 25 
703719,45 75 
705122,04 72 
705158,57 70 
706701,92 80 
707530,7 83 
707750,54 64 220
708047,09 63 277
708350,05 151 
708371,7 69 
708824,76 93 
709875,96 103 
709875,96 101 
711878,23 100 
711878,23 5
711878,23 1935
711878,23 10
713875,04 25 
714621,6 75 
716024,04 72 
716060,8 70 
717605,16 80 
718432,75 83 
720184,28 64 1752
720586,21 63 381
720888,98 150 
720913,3 68 
721366,23 92 
721366,23 65 
722417,41 103 
722417,41 101 
722527,09 100 
722527,09 5
722527,09 1935
722527,09 11
724524 25 
724537,9 75 
725940,78 72 
725976,67 70 
727525,25 80 
728348,66 83 
728458,47 64 110
728786,8 63 318
729089,81 151 
729108,96 69 
729562,3 93 
730279,23 239 
730614,04 103 
730614,04 101 
732616,37 100 
732616,37 5
732616,37 1935
732616,37 11
734613,16 25 
734627 75 
736030,11 72 
736065,81 70 
737609,07 80 
738437,77 83 
738776,25 64 339
739147,17 63 363
739450,23 151 
739464,61 69 
739918,38 93 
740969,71 103 
740969,71 101 
742971,98 100 
742971,98 5
742971,98 1935
742971,98 10
744968,85 25 
744982,31 75 
746386,31 72 
746421,47 70 
747966,58 80 
748793,54 83 
748974,83 64 182
749335,87 63 343
749640,12 150 
749661,22 68 
750114,66 92 
750114,66 65 
751165,51 103 
751165,51 101 
751275,2 100 
751275,2 5
751275,2 1935
751275,2 11
753271,98 25 
753285,64 75 
754687,9 72 
754724,71 70 
756269,1 80 
757096,75 83 
757386,03 64 290
757576,85 62 174
757880,26 150 
757897,87 68 
758350,94 92 
758350,94 65 
759402,07 103 
759402,07 101 
759513,8 100 
759513,8 5
759513,8 1935
759513,8 10
761508,61 25 
761522,33 75 
762924,83 72 
762961,28 70 
764505,58 80 
765333,36 83 
765670,25 64 337
765984,95 63 306
766288,2 150 
766307,84 68 
766761,85 92 
766761,85 65 
767811,94 103 
767811,94 101 
767921,62 100 
767921,62 5
767921,62 1935
767921,62 10
769918,5 25 
769932,13 75 
771335,07 72 
771371,14 70 
772912,3 80 
773863,2 83 
775100,07 64 1237
775406,48 63 291
775710,22 150 
775730,45 68 
776183,77 92 
776183,77 65 
777234,67 103 
777234,67 101 
777344,48 100 
777344,48 5
777344,48 1935
777344,48 10
779341,12 25 
779354,88 75 
780758,28 72 
780887,19 70 
782456,23 80 
783379,12 83 
786085,02 64 2706
786405,68 63 308
786708,84 150 
786725,93 68 
787179,08 92 
787179,08 65 
788230,18 103 
788230,18 101 
788339,77 100 
788339,77 5
788339,77 1935
788339,77 11
790336,69 25 
790350,63 75 
791753,46 72 
791882,81 70 
793450,25 80 
794374,61 83 
795169,78 64 796
795426 62 238
795728,57 150 
795748,8 68 
796202,65 92 
796202,65 65 
797253,07 103 
797253,07 101 
797362,83 100 
797362,83 5
797362,83 1935
797362,83 10
799359,65 25 
804224,41 75 
805626,86 72 
805663,61 70 
807208,09 80 
808035,58 83 
808038 64 3
808345,69 63 298
808648,09 150 
808663,64 68 
809117,81 92 
809117,81 65 
810167,71 103 
810167,71 101 
810278,47 100 
810278,47 5
810278,47 1935
810278,47 11
812274,19 25 
812288,13 75 
813691,24 72 
813820,25 70 
815371,61 80 
816205,54 83 
816777,51 64 572
816955,6 62 164
817257,65 150 
817273,37 68 
817726,65 92 
817726,65 65 
818777,45 103 
818777,45 101 
818887,08 100 
818887,08 5
818887,08 1935
818887,08 11
820884,03 25 
822123,65 75 
822126,23 250 
822136,94 101 
824135,97 100 
824135,97 5
824135,97 1935
824135,97 11
824135,97 25 
824149,13 75 
824151,38 250 
824161,92 101 
826161,86 100 
826161,86 5
826161,86 1935
826161,86 11
826161,86 25 
826174,95 75 
826177,16 250 
826187,51 101 
828187,67 100 
828187,67 5
828187,67 1935
828187,67 11
828187,67 25 
828200,95 75 
829603,96 72 
829640,29 70 
831187,55 80 
832012,42 83 
833189,61 64 1177
833455,99 62 258
833759,63 150 
833773,29 68 
834225,77 92 
834225,77 65 
835277,28 103 
835277,28 101 
835386,97 100 
835386,97 5
835386,97 1935
835386,97 11
837383,77 25 
837397,66 75 
838801,14 72 
838836,53 70 
840380,22 80 
841208,46 83 
841491,44 64 283
841765,03 239 
841775,27 63 274
842078,46 151 
842103,12 69 
842555,65 93 
843607,16 103 
843607,16 101 
845609,58 100 
845609,58 5
845609,58 1935
845609,58 11
847606,29 25 
856043 75 
856128,02 250 
856148,35 101 
858148,46 100 
858148,46 5
858148,46 1935
858148,46 11
858148,46 25 
858161,38 75 
859320,03 250 
859333,57 101 
861333,87 100 
861333,87 5
861333,87 1935
861333,87 11
861333,87 25 
861773,28 75 
863176,74 72 
863213,04 70 
864758,49 80 
865585,05 83 
865761,15 64 176
866104,29 63 333
866407,06 151 
866425,3 69 
866878,6 93 
867930,41 103 
867930,41 101 
869932,81 100 
869932,81 5
869932,81 1935
869932,81 10
871929,54 25 
872356,21 75 
873757,81 72 
873795,42 70 
875342,95 80 
876167,34 83 
876245,37 64 78
876594,34 63 334
876897,26 152 
876914,32 69 
877367,96 93 
877565,06 239 
878419,44 103 
878419,44 101 
880422,96 100 
880422,96 5
880422,96 1935
880422,96 11
882418,38 25 
882432,09 75 
883835,16 72 
883871,19 70 
885415,23 80 
886243,19 83 
886493,44 64 250
886804,48 62 295
887107,34 150 
887124,27 68 
887577,1 92 
887577,1 65 
888628,48 103 
888628,48 101 
888738,17 100 
888738,17 5
888738,17 1935
888738,17 11
890735,03 25 
890748,94 75 
892151,66 72 
892187,83 70 
893729,78 80 
894546,33 83 
894804,65 64 259
895204,43 63 392
895505,97 151 
895520 69 
895974,19 93 
897025,03 103 
897025,03 101 
899027,44 100 
899027,44 5
899027,44 1935
899027,44 11
901037,33 25 
901051,06 75 
902453,76 72 
902490,08 70 
904034,71 80 
904862,21 83 
904901,16 64 39
904921,73 239 
905265,54 63 350
905567,66 151 
905583,31 69 
906036,19 93 
906876,1 181 
907087,49 103 
907087,49 101 
909089,81 100 
909089,81 5
909089,81 1935
909089,81 10
911099,76 25 
914872,02 75 
915508,79 250 
915523,82 101 
917524,02 100 
917524,02 5
917524,02 1935
917524,02 10
917524,02 25 
918456,4 75 
919858,74 72 
920016,23 70 
921586,47 80 
922521,58 83 
923041,65 64 520
923455,44 63 401
923758,55 150 
923775,79 68 
924230,49 92 
924230,49 65 
925279,95 103 
925279,95 101 
925389,72 100 
925389,72 5
925389,72 1935
925389,72 10
927386,4 25 
927400,08 75 
928803,6 72 
928959,17 70 
930557,9 80 
931491,09 83 
931531,17 64 40
931863,86 63 320
932167,13 150 
932185,59 68 
932637,91 92 
932637,91 65 
933689,8 103 
933689,8 101 
933799,56 100 
933799,56 5
933799,56 1935
933799,56 10
935796,26 25 
935823,61 75 
937227,44 72 
937382,42 70 
938973,57 80 
939914,2 83 
939936,6 64 22
940226,27 63 272
940529,18 152 
940542,17 69 
940994,76 93 
942046,42 103 
942046,42 101 
944048,72 100 
944048,72 5
944048,72 1935
944048,72 10
946045,41 25 
946059,86 75 
947463,45 72 
947618,04 70 
949230,02 80 
950176,63 83 
950474,66 64 299
950914,75 63 432
951216,91 150 
951231,1 68 
951684,35 92 
951684,35 65 
952735,24 103 
952735,24 101 
952844,91 100 
952844,91 5
952844,91 1935
952844,91 10
954841,73 25 
955201,79 75 
955204,05 250 
955213,91 101 
957214,09 100 
957214,09 5
957214,09 1935
957214,09 10
957214,09 25 
957241,26 75 
958644,03 72 
958800,22 70 
960401,6 80 
961345,32 83 
961514,37 64 169
961805,62 63 274
962108,72 150 
962133,3 68 
962587,47 92 
962587,47 65 
963637,41 103 
963637,41 101 
963747,14 100 
963747,14 5
963747,14 1935
963747,14 11
965743,88 25 
965758,16 75 
967161,57 72 
967289,95 70 
968860,94 80 
969781,9 83 
969852,56 64 71
970063,88 62 203
970366,03 150 
970383,19 68 
970837,28 92 
970837,28 65 
971887,29 103 
971887,29 101 
971997 100 
971997 5
971997 1935
971997 11
973993,8 25 
974008,24 75 
975411,33 72 
975539,84 70 
977114,92 80 
978031,78 83 
978164,55 64 133
978405,24 62 227
978707,05 150 
978726,44 68 
979181,35 92 
979181,35 65 
980230,61 103 
980230,61 101 
980341,41 100 
980341,41 5
980341,41 1935
980341,41 10
982336,95 25 
982350,55 75 
983755,57 72 
983883,08 70 
985429,79 80 
986241,73 83 
986390,01 64 149
986603,76 62 203
986908,3 151 
986922,94 69 
987375,77 93 
988427,1 103 
988427,1 101 
990429,44 100 
990429,44 5
990429,44 1935
990429,44 10
992439,37 25 
992453,36 75 
993855,85 72 
993892,23 70 
995432,95 80 
996264,22 83 
996448,4 64 184
996873,93 63 410
997176,72 152 
997197,7 69 
997652,86 93 
998702,87 103 
998702,87 101 
1000705,23 100 
1000705,23 5
1000705,23 1935
1000705,23 10
1002715,15 25 
1003275,2 75 
1004677,02 72 
1004714,44 70 
1006257,28 80 
1007073,01 83 
1008420,23 64 1347
1008775 63 343
1009077,17 150 
1009100,36 68 
1009554,5 92 
1009554,5 65 
1010604,57 103 
1010604,57 101 
1010714,4 100 
1010714,4 5
1010714,4 1935
1010714,4 11
1012711,22 25 
1013657,49 75 
1015060,42 72 
1015096,72 70 
1016639,19 80 
1017455,38 83 
1020901,72 64 3447
1021294,54 63 374
1021597,07 151 
1021615,19 69 
1022069,17 93 
1023119,39 103 
1023119,39 101 
1025121,96 100 
1025121,96 5
1025121,96 1935
1025121,96 11
1027131,75 25 
1037131,95 254 
1037140,23 101 
1039139,52 100 
1039139,52 5
1039139,52 1935
1039139,52 11
1039139,52 25 
1039206,99 75 
1040608,66 72 
1040646,18 70 
1042189,94 80 
1043018,12 83 
1043450,13 64 432
1043732,93 62 262
1044035,06 150 
1044059,29 68 
1044513,5 92 
1044513,5 65 
1045563,41 103 
1045563,41 101 
1045673,24 100 
1045673,24 5
1045673,24 1935
1045673,24 10
1047669,97 25 
1047684,34 75 
1049087,14 72 
1049122,68 70 
1050663,96 80 
1051494,62 83 
1051607,76 64 114
1051954,65 63 328
1052258,26 150 
1052282,52 68 
1052734,59 92 
1052734,59 65 
1053786,66 103 
1053786,66 101 
1053896,42 100 
1053896,42 5
1053896,42 1935
1053896,42 11
1055893,12 25 
1055907,75 75 
1057311,37 72 
1057345,95 70 
1058889,75 80 
1059717,86 83 
1064037,36 64 4320
1064273,23 62 224
1064575,62 150 
1064597,34 68 
1065051,02 92 
1065051,02 65 
1066101,63 103 
1066101,63 101 
1066211,35 100 
1066211,35 5
1066211,35 1935
1066211,35 11
1068208,08 25 
1068368,23 75 
1069771 72 
1069807,42 70 
1071351,73 80 
1072179,44 83 
1072473,4 64 294
1072734,41 62 249
1073037,59 150 
1073060,58 68 
1073512,72 92 
1073512,72 65 
1074564,71 103 
1074564,71 101 
1074674,49 100 
1074674,49 5
1074674,49 1935
1074674,49 11
1076671,46 25 
1076685,67 75 
1078088,57 72 
1078124 70 
1079668,5 80 
1080496 83 
1081122,53 64 627
1081373,65 62 239
1081677,39 150 
1081696,91 68 
1082149,24 92 
1082149,24 65 
1083201,15 103 
1083201,15 101 
1083310,91 100 
1083310,91 5
1083310,91 1935
1083310,91 10
1085307,77 25 
1085321,42 75 
1086723,82 72 
1086880,38 70 
1088477,09 80 
1089425,68 83 
1089853,74 64 429
1090154,44 63 289
1090456,34 150 
1090479,97 68 
1090933,8 92 
1090933,8 65 
1091984,15 103 
1091984,15 101 
1092094,99 100 
1092094,99 5
1092094,99 1935
1092094,99 10
1094090,76 25 
1094104,13 75 
1095506,1 72 
1095636,65 70 
1097210,22 80 
1098128,6 83 
1098437,06 64 309
1098802,61 63 355
1099106,15 150 
1099129,73 68 
1099583,01 92 
1099583,01 65 
1100633,93 103 
1100633,93 101 
1100743,78 100 
1100743,78 5
1100743,78 1935
1100743,78 11
1102740,41 25 
1102754,33 75 
1104157,21 72 
1104193,17 70 
1105736,94 80 
1106565,1 83 
1106953,15 64 388
1107273,78 239 
1107279,46 63 314
1107581,32 151 
1107606,18 69 
1108060,49 93 
1109110,49 103 
1109110,49 101 
1111112,92 100 
1111112,92 5
1111112,92 1935
1111112,92 10
1113122,65 25 
1113136,24 75 
1114538,59 72 
1114575,48 70 
1116119,39 80 
1116947,53 83 
1117583,33 64 636
1117912,43 63 312
1118214,35 150 
1118228,41 68 
1118680,89 92 
1118680,89 65 
1119732,65 103 
1119732,65 101 
1119842,48 100 
1119842,48 1
1119842,48 1935
1119842,48 10
1119842,48 78 
1121839,16 25 
1121852,71 75 
1123254,72 72 
1123291,9 70 
1124833,29 80 
1125650,62 83 
1125733,39 64 83
1126063,65 63 321
1126366,25 151 
1126384,15 69 
1126837,69 93 
1127889,27 103 
1127889,27 101 
1129891,88 100 
1129891,88 1
1129891,88 1935
1129891,88 11
1131901,62 25 
1131915,56 75 
1133318,24 72 
1133354,34 70 
1134897,25 80 
1135726,34 83 
1136348,76 64 623
1136712,83 63 347
1137016,48 151 
1137034,06 69 
1137488,33 93 
1138538,18 103 
1138538,18 101 
1140540,57 100 
1140540,57 1
1140540,57 1935
1140540,57 10
1142537,28 25 
1142551,39 75 
1143955,72 72 
1143990,29 70 
1145531,72 80 
1146361,93 83 
1146721,05 64 359
1147082,17 63 347
1147385,34 151 
1147402,07 69 
1147855,7 93 
1148907,22 103 
1148907,22 101 
1150909,48 100 
1150909,48 1
1150909,48 1935
1150909,48 11
1152906,29 25 
1152919,91 75 
1154322,99 72 
1154359,04 70 
1155902,96 80 
1156731,1 83 
1160589,72 64 3859
1160822,03 61 213
1161124,57 151 
1161143,93 69 
1161596,26 93 
1162648,2 103 
1162648,2 101 
1164650,68 100 
1164650,68 1
1164650,68 1935
1164650,68 10
1166647,19 25 
1176647,35 254 
1176655,7 101 
1178654,98 100 
1178654,98 1
1178654,98 1935
1178654,98 10
1178654,98 25 
1179455,42 75 
1180858,19 72 
1180894,7 70 
1182437,96 80 
1183266,7 83 
1184058,77 64 793
1184393,21 63 314
1184694,8 151 
1184707,67 69 
1185161,39 93 
1186211,91 103 
1186211,91 101 
1188227,3 100 
1188227,3 1
1188227,3 1935
1188227,3 11
1190224,09 25 
1190251,17 75 
1191654,02 72 
1191690,2 70 
1193235,93 80 
1194062,21 83 
1194538,57 64 476
1194963,12 63 408
1195265,39 151 
1195288,95 69 
1195742,04 93 
1196794,05 103 
1196794,05 101 
1198796,37 100 
1198796,37 1
1198796,37 1935
1198796,37 11
1200793,08 25 
1200807,46 75 
1202211,77 72 
1202365,76 70 
1203935,72 80 
1204857,71 83 
1205654,19 64 797
1205932,74 61 263
1206235,61 153 
1206258,65 68 
1206712,73 92 
1206712,73 65 
1207762,83 103 
1207762,83 101 
1207873,61 100 
1207873,61 1
1207873,61 1935
1207873,61 11
1209869,36 25 
1212748,38 75 
1214150,89 72 
1214280,88 70 
1215829,02 80 
1216652,87 83 
1216684,05 64 32
1216922,42 61 230
1217224,15 151 
1217240,85 69 
1217693,69 93 
1218744,96 103 
1218744,96 101 
1220747,36 100 
1220747,36 1
1220747,36 1935
1220747,36 11
1222743,93 25 
1222771,22 75 
1224174,54 72 
1224210,15 70 
1225755,4 80 
1226582,01 83 
1227502,24 64 920
1227962,1 239 
1227970,97 61 456
1228273,14 153 
1228289,5 68 
1228741,84 92 
1228741,84 65 
1229793,7 103 
1229793,7 101 
1229903,43 100 
1229903,43 1
1229903,43 1935
1229903,43 10
1231900,32 25 
1231913,65 75 
1233315,89 72 
1233352,98 70 
1234896,74 80 
1235724,92 83 
1235910,07 64 186
1236241,45 63 317
1236544,21 151 
1236566,07 69 
1237021,76 93 
1238070,24 103 
1238070,24 101 
1240072,75 100 
1240072,75 1
1240072,75 1935
1240072,75 10
1242069,36 25 
1242082,85 75 
1243484,8 72 
1243522,01 70 
1245064,18 80 
1245880,71 83 
1247264,2 64 1384
1247592,57 61 312
1247894,76 150 
1247907,98 68 
1248361,86 92 
1248361,86 65 
1249412,22 103 
1249412,22 101 
1249521,93 100 
1249521,93 1
1249521,93 1935
1249521,93 11
1251519,34 25 
1251533,14 75 
1252936,6 72 
1252971,41 70 
1254516,99 80 
1255343,44 83 
1255899,74 64 557
1256132,05 61 216
1256435,06 151 
1256450,31 69 
1256903,31 93 
1257955,38 103 
1257955,38 101 
1259957,67 100 
1259957,67 1
1259957,67 1935
1259957,67 10
1261954,4 25 
1261968,15 75 
1263371,04 72 
1263407,08 70 
1264952,18 80 
1265779,18 83 
1265854,12 64 75
1266111,92 61 240
1266414,51 150 
1266433,6 68 
1266887,59 92 
1266887,59 65 
1267937,91 103 
1267937,91 101 
1268047,44 100 
1268047,44 1
1268047,44 1935
1268047,44 11
1270044,42 25 
1270057,92 75 
1271460,76 72 
1271497,15 70 
1273047,51 80 
1273869,15 83 
1274540 64 671
1274852,32 63 304
1275155,27 151 
1275175,85 69 
1275629,23 93 
1276680,91 103 
1276680,91 101 
1278683,29 100 
1278683,29 1
1278683,29 1935
1278683,29 10
1280693,17 25 
1280706,83 75 
1282109,76 72 
1282146,05 70 
1283689,5 80 
1284504,63 83 
1284669,91 64 166
1284912,53 61 234
1285217,41 150 
1285239,34 68 
1285692,9 92 
1285692,9 65 
1286743,39 103 
1286743,39 101 
1286853,06 100 
1286853,06 1
1286853,06 1935
1286853,06 11
1288849,98 25 
1288877,18 75 
1290280,2 72 
1290316 70 
1291859,92 80 
1292687,97 83 
1293285,76 64 599
1293481,07 62 180
1293784,2 150 
1293808,95 68 
1294263,08 92 
1294263,08 65 
1295313,16 103 
1295313,16 101 
1295422,84 100 
1295422,84 1
1295422,84 1935
1295422,84 10
1297419,76 25 
1297433,16 75 
1298834,88 72 
1298872,37 70 
1300418,08 80 
1301244,37 83 
1302011,97 64 768
1302293,37 61 263
1302595,39 150 
1302618,68 68 
1303071,82 92 
1303071,82 65 
1304122,85 103 
1304122,85 101 
1304233,75 100 
1304233,75 1
1304233,75 1935
1304233,75 10
1306229,43 25 
1306243,79 75 
1307646,64 72 
1307682,13 70 
1309228,67 80 
1310054,08 83 
1310161,41 64 107
1310392,11 61 218
1310694,63 150 
1310708,85 68 
1311162,1 92 
1311162,1 65 
1312212,82 103 
1312212,82 101 
1312322,59 100 
1312322,59 1
1312322,59 1935
1312322,59 11
1314319,42 25 
1314333,7 75 
1315736,06 72 
1315892,1 70 
1317467,86 80 
1318397,32 83 
1318623,43 64 226
1318872,87 62 236
1319175,19 152 
1319197,55 69 
1319652,95 93 
1320628,94 239 
1320702,73 103 
1320702,73 101 
1322704,93 100 
1322704,93 1
1322704,93 1935
1322704,93 11
1324701,68 25 
1324729,13 75 
1326130,66 72 
1326261,07 70 
1327847,05 80 
1328766,38 83 
1329335,18 64 569
1329681,74 63 330
1329985,2 151 
1330006,35 69 
1330460,23 93 
1331511,55 103 
1331511,55 101 
1333513,91 100 
1333513,91 1
1333513,91 1935
1333513,91 10
1335510,49 25 
1335524,45 75 
1336926,67 72 
1336963,32 70 
1338508,26 80 
1339335,31 83 
1339709,53 64 374
1339942,43 61 221
1340244,46 150 
1340269,75 68 
1340723,02 92 
1340723,02 65 
1341773,9 103 
1341773,9 101 
1341883,58 100 
1341883,58 1
1341883,58 1935
1341883,58 11
1343880,44 25 
1343893,96 75 
1345296,42 72 
1345333,1 70 
1346878,23 80 
1347692,01 83 
1348033,06 64 342
1348281,55 62 230
1348584,23 150 
1348599,66 68 
1349053,77 92 
1349053,77 65 
1350103,78 103 
1350103,78 101 
1350213,53 100 
1350213,53 1
1350213,53 1935
1350213,53 11
1352210,24 25 
1352223,84 75 
1353626,01 72 
1353663,01 70 
1355206,73 80 
1356021,76 83 
1357909,11 64 1888
1358182,48 62 255
1358483,95 150 
1358502,18 68 
1358955,33 92 
1358955,33 65 
1360006,34 103 
1360006,34 101 
1360116,02 100 
1360116,02 1
1360116,02 1935
1360116,02 11
1362112,82 25 
1362126,66 75 
1363528,72 72 
1363565,6 70 
1365107,71 80 
1365937,62 83 
1366240,9 64 304
1366403,07 62 146
1366704,91 150 
1366725,41 68 
1367178,79 92 
1367178,79 65 
1368229,62 103 
1368229,62 101 
1368339,32 100 
1368339,32 1
1368339,32 1935
1368339,32 10
1370336,24 25 
1370350,55 75 
1371753,63 72 
1371788,93 70 
1373329,94 80 
1374160,89 83 
1374298,9 64 139
1374502,35 61 195
1374804,91 150 
1374828,81 68 
1375282,59 92 
1375282,59 65 
1376332,97 103 
1376332,97 101 
1376442,65 100 
1376442,65 1
1376442,65 1935
1376442,65 10
1378439,54 25 
1378453,56 75 
1379855,99 72 
1379892,15 70 
1381434,93 80 
1382250,81 83 
1382392,88 64 143
1382622,52 61 212
1382924,95 150 
1382945,25 68 
1383398,93 92 
1383398,93 65 
1384449,54 103 
1384449,54 101 
1384559,36 100 
1384559,36 1
1384559,36 1935
1384559,36 10
1386556,11 25 
1386569,73 75 
1387972,6 72 
1388008,82 70 
1389552,34 80 
1390367,45 83 
1390930,53 64 563
1391180,67 61 241
1391483,52 150 
1391501,78 68 
1391955,2 92 
1391955,2 65 
1393005,99 103 
1393005,99 101 
1393116,83 100 
1393116,83 1
1393116,83 1935
1393116,83 10
1395112,47 25 
1395125,96 75 
1396528,76 72 
1396565,28 70 
1398109,98 80 
1398937,25 83 
1400362,64 64 1426
1400592,59 61 216
1400894,73 150 
1400911,15 68 
1401365,23 92 
1401365,23 65 
1402415,43 103 
1402415,43 101 
1402525,16 100 
1402525,16 1
1402525,16 1935
1402525,16 11
1404521,89 25 
1404549,31 75 
1405951,89 72 
1405988,56 70 
1407533,16 80 
1408359,98 83 
1408690,9 64 331
1408960,4 62 254
1409261,91 150 
1409281,11 68 
1409735,68 92 
1409735,68 65 
1410785,29 103 
1410785,29 101 
1410895,91 100 
1410895,91 1
1410895,91 1935
1410895,91 10
1412891,73 25 
1422891,99 254 
1422900,3 101 
1424899,56 100 
1424899,56 1
1424899,56 1935
1424899,56 10
1424899,56 25 
1425593,42 75 
1426995,66 72 
1427032,56 70 
1428575,03 80 
1429404,61 83 
1430180,72 64 777
1430480,48 61 290
1430783,41 150 
1430805,53 68 
1431261,26 92 
1431261,26 65 
1432309,72 103 
1432309,72 101 
1432419,42 100 
1432419,42 4
1432419,42 1935
1432419,42 10
1432419,42 78 
1434416,15 25 
1434430,37 75 
1435833,04 72 
1435988,93 70 
1437562,49 80 
1438480,83 83 
1438504,25 64 24
1438711,33 61 191
1439013,24 151 
1439028,86 69 
1439483,42 93 
1440532,98 103 
1440532,98 101 
1442535,29 100 
1442535,29 4
1442535,29 1935
1442535,29 10
1444532,22 25 
1445491,76 75 
1446894,77 72 
1447104,26 70 
1448655,53 80 
1449489,61 83 
1450936,62 64 1448
1451150,3 61 195
1451452,99 151 
1451476,96 69 
1451930,85 93 
1452981,12 103 
1452981,12 101 
1454983,58 100 
1454983,58 4
1454983,58 1935
1454983,58 11
1456993,43 25 
1457020,36 75 
1458422,98 72 
1458552,88 70 
1460128,26 80 
1461044,88 83 
1461709,95 64 666
1462010,53 62 286
1462314,46 153 
1462339,13 68 
1462793,26 92 
1462793,26 65 
1463843,28 103 
1463843,28 101 
1463952,97 100 
1463952,97 4
1463952,97 1935
1463952,97 11
1465949,83 25 
1466069,89 75 
1467472,17 72 
1467602,41 70 
1469179,55 80 
1470094,41 83 
1470143,83 64 50
1470410,8 62 250
1470713,89 151 
1470734,72 69 
1471187,76 93 
1472239,83 103 
1472239,83 101 
1474242,06 100 
1474242,06 4
1474242,06 1935
1474242,06 11
1476238,97 25 
1476252,79 75 
1477655,73 72 
1477784,86 70 
1479363,81 80 
1480290,15 83 
1480870,03 64 580
1481321,43 61 432
1481623,9 150 
1481637,94 68 
1482092,25 92 
1482092,25 65 
1483141,97 103 
1483141,97 101 
1483251,69 100 
1483251,69 4
1483251,69 1935
1483251,69 11
1485248,56 25 
1485263,22 75 
1486666,49 72 
1486701,16 70 
1488246,7 80 
1489073,24 83 
1489548,56 64 475
1489789,95 61 224
1490094,5 150 
1490114,26 68 
1490567,84 92 
1490567,84 65 
1491618,45 103 
1491618,45 101 
1491728,18 100 
1491728,18 4
1491728,18 1935
1491728,18 10
1493725,09 25 
1493739,18 75 
1495142,12 72 
1495191,03 70 
1496734,77 80 
1497549,66 83 
1500783,94 64 3235
1501040,24 61 239
1501341,96 151 
1501362,03 69 
1501815,38 93 
1502812,23 183 
1502867,16 103 
1502867,16 101 
1504870,47 100 
1504870,47 4
1504870,47 1935
1504870,47 10
1506879,38 25 
1506893,21 75 
1508296,86 72 
1508332,3 70 
1509876,8 80 
1510704,25 83 
1510931,57 64 227
1511191,26 61 247
1511494,04 151 
1511518,87 69 
1511972,48 93 
1513022,89 103 
1513022,89 101 
1515025,31 100 
1515025,31 4
1515025,31 1935
1515025,31 10
1517021,92 25 
1517035,68 75 
1518437,86 72 
1518474,69 70 
1520021,11 80 
1520846,65 83 
1521679,95 64 834
1522260,1 63 561
1522562,5 151 
1522580,82 69 
1523034,24 93 
1524085,01 103 
1524085,01 101 
1526087,24 100 
1526087,24 4
1526087,24 1935
1526087,24 11
1528084,1 25 
1532962,15 75 
1534363,78 72 
1534401,43 70 
1535945,39 80 
1536673,13 250 
1536679,86 101 
1538679,62 100 
1538679,62 4
1538679,62 1935
1538679,62 11
1538679,62 25 
1538693,99 75 
1540095,75 72 
1540132,32 70 
1541679,94 80 
1542491,1 83 
1549527,53 64 7036
1549790,52 61 249
1550092,66 152 
1550115,13 69 
1550568,22 93 
1551620,22 103 
1551620,22 101 
1553622,67 100 
1553622,67 4
1553622,67 1935
1553622,67 11
1555632,47 25 
1565632,27 254 
1565641,14 101 
1567640,45 100 
1567640,45 4
1567640,45 1935
1567640,45 11
1567640,45 25 
1576890,59 75 
1578294,61 72 
1578329,89 70 
1579875,48 80 
1580821,77 83 
1581017,11 64 196
1581219,84 239 
1581228,46 61 193
1581532,24 150 
1581556,37 68 
1582010,59 92 
1582010,59 65 
1583060,54 103 
1583060,54 101 
1583170,31 100 
1583170,31 4
1583170,31 1935
1583170,31 11
1585167,14 25 
1585181,02 75 
1586583,62 72 
1586739,76 70 
1588351,41 80 
1589298,24 83 
1589303,01 64 5
1589550,15 61 239
1589851,6 150 
1589873,88 68 
1590328,81 92 
1590328,81 65 
1591377,14 103 
1591377,14 101 
1591486,71 100 
1591486,71 4
1591486,71 1935
1591486,71 10
1593483,62 25 
1593590,39 75 
1594993,39 72 
1595122,85 70 
1596707,38 80 
1597628,12 83 
1597963,3 64 335
1598200,11 62 226
1598501,59 150 
1598522,56 68 
1598977,28 92 
1598977,28 65 
1600026,9 103 
1600026,9 101 
1600136,43 100 
1600136,43 4
1600136,43 1935
1600136,43 11
1602133,29 25 
1602147,07 75 
1603550,49 72 
1603586,07 70 
1605131,92 80 
1605958,02 83 
1606539,06 64 581
1606779,82 62 223
1607084,63 151 
1607104,88 69 
1607558,85 93 
1608609,93 103 
1608609,93 101 
1610612,15 100 
1610612,15 4
1610612,15 1935
1610612,15 10
1612608,95 25 
1620912,35 75 
1622315,56 72 
1622351,63 70 
1623895,78 80 
1624723,57 83 
1625977,95 64 1255
1627599,46 63 1610
1627902,34 151 
1627922,87 69 
1628375,71 93 
1629427,94 103 
1629427,94 101 
1631430,19 100 
1631430,19 4
1631430,19 1935
1631430,19 10
1633427,04 25 
1634400,1 75 
1635803,65 72 
1635839,43 70 
1637386,3 80 
1638211,38 83 
1638587,59 64 376
1638838,56 61 241
1639140,1 151 
1639158,22 69 
1639611,67 93 
1640663,33 103 
1640663,33 101 
1642665,65 100 
1642665,65 4
1642665,65 1935
1642665,65 11
1644662,4 25 
1654445,18 75 
1655848,77 72 
1655884,34 70 
1657427,37 80 
1658256,43 83 
1658464,34 64 208
1658700,36 61 218
1659003,59 150 
1659017,67 68 
1659471,67 92 
1659471,67 65 
1660521,72 103 
1660521,72 101 
1660632,48 100 
1660632,48 4
1660632,48 1935
1660632,48 10
1662628,24 25 
1662642,66 75 
1664046,82 72 
1664080,98 70 
1665622,88 80 
1666452,97 83 
1669660 64 3208
1669899,02 61 221
1670202,68 151 
1670226,29 69 
1670679,31 93 
1671730,41 103 
1671730,41 101 
1673732,65 100 
1673732,65 4
1673732,65 1935
1673732,65 10
1675729,47 25 
1675809,61 75 
1677213,14 72 
1677248,85 70 
1678793,12 80 
1679607,5 83 
1681146,62 64 1540
1681469,38 63 303
1681772,42 151 
1681794,76 69 
1682248,24 93 
1683298,95 103 
1683298,95 101 
1685301,28 100 
1685301,28 4
1685301,28 1935
1685301,28 10
1687298,03 25 
1687311,48 75 
1688715 72 
1688750,71 70 
1690293,79 80 
1691109,38 83 
1691904,12 64 795
1692178,94 61 257
1692481,29 151 
1692496,09 69 
1692949,81 93 
1694001,2 103 
1694001,2 101 
1696004,36 100 
1696004,36 4
1696004,36 1935
1696004,36 11
1698000,21 25 
1699373,2 75 
1700774,7 72 
1700932,39 70 
1702487,92 80 
1703410,94 83 
1703872 64 461
1704168,36 63 278
1704472,39 151 
1704492,08 69 
1704945,76 93 
1705959,67 239 
1705996,33 103 
1705996,33 101 
1707998,8 100 
1707998,8 4
1707998,8 1935
1707998,8 10
1709995,25 25 
1710009,23 75 
1711412,34 72 
1711448 70 
1712993,46 80 
1713742,53 250 
1713752,97 101 
1715752,92 100 
1715752,92 4
1715752,92 1935
1715752,92 10
1715752,92 25 
1715766,46 75 
1717170,2 72 
1717205,68 70 
1718751,26 80 
1719577,61 83 
1720488,04 64 911
1720828,29 61 331
1721132,15 151 
1721150,93 69 
1721603,97 93 
1722656,08 103 
1722656,08 101 
1724659,01 100 
1724659,01 4
1724659,01 1935
1724659,01 11
1726655,13 25 
1726668,95 75 
1728072,6 72 
1728107,72 70 
1729652,69 80 
1730479,78 83 
1730729,56 64 250
1730998,86 61 253
1731302,15 150 
1731320,89 68 
1731773,96 92 
1731773,96 65 
1732825,07 103 
1732825,07 101 
1732934,74 100 
1732934,74 4
1732934,74 1935
1732934,74 11
1734931,67 25 
1734945,25 75 
1736347,97 72 
1736384,32 70 
1737928,79 80 
1738756,33 83 
1740657,69 64 1902
1740919,22 61 244
1741221,29 152 
1741236,84 69 
1741690,83 93 
1742740,97 103 
1742740,97 101 
1744743,36 100 
1744743,36 4
1744743,36 1935
1744743,36 10
1746753,29 25 
1756752,81 254 
1756761,81 101 
1758761,11 100 
1758761,11 4
1758761,11 1935
1758761,11 10
1758761,11 25 
1768761,89 254 
1768770,17 101 
1770769,58 100 
1770769,58 4
1770769,58 1935
1770769,58 10
1770769,58 25 
1780770,16 254 
1780778,53 101 
1782777,82 100 
1782777,82 4
1782777,82 1935
1782777,82 10
1782777,82 25 
1784444,6 75 
1784447,15 250 
1784456,75 101 
1786456,88 100 
1786456,88 4
1786456,88 1935
1786456,88 10
1786456,88 25 
1786470,17 75 
1787873,29 72 
1787909,64 70 
1789459,59 80 
1790281,66 83 
1790631,29 64 350
1790879,32 61 238
1791180,82 151 
1791201,8 69 
1791656,46 93 
1792706,94 103 
1792706,94 101 
1794709,31 100 
1794709,31 4
1794709,31 1935
1794709,31 11
1796705,99 25 
1796719,92 75 
1798121,83 72 
1798159,64 70 
1799702,5 80 
1800517,4 83 
1802409,14 64 1892
1802719,96 61 297
1803023,32 150 
1803037,87 68 
1803491,74 92 
1803491,74 65 
1804542 103 
1804542 101 
1804651,66 100 
1804651,66 4
1804651,66 1935
1804651,66 11
1806648,47 25 
1806662,42 75 
1808064,68 72 
1808101,21 70 
1809675,44 80 
1810486,54 83 
1810935,04 64 449
1811267,67 239 
1811290,67 61 338
1811593,39 150 
1811607,62 68 
1812062,64 92 
1812062,64 65 
1813111,78 103 
1813111,78 101 
1813223,44 100 
1813223,44 4
1813223,44 1935
1813223,44 10
1815218,26 25 
1815325,18 75 
1816727,09 72 
1816764,28 70 
1818311,45 80 
1819136,27 83 
1819651,58 64 515
1819948,06 62 279
1820250,16 150 
1820270,74 68 
1820723,93 92 
1820723,93 65 
1821774,96 103 
1821774,96 101 
1821884,44 100 
1821884,44 4
1821884,44 1935
1821884,44 10
1823881,42 25 
1823895,07 75 
1825299,71 72 
1825334,08 70 
1826876,9 80 
1827706,09 83 
1829407,43 64 1701
1829627,97 61 203
1829930,91 151 
1829946,67 69 
1830401,9 93 
1831450,83 103 
1831450,83 101 
1833453,1 100 
1833453,1 4
1833453,1 1935
1833453,1 10
1835449,98 25 
1835463,45 75 
1836866,41 72 
1836902,59 70 
1838449,58 80 
1839274,59 83 
1844630,72 64 5357
1844979,28 63 334
1845280,91 151 
1845299,39 69 
1845752,64 93 
1846527,11 239 
1846804,5 103 
1846804,5 101 
1848806,87 100 
1848806,87 4
1848806,87 1935
1848806,87 11
1850803,5 25 
1850817,51 75 
1852220,47 72 
1852256,22 70 
1853799,87 80 
1854628,21 83 
1854851,28 64 223
1855098,87 61 231
1855401,74 150 
1855416,23 68 
1855868,79 92 
1855868,79 65 
1856920,28 103 
1856920,28 101 
1857030,03 100 
1857030,03 4
1857030,03 1935
1857030,03 11
1859026,87 25 
1859333,47 75 
1860737,63 72 
1860772,78 70 
1862316,37 80 
1863144,83 83 
1863290,9 64 147
1863549,36 61 245
1863851 150 
1863866,03 68 
1864320,09 92 
1864320,09 65 
1865370,13 103 
1865370,13 101 
1865479,82 100 
1865479,82 4
1865479,82 1935
1865479,82 10
1867476,75 25 
1867490,11 75 
1868891,8 72 
1868929,4 70 
1870474,02 80 
1871301,34 83 
1871986,53 64 685
1872217,53 62 210
1872521,72 150 
1872542,3 68 
1872995,03 92 
1872995,03 65 
1874046,53 103 
1874046,53 101 
1874156,21 100 
1874156,21 4
1874156,21 1935
1874156,21 11
1876153 25 
1876166,91 75 
1877569,4 72 
1877605,71 70 
1879149,47 80 
1879977,74 83 
1880156,75 64 180
1880547,37 63 370
1880849,96 151 
1880871,34 69 
1881323,99 93 
1882376,43 103 
1882376,43 101 
1884378,79 100 
1884378,79 4
1884378,79 1935
1884378,79 11
1886375,46 25 
1886389,36 75 
1887792,21 72 
1887828,13 70 
1889372,16 80 
1890186,86 83 
1893990,32 64 3804
1894279,09 239 
1894298,16 61 300
1894600,46 150 
1894626,66 68 
1895080,02 92 
1895080,02 65 
1896130,68 103 
1896130,68 101 
1896240,44 100 
1896240,44 4
1896240,44 1935
1896240,44 10
1898237,24 25 
1898250,68 75 
1899653,54 72 
1899689,89 70 
1901232,58 80 
1902048,65 83 
1904264,1 64 2216
1904846,97 62 573
1905150,32 150 
1905168,68 68 
1905622,01 92 
1905622,01 65 
1906672,98 103 
1906672,98 101 
1906782,74 100 
1906782,74 4
1906782,74 1935
1906782,74 11
1908779,55 25 
1908793,41 75 
1910196,09 72 
1910352,27 70 
1911956,67 80 
1912897,39 83 
1928456,17 64 15559
1928717,38 61 240
1929020,48 152 
1929038,91 69 
1929491,86 93 
1930543,09 103 
1930543,09 101 
1932546,69 100 
1932546,69 4
1932546,69 1935
1932546,69 10
1934542,26 25 
1944541,94 254 
1944550,62 101 
1946549,9 100 
1946549,9 4
1946549,9 1935
1946549,9 10
1946549,9 25 
1950655,66 75 
1952059,11 72 
1952188,24 70 
1953771,01 80 
1954693,38 83 
1955211,72 64 519
1955447,24 61 221
1955749,05 151 
1955773,52 69 
1956228,2 93 
1957278,66 103 
1957278,66 101 
1959281,12 100 
1959281,12 4
1959281,12 1935
1959281,12 11
1961290,92 25 
1961305,84 75 
1962708,7 72 
1962743,9 70 
1964288,1 80 
1965115,76 83 
1972171,67 64 7057
1972466,42 61 274
1972768,67 150 
1972794,13 68 
1973247,31 92 
1973247,31 65 
1974298,27 103 
1974298,27 101 
1974407,97 100 
1974407,97 4
1974407,97 1935
1974407,97 10
1976404,87 25 
1976432,5 75 
1977835,5 72 
1977870,8 70 
1979413,48 80 
1980242,8 83 
1980939,72 64 698
1981186,74 62 238
1981490,63 152 
1981509,61 69 
1981962,89 93 
1982475,62 239 
1983014,68 103 
1983014,68 101 
1985017,16 100 
1985017,16 4
1985017,16 1935
1985017,16 11
1987026,92 25 
1987041,51 75 
1988444,83 72 
1988479,79 70 
1990022,09 80 
1990838,45 83 
1991693,41 64 855
1992047,3 63 343
1992349,59 151 
1992371,77 69 
1992825,61 93 
1993876,82 103 
1993876,82 101 
1995879,21 100 
1995879,21 4
1995879,21 1935
1995879,21 10
1997875,89 25 
1997889,36 75 
1999292,2 72 
1999328,61 70 
2000870,38 80 
2001700,56 83 
2005822,05 64 4122
2006106,67 61 275
2006410,5 151 
2006432,58 69 
2006886,41 93 
2007754,31 239 
2007937,67 103 
2007937,67 101 
2009939,99 100 
2009939,99 4
2009939,99 1935
2009939,99 11
2011936,7 25 
2015522,05 75 
2016927,1 72 
2016961,32 70 
2018506,94 80 
2019333,26 83 
2022847,29 64 3514
2023227,47 239 
2029346,26 63 6481
2029650,13 151 
2029662,92 69 
2030116,48 93 
2031168,02 103 
2031168,02 101 
2033170,32 100 
2033170,32 4
2033170,32 1935
2033170,32 11
2035167,16 25 
2045167,02 254 
2045175,58 101 
2047174,97 100 
2047174,97 4
2047174,97 1935
2047174,97 11
2047174,97 25 
2049348,1 75 
2050750,41 72 
2050787,32 70 
2052332,67 80 
2053159,3 83 
2053449,55 64 290
2053646,4 61 181
2053948,25 150 
2053973,95 68 
2054427,03 92 
2054427,03 65 
2055477,94 103 
2055477,94 101 
2055587,75 100 
2055587,75 4
2055587,75 1935
2055587,75 11
2057584,41 25 
2057600,01 75 
2059003,39 72 
2059157,11 70 
2060733,64 80 
2061649,11 83 
2061685,18 64 36
2061947,47 61 245
2062250,09 150 
2062263,73 68 
2062718,31 92 
2062718,31 65 
2063767,83 103 
2063767,83 101 
2063877,64 100 
2063877,64 4
2063877,64 1935
2063877,64 10
2065874,52 25 
2066620,92 75 
2068023,86 72 
2068153,56 70 
2069727,73 80 
2070645,37 83 
2072080,71 64 1436
2072286,14 62 188
2072588,46 150 
2072605,98 68 
2073061,03 92 
2073061,03 65 
2074110,21 103 
2074110,21 101 
2074219,87 100 
2074219,87 4
2074219,87 1935
2074219,87 10
2076216,69 25 
2076244,14 75 
2077646,3 72 
2077842,69 70 
2079393,19 80 
2080214,75 83 
2081696,73 64 1483
2081976,4 61 256
2082278,56 151 
2082295,38 69 
2082749,26 93 
2083799,53 103 
2083799,53 101 
2085804,5 100 
2085804,5 4
2085804,5 1935
2085804,5 11
2087811,85 25 
2087826,45 75 
2089229,8 72 
2089357,93 70 
2090938,44 80 
2091863,24 83 
2094158,61 64 2295
2094477,42 61 309
2094779,72 150 
2094796,77 68 
2095251,67 92 
2095251,67 65 
2096301,09 103 
2096301,09 101 
2096410,79 100 
2096410,79 4
2096410,79 1935
2096410,79 10
2098407,67 25 
2098674,24 75 
2100076,77 72 
2100206,77 70 
2101761,02 80 
2102592,07 83 
2109160,4 64 6568
2109526,89 61 351
2109829,79 151 
2109843,96 69 
2110296,72 93 
2111348,13 103 
2111348,13 101 
2113351,35 100 
2113351,35 4
2113351,35 1935
2113351,35 10
2115347,19 25 
2115360,72 75 
2116763,36 72 
2116799,85 70 
2118343,77 80 
2119171,89 83 
2119858,74 64 688
2120245,99 61 368
2120550,57 151 
2120571,84 69 
2121025,83 93 
2121161,83 239 
2121292,72 181 
2121795,27 181 
2122076,99 103 
2122076,99 101 
2124079,28 100 
2124079,28 4
2124079,28 1935
2124079,28 11
2126076,04 25 
2136075,76 254 
2136084,52 101 
2138083,88 100 
2138083,88 4
2138083,88 1935
2138083,88 11
2138083,88 25 
2148084,68 254 
2148092,96 101 
2150092,17 100 
2150092,17 4
2150092,17 1935
2150092,17 11
2150092,17 25 
2160092,61 254 
2160101,21 101 
2162100,54 100 
2162100,54 4
2162100,54 1935
2162100,54 11
2162100,54 25 
2172101,07 254 
2172109,58 101 
2174109 100 
2174109 4
2174109 1935
2174109 11
2174109 25 
2176295,39 75 
2177698,12 72 
2177734,66 70 
2178502,74 250 
2178520,34 101 
2180520,1 100 
2180520,1 4
2180520,1 1935
2180520,1 11
2180520,1 25 
2180533,76 75 
2181936,83 72 
2181945,53 70 
2183348,26 80 
2184171,57 83 
2184229,93 64 59
2184514,94 61 277
2184819,02 150 
2184839,52 68 
2185293,92 92 
2185293,92 65 
2186343,67 103 
2186343,67 101 
2186453,57 100 
2186453,57 4
2186453,57 1935
2186453,57 11
2188450,19 25 
2189383,38 75 
2190786,74 72 
2190822,56 70 
2192368,3 80 
2193181,16 83 
2196155,83 64 2975
2196415,18 61 249
2196718,61 150 
2196741,23 68 
2197194,47 92 
2197194,47 65 
2198245,4 103 
2198245,4 101 
2198355,36 100 
2198355,36 4
2198355,36 1935
2198355,36 11
2200351,99 25 
2200365,88 75 
2201769,52 72 
2201937,95 70 
2203537,81 80 
2204483,18 83 
2209031,54 64 4548
2209254,87 61 214
2209558,45 150 
2209575,85 68 
2210030,3 92 
2210030,3 65 
2211080,1 103 
2211080,1 101 
2211189,75 100 
2211189,75 4
2211189,75 1935
2211189,75 10
2213186,54 25 
2213200,3 75 
2214602,98 72 
2214732,79 70 
2216315,01 80 
2217237,94 83 
2217517,65 64 281
2217754,82 62 224
2218056,66 152 
2218078,13 69 
2218530,8 93 
2219583,25 103 
2219583,25 101 
2221585,64 100 
2221585,64 4
2221585,64 1935
2221585,64 10
2223582,22 25 
2223596,75 75 
2225000,16 72 
2225034,97 70 
2226583,1 80 
2227406,99 83 
2229539,87 64 2133
2229875,44 62 323
2230177,87 150 
2230194,13 68 
2230646,94 92 
2230646,94 65 
2231698,21 103 
2231698,21 101 
2231808,03 100 
2231808,03 4
2231808,03 1935
2231808,03 11
2233804,65 25 
2233818,63 75 
2235221,48 72 
2235257,44 70 
2236803,58 80 
2237629,41 83 
2238319,36 64 690
2238534,75 61 200
2238837,91 150 
2238857,04 68 
2239310,6 92 
2239310,6 65 
2240361,28 103 
2240361,28 101 
2240470,94 100 
2240470,94 4
2240470,94 1935
2240470,94 10
2242467,77 25 
2250424,64 75 
2251826,6 72 
2251863,92 70 
2253407,81 80 
2254222,58 83 
2265011,49 64 10789
2265324,21 62 293
2265627,39 150 
2265645,98 68 
2266098,6 92 
2266098,6 65 
2267150,16 103 
2267150,16 101 
2267261,03 100 
2267261,03 4
2267261,03 1935
2267261,03 11
2269256,65 25 
2269270,16 75 
2270672,63 72 
2270709,42 70 
2272253,98 80 
2273068,02 83 
2273499,78 64 432
2274274,84 239 
2274294,04 61 773
2274596,99 150 
2274615,66 68 
2275069,23 92 
2275069,23 65 
2276119,77 103 
2276119,77 101 
2276229,56 100 
2276229,56 4
2276229,56 1935
2276229,56 11
2278239,49 25 
2278254,38 75 
2279658,07 72 
2279692,36 70 
2281236,41 80 
2282064,32 83 
2282411,2 64 347
2282644,88 239 
2282650,92 61 227
2282955,48 150 
2282972,34 68 
2283426,43 92 
2283426,43 65 
2284476,31 103 
2284476,31 101 
2284585,98 100 
2284585,98 4
2284585,98 1935
2284585,98 10
2286582,82 25 
2286596,31 75 
2287997,69 72 
2288035,58 70 
2289580,42 80 
2290407,59 83 
2290616,92 64 210
2291033,83 62 400
2291336,75 150 
2291355,38 68 
2291809,45 92 
2291809,45 65 
2292859,56 103 
2292859,56 101 
2292969,19 100 
2292969,19 4
2292969,19 1935
2292969,19 10
2294966,16 25 
2294979,6 75 
2296382,62 72 
2296418,71 70 
2297962,96 80 
2298790,71 83 
2308848,81 64 10059
2309114,3 62 248
2309417,49 150 
2309441,1 68 
2309893,7 92 
2309893,7 65 
2310945,35 103 
2310945,35 101 
2311055,09 100 
2311055,09 4
2311055,09 1935
2311055,09 10
2313052,05 25 
2313066,3 75 
2314469,67 72 
2314504,56 70 
2316048,5 80 
2316863,21 83 
2316970,65 64 108
2317264,32 62 281
2317568,91 150 
2317584,39 68 
2318037,65 92 
2318037,65 65 
2319088,68 103 
2319088,68 101 
2319198,36 100 
2319198,36 4
2319198,36 1935
2319198,36 11
2321195,12 25 
2321211,6 75 
2322614,65 72 
2322647,84 70 
2324190,78 80 
2325019,82 83 
2325771,08 64 752
2326035,27 62 256
2326337,22 151 
2326353,3 69 
2326807,21 93 
2327858,34 103 
2327858,34 101 
2329860,57 100 
2329860,57 4
2329860,57 1935
2329860,57 11
2331857,44 25 
2332750,49 75 
2334153,86 72 
2334283,07 70 
2335878,79 80 
2336801,66 83 
2337708,62 64 908
2337974,18 62 253
2338277,06 151 
2338294,88 69 
2338749,29 93 
2339800,07 103 
2339800,07 101 
2341802,52 100 
2341802,52 4
2341802,52 1935
2341802,52 10
2343799,2 25 
2343812,73 75 
2345216,11 72 
2345251,85 70 
2346797,06 80 
2347610,53 83 
2356196,79 64 8587
2356494,59 62 288
2356799,17 150 
2356821,46 68 
2357274,49 92 
2357274,49 65 
2358325,69 103 
2358325,69 101 
2358435,37 100 
2358435,37 4
2358435,37 1935
2358435,37 11
2360432,21 25 
2360445,7 75 
2361848,73 72 
2361884,89 70 
2363429,19 80 
2364256,94 83 
2364715,19 64 459
2364943,31 62 220
2365246,19 151 
2365270,48 69 
2365724,28 93 
2366775,54 103 
2366775,54 101 
2368777,86 100 
2368777,86 4
2368777,86 1935
2368777,86 10
2370774,69 25 
2370801,74 75 
2372204,59 72 
2372240,72 70 
2373785,64 80 
2374059,65 250 
2374065,81 101 
2376065,69 100 
2376065,69 4
2376065,69 1935
2376065,69 10
2376065,69 25 
2376079,27 75 
2377481,8 72 
2377531,91 70 
2379073,64 80 
2379903,74 83 
2387070,06 64 7167
2387344,06 62 257
2387646,13 152 
2387662,14 69 
2388116,71 93 
2389166,26 103 
2389166,26 101 
2389193,62 102 
