45,12 100 
45,12 3
45,12 1933
45,12 11
2042,88 25 
2067,58 75 
3472,35 72 
3677,05 70 
5284,79 80 
6358,85 83 
6420,14 64 61
6735,62 239 
6753,39 63 314
7059,11 150 
7080,35 68 
7537,57 92 
7537,57 65 
7593,37 173 
8586,17 103 
8586,17 101 
9093,99 100 
9093,99 3
9093,99 1933
9093,99 11
11090,75 25 
11104,69 75 
12507,99 72 
12743,49 70 
14378,71 80 
15461,87 83 
19153,68 64 3692
19405,72 239 
19414,57 63 248
19716,13 150 
19741,5 68 
20194,6 92 
20194,6 65 
21245,69 103 
21245,69 101 
21755,27 100 
21755,27 3
21755,27 1933
21755,27 10
23751,98 25 
23765,48 75 
25167,5 72 
25378,02 70 
26932,89 80 
27750,09 83 
27869,29 64 120
28134,8 63 252
28437,19 153 
28456,86 68 
28909,38 92 
28909,38 65 
28918,47 239 
29016 173 
29962,03 103 
29962,03 101 
30471,52 100 
30471,52 3
30471,52 1933
30471,52 11
32468,38 25 
32481,97 75 
33884,89 72 
33921,06 70 
35461,95 80 
36293,12 83 
36853,22 64 561
37195,91 63 330
37498,93 150 
37519,74 68 
37859,63 239 
38369,49 173 
38818,92 92 
38818,92 65 
39024,84 103 
39024,84 101 
39534,4 100 
39534,4 3
39534,4 1933
39534,4 10
41531,27 25 
41544,63 75 
42946,89 72 
42983,88 70 
44526,29 80 
45342,59 83 
46878,97 64 1536
47146,5 63 258
47451,1 151 
47475,24 69 
47927,43 93 
48980,66 103 
48980,66 101 
49490,17 100 
49490,17 3
49490,17 1933
49490,17 10
51487,07 25 
51500,79 75 
52903,39 72 
52939,68 70 
54479,47 80 
55298,32 83 
55566,8 64 269
55835,19 239 
55839,17 63 262
56141,68 151 
56166,14 69 
56618,85 93 
56892,84 239 
57670,34 103 
57670,34 101 
58179,83 100 
58179,83 3
58179,83 1933
58179,83 10
60176,72 25 
65001,58 75 
66405,2 72 
66440,64 70 
67983,52 80 
68812,69 83 
69774,91 64 962
69996,63 61 211
70300,44 151 
70319,23 69 
70773,9 93 
71454,34 239 
71824,38 103 
71824,38 101 
72333,83 100 
72333,83 3
72333,83 1933
72333,83 10
74330,71 25 
74344,27 75 
75747,07 72 
75783,44 70 
77330,24 80 
78155,43 83 
78935,4 64 781
79224,93 239 
79236,58 63 282
79538,55 151 
79555,45 69 
80008,4 93 
81060,46 103 
81060,46 101 
81570,02 100 
81570,02 3
81570,02 1933
81570,02 11
83566,8 25 
83580,34 75 
84982,59 72 
85019,52 70 
86562,31 80 
87391,44 83 
87712,41 64 321
88034,66 63 310
88337,16 150 
88352,51 68 
88805,55 92 
88805,55 65 
88837,22 239 
89856,74 103 
89856,74 101 
90366,4 100 
90366,4 3
90366,4 1933
90366,4 11
92363 25 
93189,65 75 
94591,19 72 
94628,77 70 
96169,3 80 
96987,93 83 
97214,17 64 227
97464,96 63 238
97767,2 150 
97787,68 68 
98241,11 92 
98241,11 65 
98433,8 239 
99292,78 103 
99292,78 101 
99803,37 100 
99803,37 3
99803,37 1933
99803,37 10
101798,99 25 
101812,87 75 
103215,09 72 
103251,82 70 
104794 80 
105610,44 83 
106454,31 64 844
106625,49 62 162
106689,02 239 
107045,69 150 
107063,76 68 
107655,83 172 
108105,51 92 
108105,51 65 
108425,35 172 
108568,86 103 
108568,86 101 
109078,28 100 
109078,28 3
109078,28 1933
109078,28 11
111075,26 25 
111103,5 75 
112506,08 72 
112541,23 70 
114081,37 80 
114886,64 83 
115835,77 64 949
116133,85 63 288
116435,53 150 
116460,61 68 
116915,19 92 
116915,19 65 
117964,89 103 
117964,89 101 
118474,48 100 
118474,48 3
118474,48 1933
118474,48 10
120471,22 25 
120484,68 75 
121887,19 72 
121923,88 70 
123464,41 80 
124282,61 83 
126203,52 64 1921
126223,05 239 
126514,02 63 299
126815,52 151 
126829,54 69 
127282,92 93 
128333,86 103 
128333,86 101 
128843,29 100 
128843,29 3
128843,29 1933
128843,29 11
130840,23 25 
130853,79 75 
132256,06 72 
132466,15 70 
134041,59 80 
135038,02 83 
135859,32 64 822
136143,77 63 266
136445,19 150 
136465,65 68 
136918,83 92 
136918,83 65 
137969,78 103 
137969,78 101 
138479,17 100 
138479,17 3
138479,17 1933
138479,17 11
140476,05 25 
148259,68 75 
148262,34 250 
148272,04 101 
150272,06 100 
150272,06 3
150272,06 1933
150272,06 11
150272,06 25 
150285,77 75 
151688,77 72 
151897,94 70 
153475,31 80 
154483,13 83 
155095,34 64 613
155363,63 63 254
155665,27 150 
155684,03 68 
156138,28 92 
156138,28 65 
157188,34 103 
157188,34 101 
157697,73 100 
157697,73 3
157697,73 1933
157697,73 11
159694,62 25 
159708,37 75 
161112,23 72 
161320,66 70 
162894,54 80 
163892,77 83 
163941,15 64 49
163964,3 239 
164233,91 63 275
164535,15 150 
164560,48 68 
165015,5 92 
165015,5 65 
166064,59 103 
166064,59 101 
166574,18 100 
166574,18 3
166574,18 1933
166574,18 11
168570,97 25 
168597,98 75 
170000,68 72 
170210,17 70 
171783,27 80 
172768,78 83 
173120,82 64 352
173403,56 63 262
173705,14 150 
173729,85 68 
174184,43 92 
174184,43 65 
175234,05 103 
175234,05 101 
175743,69 100 
175743,69 3
175743,69 1933
175743,69 10
177740,54 25 
177767,58 75 
179171,13 72 
179379,64 70 
180951,84 80 
181938,29 83 
182004,01 64 66
182284,69 63 267
182586,23 151 
182605,2 69 
183058,54 93 
184110,4 103 
184110,4 101 
184619,84 100 
184619,84 3
184619,84 1933
184619,84 10
186616,58 25 
186630,2 75 
188034,68 72 
188242,56 70 
189795,92 80 
190614,6 83 
190978,65 64 364
191223,39 61 236
191526,41 153 
191548,95 68 
192002,55 92 
192002,55 65 
193053,19 103 
193053,19 101 
193563,05 100 
193563,05 3
193563,05 1933
193563,05 10
195559,51 25 
195573,37 75 
196976,69 72 
197012,19 70 
198552,84 80 
199370,88 83 
199898,87 64 528
200102,88 61 186
200405,49 151 
200424,31 69 
200878,99 93 
201728,22 239 
201929,47 103 
201929,47 101 
202440,09 100 
202440,09 3
202440,09 1933
202440,09 10
204435,86 25 
204449,27 75 
205852,32 72 
205888,49 70 
207430,65 80 
208247,13 83 
208956,25 64 710
208971,83 239 
209282,5 63 316
209585,33 151 
209607,15 69 
210060,69 93 
211112,31 103 
211112,31 101 
211621,91 100 
211621,91 3
211621,91 1933
211621,91 11
213618,76 25 
223619,07 254 
223626,95 101 
225626,19 100 
225626,19 3
225626,19 1933
225626,19 11
225626,19 25 
229625,3 75 
231028,48 72 
231064,48 70 
232603,55 80 
233409,92 83 
233575,72 64 166
233872,06 63 275
234175,91 152 
234196,74 69 
234649,47 93 
235701,86 103 
235701,86 101 
236211,47 100 
236211,47 3
236211,47 1933
236211,47 11
238208,28 25 
247657,67 75 
249061,62 72 
249096,93 70 
250638,19 80 
251455,54 83 
251998,68 64 543
252263,25 63 249
252565,46 150 
252589,91 68 
252906,82 239 
253707,27 173 
254158,19 92 
254158,19 65 
254174,12 103 
254174,12 101 
254683,55 100 
254683,55 3
254683,55 1933
254683,55 11
256680,3 25 
256707,71 75 
258110,68 72 
258146,43 70 
259686,53 80 
260505,08 83 
260722,05 64 217
261003,3 63 272
261306,31 150 
261320,49 68 
261774,9 92 
261774,9 65 
262823,77 103 
262823,77 101 
263333,17 100 
263333,17 3
263333,17 1933
263333,17 11
265330,17 25 
265343,56 75 
266746,01 72 
266782,79 70 
268324,78 80 
269141,54 83 
269507,41 64 366
269771,84 63 244
270073,6 150 
270089,17 68 
270543,32 92 
270543,32 65 
271593,39 103 
271593,39 101 
272102,82 100 
272102,82 3
272102,82 1933
272102,82 11
274099,79 25 
274179,95 75 
275582,8 72 
275619,09 70 
277159,73 80 
277977,73 83 
278382,95 64 405
278672,02 63 268
278976,77 150 
278992,1 68 
279445,94 92 
279445,94 65 
280496,31 103 
280496,31 101 
281005,88 100 
281005,88 3
281005,88 1933
281005,88 10
283002,8 25 
283655,84 75 
283658,03 250 
283668,13 101 
285668,11 100 
285668,11 3
285668,11 1933
285668,11 10
285668,11 25 
285681,82 75 
287084,77 72 
287120,96 70 
288662,24 80 
289732,82 83 
289781,01 64 48
289811,45 239 
290011,44 62 213
290313,8 150 
290333,99 68 
290786,25 92 
290786,25 65 
291182,68 172 
291838,19 103 
291838,19 101 
292347,67 100 
292347,67 3
292347,67 1933
292347,67 10
294344,47 25 
294358,33 75 
295760,28 72 
295983,76 70 
297627,38 80 
298702,31 83 
298933,36 64 232
299111,67 62 170
299414,82 150 
299436,72 68 
299760,88 239 
300381,01 172 
300733,75 172 
301182,83 92 
301182,83 65 
301194,24 103 
301194,24 101 
301703,7 100 
301703,7 3
301703,7 1933
301703,7 10
303700,57 25 
303714,95 75 
305117,7 72 
305339,86 70 
306989,95 80 
308058,42 83 
308307,2 64 250
308581,67 63 257
308883,17 151 
308898,6 69 
309352,11 93 
310403,7 103 
310403,7 101 
310913,84 100 
310913,84 3
310913,84 1933
310913,84 10
312910,15 25 
312923,52 75 
314325,95 72 
314549,58 70 
316195,33 80 
317267,76 83 
317950,61 64 683
318171,65 239 
318197,4 61 237
318499,81 151 
318521,2 69 
318975,52 93 
319711,16 239 
320026,28 103 
320026,28 101 
320537,61 100 
320537,61 3
320537,61 1933
320537,61 11
322532,53 25 
323292,49 75 
324695,57 72 
324904,94 70 
326458,86 80 
327290,23 83 
329632,44 64 2343
329901,76 63 253
330203,34 152 
330222,92 69 
330676,01 93 
331728,13 103 
331728,13 101 
332237,45 100 
332237,45 3
332237,45 1933
332237,45 10
334234,28 25 
335660,56 75 
337063,18 72 
337099,79 70 
338639,25 80 
339458,51 83 
340382,52 64 924
340660,44 62 270
340962,62 150 
340979,32 68 
341304,45 239 
341371,01 172 
341862,96 172 
342312,53 92 
342312,53 65 
342483,46 103 
342483,46 101 
342992,97 100 
342992,97 3
342992,97 1933
342992,97 11
344989,74 25 
345006,55 75 
346408,39 72 
346442,48 70 
347981,99 80 
348787,85 83 
348926,05 64 138
349210,77 63 263
349513,04 150 
349535,64 68 
349989,43 92 
349989,43 65 
351039,87 103 
351039,87 101 
351549,51 100 
351549,51 3
351549,51 1933
351549,51 10
353546,13 25 
354559,3 75 
355962,16 72 
355998,55 70 
357540,04 80 
358357,29 83 
358984,09 64 627
359016,44 239 
359250,35 62 254
359614,47 150 
359638,11 68 
360093,31 92 
360093,31 65 
360451,9 172 
361142,28 103 
361142,28 101 
361651,67 100 
361651,67 3
361651,67 1933
361651,67 10
363648,63 25 
363663,26 75 
365066,97 72 
365101,26 70 
366639,72 80 
367446,63 83 
367995,94 64 549
368200,86 61 195
368502,42 151 
368527,7 69 
368981,2 93 
369364,82 239 
370031,86 103 
370031,86 101 
370541,39 100 
370541,39 3
370541,39 1933
370541,39 11
372538,28 25 
373884,48 75 
375287,47 72 
375323,75 70 
376863,9 80 
377682,26 83 
380851,58 64 3170
381070,9 63 203
381373,76 150 
381388,94 68 
381842,47 92 
381842,47 65 
382893,09 103 
382893,09 101 
383402,63 100 
383402,63 3
383402,63 1933
383402,63 10
385399,47 25 
385415,96 75 
386819,1 72 
386852,1 70 
388392,58 80 
389224,06 83 
389880,5 64 657
390060,25 62 170
390071,89 239 
390945,74 150 
390958,28 68 
391532,18 172 
391980,47 92 
391980,47 65 
392462,4 103 
392462,4 101 
392971,8 100 
392971,8 3
392971,8 1933
392971,8 10
394968,71 25 
394983,78 75 
396386,27 72 
396421,48 70 
397964,38 80 
398780,08 83 
399593,96 64 814
399891,35 63 286
400193,91 151 
400206,68 69 
400661,26 93 
401711,84 103 
401711,84 101 
402221,19 100 
402221,19 3
402221,19 1933
402221,19 11
404218,2 25 
404564,82 75 
405968,01 72 
406004,02 70 
407542,89 80 
408349,35 83 
408389,61 64 41
408689,38 63 287
408992,49 150 
409017,35 68 
409471,36 92 
409471,36 65 
410521,47 103 
410521,47 101 
411030,84 100 
411030,84 3
411030,84 1933
411030,84 11
413027,77 25 
413041,28 75 
414443,69 72 
414480,49 70 
414922,43 250 
414932,89 101 
416932,81 100 
416932,81 3
416932,81 1933
416932,81 11
416932,81 25 
423023,69 75 
424426,06 72 
424435,57 70 
425838,46 80 
426914,82 83 
429961,99 64 3047
430199,78 63 220
430501,49 150 
430514,8 68 
430968,08 92 
430968,08 65 
432019,04 103 
432019,04 101 
432529,61 100 
432529,61 3
432529,61 1933
432529,61 10
434525,3 25 
434539,19 75 
435941,24 72 
436151,34 70 
437726,33 80 
438723,21 83 
439284,61 64 562
439519,36 61 224
439821,24 151 
439843,32 69 
440298,06 93 
441348,44 103 
441348,44 101 
441858,07 100 
441858,07 3
441858,07 1933
441858,07 10
443854,84 25 
443868,32 75 
445271,99 72 
445480,74 70 
447058,3 80 
448052,55 83 
450296,82 64 2244
450649,25 63 332
450951,24 151 
450971,98 69 
451425,8 93 
452477,09 103 
452477,09 101 
452986,48 100 
452986,48 3
452986,48 1933
452986,48 11
454983,32 25 
459195,13 75 
460598,49 72 
460807,55 70 
462382,21 80 
463392,78 83 
463522,89 64 130
463718,92 61 180
464021,93 151 
464046,53 69 
464499,47 93 
465551,55 103 
465551,55 101 
466061,08 100 
466061,08 3
466061,08 1933
466061,08 10
468057,81 25 
468244,59 75 
469648,09 72 
469857,19 70 
471429,78 80 
472429,14 83 
472808,37 64 380
473139,41 239 
473143,25 63 315
473446,23 151 
473470,11 69 
473924,14 93 
474974,25 103 
474974,25 101 
475483,69 100 
475483,69 3
475483,69 1933
475483,69 11
477480,59 25 
477867,31 75 
479270,74 72 
479479,67 70 
481058,9 80 
482064,91 83 
482926,05 64 861
483129,08 61 185
483432,82 151 
483451,66 69 
483905,88 93 
484709,47 239 
484956,69 103 
484956,69 101 
485466,24 100 
485466,24 3
485466,24 1933
485466,24 10
487462,97 25 
487876,44 75 
489279,29 72 
489475,61 70 
491028,04 80 
491847,44 83 
492909,02 64 1061
493249,69 63 323
493552,32 151 
493567,27 69 
494020,68 93 
494310 239 
495072,42 103 
495072,42 101 
495581,82 100 
495581,82 3
495581,82 1933
495581,82 11
497578,7 25 
497605,91 75 
499008,16 72 
499044,77 70 
500583,82 80 
501416,72 83 
503560,17 64 2143
503779,53 61 204
504082,06 153 
504097,26 68 
504552,12 92 
504552,12 65 
505601,29 103 
505601,29 101 
506110,72 100 
506110,72 3
506110,72 1933
506110,72 10
508107,55 25 
508122,15 75 
509525,22 72 
509560,33 70 
511101,37 80 
511918,98 83 
512441,73 64 523
512738,31 239 
512747,59 63 296
513049,26 151 
513065,87 69 
513518,63 93 
513612,27 239 
514570,87 103 
514570,87 101 
515080,47 100 
515080,47 3
515080,47 1933
515080,47 11
517077,14 25 
517091,53 75 
518494,71 72 
518529,84 70 
520073,68 80 
520888,49 83 
521617,46 64 729
521898 63 263
522200,65 150 
522222,68 68 
522677,29 92 
522677,29 65 
523726,99 103 
523726,99 101 
524236,48 100 
524236,48 3
524236,48 1933
524236,48 11
526233,25 25 
526246,94 75 
527650,86 72 
527686,1 70 
529225,39 80 
530044,64 83 
530467,41 64 423
530738,28 63 254
531041,72 150 
531059,06 68 
531514,29 92 
531514,29 65 
532563,26 103 
532563,26 101 
533073,76 100 
533073,76 3
533073,76 1933
533073,76 11
535069,67 25 
535083,1 75 
536485,41 72 
536522,29 70 
538062,09 80 
538880,94 83 
541000,88 64 2120
541310,17 63 298
541614 150 
541627,88 68 
542081,52 92 
542081,52 65 
543132,12 103 
543132,12 101 
543642,28 100 
543642,28 3
543642,28 1933
543642,28 10
545638,6 25 
545665,96 75 
547068,34 72 
547104,49 70 
548643,14 80 
549449,81 83 
549942,83 64 493
550128,1 62 172
550431,53 150 
550450,87 68 
550903,17 92 
550903,17 65 
550909,43 239 
551955,19 103 
551955,19 101 
552464,53 100 
552464,53 3
552464,53 1933
552464,53 10
554461,36 25 
554474,97 75 
555878,12 72 
555914,07 70 
557456,2 80 
558272,76 83 
558582,62 64 310
558778,06 62 186
559080,54 150 
559100,42 68 
559555,81 92 
559555,81 65 
560604,84 103 
560604,84 101 
561114,3 100 
561114,3 3
561114,3 1933
561114,3 10
563111,18 25 
563124,87 75 
564527,95 72 
564563,81 70 
566103,07 80 
566922,4 83 
567143,63 64 221
567339,28 62 178
567642,8 150 
567656,88 68 
568110,45 92 
568110,45 65 
569161,16 103 
569161,16 101 
569670,64 100 
569670,64 3
569670,64 1933
569670,64 11
571667,42 25 
571680,94 75 
573083,87 72 
573120,14 70 
574658,23 80 
575465,46 83 
575768,49 64 303
576036,9 63 252
576338,61 150 
576359,93 68 
576814,89 92 
576814,89 65 
577864,13 103 
577864,13 101 
578373,68 100 
578373,68 3
578373,68 1933
578373,68 11
580370,44 25 
580384,1 75 
581786,25 72 
581823,16 70 
583363,7 80 
584181,82 83 
584460,79 64 279
584747,08 63 273
585051,26 152 
585075,37 69 
585529,57 93 
586580,47 103 
586580,47 101 
587090,06 100 
587090,06 3
587090,06 1933
587090,06 11
589086,9 25 
589100,53 75 
590503,09 72 
590726,15 70 
592354,35 80 
593417,93 83 
593746,26 64 329
594128,42 63 364
594430,21 150 
594445,7 68 
594899,72 92 
594899,72 65 
595949,89 103 
595949,89 101 
596459,24 100 
596459,24 3
596459,24 1933
596459,24 10
598456,25 25 
598470,3 75 
598473,03 250 
598481,93 101 
600481,97 100 
600481,97 3
600481,97 1933
600481,97 10
600481,97 25 
600495,28 75 
601898,37 72 
602107,94 70 
603678,52 80 
604666,51 83 
604802,29 64 136
604817,38 239 
605138,03 63 325
605440,66 151 
605453,45 69 
605879,88 239 
608029,41 183 
608479,54 93 
608491,22 103 
608491,22 101 
609000,82 100 
609000,82 3
609000,82 1933
609000,82 11
610997,57 25 
611024,8 75 
612427,71 72 
612463,59 70 
614002,51 80 
614822,27 83 
615746 64 924
616058,18 63 304
616361,07 150 
616383,04 68 
616835,27 92 
616835,27 65 
617887,24 103 
617887,24 101 
618396,76 100 
618396,76 3
618396,76 1933
618396,76 10
620393,61 25 
621113,47 75 
622515,35 72 
622552,64 70 
624091,71 80 
624897,96 83 
625377,72 64 480
625616,12 62 226
625918,4 150 
625938,96 68 
626391,7 92 
626391,7 65 
627443,23 103 
627443,23 101 
627954,51 100 
627954,51 3
627954,51 1933
627954,51 11
629949,5 25 
629963 75 
631366,8 72 
631402,26 70 
632940,19 80 
633747,57 83 
634999,57 64 1252
635276,7 63 263
635580,58 150 
635601,59 68 
636055,33 92 
636055,33 65 
637105,83 103 
637105,83 101 
637615,37 100 
637615,37 3
637615,37 1933
637615,37 11
639612,07 25 
639628,29 75 
641030,87 72 
641064,79 70 
642606,15 80 
643423,53 83 
643897,18 64 474
643920,55 239 
644226,15 63 310
644530,03 150 
644544,53 68 
644998,77 92 
644998,77 65 
646048,71 103 
646048,71 101 
646558,22 100 
646558,22 3
646558,22 1933
646558,22 10
648554,94 25 
648568,5 75 
649971,23 72 
650007,67 70 
651546,23 80 
652353,06 83 
653221,18 64 869
653526,02 239 
653544,41 63 312
653846,11 151 
653860,55 69 
654314,55 93 
654567,15 239 
655364,79 103 
655364,79 101 
655874,35 100 
655874,35 3
655874,35 1933
655874,35 10
657871,03 25 
657885,28 75 
659288,16 72 
659323,91 70 
660862,03 80 
661669,15 83 
661979,02 64 310
662176,58 62 188
662478,31 150 
662496,9 68 
662824,24 239 
663237,01 172 
663686,01 92 
663686,01 65 
663869,23 172 
664001,11 103 
664001,11 101 
664510,67 100 
664510,67 3
664510,67 1933
664510,67 11
666507,55 25 
666521,92 75 
667925,24 72 
667960,16 70 
669497,5 80 
670305,48 83 
670551,28 64 246
670816,56 63 245
671118,77 150 
671133,27 68 
671585,95 92 
671585,95 65 
672637,49 103 
672637,49 101 
673146,91 100 
673146,91 3
673146,91 1933
673146,91 10
675143,99 25 
675158,31 75 
676561,14 72 
676596,52 70 
678135,56 80 
678955,14 83 
679430,87 64 476
679776,93 63 329
680079,68 151 
680101,95 69 
680556,45 93 
680670,36 239 
681607,04 103 
681607,04 101 
682116,42 100 
682116,42 3
682116,42 1933
682116,42 10
684113,45 25 
684633,33 75 
686036,16 72 
686072,53 70 
687612,21 80 
688431,15 83 
689117,2 64 687
689366,04 61 228
689668,27 151 
689684,53 69 
690137,46 93 
691189,64 103 
691189,64 101 
691699,15 100 
691699,15 3
691699,15 1933
691699,15 11
693696,15 25 
696121,81 75 
697524,13 72 
697561,02 70 
699100,92 80 
699919,64 83 
700152,86 64 233
700365,55 63 193
700668,68 152 
700694,07 69 
701148,74 93 
702198,36 103 
702198,36 101 
702707,73 100 
702707,73 3
702707,73 1933
702707,73 10
704704,61 25 
704718,92 75 
706121,28 72 
706157,33 70 
707697,29 80 
708502,93 83 
710411,15 64 1909
710725,32 63 304
711027,83 151 
711049,76 69 
711502,94 93 
712554,11 103 
712554,11 101 
713063,57 100 
713063,57 3
713063,57 1933
713063,57 11
715060,23 25 
717219,57 75 
718623,7 72 
718832,04 70 
720406,21 80 
721403,91 83 
722182,99 64 779
732204,14 252 
732212,41 101 
734212,25 100 
734212,25 3
734212,25 1933
734212,25 11
734212,25 25 
734225,69 75 
735627,43 72 
735838,21 70 
737408,4 80 
738396,72 83 
739012,58 64 616
739295,12 63 273
739598,03 150 
739611,36 68 
740065,49 92 
740065,49 65 
741115,3 103 
741115,3 101 
741625,81 100 
741625,81 3
741625,81 1933
741625,81 11
743621,67 25 
743635,04 75 
745037,95 72 
745247,5 70 
746816,48 80 
747806,1 83 
747976,01 64 170
748264,5 63 272
748567,09 150 
748580,57 68 
749034,93 92 
749034,93 65 
750084,79 103 
750084,79 101 
750594,31 100 
750594,31 3
750594,31 1933
750594,31 11
752591,17 25 
752604,63 75 
754007,1 72 
754217,05 70 
755787,42 80 
756775,62 83 
756906,56 64 131
757214,85 63 293
757517,6 150 
757536,79 68 
757990,76 92 
757990,76 65 
759041,02 103 
759041,02 101 
759550,49 100 
759550,49 3
759550,49 1933
759550,49 10
761547,42 25 
761561 75 
762964,25 72 
763173,32 70 
764744,34 80 
765731,94 83 
765973,97 64 242
766144,56 62 160
766446,81 150 
766466,39 68 
766920,34 92 
766920,34 65 
767970,59 103 
767970,59 101 
768480,19 100 
768480,19 3
768480,19 1933
768480,19 10
770477,04 25 
770490,52 75 
771894,09 72 
772102,85 70 
773652,97 80 
774461,55 83 
774675,66 64 214
774854,78 62 167
775156,22 150 
775169,44 68 
775622,37 92 
775622,37 65 
775940,18 239 
776673,55 103 
776673,55 101 
777182,99 100 
777182,99 3
777182,99 1933
777182,99 10
779180,05 25 
779193,87 75 
780597,67 72 
780632,68 70 
782172,09 80 
782977,91 83 
784018,44 64 1041
784305,43 63 275
784609,36 151 
784632,02 69 
785084,4 93 
786136,25 103 
786136,25 101 
786645,78 100 
786645,78 3
786645,78 1933
786645,78 10
788642,53 25 
788656,05 75 
790058,8 72 
790095,29 70 
791638,2 80 
792454,02 83 
793483,03 64 1029
793724,51 61 231
794026,09 151 
794040,51 69 
794494,3 93 
795545,61 103 
795545,61 101 
796055,08 100 
796055,08 3
796055,08 1933
796055,08 11
798052,05 25 
798065,45 75 
799467,58 72 
799504,66 70 
801043,87 80 
801849,99 83 
802350,98 64 501
802613,61 63 244
802915,51 152 
802930,96 69 
803384,42 93 
804435,22 103 
804435,22 101 
804945,32 100 
804945,32 3
804945,32 1933
804945,32 11
806941,59 25 
807981,34 75 
809384,52 72 
809420,41 70 
810964,11 80 
811779,1 83 
812004,92 64 226
812304,11 63 286
812606,59 150 
812619,35 68 
813073,74 92 
813073,74 65 
814124,43 103 
814124,43 101 
814634,02 100 
814634,02 3
814634,02 1933
814634,02 10
816630,71 25 
816644,22 75 
818046,61 72 
818083,43 70 
819625,45 80 
820442,07 83 
820642,94 64 201
820813,89 62 159
821115,51 150 
821136,7 68 
821589,78 92 
821589,78 65 
822640,92 103 
822640,92 101 
823150,22 100 
823150,22 3
823150,22 1933
823150,22 11
825147,15 25 
825160,87 75 
826565,29 72 
826599,83 70 
828139,59 80 
828943,31 250 
828958,19 101 
830957,98 100 
830957,98 3
830957,98 1933
830957,98 11
830957,98 25 
830971,73 75 
832374,6 72 
832410,79 70 
833952,84 80 
834769,4 83 
835196,51 64 428
835613,63 62 405
835915,63 151 
835929,43 69 
836383,78 93 
837434,6 103 
837434,6 101 
837945,09 100 
837945,09 3
837945,09 1933
837945,09 10
839941,23 25 
839967,94 75 
841371,17 72 
841406,94 70 
842945,1 80 
843752,28 83 
844274,36 64 523
844533,97 62 249
844836,01 150 
844859,95 68 
845313,87 92 
845313,87 65 
846364,15 103 
846364,15 101 
846873,79 100 
846873,79 3
846873,79 1933
846873,79 10
848870,57 25 
857853,59 75 
859255,59 72 
859292,71 70 
860834,54 80 
861651,39 83 
861694,5 64 44
862005,29 63 301
862308,19 151 
862331,75 69 
862786,75 93 
863836,79 103 
863836,79 101 
864346,33 100 
864346,33 3
864346,33 1933
864346,33 11
866343,08 25 
867276,2 75 
868679,87 72 
868715,39 70 
870252,86 80 
871060,78 83 
874273,77 64 3213
874483,07 63 198
874787,47 150 
874807,32 68 
875260,86 92 
875260,86 65 
876311,51 103 
876311,51 101 
876820,98 100 
876820,98 3
876820,98 1933
876820,98 10
878817,79 25 
878831,51 75 
880234,8 72 
880443,87 70 
881994,94 80 
882802,45 83 
883215,66 64 413
883413,07 62 185
883716,88 150 
883736,87 68 
884190,91 92 
884190,91 65 
885241,08 103 
885241,08 101 
885750,68 100 
885750,68 3
885750,68 1933
885750,68 11
887747,52 25 
887761,07 75 
889164,19 72 
889200,2 70 
890740,24 80 
891558,74 83 
892131,87 64 573
892432,79 63 288
892735,42 152 
892758,86 69 
893211,5 93 
894263,97 103 
894263,97 101 
894773,32 100 
894773,32 3
894773,32 1933
894773,32 11
896770,41 25 
896930,41 75 
898333,95 72 
898369,54 70 
899909,33 80 
900728,2 83 
901251,35 64 524
901522,33 239 
901526,16 63 266
901829,11 150 
901849,25 68 
902303,4 92 
902303,4 65 
903353,5 103 
903353,5 101 
903863,06 100 
903863,06 3
903863,06 1933
903863,06 11
905859,81 25 
905873,41 75 
907275,49 72 
907312,51 70 
908853,72 80 
909671,13 83 
909920,22 64 250
910122,39 62 185
910425,4 151 
910444,71 69 
910897,63 93 
911949,91 103 
911949,91 101 
912459,35 100 
912459,35 3
912459,35 1933
912459,35 10
914456,12 25 
914469,79 75 
915873,33 72 
915908,8 70 
917448,27 80 
918254,17 83 
918723,05 64 469
919012,34 239 
919016,48 63 283
919318,8 151 
919334,31 69 
919788,47 93 
920839,47 103 
920839,47 101 
921348,79 100 
921348,79 3
921348,79 1933
921348,79 11
923345,81 25 
923359,41 75 
924762,58 72 
924798,38 70 
926336,67 80 
927143,74 83 
928393,09 64 1250
928593,35 62 184
928895,13 151 
928917,73 69 
929370,17 93 
930422,05 103 
930422,05 101 
930931,65 100 
930931,65 3
930931,65 1933
930931,65 10
932928,39 25 
934008,03 75 
935411,42 72 
935447,22 70 
936990,46 80 
937805,9 83 
938932,59 64 1127
939212,32 239 
939222,58 63 271
939524,62 151 
939539,08 69 
939992,27 93 
941044,2 103 
941044,2 101 
941554,89 100 
941554,89 3
941554,89 1933
941554,89 10
943550,46 25 
943564,05 75 
944966,54 72 
945003,19 70 
946545,67 80 
947361,88 83 
948214,78 64 853
948523,82 63 296
948825,48 151 
948842,66 69 
949297,59 93 
950346,95 103 
950346,95 101 
950856,54 100 
950856,54 3
950856,54 1933
950856,54 10
952853,41 25 
959077,44 75 
960479,25 72 
960516,69 70 
962056,36 80 
962875,37 83 
963078,42 64 204
963304,21 61 216
963606,06 151 
963623,18 69 
964076,46 93 
965101,76 239 
965127,36 103 
965127,36 101 
965636,77 100 
965636,77 3
965636,77 1933
965636,77 11
967633,74 25 
967650,02 75 
969052,84 72 
969086,39 70 
970623,01 80 
971431,72 83 
971456,26 64 25
971751,79 63 280
972054,72 150 
972072,81 68 
972526,29 92 
972526,29 65 
973577,13 103 
973577,13 101 
974086,57 100 
974086,57 3
974086,57 1933
974086,57 11
976083,52 25 
976098 75 
977501,64 72 
977536,14 70 
979075,2 80 
979894,81 83 
980027,77 64 133
980056,5 239 
980376,48 63 336
980678,17 150 
980695,95 68 
981148,62 92 
981148,62 65 
982200,15 103 
982200,15 101 
982709,65 100 
982709,65 3
982709,65 1933
982709,65 10
984709,62 25 
984720,64 75 
986123,32 72 
986332,47 70 
987887,59 80 
988704,41 83 
989472,4 64 769
989812,43 63 322
990114,59 151 
990131,06 69 
990583,91 93 
991636,21 103 
991636,21 101 
992145,61 100 
992145,61 3
992145,61 1933
992145,61 11
994142,48 25 
994155,97 75 
995558,98 72 
995595,16 70 
997138,46 80 
997953,82 83 
998942,03 64 988
998959,47 239 
999365,57 63 412
999667,58 150 
999687,93 68 
1000141,95 92 
1000141,95 65 
1001192,16 103 
1001192,16 101 
1001701,66 100 
1001701,66 3
1001701,66 1933
1001701,66 10
1003698,69 25 
1003713,23 75 
1005116,86 72 
1005151,18 70 
1006694,35 80 
1007509,91 83 
1007711,59 64 202
1007942,21 61 220
1008244,47 151 
1008257,65 69 
1008711,34 93 
1009761,89 103 
1009761,89 101 
1010271,32 100 
1010271,32 3
1010271,32 1933
1010271,32 11
1012268,19 25 
1020638,23 75 
1022041,43 72 
1022077,33 70 
1023618,3 80 
1024435,99 83 
1024825,3 64 390
1025080,84 63 245
1025383,69 150 
1025397,09 68 
1025851,74 92 
1025851,74 65 
1026901,27 103 
1026901,27 101 
1027410,86 100 
1027410,86 3
1027410,86 1933
1027410,86 10
1029407,74 25 
1029421,08 75 
1030824,11 72 
1030860,33 70 
1032400,33 80 
1033205,64 83 
1033293,7 64 88
1033501,01 61 189
1033802,38 153 
1033820,18 68 
1034272,78 92 
1034272,78 65 
1035324,39 103 
1035324,39 101 
1035833,87 100 
1035833,87 3
1035833,87 1933
1035833,87 11
1037831,54 25 
1037858,1 75 
1039260,44 72 
1039296,72 70 
1040837,34 80 
1041655,41 83 
1043643,44 64 1989
1043942,22 63 288
1044244,41 150 
1044269,16 68 
1044722,36 92 
1044722,36 65 
1045773,33 103 
1045773,33 101 
1046283,75 100 
1046283,75 3
1046283,75 1933
1046283,75 10
1048279,68 25 
1048307,19 75 
1049709,55 72 
1049745,7 70 
1051291,04 80 
1052104,31 83 
1052391,19 64 288
1052920,35 61 510
1053222,68 151 
1053237,87 69 
1053690,89 93 
1054742,9 103 
1054742,9 101 
1055252,28 100 
1055252,28 3
1055252,28 1933
1055252,28 10
1057249,12 25 
1057264,09 75 
1058666,91 72 
1058701,91 70 
1060243,34 80 
1061060,51 83 
1062308,23 64 1248
1062590,31 61 264
1062892,62 151 
1062914,57 69 
1063367,74 93 
1064418,87 103 
1064418,87 101 
1064928,39 100 
1064928,39 3
1064928,39 1933
1064928,39 11
1066925,17 25 
1067271,83 75 
1068675,24 72 
1068711,03 70 
1070252,96 80 
1071082,98 83 
1071404,9 64 322
1071669,99 63 254
1071971,54 150 
1071990,75 68 
1072443,93 92 
1072443,93 65 
1073494,97 103 
1073494,97 101 
1074004,36 100 
1074004,36 3
1074004,36 1933
1074004,36 11
1076002,11 25 
1076015,07 75 
1077417,13 72 
1077455,03 70 
1078994,6 80 
1079812,65 83 
1086022,8 64 6210
1086319,75 63 283
1086622,7 150 
1086637,98 68 
1087090,47 92 
1087090,47 65 
1088142,1 103 
1088142,1 101 
1088651,52 100 
1088651,52 3
1088651,52 1933
1088651,52 11
1090648,53 25 
1095100,09 75 
1096502,76 72 
1096739,17 70 
1098382,22 80 
1099444,4 83 
1099460,64 64 17
1099487,79 239 
1099820,49 63 350
1100123,17 150 
1100138,91 68 
1100591,23 92 
1100591,23 65 
1101643,07 103 
1101643,07 101 
1102152,68 100 
1102152,68 3
1102152,68 1933
1102152,68 10
1104149,45 25 
1104162,93 75 
1105565,52 72 
1105775,39 70 
1107350,02 80 
1108347,38 83 
1108432,44 64 86
1108609,87 62 156
1108912,52 152 
1108935,17 69 
1109389,59 93 
1110439,39 103 
1110439,39 101 
1110948,83 100 
1110948,83 3
1110948,83 1933
1110948,83 10
1112945,65 25 
1113745,62 75 
1115149,4 72 
1115357,98 70 
1116933,14 80 
1117929,89 83 
1120074 64 2144
1120269,67 62 181
1120571,67 150 
1120596,95 68 
1121050,05 92 
1121050,05 65 
1122101,13 103 
1122101,13 101 
1122610,72 100 
1122610,72 3
1122610,72 1933
1122610,72 10
1124607,41 25 
1124621,9 75 
1126024,39 72 
1126233,37 70 
1127810,42 80 
1128805,3 83 
1129088,36 64 284
1129729,14 61 631
1130032,82 151 
1130045,31 69 
1130500,95 93 
1131550,49 103 
1131550,49 101 
1132059,92 100 
1132059,92 3
1132059,92 1933
1132059,92 11
1134056,81 25 
1134656,82 75 
1136060,44 72 
1136269,19 70 
1137823,45 80 
1138654,51 83 
1139383,54 64 729
1139698,71 239 
1139705,94 63 305
1140010,37 150 
1140028,76 68 
1140481,12 92 
1140481,12 65 
1141532,9 103 
1141532,9 101 
1142042,32 100 
1142042,32 3
1142042,32 1933
1142042,32 11
1144039,22 25 
1144052,7 75 
1145454,65 72 
1145491,96 70 
1147033,96 80 
1147850,6 83 
1149521,69 64 1671
1149830,56 63 301
1150132,78 150 
1150157,88 68 
1150612,86 92 
1150612,86 65 
1151661,95 103 
1151661,95 101 
1152172,56 100 
1152172,56 3
1152172,56 1933
1152172,56 10
1154168,21 25 
1154183,27 75 
1155586,24 72 
1155620,96 70 
1157162,13 80 
1157979,66 83 
1158275,6 64 296
1158448,73 62 163
1158751,32 150 
1158767,49 68 
1159221,47 92 
1159221,47 65 
1160271,68 103 
1160271,68 101 
1160781,06 100 
1160781,06 3
1160781,06 1933
1160781,06 10
1162777,92 25 
1162858,16 75 
1162860,37 250 
1162883,76 101 
1164883,71 100 
1164883,71 3
1164883,71 1933
1164883,71 10
1164883,71 25 
1164897 75 
1166299,37 72 
1166336,56 70 
1167876,6 80 
1168695,12 83 
1169043,3 64 349
1169230,4 62 176
1169532,69 150 
1169549,56 68 
1170003,33 92 
1170003,33 65 
1171053,8 103 
1171053,8 101 
1171563,2 100 
1171563,2 3
1171563,2 1933
1171563,2 10
1173560,05 25 
1173573,91 75 
1174977,14 72 
1175012,77 70 
1176550,37 80 
1177358,09 83 
1179279,03 64 1921
1179459,77 62 169
1179762,91 150 
1179785,28 68 
1180240,61 92 
1180240,61 65 
1181289,49 103 
1181289,49 101 
1181799 100 
1181799 3
1181799 1933
1181799 10
1183795,83 25 
1183822,92 75 
1185225,67 72 
1185261,83 70 
1186801,52 80 
1187620,47 83 
1193960,65 64 6340
1194179,45 62 202
1194482,29 150 
1194499,04 68 
1194951,98 92 
1194951,98 65 
1196003,27 103 
1196003,27 101 
1196512,66 100 
1196512,66 3
1196512,66 1933
1196512,66 11
1198509,51 25 
1198523,63 75 
1199927,19 72 
1199962,26 70 
1201502,25 80 
1202321 83 
1202717,55 64 397
1202988,9 63 255
1203291,65 150 
1203308,59 68 
1203762,02 92 
1203762,02 65 
1204812,89 103 
1204812,89 101 
1205322,28 100 
1205322,28 3
1205322,28 1933
1205322,28 10
1207319,19 25 
1207333,23 75 
1208736,17 72 
1208771,92 70 
1210314,07 80 
1211130,54 83 
1211664,35 64 534
1211879,62 62 203
1212182,11 152 
1212197,36 69 
1212650,69 93 
1213702,47 103 
1213702,47 101 
1214211,85 100 
1214211,85 3
1214211,85 1933
1214211,85 11
1216208,89 25 
1216222,23 75 
1217624,11 72 
1217661,5 70 
1219204,33 80 
1220020,13 83 
1220412,22 64 393
1220729 63 296
1221031,89 150 
1221047,82 68 
1221501,64 92 
1221501,64 65 
1222552,06 103 
1222552,06 101 
1223061,58 100 
1223061,58 3
1223061,58 1933
1223061,58 11
1225058,36 25 
1225085,7 75 
1225088,75 250 
1225097,41 101 
1227097,62 100 
1227097,62 3
1227097,62 1933
1227097,62 11
1227097,62 25 
1227111,09 75 
1228514,56 72 
1228550,29 70 
1230092,49 80 
1230908,85 83 
1232426,85 64 1518
1232699,04 63 257
1233001,92 150 
1233016,19 68 
1233469,98 92 
1233469,98 65 
1234520,38 103 
1234520,38 101 
1235029,73 100 
1235029,73 3
1235029,73 1933
1235029,73 11
1237026,63 25 
1237040,86 75 
1238443,79 72 
1238679,28 70 
1240311,6 80 
1241371,2 83 
1241802,21 64 432
1242017,56 62 207
1242320,6 151 
1242345,58 69 
1242798,2 93 
1243849,76 103 
1243849,76 101 
1244359,14 100 
1244359,14 3
1244359,14 1933
1244359,14 11
1246369,25 25 
1248768,56 75 
1250172,12 72 
1250394,28 70 
1252035,38 80 
1253099,51 83 
1253753,76 64 654
1254038,74 63 273
1254340,82 150 
1254353,87 68 
1254808,83 92 
1254808,83 65 
1255858,01 103 
1255858,01 101 
1256368,56 100 
1256368,56 3
1256368,56 1933
1256368,56 10
1258377,55 25 
1258391,34 75 
1259793,78 72 
1260003,58 70 
1261557,02 80 
1262375,6 83 
1262703,82 64 328
1262907,59 62 186
1263209,51 150 
1263229,97 68 
1263682,96 92 
1263682,96 65 
1264734,24 103 
1264734,24 101 
1265243,73 100 
1265243,73 2
1265243,73 1933
1265243,73 11
1265243,73 78 
1267240,54 25 
1267254,21 75 
1267592,19 250 
1267599,41 101 
1269599,57 100 
1269599,57 2
1269599,57 1933
1269599,57 11
1269599,57 25 
1279599,51 254 
1279607,98 101 
1281620,44 100 
1281620,44 2
1281620,44 1933
1281620,44 11
1281620,44 25 
1282393,77 75 
1283797,01 72 
1283833,56 70 
1285377,57 80 
1286192,2 83 
1286479,18 64 288
1286696,86 239 
1286708,63 63 210
1287010,83 150 
1287033,22 68 
1287486,72 92 
1287486,72 65 
1288537,56 103 
1288537,56 101 
1289047,06 100 
1289047,06 2
1289047,06 1933
1289047,06 11
1291043,87 25 
1291058,17 75 
1292463,08 72 
1292496,55 70 
1294037,25 80 
1294855,24 83 
1299349,13 64 4495
1299656,85 63 297
1299958,67 150 
1299974,63 68 
1300427,38 92 
1300427,38 65 
1301478,74 103 
1301478,74 101 
1301988,14 100 
1301988,14 2
1301988,14 1933
1301988,14 10
1303998,26 25 
1304012,05 75 
1305414,65 72 
1305451,11 70 
1306990,55 80 
1307796,43 83 
1308125,3 64 330
1308156,35 239 
1308586,54 63 444
1308888,18 151 
1308903,18 69 
1309357,59 93 
1310408,3 103 
1310408,3 101 
1310917,71 100 
1310917,71 2
1310917,71 1933
1310917,71 10
1312914,58 25 
1312994,79 75 
1314398,44 72 
1314434,03 70 
1315972,79 80 
1316779,28 83 
1322269,47 64 5491
1322636,24 61 353
1322938,52 150 
1322951,58 68 
1323404,39 92 
1323404,39 65 
1324455,69 103 
1324455,69 101 
1324965,23 100 
1324965,23 2
1324965,23 1933
1324965,23 11
1326962,16 25 
1326975,51 75 
1328378,19 72 
1328414,76 70 
1329952,34 80 
1330760,02 83 
1331148,46 64 389
1331446,47 239 
1331535,83 63 376
1331837,37 150 
1331854,43 68 
1332307,68 92 
1332307,68 65 
1333358,63 103 
1333358,63 101 
1333868,09 100 
1333868,09 2
1333868,09 1933
1333868,09 11
1335864,9 25 
1335881,61 75 
1337284,67 72 
1337317,62 70 
1338858,16 80 
1339676,61 83 
1340276,52 64 600
1340635,86 63 347
1340938,08 150 
1340957,32 68 
1341410,7 92 
1341410,7 65 
1342461,43 103 
1342461,43 101 
1342970,97 100 
1342970,97 2
1342970,97 1933
1342970,97 10
1344967,7 25 
1344981,23 75 
1346383,68 72 
1346421,52 70 
1347961,28 80 
1348792,46 83 
1349660,42 64 868
1349700,55 239 
1349956,64 62 285
1350259,43 153 
1350273,24 68 
1350725,44 92 
1350725,44 65 
1351777,52 103 
1351777,52 101 
1352286,93 100 
1352286,93 2
1352286,93 1933
1352286,93 11
1354283,98 25 
1354300,22 75 
1355702,34 72 
1355736,59 70 
1357277,63 80 
1358095,19 83 
1358990,44 64 896
1359306,42 63 305
1359608,19 150 
1359629,26 68 
1360081,45 92 
1360081,45 65 
1361133,56 103 
1361133,56 101 
1361643,09 100 
1361643,09 2
1361643,09 1933
1361643,09 10
1363640 25 
1363653,55 75 
1365056,11 72 
1365265,87 70 
1366820,1 80 
1367637,83 83 
1370690,47 64 3053
1370925,88 62 223
1371228,83 151 
1371250,21 69 
1371703,64 93 
1372755,34 103 
1372755,34 101 
1373265,82 100 
1373265,82 2
1373265,82 1933
1373265,82 11
1375261,55 25 
1375275,27 75 
1376678,27 72 
1376714,37 70 
1378255,3 80 
1379073,07 83 
1380074,23 64 1002
1380415,95 239 
1380420,52 63 335
1380724,95 150 
1380740,46 68 
1381194,49 92 
1381194,49 65 
1382244,64 103 
1382244,64 101 
1382754,1 100 
1382754,1 2
1382754,1 1933
1382754,1 10
1384751,01 25 
1384766 75 
1386168,16 72 
1386203,76 70 
1387744,58 80 
1388562,33 83 
1389101,5 64 540
1389126,16 239 
1389374,94 62 253
1389677,34 151 
1389695,78 69 
1390149,21 93 
1391200,89 103 
1391200,89 101 
1391710,31 100 
1391710,31 2
1391710,31 1933
1391710,31 10
1393707,14 25 
1393721,72 75 
1395126,15 72 
1395159,93 70 
1396700,21 80 
1397532,58 83 
1398477,64 64 946
1398695,18 61 204
1398997,05 150 
1399012,83 68 
1399467,24 92 
1399467,24 65 
1400516,95 103 
1400516,95 101 
1401026,34 100 
1401026,34 2
1401026,34 1933
1401026,34 11
1403023,27 25 
1403040,19 75 
1404442,95 72 
1404476,05 70 
1406017,58 80 
1406834,61 83 
1407829,55 64 995
1408086,34 239 
1408096,65 63 249
1408398,91 150 
1408422,14 68 
1408876,71 92 
1408876,71 65 
1409926,31 103 
1409926,31 101 
1410435,9 100 
1410435,9 2
1410435,9 1933
1410435,9 10
1412432,68 25 
1412446,09 75 
1413849,11 72 
1413885,35 70 
1415423,82 80 
1416243,99 83 
1416627,73 64 384
1416884,88 61 241
1417187,15 150 
1417205,05 68 
1417658,7 92 
1417658,7 65 
1418709,27 103 
1418709,27 101 
1419218,7 100 
1419218,7 2
1419218,7 1933
1419218,7 11
1421215,72 25 
1421230,03 75 
1422633,94 72 
1422668,26 70 
1424207,4 80 
1425013,59 83 
1425765,55 64 752
1426056,14 63 270
1426359,06 150 
1426374,55 68 
1426828,22 92 
1426828,22 65 
1427878,73 103 
1427878,73 101 
1428388,12 100 
1428388,12 2
1428388,12 1933
1428388,12 11
1430385,18 25 
1430399,64 75 
1431802,55 72 
1431837,76 70 
1433376,7 80 
1434183,1 83 
1442799,1 64 8617
1443194,4 63 375
1443498,05 152 
1443513,13 69 
1443965,31 93 
1445018,18 103 
1445018,18 101 
1445528,28 100 
1445528,28 2
1445528,28 1933
1445528,28 10
1447524,5 25 
1451056,57 75 
1451058,83 250 
1451071,28 101 
1453082,1 100 
1453082,1 2
1453082,1 1933
1453082,1 10
1453082,1 25 
1453095,89 75 
1454498,99 72 
1454534,86 70 
1456074,22 80 
1456893,51 83 
1457080,68 64 187
1457284,21 61 192
1457587,23 150 
1457601,32 68 
1458055,78 92 
1458055,78 65 
1459105,55 103 
1459105,55 101 
1459615,01 100 
1459615,01 2
1459615,01 1933
1459615,01 10
1461612,06 25 
1461626,46 75 
1463028,96 72 
1463064,53 70 
1464604,34 80 
1465409,85 83 
1466522,96 64 1113
1466834,76 63 292
1467137,57 151 
1467156,37 69 
1467609,53 93 
1468661,59 103 
1468661,59 101 
1469170,96 100 
1469170,96 2
1469170,96 1933
1469170,96 11
1471167,91 25 
1471181,58 75 
1472585,77 72 
1472793,82 70 
1474366,69 80 
1475365,91 83 
1475514,51 64 149
1475775,13 61 250
1476077,18 151 
1476099,32 69 
1476553,29 93 
1477508,19 239 
1477604,4 103 
1477604,4 101 
1478115,1 100 
1478115,1 2
1478115,1 1933
1478115,1 10
1480110,67 25 
1480124,65 75 
1481527,95 72 
1481736,71 70 
1483309,52 80 
1484321,96 83 
1486146,26 64 1825
1486373,98 61 213
1486676,9 152 
1486694,9 69 
1487147,46 93 
1488199,96 103 
1488199,96 101 
1488709,34 100 
1488709,34 2
1488709,34 1933
1488709,34 11
1490706,36 25 
1490720,15 75 
1492122,64 72 
1492332,22 70 
1493891,39 80 
1494704,2 83 
1495624,29 64 921
1495994,87 63 358
1496296,45 150 
1496318,23 68 
1496771,36 92 
1496771,36 65 
1497822,52 103 
1497822,52 101 
1498332,12 100 
1498332,12 2
1498332,12 1933
1498332,12 11
1500328,94 25 
1500342,63 75 
1501745,23 72 
1501781,63 70 
1503325,23 80 
1504140,22 83 
1508088,72 64 3949
1508325,11 61 227
1508628,67 151 
1508646,41 69 
1509099,52 93 
1510150,69 103 
1510150,69 101 
1510660,05 100 
1510660,05 2
1510660,05 1933
1510660,05 10
1512657,05 25 
1512670,63 75 
1514073,73 72 
1514109,66 70 
1515648,49 80 
1516455,01 83 
1521429,58 64 4975
1521913,13 239 
1521925,08 63 486
1522228,38 151 
1522239,87 69 
1522693,83 93 
1522779,85 239 
1523744,96 103 
1523744,96 101 
1524254,49 100 
1524254,49 2
1524254,49 1933
1524254,49 10
1526251,58 25 
1529210,21 75 
1530613,16 72 
1530649,34 70 
1532189,23 80 
1533008,06 83 
1533629,38 64 622
1534212,88 61 565
1534517,22 150 
1534542,38 68 
1534996,61 92 
1534996,61 65 
1536046,39 103 
1536046,39 101 
1536555,8 100 
1536555,8 2
1536555,8 1933
1536555,8 10
1538552,76 25 
1548552,39 254 
1548561,13 101 
1550560,57 100 
1550560,57 2
1550560,57 1933
1550560,57 10
1550560,57 25 
1550641,22 75 
1550643,41 250 
1550653,52 101 
1552653,4 100 
1552653,4 2
1552653,4 1933
1552653,4 10
1552653,4 25 
1552680,37 75 
1554083,02 72 
1554119,48 70 
1555658,29 80 
1556464,84 83 
1556859,79 64 395
1557094,69 61 217
1557396,7 150 
1557412,48 68 
1557866,24 92 
1557866,24 65 
1558916,74 103 
1558916,74 101 
1559426,88 100 
1559426,88 2
1559426,88 1933
1559426,88 11
1561423,02 25 
1561436,71 75 
1562839,85 72 
1562875,84 70 
1564413,88 80 
1565221,11 83 
1565402,93 64 182
1565702,65 239 
1565720,76 63 300
1566023,7 150 
1566048,95 68 
1566503,2 92 
1566503,2 65 
1567553,12 103 
1567553,12 101 
1568062,79 100 
1568062,79 2
1568062,79 1933
1568062,79 11
1570059,53 25 
1570073,91 75 
1571476,79 72 
1571512,09 70 
1573051,53 80 
1573870,76 83 
1574389,29 64 519
1574712,59 63 309
1575015,53 150 
1575031,88 68 
1575484,72 92 
1575484,72 65 
1576535,97 103 
1576535,97 101 
1577045,41 100 
1577045,41 2
1577045,41 1933
1577045,41 10
1579042,4 25 
1579055,75 75 
1580457,72 72 
1580495,02 70 
1582037,74 80 
1582853,69 83 
1583724,85 64 871
1584001,94 61 269
1584305,1 150 
1584321,18 68 
1584773,11 92 
1584773,11 65 
1585825,38 103 
1585825,38 101 
1586334,81 100 
1586334,81 2
1586334,81 1933
1586334,81 11
1588331,8 25 
1589451,44 75 
1590855,16 72 
1590891,78 70 
1592430,2 80 
1593502,48 83 
1594814,4 64 1312
1595072,86 61 238
1595377,06 151 
1595395,62 69 
1595848,94 93 
1596900,74 103 
1596900,74 101 
1597411,15 100 
1597411,15 2
1597411,15 1933
1597411,15 10
1599406,99 25 
1608230,3 75 
1608232,57 250 
1608242,34 101 
1610242,59 100 
1610242,59 2
1610242,59 1933
1610242,59 10
1610242,59 25 
1610255,64 75 
1611657,34 72 
1611855,11 70 
1613428,37 80 
1614413,98 83 
1615020,21 64 607
1615432,7 61 393
1615735,57 150 
1615748,05 68 
1616203,27 92 
1616203,27 65 
1617252,12 103 
1617252,12 101 
1617761,55 100 
1617761,55 2
1617761,55 1933
1617761,55 11
1619758,39 25 
1619772,31 75 
1621176,2 72 
1621384,39 70 
1622938,34 80 
1623756,39 83 
1624363,84 64 608
1624692,35 62 310
1624995,9 151 
1625009,9 69 
1625463,44 93 
1626514,92 103 
1626514,92 101 
1627024,26 100 
1627024,26 2
1627024,26 1933
1627024,26 11
1629021,14 25 
1629034,68 75 
1630436,77 72 
1630473,96 70 
1632013,48 80 
1632832,56 83 
1636992,23 64 4160
1637281,96 62 278
1637583,42 151 
1637604,44 69 
1638058,82 93 
1639109,56 103 
1639109,56 101 
1639619,02 100 
1639619,02 2
1639619,02 1933
1639619,02 10
1641615,87 25 
1651616,15 254 
1651624,27 101 
1653623,68 100 
1653623,68 2
1653623,68 1933
1653623,68 10
1653623,68 25 
1653944,23 75 
1655347,07 72 
1655383,41 70 
1656923,35 80 
1657742,06 83 
1662969,36 64 5228
1663221,35 61 242
1663523,12 150 
1663541,2 68 
1663995,38 92 
1663995,38 65 
1665045,28 103 
1665045,28 101 
1665554,76 100 
1665554,76 2
1665554,76 1933
1665554,76 10
1667551,56 25 
1667566,05 75 
1668969,7 72 
1669004,31 70 
1670542,88 80 
1671349,61 83 
1672489,43 64 1140
1672761,61 62 253
1673063,21 153 
1673083,76 68 
1673536,56 92 
1673536,56 65 
1674587,93 103 
1674587,93 101 
1675097,34 100 
1675097,34 2
1675097,34 1933
1675097,34 11
1677094,31 25 
1677107,93 75 
1678511,09 72 
1678546,92 70 
1680087,3 80 
1680905,6 83 
1681495,23 64 590
1681740,89 61 236
1682043,36 151 
1682065,81 69 
1682518,64 93 
1683570,81 103 
1683570,81 101 
1684080,23 100 
1684080,23 2
1684080,23 1933
1684080,23 11
1686077,21 25 
1686093,84 75 
1687496,7 72 
1687529,81 70 
1689070,31 80 
1689901,78 83 
1690233,85 64 332
1690521,03 63 273
1690822,94 150 
1690836,21 68 
1691289,51 92 
1691289,51 65 
1692340,45 103 
1692340,45 101 
1692850,11 100 
1692850,11 2
1692850,11 1933
1692850,11 11
1694846,7 25 
1694861,15 75 
1696264,94 72 
1696299,48 70 
1697841,87 80 
1698658,17 83 
1700445,55 64 1788
1700467,55 239 
1700892,17 61 436
1701195,78 151 
1701218,48 69 
1701671,97 93 
1702722,74 103 
1702722,74 101 
1703232,28 100 
1703232,28 2
1703232,28 1933
1703232,28 10
1705228,98 25 
1705242,5 75 
1706645,03 72 
1706681,73 70 
1708222,4 80 
1709040,37 83 
1709652,5 64 613
1709970,94 61 304
1710272,25 150 
1710294,72 68 
1710747,32 92 
1710747,32 65 
1711798,89 103 
1711798,89 101 
1712308,5 100 
1712308,5 2
1712308,5 1933
1712308,5 10
1714305,17 25 
1714319,41 75 
1715721,51 72 
1715757,94 70 
1717298,28 80 
1718116,58 83 
1719124,44 64 1008
1719371,64 61 229
1719674,88 150 
1719690,73 68 
1720144,85 92 
1720144,85 65 
1721194,92 103 
1721194,92 101 
1721706,15 100 
1721706,15 2
1721706,15 1933
1721706,15 11
1723701,36 25 
1723714,73 75 
1725116,17 72 
1725327,24 70 
1726903,95 80 
1727912,44 83 
1728702,39 64 790
1728950,58 62 239
1729253,65 151 
1729272,4 69 
1729726,81 93 
1730777,59 103 
1730777,59 101 
1731287,83 100 
1731287,83 2
1731287,83 1933
1731287,83 10
1733283,86 25 
1733297,42 75 
1734700,87 72 
1734909,8 70 
1736483,28 80 
1737482,07 83 
1741993,97 64 4512
1742310,8 62 298
1742613,44 153 
1742627,73 68 
1743081,96 92 
1743081,96 65 
1744131,9 103 
1744131,9 101 
1744641,35 100 
1744641,35 2
1744641,35 1933
1744641,35 11
1746638,31 25 
1746665,29 75 
1748068,15 72 
1748277,56 70 
1749835,63 80 
1750649,5 83 
1752563,83 64 1914
1752930,75 239 
1752946,55 63 365
1753249,84 150 
1753263,21 68 
1753716,54 92 
1753716,54 65 
1754767,49 103 
1754767,49 101 
1755276,95 100 
1755276,95 2
1755276,95 1933
1755276,95 11
1757273,66 25 
1764564,14 75 
1765967,29 72 
1766003,4 70 
1767547,44 80 
1768362,21 83 
1774548,15 64 6187
1774870,01 239 
1774893,95 63 335
1775196,32 150 
1775213,89 68 
1775666,47 92 
1775666,47 65 
1776718,14 103 
1776718,14 101 
1777227,72 100 
1777227,72 2
1777227,72 1933
1777227,72 10
1779224,49 25 
1780157,69 75 
1781559,85 72 
1781596,75 70 
1783136,27 80 
1783942,18 83 
1784617,48 64 676
1784910,79 62 276
1785212,55 151 
1785235,52 69 
1785689,49 93 
1786740,61 103 
1786740,61 101 
1787250,17 100 
1787250,17 2
1787250,17 1933
1787250,17 10
1789246,96 25 
1790286,61 75 
1791688,72 72 
1791725,83 70 
1793268,64 80 
1794084,46 83 
1804977,46 64 10893
1805369,31 239 
1805379,34 63 393
1805682,79 151 
1805707,04 69 
1806159,84 93 
1806565,21 239 
1807211,95 103 
1807211,95 101 
1807721,37 100 
1807721,37 2
1807721,37 1933
1807721,37 10
1809718,22 25 
1810944,62 75 
1812346,17 72 
1812383,83 70 
1813922,55 80 
1814729,12 83 
1816628,97 64 1900
1816869,87 239 
1816934,85 61 287
1817236,59 150 
1817249,55 68 
1817702,84 92 
1817702,84 65 
1818753,73 103 
1818753,73 101 
1819263,18 100 
1819263,18 2
1819263,18 1933
1819263,18 11
1821260,02 25 
1821273,52 75 
1822675,14 72 
1822712,79 70 
1824253,63 80 
1825071,43 83 
1826150,84 64 1079
1826459,46 239 
1826474,95 63 311
1826776,68 150 
1826792,24 68 
1827245,36 92 
1827245,36 65 
1828296,48 103 
1828296,48 101 
1828805,81 100 
1828805,81 2
1828805,81 1933
1828805,81 10
1830802,69 25 
1840802,34 254 
1840811,1 101 
1842810,33 100 
1842810,33 2
1842810,33 1933
1842810,33 10
1842810,33 25 
1852811,08 254 
1852819,39 101 
1854818,55 100 
1854818,55 2
1854818,55 1933
1854818,55 10
1854818,55 25 
1859390,95 75 
1860793,61 72 
1861030,03 70 
1862672,67 80 
1863735,08 83 
1863956,05 64 221
1864278,98 239 
1864567,86 63 593
1864870,84 151 
1864895,23 69 
1865350,16 93 
1866400,3 103 
1866400,3 101 
1866909,76 100 
1866909,76 2
1866909,76 1933
1866909,76 11
1868906,73 25 
1870586,22 75 
1871989,69 72 
1872198,67 70 
1873775,08 80 
1874770,46 83 
1874873,75 64 103
1875187,96 239 
1875196,92 63 307
1875498,78 150 
1875518,22 68 
1875970,38 92 
1875970,38 65 
1877022,5 103 
1877022,5 101 
1877532,98 100 
1877532,98 2
1877532,98 1933
1877532,98 11
1879528,72 25 
1879542,47 75 
1879544,75 250 
1879567,91 101 
1881568,04 100 
1881568,04 2
1881568,04 1933
1881568,04 11
1881568,04 25 
1881581,18 75 
1882983,19 72 
1883193,98 70 
1884769,7 80 
1885765,92 83 
1886098,09 64 332
1886458,38 239 
1887047,18 63 936
1887698,28 150 
1887713,14 68 
1888168,66 92 
1888168,66 65 
1888463,64 173 
1889217,35 103 
1889217,35 101 
1889726,83 100 
1889726,83 2
1889726,83 1933
1889726,83 10
1891723,64 25 
1892057,06 75 
1893459,51 72 
1893669,47 70 
1895244,24 80 
1896254,75 83 
1896619,59 64 365
1896644,73 239 
1896937,73 62 310
1897240,3 151 
1897254,99 69 
1897707,85 93 
1898759,97 103 
1898759,97 101 
1899269,51 100 
1899269,51 2
1899269,51 1933
1899269,51 11
1901266,2 25 
1901280,5 75 
1902682,96 72 
1902718,97 70 
1904263,92 80 
1905090,96 83 
1991792,1 64 86702
2001801,44 252 
2001809,81 101 
2003809,81 100 
2003809,81 2
2003809,81 1933
2003809,81 11
2003809,81 25 
2013810,19 254 
2013818,11 101 
2015817,43 100 
2015817,43 2
2015817,43 1933
2015817,43 11
2015817,43 25 
2025818,26 254 
2025826,37 101 
2027825,57 100 
2027825,57 2
2027825,57 1933
2027825,57 11
2027825,57 25 
2037826,55 254 
2037834,65 101 
2039833,95 100 
2039833,95 2
2039833,95 1933
2039833,95 11
2039833,95 25 
2039850,35 75 
2041253,01 72 
2041487,13 70 
2043129,33 80 
2044192,3 83 
2047635,32 64 3444
2047905,41 62 262
2048207,35 151 
2048231,14 69 
2048684,88 93 
2049736,29 103 
2049736,29 101 
2050245,76 100 
2050245,76 2
2050245,76 1933
2050245,76 11
2052242,58 25 
2052256,05 75 
2053658,72 72 
2053881,85 70 
2055523,66 80 
2056587,05 83 
2058880,98 64 2294
2059175,87 239 
2059234,33 63 342
2059537,71 150 
2059560,59 68 
2060014,87 92 
2060014,87 65 
2061064,82 103 
2061064,82 101 
2061574,31 100 
2061574,31 2
2061574,31 1933
2061574,31 10
2063571,12 25 
2073570,88 254 
2073579,55 101 
2075578,76 100 
2075578,76 2
2075578,76 1933
2075578,76 10
2075578,76 25 
2085578,78 254 
2085588,47 101 
2087587,1 100 
2087587,1 2
2087587,1 1933
2087587,1 10
2087587,1 25 
2097587,42 254 
2097596,09 101 
2099595,39 100 
2099595,39 2
2099595,39 1933
2099595,39 10
2099595,39 25 
2104447,41 75 
2105849,86 72 
2106059,82 70 
2107637,29 80 
2108645,11 83 
2113173,99 64 4529
2113474,47 239 
2113480,46 61 291
2113783,85 152 
2113804,38 69 
2114258,59 93 
2114740,93 239 
2115308,58 103 
2115308,58 101 
2115818,13 100 
2115818,13 2
2115818,13 1933
2115818,13 10
2117815 25 
2117895,15 75 
2119297,31 72 
2119507,48 70 
2121063,13 80 
2121879,45 83 
2183375,41 64 61496
2193387,59 252 
2193395,65 101 
2195395,54 100 
2195395,54 2
2195395,54 1933
2195395,54 10
2195395,54 25 
2205395,04 254 
2205403,89 101 
2207403,13 100 
2207403,13 2
2207403,13 1933
2207403,13 10
2207403,13 25 
2210189,41 75 
2211591,61 72 
2211628,59 70 
2213173,65 80 
2213987,29 83 
2219535,11 64 5549
2219793,42 61 249
2220095,29 150 
2220119,51 68 
2220573,55 92 
2220573,55 65 
2221623,73 103 
2221623,73 101 
2222133,28 100 
2222133,28 2
2222133,28 1933
2222133,28 11
2224130,09 25 
2234130,33 254 
2234138,42 101 
2236137,67 100 
2236137,67 2
2236137,67 1933
2236137,67 11
2236137,67 25 
2246137,79 254 
2246146,75 101 
2248145,98 100 
2248145,98 2
2248145,98 1933
2248145,98 11
2248145,98 25 
2258146,07 254 
2258154,98 101 
2260154,37 100 
2260154,37 2
2260154,37 1933
2260154,37 11
2260154,37 25 
2270154,4 254 
2270163,22 101 
2272162,64 100 
2272162,64 2
2272162,64 1933
2272162,64 11
2272162,64 25 
2282163,33 254 
2282171,51 101 
2284170,81 100 
2284170,81 2
2284170,81 1933
2284170,81 11
2284170,81 25 
2294171,47 254 
2294179,87 101 
2296179,17 100 
2296179,17 2
2296179,17 1933
2296179,17 11
2296179,17 25 
2302510,53 75 
2303914,05 72 
2304122,89 70 
2305697,55 80 
2306694,83 83 
2335671,23 64 28977
2336011,66 61 329
2336313,66 151 
2336336,24 69 
2336790,84 93 
2337841,38 103 
2337841,38 101 
2338350,91 100 
2338350,91 2
2338350,91 1933
2338350,91 10
2340347,67 25 
2340362,2 75 
2341765,08 72 
2341973,64 70 
2343549,63 80 
2344545,51 83 
2358258,6 64 13713
2368272,63 252 
2368281,81 101 
2370281,67 100 
2370281,67 2
2370281,67 1933
2370281,67 10
2370281,67 25 
2380282,13 254 
2380290,1 101 
2382289,39 100 
2382289,39 2
2382289,39 1933
2382289,39 10
2382289,39 25 
2392289,62 254 
2392298,4 101 
2394297,74 100 
2394297,74 2
2394297,74 1933
2394297,74 10
2394297,74 25 
2395044,76 75 
2396447,94 72 
2396657,32 70 
2398236,59 80 
2399229,11 83 
2401211,53 64 1983
2401731,05 63 503
2402034,65 151 
2402056,01 69 
2402509,63 93 
2403560,31 103 
2403560,31 101 
2404069,82 100 
2404069,82 2
2404069,82 1933
2404069,82 11
2406066,63 25 
2416066,4 254 
2416075 101 
2418074,31 100 
2418074,31 2
2418074,31 1933
2418074,31 11
2418074,31 25 
2428075,07 254 
2428083,29 101 
2430082,54 100 
2430082,54 2
2430082,54 1933
2430082,54 11
2430082,54 25 
2440083,09 254 
2440091,6 101 
2442090,73 100 
2442090,73 2
2442090,73 1933
2442090,73 11
2442090,73 25 
2452090,98 254 
2452099,76 101 
2454099,06 100 
2454099,06 2
2454099,06 1933
2454099,06 11
2454099,06 25 
2464099,86 254 
2464108,02 101 
2466107,53 100 
2466107,53 2
2466107,53 1933
2466107,53 11
2466107,53 25 
2476107,61 254 
2476116,31 101 
2478115,57 100 
2478115,57 2
2478115,57 1933
2478115,57 11
2478115,57 25 
2488116,58 254 
2488124,56 101 
2490123,76 100 
2490123,76 2
2490123,76 1933
2490123,76 11
2490123,76 25 
2500124,09 254 
2500132,82 101 
2502132,06 100 
2502132,06 2
2502132,06 1933
2502132,06 11
2502132,06 25 
2512132,22 254 
2512141,11 101 
2514140,48 100 
2514140,48 2
2514140,48 1933
2514140,48 11
2514140,48 25 
2524140,88 254 
2524149,36 101 
2526148,76 100 
2526148,76 2
2526148,76 1933
2526148,76 11
2526148,76 25 
2536149,03 254 
2536157,66 101 
2538157,57 100 
2538157,57 2
2538157,57 1933
2538157,57 11
2538157,57 25 
2548157,15 254 
2548165,96 101 
2550165,27 100 
2550165,27 2
2550165,27 1933
2550165,27 11
2550165,27 25 
2560165,52 254 
2560174,18 101 
2562173,62 100 
2562173,62 2
2562173,62 1933
2562173,62 11
2562173,62 25 
2572174,35 254 
2572183,17 101 
2574181,7 100 
2574181,7 2
2574181,7 1933
2574181,7 11
2574181,7 25 
2584181,94 254 
2584190,69 101 
2586189,98 100 
2586189,98 2
2586189,98 1933
2586189,98 11
2586189,98 25 
2596190,5 254 
2596198,97 101 
2598198,3 100 
2598198,3 2
2598198,3 1933
2598198,3 11
2598198,3 25 
2608198,74 254 
2608207,23 101 
2610206,46 100 
2610206,46 2
2610206,46 1933
2610206,46 11
2610206,46 25 
2617724,13 75 
2619128,04 72 
2619363,19 70 
2621013,28 80 
2622081,73 83 
2630096,75 64 8015
2630497,44 63 393
2630799,61 150 
2630812,92 68 
2631267,39 92 
2631267,39 65 
2632317,04 103 
2632317,04 101 
2632826,62 100 
2632826,62 2
2632826,62 1933
2632826,62 10
2634823,3 25 
2638448,7 75 
2639851,42 72 
2640061,18 70 
2641616,68 80 
2642433,09 83 
2643266,17 64 834
2643567,52 62 282
2643869,95 151 
2643887,24 69 
2644340,79 93 
2645391,58 103 
2645391,58 101 
2645901,97 100 
2645901,97 2
2645901,97 1933
2645901,97 11
2647897,81 25 
2657898,15 254 
2657906,27 101 
2659905,48 100 
2659905,48 2
2659905,48 1933
2659905,48 11
2659905,48 25 
2662598,58 75 
2664000,72 72 
2664037,66 70 
2665578,56 80 
2666396,38 83 
2759400,14 64 93005
2759935,27 239 
2759944,12 63 535
2760247,59 150 
2760265,1 68 
2760718,01 92 
2760718,01 65 
2761769,07 103 
2761769,07 101 
2762278,6 100 
2762278,6 2
2762278,6 1933
2762278,6 11
2764275,39 25 
2774276,19 254 
2774283,82 101 
2776283,14 100 
2776283,14 2
2776283,14 1933
2776283,14 11
2776283,14 25 
2786283,19 254 
2786292,07 101 
2788291,3 100 
2788291,3 2
2788291,3 1933
2788291,3 11
2788291,3 25 
2798291,93 254 
2798300,31 101 
2800299,66 100 
2800299,66 2
2800299,66 1933
2800299,66 11
2800299,66 25 
2810299,76 254 
2810308,61 101 
2812307,85 100 
2812307,85 2
2812307,85 1933
2812307,85 11
2812307,85 25 
2822307,9 254 
2822316,86 101 
2824316,14 100 
2824316,14 2
2824316,14 1933
2824316,14 11
2824316,14 25 
2834316,98 254 
2834325,13 101 
2836324,49 100 
2836324,49 2
2836324,49 1933
2836324,49 11
2836324,49 25 
2846325,18 254 
2846333,42 101 
2848332,78 100 
2848332,78 2
2848332,78 1933
2848332,78 11
2848332,78 25 
2858333,42 254 
2858341,66 101 
2860340,88 100 
2860340,88 2
2860340,88 1933
2860340,88 11
2860340,88 25 
2860981,49 75 
2862383,3 72 
2862620,63 70 
2864265,08 80 
2865339,44 83 
2866574,27 64 1236
2866935,33 63 344
2867238,11 150 
2867259,78 68 
2867714,73 92 
2867714,73 65 
2868764,01 103 
2868764,01 101 
2869273,55 100 
2869273,55 2
2869273,55 1933
2869273,55 10
2871270,3 25 
2881269,82 254 
2881278,63 101 
2883278,04 100 
2883278,04 2
2883278,04 1933
2883278,04 10
2883278,04 25 
2893278,17 254 
2893286,92 101 
2895286,28 100 
2895286,28 2
2895286,28 1933
2895286,28 10
2895286,28 25 
2905287,15 254 
2905295,19 101 
2907294,62 100 
2907294,62 2
2907294,62 1933
2907294,62 10
2907294,62 25 
2917294,81 254 
2917303,43 101 
2919302,73 100 
2919302,73 2
2919302,73 1933
2919302,73 10
2919302,73 25 
2929303,29 254 
2929311,71 101 
2931311,1 100 
2931311,1 2
2931311,1 1933
2931311,1 10
2931311,1 25 
2941311,44 254 
2941320,01 101 
2943319,37 100 
2943319,37 2
2943319,37 1933
2943319,37 10
2943319,37 25 
2953319,35 254 
2953328,22 101 
2955327,65 100 
2955327,65 2
2955327,65 1933
2955327,65 10
2955327,65 25 
2965328,19 254 
2965336,48 101 
2967335,8 100 
2967335,8 2
2967335,8 1933
2967335,8 10
2967335,8 25 
2977336,08 254 
2977344,79 101 
2979344,18 100 
2979344,18 2
2979344,18 1933
2979344,18 10
2979344,18 25 
2989344,32 254 
2989353,05 101 
2991352,42 100 
2991352,42 2
2991352,42 1933
2991352,42 10
2991352,42 25 
3001352,87 254 
3001361,36 101 
3003360,74 100 
3003360,74 2
3003360,74 1933
3003360,74 10
3003360,74 25 
3013361,42 254 
3013369,57 101 
3015368,91 100 
3015368,91 2
3015368,91 1933
3015368,91 10
3015368,91 25 
3025369,02 254 
3025377,81 101 
3027377,22 100 
3027377,22 2
3027377,22 1933
3027377,22 10
3027377,22 25 
3037377,43 254 
3037386,11 101 
3039385,41 100 
3039385,41 2
3039385,41 1933
3039385,41 10
3039385,41 25 
3049386,34 254 
3049394,36 101 
3051393,78 100 
3051393,78 2
3051393,78 1933
3051393,78 10
3051393,78 25 
3061394,33 254 
3061402,64 101 
3063401,92 100 
3063401,92 2
3063401,92 1933
3063401,92 10
3063401,92 25 
3073402,71 254 
3073410,87 101 
3075410,26 100 
3075410,26 2
3075410,26 1933
3075410,26 10
3075410,26 25 
3085411,17 254 
3085419,15 101 
3087418,43 100 
3087418,43 2
3087418,43 1933
3087418,43 10
3087418,43 25 
3097419,16 254 
3097427,42 101 
3099426,63 100 
3099426,63 2
3099426,63 1933
3099426,63 10
3099426,63 25 
3109427,01 254 
3109435,72 101 
3111434,97 100 
3111434,97 2
3111434,97 1933
3111434,97 10
3111434,97 25 
3121435,3 254 
3121443,93 101 
3123443,19 100 
3123443,19 2
3123443,19 1933
3123443,19 10
3123443,19 25 
3133443,24 254 
3133452,23 101 
3135451,54 100 
3135451,54 2
3135451,54 1933
3135451,54 10
3135451,54 25 
3145452,26 254 
3145460,47 101 
3147459,9 100 
3147459,9 2
3147459,9 1933
3147459,9 10
3147459,9 25 
3157460,21 254 
3157468,76 101 
3159468,14 100 
3159468,14 2
3159468,14 1933
3159468,14 10
3159468,14 25 
3169469 254 
3169477,08 101 
3171489,53 100 
3171489,53 2
3171489,53 1933
3171489,53 10
3171489,53 25 
3181490,26 254 
3181498,59 101 
3183497,89 100 
3183497,89 2
3183497,89 1933
3183497,89 10
3183497,89 25 
3193498,84 254 
3193506,99 101 
3195519,36 100 
3195519,36 2
3195519,36 1933
3195519,36 10
3195519,36 25 
3205519,54 254 
3205528,63 101 
3207527,79 100 
3207527,79 2
3207527,79 1933
3207527,79 10
3207527,79 25 
3217528,28 254 
3217536,71 101 
3219536,13 100 
3219536,13 2
3219536,13 1933
3219536,13 10
3219536,13 25 
3229536,4 254 
3229544,99 101 
3231544,35 100 
3231544,35 2
3231544,35 1933
3231544,35 10
3231544,35 25 
3241544,57 254 
3241553,31 101 
3243552,47 100 
3243552,47 2
3243552,47 1933
3243552,47 10
3243552,47 25 
3253552,63 254 
3253561,52 101 
3255560,75 100 
3255560,75 2
3255560,75 1933
3255560,75 10
3255560,75 25 
3255574,87 75 
3256978,23 72 
3257214,02 70 
3258821,41 80 
3259825,92 83 
3262475,84 64 2650
3262999,33 63 509
3263303,09 151 
3263319,23 69 
3263774,56 93 
3264823,44 103 
3264823,44 101 
3265332,97 100 
3265332,97 2
3265332,97 1933
3265332,97 11
3267329,71 25 
3277330,22 254 
3277338,15 101 
3279337,41 100 
3279337,41 2
3279337,41 1933
3279337,41 11
3279337,41 25 
3289337,99 254 
3289346,44 101 
3291345,74 100 
3291345,74 2
3291345,74 1933
3291345,74 11
3291345,74 25 
3301346,46 254 
3301354,72 101 
3303354,02 100 
3303354,02 2
3303354,02 1933
3303354,02 11
3303354,02 25 
3313354,67 254 
3313362,96 101 
3315362,18 100 
3315362,18 2
3315362,18 1933
3315362,18 11
3315362,18 25 
3325363,05 254 
3325371,22 101 
3327370,53 100 
3327370,53 2
3327370,53 1933
3327370,53 11
3327370,53 25 
3337371,06 254 
3337379,49 101 
3339378,9 100 
3339378,9 2
3339378,9 1933
3339378,9 11
3339378,9 25 
3349379,89 254 
3349387,75 101 
3351387,19 100 
3351387,19 2
3351387,19 1933
3351387,19 11
3351387,19 25 
3361387,76 254 
3361396 101 
3363395,34 100 
3363395,34 2
3363395,34 1933
3363395,34 11
3363395,34 25 
3373395,82 254 
3373404,28 101 
3375403,73 100 
3375403,73 2
3375403,73 1933
3375403,73 11
3375403,73 25 
3385404,71 254 
3385412,52 101 
3387412,52 100 
3387412,52 2
3387412,52 1933
3387412,52 11
3387412,52 25 
3391290,91 75 
3392693,75 72 
3392930,05 70 
3394535,15 80 
3395541,91 83 
3397079,9 64 1538
3397625,85 63 525
3397928,53 150 
3397942,34 68 
3398396,13 92 
3398396,13 65 
3399446,59 103 
3399446,59 101 
3399956,29 100 
3399956,29 2
3399956,29 1933
3399956,29 10
3401953,02 25 
3411952,99 254 
3411961,34 101 
3413960,52 100 
3413960,52 2
3413960,52 1933
3413960,52 10
3413960,52 25 
3423961,48 254 
3423969,61 101 
3425968,84 100 
3425968,84 2
3425968,84 1933
3425968,84 10
3425968,84 25 
3429981,3 75 
3431384,83 72 
3431593,81 70 
3433170,55 80 
3434165,63 83 
3445607,06 64 11441
3446115,58 239 
3446128,99 63 501
3446431,68 151 
3446454,37 69 
3446908,5 93 
3447959,49 103 
3447959,49 101 
3448469,01 100 
3448469,01 2
3448469,01 1933
3448469,01 11
3450465,77 25 
3453264,94 75 
3454667,53 72 
3454877,23 70 
3456453,03 80 
3457449,1 83 
3468637,03 64 11188
3469205,57 239 
3469242,49 63 585
3469544,59 150 
3469565,51 68 
3470018,33 92 
3470018,33 65 
3471069,73 103 
3471069,73 101 
3471579,14 100 
3471579,14 2
3471579,14 1933
3471579,14 10
3473576,13 25 
3483575,77 254 
3483584,49 101 
3485583,8 100 
3485583,8 2
3485583,8 1933
3485583,8 10
3485583,8 25 
3495584,01 254 
3495592,7 101 
3497592,11 100 
3497592,11 2
3497592,11 1933
3497592,11 10
3497592,11 25 
3507592,49 254 
3507600,98 101 
3509600,21 100 
3509600,21 2
3509600,21 1933
3509600,21 10
3509600,21 25 
3519600,22 254 
3519609,22 101 
3521608,63 100 
3521608,63 2
3521608,63 1933
3521608,63 10
3521608,63 25 
3531608,6 254 
3531617,52 101 
3533616,82 100 
3533616,82 2
3533616,82 1933
3533616,82 10
3533616,82 25 
3543617,71 254 
3543625,78 101 
3545625,15 100 
3545625,15 2
3545625,15 1933
3545625,15 10
3545625,15 25 
3555625,66 254 
3555634,03 101 
3557633,36 100 
3557633,36 2
3557633,36 1933
3557633,36 10
3557633,36 25 
3567634,33 254 
3567642,29 101 
3569641,7 100 
3569641,7 2
3569641,7 1933
3569641,7 10
3569641,7 25 
3579642,03 254 
3579650,64 101 
3581649,82 100 
3581649,82 2
3581649,82 1933
3581649,82 10
3581649,82 25 
3591650,47 254 
3591658,83 101 
3593658,21 100 
3593658,21 2
3593658,21 1933
3593658,21 10
3593658,21 25 
3599722,96 75 
3601126,02 72 
3601362,09 70 
3602503,62 250 
3602520,93 101 
3604520,93 100 
3604520,93 2
3604520,93 1933
3604520,93 10
3604520,93 25 
3614521,14 254 
3614529,16 101 
3616528,52 100 
3616528,52 2
3616528,52 1933
3616528,52 10
3616528,52 25 
3626529,4 254 
3626537,43 101 
3628536,65 100 
3628536,65 2
3628536,65 1933
3628536,65 10
3628536,65 25 
3638536,78 254 
3638545,71 101 
3640544,92 100 
3640544,92 2
3640544,92 1933
3640544,92 10
3640544,92 25 
3650545,42 254 
3650553,98 101 
3652553,43 100 
3652553,43 2
3652553,43 1933
3652553,43 10
3652553,43 25 
3662553,53 254 
3662562,25 101 
3664561,46 100 
3664561,46 2
3664561,46 1933
3664561,46 10
3664561,46 25 
3674562,31 254 
3674570,51 101 
3676569,69 100 
3676569,69 2
3676569,69 1933
3676569,69 10
3676569,69 25 
3686570,8 254 
3686578,75 101 
3688578,02 100 
3688578,02 2
3688578,02 1933
3688578,02 10
3688578,02 25 
3698578,34 254 
3698587,04 101 
3700586,25 100 
3700586,25 2
3700586,25 1933
3700586,25 10
3700586,25 25 
3710587,28 254 
3710595,33 101 
3712594,68 100 
3712594,68 2
3712594,68 1933
3712594,68 10
3712594,68 25 
3722595,19 254 
3722603,58 101 
3724602,9 100 
3724602,9 2
3724602,9 1933
3724602,9 10
3724602,9 25 
3734603,32 254 
3734611,83 101 
3736611,06 100 
3736611,06 2
3736611,06 1933
3736611,06 10
3736611,06 25 
3746611,57 254 
3746620,17 101 
3748619,34 100 
3748619,34 2
3748619,34 1933
3748619,34 10
3748619,34 25 
3758620,1 254 
3758628,47 101 
3760627,69 100 
3760627,69 2
3760627,69 1933
3760627,69 10
3760627,69 25 
3770628,18 254 
3770636,61 101 
3772635,97 100 
3772635,97 2
3772635,97 1933
3772635,97 10
3772635,97 25 
3782636,81 254 
3782644,87 101 
3784644,3 100 
3784644,3 2
3784644,3 1933
3784644,3 10
3784644,3 25 
3794644,84 254 
3794653,16 101 
3796652,48 100 
3796652,48 2
3796652,48 1933
3796652,48 10
3796652,48 25 
3806653,37 254 
3806661,42 101 
3808660,76 100 
3808660,76 2
3808660,76 1933
3808660,76 10
3808660,76 25 
3818661,41 254 
3818669,97 101 
3820682,16 100 
3820682,16 2
3820682,16 1933
3820682,16 10
3820682,16 25 
3830682,81 254 
3830691,29 101 
3832690,5 100 
3832690,5 2
3832690,5 1933
3832690,5 10
3832690,5 25 
3842691,55 254 
3842699,53 101 
3844698,98 100 
3844698,98 2
3844698,98 1933
3844698,98 10
3844698,98 25 
3854699,3 254 
3854707,79 101 
3856707,18 100 
3856707,18 2
3856707,18 1933
3856707,18 10
3856707,18 25 
3866707,36 254 
3866716,14 101 
3868715,34 100 
3868715,34 2
3868715,34 1933
3868715,34 10
3868715,34 25 
3878716,51 254 
3878724,31 101 
3880723,71 100 
3880723,71 2
3880723,71 1933
3880723,71 10
3880723,71 25 
3890724,41 254 
3890732,59 101 
3892732 100 
3892732 2
3892732 1933
3892732 10
3892732 25 
3902732,85 254 
3902740,88 101 
3904740,12 100 
3904740,12 2
3904740,12 1933
3904740,12 10
3904740,12 25 
3914741,02 254 
3914749,14 101 
3916748,37 100 
3916748,37 2
3916748,37 1933
3916748,37 10
3916748,37 25 
3926748,72 254 
3926757,41 101 
3928756,69 100 
3928756,69 2
3928756,69 1933
3928756,69 10
3928756,69 25 
3938757 254 
3938765,71 101 
3940764,9 100 
3940764,9 2
3940764,9 1933
3940764,9 10
3940764,9 25 
3950765,5 254 
3950773,94 101 
3952773,29 100 
3952773,29 2
3952773,29 1933
3952773,29 10
3952773,29 25 
3962773,96 254 
3962782,18 101 
3964781,57 100 
3964781,57 2
3964781,57 1933
3964781,57 10
3964781,57 25 
3974782,17 254 
3974790,47 101 
3976789,67 100 
3976789,67 2
3976789,67 1933
3976789,67 10
3976789,67 25 
3986790,08 254 
3986798,73 101 
3988797,94 100 
3988797,94 2
3988797,94 1933
3988797,94 10
3988797,94 25 
3998798,15 254 
3998807 101 
4000806,36 100 
4000806,36 2
4000806,36 1933
4000806,36 10
4000806,36 25 
4010807,03 254 
4010815,26 101 
4012814,67 100 
4012814,67 2
4012814,67 1933
4012814,67 10
4012814,67 25 
4022815,7 254 
4022823,52 101 
4024822,81 100 
4024822,81 2
4024822,81 1933
4024822,81 10
4024822,81 25 
4034823,66 254 
4034831,77 101 
4036831,14 100 
4036831,14 2
4036831,14 1933
4036831,14 10
4036831,14 25 
4046832,09 254 
4046840,05 101 
4048839,44 100 
4048839,44 2
4048839,44 1933
4048839,44 10
4048839,44 25 
4058840,1 254 
4058848,33 101 
4060847,65 100 
4060847,65 2
4060847,65 1933
4060847,65 10
4060847,65 25 
4070848,23 254 
4070856,6 101 
4072855,83 100 
4072855,83 2
4072855,83 1933
4072855,83 10
4072855,83 25 
4082856,16 254 
4082864,86 101 
4084864,14 100 
4084864,14 2
4084864,14 1933
4084864,14 10
4084864,14 25 
4094864,95 254 
4094873,17 101 
4096872,34 100 
4096872,34 2
4096872,34 1933
4096872,34 10
4096872,34 25 
4106872,48 254 
4106881,38 101 
4108880,73 100 
4108880,73 2
4108880,73 1933
4108880,73 10
4108880,73 25 
4118881,02 254 
4118889,64 101 
4120888,97 100 
4120888,97 2
4120888,97 1933
4120888,97 10
4120888,97 25 
4130889,42 254 
4130897,93 101 
4132897,27 100 
4132897,27 2
4132897,27 1933
4132897,27 10
4132897,27 25 
4142898,3 254 
4142906,18 101 
4144905,4 100 
4144905,4 2
4144905,4 1933
4144905,4 10
4144905,4 25 
4154906,21 254 
4154914,43 101 
4156913,64 100 
4156913,64 2
4156913,64 1933
4156913,64 10
4156913,64 25 
4166914,03 254 
4166922,7 101 
4168922,09 100 
4168922,09 2
4168922,09 1933
4168922,09 10
4168922,09 25 
4178922,19 254 
4178930,95 101 
4180930,36 100 
4180930,36 2
4180930,36 1933
4180930,36 10
4180930,36 25 
4190930,41 254 
4190939,24 101 
4192938,49 100 
4192938,49 2
4192938,49 1933
4192938,49 10
4192938,49 25 
4202938,96 254 
4202947,51 101 
4204946,81 100 
4204946,81 2
4204946,81 1933
4204946,81 10
4204946,81 25 
4214947,82 254 
4214955,78 101 
4216954,99 100 
4216954,99 2
4216954,99 1933
4216954,99 10
4216954,99 25 
4226955,93 254 
4226964,08 101 
4228963,45 100 
4228963,45 2
4228963,45 1933
4228963,45 10
4228963,45 25 
4238963,4 254 
4238972,38 101 
4240971,57 100 
4240971,57 2
4240971,57 1933
4240971,57 10
4240971,57 25 
4250972,05 254 
4250980,54 101 
4252980 100 
4252980 2
4252980 1933
4252980 10
4252980 25 
4262981,08 254 
4262988,81 101 
4264988,14 100 
4264988,14 2
4264988,14 1933
4264988,14 10
4264988,14 25 
4274989,17 254 
4274997,1 101 
4276996,33 100 
4276996,33 2
4276996,33 1933
4276996,33 10
4276996,33 25 
4286997,12 254 
4287005,38 101 
4289004,6 100 
4289004,6 2
4289004,6 1933
4289004,6 10
4289004,6 25 
4299005,43 254 
4299013,6 101 
4301013,55 100 
4301013,55 2
4301013,55 1933
4301013,55 10
4301013,55 25 
4311013,61 254 
4311021,93 101 
4313021,09 100 
4313021,09 2
4313021,09 1933
4313021,09 10
4313021,09 25 
4323021,48 254 
4323030,23 101 
4325029,47 100 
4325029,47 2
4325029,47 1933
4325029,47 10
4325029,47 25 
4335030 254 
4335038,41 101 
4337037,76 100 
4337037,76 2
4337037,76 1933
4337037,76 10
4337037,76 25 
4347038,72 254 
4347046,72 101 
4349045,96 100 
4349045,96 2
4349045,96 1933
4349045,96 10
4349045,96 25 
4359046,45 254 
4359054,97 101 
4361054,39 100 
4361054,39 2
4361054,39 1933
4361054,39 10
4361054,39 25 
4371055,17 254 
4371063,23 101 
4373062,46 100 
4373062,46 2
4373062,46 1933
4373062,46 10
4373062,46 25 
4383062,55 254 
4383071,58 101 
4385070,77 100 
4385070,77 2
4385070,77 1933
4385070,77 10
4385070,77 25 
4395071,89 254 
4395079,76 101 
4397079,2 100 
4397079,2 2
4397079,2 1933
4397079,2 10
4397079,2 25 
4407080,11 254 
4407088,01 101 
4409087,3 100 
4409087,3 2
4409087,3 1933
4409087,3 10
4409087,3 25 
4419087,68 254 
4419096,28 101 
4421095,5 100 
4421095,5 2
4421095,5 1933
4421095,5 10
4421095,5 25 
4431096,08 254 
4431104,52 101 
4433103,82 100 
4433103,82 2
4433103,82 1933
4433103,82 10
4433103,82 25 
4443104,18 254 
4443112,82 101 
4445112,81 100 
4445112,81 2
4445112,81 1933
4445112,81 10
4445112,81 25 
4455112,21 254 
4455121,06 101 
4457120,41 100 
4457120,41 2
4457120,41 1933
4457120,41 10
4457120,41 25 
4467120,78 254 
4467129,31 101 
4469128,63 100 
4469128,63 2
4469128,63 1933
4469128,63 10
4469128,63 25 
4479128,89 254 
4479137,66 101 
4481136,99 100 
4481136,99 2
4481136,99 1933
4481136,99 10
4481136,99 25 
4491137,1 254 
4491145,87 101 
4493145,1 100 
4493145,1 2
4493145,1 1933
4493145,1 10
4493145,1 25 
4503145,37 254 
4503154,14 101 
4505153,36 100 
4505153,36 2
4505153,36 1933
4505153,36 10
4505153,36 25 
4515154,06 254 
4515162,41 101 
4517161,69 100 
4517161,69 2
4517161,69 1933
4517161,69 10
4517161,69 25 
4527162,06 254 
4527170,67 101 
4529169,93 100 
4529169,93 2
4529169,93 1933
4529169,93 10
4529169,93 25 
4539170,01 254 
4539179,08 101 
4541191,42 100 
4541191,42 2
4541191,42 1933
4541191,42 10
4541191,42 25 
4551192,28 254 
4551200,5 101 
4553199,9 100 
4553199,9 2
4553199,9 1933
4553199,9 10
4553199,9 25 
4563200,63 254 
4563208,77 101 
4565208,09 100 
4565208,09 2
4565208,09 1933
4565208,09 10
4565208,09 25 
4575209,16 254 
4575217,07 101 
4577216,28 100 
4577216,28 2
4577216,28 1933
4577216,28 10
4577216,28 25 
4587217,24 254 
4587225,3 101 
4589224,73 100 
4589224,73 2
4589224,73 1933
4589224,73 10
4589224,73 25 
4599225,6 254 
4599233,58 101 
4601232,9 100 
4601232,9 2
4601232,9 1933
4601232,9 10
4601232,9 25 
4611233,56 254 
4611241,88 101 
4613241,2 100 
4613241,2 2
4613241,2 1933
4613241,2 10
4613241,2 25 
4623241,18 254 
4623250,12 101 
4625249,46 100 
4625249,46 2
4625249,46 1933
4625249,46 10
4625249,46 25 
4635250,16 254 
4635258,42 101 
4637257,64 100 
4637257,64 2
4637257,64 1933
4637257,64 10
4637257,64 25 
4647257,76 254 
4647266,65 101 
4649265,97 100 
4649265,97 2
4649265,97 1933
4649265,97 10
4649265,97 25 
4659266,33 254 
4659274,97 101 
4661274,21 100 
4661274,21 2
4661274,21 1933
4661274,21 10
4661274,21 25 
4671275,1 254 
4671283,18 101 
4673282,39 100 
4673282,39 2
4673282,39 1933
4673282,39 10
4673282,39 25 
4683283,22 254 
4683291,43 101 
4685290,72 100 
4685290,72 2
4685290,72 1933
4685290,72 10
4685290,72 25 
4695290,79 254 
4695299,7 101 
4697299,01 100 
4697299,01 2
4697299,01 1933
4697299,01 10
4697299,01 25 
4707300,11 254 
4707307,96 101 
4709307,36 100 
4709307,36 2
4709307,36 1933
4709307,36 10
4709307,36 25 
4717851,05 75 
4719253,9 72 
4719262,95 70 
4720666,06 80 
4721715,54 83 
4731340,61 64 9625
4731776,91 239 
4731792,33 63 441
4732094,42 153 
4732112,67 68 
4732567,18 92 
4732567,18 65 
4733616,88 103 
4733616,88 101 
4734126,31 100 
4734126,31 2
4734126,31 1933
4734126,31 10
4736123,14 25 
4746122,8 254 
4746131,56 101 
4748130,8 100 
4748130,8 2
4748130,8 1933
4748130,8 10
4748130,8 25 
4757527,62 75 
4757529,79 250 
4757539,8 101 
4759540,04 100 
4759540,04 2
4759540,04 1933
4759540,04 10
4759540,04 25 
4759553,46 75 
4760956,22 72 
4761165,96 70 
4762741,48 80 
4763737,84 83 
4768125,83 64 4388
4769436,58 61 1301
4769739,13 150 
4769763,44 68 
4770217,29 92 
4770217,29 65 
4771267,63 103 
4771267,63 101 
4771777,05 100 
4771777,05 2
4771777,05 1933
4771777,05 10
4773774,01 25 
4783773,76 254 
4783782,36 101 
4785781,76 100 
4785781,76 2
4785781,76 1933
4785781,76 10
4785781,76 25 
4795781,81 254 
4795790,63 101 
4797789,91 100 
4797789,91 2
4797789,91 1933
4797789,91 10
4797789,91 25 
4807733,14 75 
4809136,19 72 
4809345,62 70 
4809936,56 250 
4809944,87 101 
4811957,88 100 
4811957,88 2
4811957,88 1933
4811957,88 10
4811957,88 25 
4821460,64 75 
4822863,81 72 
4822872,62 70 
4824276,25 80 
4825285,16 83 
4827235,25 64 1951
4827684,93 239 
4827946,44 63 703
4828248,34 151 
4828271,2 69 
4828724,42 93 
4829776,27 103 
4829776,27 101 
4830285,83 100 
4830285,83 2
4830285,83 1933
4830285,83 11
4832282,7 25 
4833908,77 75 
4835310,88 72 
4835347,95 70 
4836891,98 80 
4837706,7 83 
4838260,78 64 554
4838765,46 239 
4839362,15 63 1083
4839664,57 150 
4839680,64 68 
4840134,25 92 
4840134,25 65 
4841184,8 103 
4841184,8 101 
4841695,49 100 
4841695,49 2
4841695,49 1933
4841695,49 10
4843691,04 25 
4853691,31 254 
4853699,53 101 
4855698,79 100 
4855698,79 2
4855698,79 1933
4855698,79 10
4855698,79 25 
4865699,8 254 
4865707,79 101 
4867707,06 100 
4867707,06 2
4867707,06 1933
4867707,06 10
4867707,06 25 
4877708,13 254 
4877716,08 101 
4879715,28 100 
4879715,28 2
4879715,28 1933
4879715,28 10
4879715,28 25 
4889716,07 254 
4889724,35 101 
4891723,69 100 
4891723,69 2
4891723,69 1933
4891723,69 10
4891723,69 25 
4901724,75 254 
4901732,59 101 
4903731,83 100 
4903731,83 2
4903731,83 1933
4903731,83 10
4903731,83 25 
4913732,16 254 
4913740,82 101 
4915740,18 100 
4915740,18 2
4915740,18 1933
4915740,18 10
4915740,18 25 
4915754,3 75 
4917157,13 72 
4917193,42 70 
4918736,26 80 
4919565,45 83 
4922723,79 64 3159
4932737,2 252 
4932746,17 101 
4934746 100 
4934746 2
4934746 1933
4934746 10
4934746 25 
4944746,07 254 
4944754,42 101 
4946753,75 100 
4946753,75 2
4946753,75 1933
4946753,75 10
4946753,75 25 
4956417,05 75 
4956419,3 250 
4956429,19 101 
4958429,38 100 
4958429,38 2
4958429,38 1933
4958429,38 10
4958429,38 25 
4959175,61 75 
4960577,73 72 
4960815,12 70 
4962457,55 80 
4963520,25 83 
4966523 64 3003
4966560,28 239 
4966963,08 63 431
4967266,35 151 
4967279,27 69 
4967733,2 93 
4968784,35 103 
4968784,35 101 
4969294,02 100 
4969294,02 2
4969294,02 1933
4969294,02 10
4971290,55 25 
4971304,43 75 
4972706,52 72 
4972929,92 70 
4974569,42 80 
4975648,51 83 
4977737,11 64 2089
4978066,89 239 
4978093,86 61 340
4978397,76 150 
4978422,09 68 
4978877,08 92 
4978877,08 65 
4979926,3 103 
4979926,3 101 
4980435,99 100 
4980435,99 2
4980435,99 1933
4980435,99 10
4982432,56 25 
4982446,6 75 
4983850,98 72 
4984085,2 70 
4985728,55 80 
4986803,74 83 
4987552,89 64 749
4987837,29 239 
4988283,04 61 720
4988585,22 150 
4988604,43 68 
4989058,33 92 
4989058,33 65 
4989569,6 171 
4990108,72 103 
4990108,72 101 
4990618,66 100 
4990618,66 2
4990618,66 1933
4990618,66 10
4992614,92 25 
4992628,48 75 
4994031,48 72 
4994254,26 70 
4995893,73 80 
4996959,47 83 
5040770,37 64 43812
5041066,38 61 286
5041369 150 
5041382,25 68 
5041836,65 92 
5041836,65 65 
5042886,32 103 
5042886,32 101 
5043395,83 100 
5043395,83 2
5043395,83 1933
5043395,83 11
5045392,75 25 
5045699,3 75 
5046056,54 250 
5046071,35 101 
5048071,58 100 
5048071,58 2
5048071,58 1933
5048071,58 11
5048071,58 25 
5058013,61 75 
5059416,63 72 
5059613,72 70 
5061191,58 80 
5062198,52 83 
5063535,32 64 1337
5063836,22 61 292
5064138,91 151 
5064159,17 69 
5064612,13 93 
5065663,42 103 
5065663,42 101 
5066173,71 100 
5066173,71 2
5066173,71 1933
5066173,71 11
5068169,63 25 
5070009,13 75 
5071411,63 72 
5071621,55 70 
5073204,39 80 
5074206,79 83 
5076803,11 64 2596
5077135,49 239 
5077198,75 63 380
5077500,54 150 
5077513,6 68 
5077967,09 92 
5077967,09 65 
5079017,75 103 
5079017,75 101 
5079527,18 100 
5079527,18 2
5079527,18 1933
5079527,18 11
5081524,17 25 
5091523,81 254 
5091532,45 101 
5093531,86 100 
5093531,86 2
5093531,86 1933
5093531,86 11
5093531,86 25 
5103532,92 254 
5103540,72 101 
5105540,12 100 
5105540,12 2
5105540,12 1933
5105540,12 11
5105540,12 25 
5115540,39 254 
5115548,99 101 
5117548,26 100 
5117548,26 2
5117548,26 1933
5117548,26 11
5117548,26 25 
5127548,66 254 
5127557,26 101 
5129556,48 100 
5129556,48 2
5129556,48 1933
5129556,48 11
5129556,48 25 
5139556,76 254 
5139565,5 101 
5141564,88 100 
5141564,88 2
5141564,88 1933
5141564,88 11
5141564,88 25 
5151565,1 254 
5151573,78 101 
5153573,16 100 
5153573,16 2
5153573,16 1933
5153573,16 11
5153573,16 25 
5163574,03 254 
5163582,04 101 
5165581,27 100 
5165581,27 2
5165581,27 1933
5165581,27 11
5165581,27 25 
5175582,15 254 
5175590,32 101 
5177589,65 100 
5177589,65 2
5177589,65 1933
5177589,65 11
5177589,65 25 
5187590,41 254 
5187598,57 101 
5189597,84 100 
5189597,84 2
5189597,84 1933
5189597,84 11
5189597,84 25 
5199598,52 254 
5199606,82 101 
5201606,24 100 
5201606,24 2
5201606,24 1933
5201606,24 11
5201606,24 25 
5211606,62 254 
5211615,09 101 
5213614,3 100 
5213614,3 2
5213614,3 1933
5213614,3 11
5213614,3 25 
5223615,1 254 
5223623,62 101 
5225635,85 100 
5225635,85 2
5225635,85 1933
5225635,85 11
5225635,85 25 
5235636,91 254 
5235644,96 101 
5237644,38 100 
5237644,38 2
5237644,38 1933
5237644,38 11
5237644,38 25 
5247644,48 254 
5247653,21 101 
5249652,47 100 
5249652,47 2
5249652,47 1933
5249652,47 11
5249652,47 25 
5259653,26 254 
5259661,46 101 
5261660,72 100 
5261660,72 2
5261660,72 1933
5261660,72 11
5261660,72 25 
5271661,19 254 
5271669,73 101 
5273668,97 100 
5273668,97 2
5273668,97 1933
5273668,97 11
5273668,97 25 
5283670,02 254 
5283678,02 101 
5285677,25 100 
5285677,25 2
5285677,25 1933
5285677,25 11
5285677,25 25 
5295678,18 254 
5295686,3 101 
5297685,52 100 
5297685,52 2
5297685,52 1933
5297685,52 11
5297685,52 25 
5307686,53 254 
5307694,56 101 
5309693,94 100 
5309693,94 2
5309693,94 1933
5309693,94 11
5309693,94 25 
5319693,97 254 
5319702,83 101 
5321702,03 100 
5321702,03 2
5321702,03 1933
5321702,03 11
5321702,03 25 
5331702,74 254 
5331711,1 101 
5333710,46 100 
5333710,46 2
5333710,46 1933
5333710,46 11
5333710,46 25 
5343710,53 254 
5343719,4 101 
5345718,71 100 
5345718,71 2
5345718,71 1933
5345718,71 11
5345718,71 25 
5355719,25 254 
5355727,58 101 
5357726,88 100 
5357726,88 2
5357726,88 1933
5357726,88 11
5357726,88 25 
5367726,88 254 
5367735,88 101 
5369735,2 100 
5369735,2 2
5369735,2 1933
5369735,2 11
5369735,2 25 
5379735,84 254 
5379744,19 101 
5381743,53 100 
5381743,53 2
5381743,53 1933
5381743,53 11
5381743,53 25 
5391744,64 254 
5391752,41 101 
5393751,8 100 
5393751,8 2
5393751,8 1933
5393751,8 11
5393751,8 25 
5403752,44 254 
5403760,67 101 
5405759,91 100 
5405759,91 2
5405759,91 1933
5405759,91 11
5405759,91 25 
5415760,14 254 
5415768,91 101 
5417768,25 100 
5417768,25 2
5417768,25 1933
5417768,25 11
5417768,25 25 
5427768,74 254 
5427777,17 101 
5429776,56 100 
5429776,56 2
5429776,56 1933
5429776,56 11
5429776,56 25 
5439777,5 254 
5439785,44 101 
5441784,8 100 
5441784,8 2
5441784,8 1933
5441784,8 11
5441784,8 25 
5451785,14 254 
5451793,79 101 
5453792,98 100 
5453792,98 2
5453792,98 1933
5453792,98 11
5453792,98 25 
5463793,04 254 
5463802,01 101 
5465801,4 100 
5465801,4 2
5465801,4 1933
5465801,4 11
5465801,4 25 
5475801,93 254 
5475810,26 101 
5477809,6 100 
5477809,6 2
5477809,6 1933
5477809,6 11
5477809,6 25 
5487809,94 254 
5487818,54 101 
5489817,77 100 
5489817,77 2
5489817,77 1933
5489817,77 11
5489817,77 25 
5499818,55 254 
5499826,85 101 
5501826 100 
5501826 2
5501826 1933
5501826 11
5501826 25 
5511827,07 254 
5511835,03 101 
5513834,28 100 
5513834,28 2
5513834,28 1933
5513834,28 11
5513834,28 25 
5523835,26 254 
5523843,32 101 
5525842,55 100 
5525842,55 2
5525842,55 1933
5525842,55 11
5525842,55 25 
5535843,06 254 
5535851,59 101 
5537850,92 100 
5537850,92 2
5537850,92 1933
5537850,92 11
5537850,92 25 
5547851,83 254 
5547859,85 101 
5549859,1 100 
5549859,1 2
5549859,1 1933
5549859,1 11
5549859,1 25 
5559859,31 254 
5559868,09 101 
5561867,35 100 
5561867,35 2
5561867,35 1933
5561867,35 11
5561867,35 25 
5571868,29 254 
5571876,35 101 
5573875,7 100 
5573875,7 2
5573875,7 1933
5573875,7 11
5573875,7 25 
5583876,47 254 
5583884,64 101 
5585883,91 100 
5585883,91 2
5585883,91 1933
5585883,91 11
5585883,91 25 
5595884,81 254 
5595892,89 101 
5597892,12 100 
5597892,12 2
5597892,12 1933
5597892,12 11
5597892,12 25 
5607892,66 254 
5607901,18 101 
5609900,56 100 
5609900,56 2
5609900,56 1933
5609900,56 11
5609900,56 25 
5619900,61 254 
5619909,43 101 
5621908,78 100 
5621908,78 2
5621908,78 1933
5621908,78 11
5621908,78 25 
5631909,76 254 
5631917,71 101 
5633917,07 100 
5633917,07 2
5633917,07 1933
5633917,07 11
5633917,07 25 
5643917,25 254 
5643925,98 101 
5645925,38 100 
5645925,38 2
5645925,38 1933
5645925,38 11
5645925,38 25 
5655925,44 254 
5655934,31 101 
5657933,59 100 
5657933,59 2
5657933,59 1933
5657933,59 11
5657933,59 25 
5667934,19 254 
5667942,5 101 
5669941,9 100 
5669941,9 2
5669941,9 1933
5669941,9 11
5669941,9 25 
5679941,95 254 
5679950,75 101 
5681950,17 100 
5681950,17 2
5681950,17 1933
5681950,17 11
5681950,17 25 
5691950,83 254 
5691959,01 101 
5693958,24 100 
5693958,24 2
5693958,24 1933
5693958,24 11
5693958,24 25 
5703958,83 254 
5703967,33 101 
5705966,74 100 
5705966,74 2
5705966,74 1933
5705966,74 11
5705966,74 25 
5715966,9 254 
5715975,61 101 
5717974,94 100 
5717974,94 2
5717974,94 1933
5717974,94 11
5717974,94 25 
5727975,74 254 
5727983,82 101 
5729983,04 100 
5729983,04 2
5729983,04 1933
5729983,04 11
5729983,04 25 
5739983,49 254 
5739992,07 101 
5741991,41 100 
5741991,41 2
5741991,41 1933
5741991,41 11
5741991,41 25 
5751991,64 254 
5752000,34 101 
5753999,62 100 
5753999,62 2
5753999,62 1933
5753999,62 11
5753999,62 25 
5763999,67 254 
5764008,6 101 
5766007,83 100 
5766007,83 2
5766007,83 1933
5766007,83 11
5766007,83 25 
5776008,13 254 
5776016,9 101 
5778016,31 100 
5778016,31 2
5778016,31 1933
5778016,31 11
5778016,31 25 
5788016,71 254 
5788025,24 101 
5790037,62 100 
5790037,62 2
5790037,62 1933
5790037,62 11
5790037,62 25 
5800038,66 254 
5800046,74 101 
5802045,98 100 
5802045,98 2
5802045,98 1933
5802045,98 11
5802045,98 25 
5812046,51 254 
5812054,98 101 
5814054,34 100 
5814054,34 2
5814054,34 1933
5814054,34 11
5814054,34 25 
5824055,06 254 
5824063,27 101 
5826062,64 100 
5826062,64 2
5826062,64 1933
5826062,64 11
5826062,64 25 
5836063,49 254 
5836071,66 101 
5838070,78 100 
5838070,78 2
5838070,78 1933
5838070,78 11
5838070,78 25 
5848071,75 254 
5848079,8 101 
5850079,14 100 
5850079,14 2
5850079,14 1933
5850079,14 11
5850079,14 25 
5860080,2 254 
5860088,07 101 
5862087,32 100 
5862087,32 2
5862087,32 1933
5862087,32 11
5862087,32 25 
5872087,73 254 
5872096,36 101 
5874095,75 100 
5874095,75 2
5874095,75 1933
5874095,75 11
5874095,75 25 
5884096,18 254 
5884104,6 101 
5886103,83 100 
5886103,83 2
5886103,83 1933
5886103,83 11
5886103,83 25 
5896104,38 254 
5896113 101 
5898112,79 100 
5898112,79 2
5898112,79 1933
5898112,79 11
5898112,79 25 
5908112,15 254 
5908121,14 101 
5910120,46 100 
5910120,46 2
5910120,46 1933
5910120,46 11
5910120,46 25 
5920120,43 254 
5920129,38 101 
5922128,75 100 
5922128,75 2
5922128,75 1933
5922128,75 11
5922128,75 25 
5932129,04 254 
5932137,69 101 
5934136,95 100 
5934136,95 2
5934136,95 1933
5934136,95 11
5934136,95 25 
5944137,84 254 
5944145,95 101 
5946145,23 100 
5946145,23 2
5946145,23 1933
5946145,23 11
5946145,23 25 
5956145,72 254 
5956154,19 101 
5958153,42 100 
5958153,42 2
5958153,42 1933
5958153,42 11
5958153,42 25 
5968153,46 254 
5968162,45 101 
5970161,68 100 
5970161,68 2
5970161,68 1933
5970161,68 11
5970161,68 25 
5980162,37 254 
5980170,74 101 
5982170,09 100 
5982170,09 2
5982170,09 1933
5982170,09 11
5982170,09 25 
5992170,32 254 
5992178,98 101 
5994178,26 100 
5994178,26 2
5994178,26 1933
5994178,26 11
5994178,26 25 
6004178,45 254 
6004187,25 101 
6006186,49 100 
6006186,49 2
6006186,49 1933
6006186,49 11
6006186,49 25 
6016186,77 254 
6016195,55 101 
6018194,73 100 
6018194,73 2
6018194,73 1933
6018194,73 11
6018194,73 25 
6028195,25 254 
6028203,78 101 
6030203,16 100 
6030203,16 2
6030203,16 1933
6030203,16 11
6030203,16 25 
6040203,2 254 
6040212,06 101 
