0 100 
0 1
0 1571
0 11
1995 25 
3564 75 
4327 72 
4327 70 
5625 80 
6544 76 
6625 83 
7244 64 
7521 62 
7532 62 
7532 150 
7532 68 
7532 65
7595 92 
7986 90 
9048 103 
9048 101 
9561 100 
9561 1
9561 1571
9561 11
11558 25 
11602 75 
12368 72 
12368 70 
13288 80 
13739 76 
13847 83 
13940 64 
14138 62 
14149 62 
14149 150 
14149 68 
14149 65
14219 92 
14759 90 
15675 103 
15675 101 
16183 100 
16183 1
16183 1571
16183 10
18182 25 
18227 75 
18992 72 
18992 70 
19872 71 
20712 71 
21032 80 
21469 83 
21943 64 
22315 63 
22330 63 
22330 153 
22330 68 
22330 65
22388 92 
22788 90 
23846 103 
23846 101 
24353 100 
24353 1
24353 1571
24353 10
26351 25 
26670 75 
27432 72 
27432 70 
28309 250 
28908 71 
30055 71 
30601 80 
30949 83 
31297 64 
31769 61 
31780 61 
31780 150 
31780 68 
31780 65
31846 92 
32242 90 
33306 103 
33306 101 
33812 100 
33812 1
33812 1571
33812 11
35813 25 
35859 75 
36625 72 
36625 70 
37505 250 
38093 71 
38411 80 
38799 76 
38902 83 
39000 64 
39229 256 
39243 62 
39254 62 
39254 150 
39254 68 
39254 65
39315 92 
39752 90 
40768 103 
40768 101 
41277 100 
41277 1
41277 1571
41277 11
43277 25 
43328 75 
44092 72 
44092 70 
44985 80 
45384 83 
46041 64 
46202 62 
46214 62 
46214 150 
46214 68 
46214 65
46285 92 
47379 90 
47738 103 
47738 101 
48246 100 
48246 1
48246 1571
48246 11
50247 25 
50293 75 
51055 72 
51055 70 
51992 250 
52552 71 
52858 80 
53235 83 
53316 64 
54026 62 
54037 62 
54037 150 
54037 68 
54037 65
54097 92 
54458 90 
55547 103 
55547 101 
56062 100 
56062 1
56062 1571
56062 10
58061 25 
58103 75 
58868 72 
58868 70 
59749 250 
60324 71 
60628 80 
61057 83 
61279 64 
61667 61 
61678 61 
61678 150 
61678 68 
61678 65
61744 92 
62113 90 
63198 103 
63198 101 
63709 100 
63709 1
63709 1571
63709 10
65707 25 
65757 75 
66523 72 
66523 70 
67532 250 
68225 71 
69384 71 
69838 80 
71305 76 
71406 83 
71517 64 
71732 61 
71747 61 
71747 150 
71747 68 
71747 65
71811 92 
72281 90 
72302 90 
73264 103 
73264 101 
73770 100 
73770 1
73770 1571
73770 10
75769 25 
75815 75 
76577 72 
76577 70 
77488 80 
77836 83 
77874 64 
78228 61 
78239 61 
78239 150 
78239 68 
78239 65
78294 92 
78695 90 
79749 103 
79749 101 
80259 100 
80259 1
80259 1571
80259 11
82260 25 
82306 75 
83068 72 
83068 70 
83965 250 
84418 71 
85551 71 
86004 80 
86270 76 
86373 83 
86541 64 
86756 62 
86767 62 
86767 150 
86767 68 
86767 65
86827 92 
87308 90 
88282 103 
88282 101 
88789 100 
88789 1
88789 1571
88789 10
90790 25 
90836 75 
91596 72 
91596 70 
92508 250 
92961 71 
93414 80 
94700 76 
94800 83 
94994 64 
96474 62 
96484 62 
96484 153 
96484 68 
96484 65
96540 92 
96949 90 
96969 90 
97999 103 
97999 101 
98506 100 
98506 1
98506 1571
98506 11
100507 25 
100551 75 
101314 72 
101314 70 
102211 250 
102665 71 
103130 80 
103487 83 
103654 64 
103929 62 
103944 62 
103944 150 
103944 68 
103944 65
104011 92 
104345 90 
105463 103 
105463 101 
105970 100 
105970 1
105970 1571
105970 11
107969 25 
108015 75 
108780 72 
108780 70 
109674 80 
110375 76 
110482 83 
110658 64 
110850 62 
110858 62 
110858 150 
110858 68 
110858 65
110923 92 
111428 90 
111448 90 
112377 103 
112377 101 
112887 100 
112887 1
112887 1571
112887 10
114886 25 
114936 75 
115703 72 
115703 70 
116606 250 
117071 71 
118217 71 
118670 80 
120565 76 
120667 83 
120959 64 
124765 62 
124775 62 
124775 151 
124775 69 
124832 91 
124853 93 
125368 91 
126291 103 
126291 101 
127200 100 
127200 1
127200 1571
127200 10
129200 25 
129246 75 
130010 72 
130010 70 
130905 80 
131252 83 
131922 64 
132201 63 
132213 63 
132213 151 
132213 69 
132276 93 
132697 91 
133728 103 
133728 101 
134637 100 
134637 1
134637 1571
134637 10
136637 25 
136685 75 
137447 72 
137447 70 
138355 80 
138705 83 
139974 64 
140922 62 
140931 62 
140931 151 
140931 69 
140984 93 
141256 91 
141426 91 
141566 91 
142449 103 
142449 101 
143354 100 
143354 1
143354 1571
143354 11
145352 25 
145399 75 
146164 72 
146164 70 
147058 80 
148544 76 
148648 83 
148825 64 
149070 62 
149079 62 
149079 150 
149079 68 
149079 65
149147 92 
149530 90 
150605 103 
150605 101 
151109 100 
151109 1
151109 1571
151109 10
153110 25 
153160 75 
153922 72 
153922 70 
154829 250 
155508 71 
155961 80 
156304 83 
156865 64 
158115 61 
158128 61 
158128 150 
158128 68 
158128 65
158192 92 
158323 90 
158596 90 
159652 103 
159652 101 
160158 100 
160158 1
160158 1571
160158 11
162161 25 
162205 75 
162969 72 
162969 70 
163878 250 
164104 71 
164557 80 
165503 76 
165604 83 
165834 64 
166003 62 
166011 62 
166011 150 
166011 68 
166011 65
166073 92 
166582 90 
167528 103 
167528 101 
168041 100 
168041 1
168041 1571
168041 11
170038 25 
170081 75 
170846 72 
170846 70 
171768 80 
172531 76 
172614 83 
172953 64 
173097 62 
173105 62 
173105 152 
173105 69 
173163 93 
174621 103 
174621 101 
175526 100 
175526 1
175526 1571
175526 11
177526 25 
177572 75 
178336 72 
178336 70 
179231 80 
179574 83 
180248 64 
181904 61 
181915 61 
181915 151 
181915 69 
181966 93 
183432 103 
183432 101 
184335 100 
184335 1
184335 1571
184335 11
186335 25 
186382 75 
187146 72 
187146 70 
188054 80 
188401 83 
189737 64 
190652 256 
190666 62 
190677 62 
190677 150 
190677 68 
190677 65
190742 92 
191133 90 
192198 103 
192198 101 
192706 100 
192706 1
192706 1571
192706 11
194706 25 
194751 75 
195512 72 
195512 70 
196411 80 
196755 83 
197823 64 
198279 256 
198291 63 
198302 63 
198302 151 
198302 69 
198367 93 
198740 91 
199822 103 
199822 101 
200729 100 
200729 1
200729 1571
200729 11
202730 25 
202774 75 
203536 72 
203536 70 
204434 80 
204781 83 
204893 64 
206235 61 
206243 61 
206243 151 
206243 69 
206302 93 
207765 103 
207765 101 
208673 100 
208673 1
208673 1571
208673 10
210673 25 
210719 75 
211484 72 
211484 70 
212377 80 
212722 83 
213057 64 
215307 62 
215320 62 
215320 151 
215320 69 
215379 93 
215945 91 
216840 103 
216840 101 
217749 100 
217749 1
217749 1571
217749 10
219748 25 
219794 75 
220558 72 
220558 70 
221466 80 
221816 83 
223304 64 
225430 61 
225443 61 
225443 150 
225443 68 
225443 65
225499 92 
225934 90 
226954 103 
226954 101 
227465 100 
227465 1
227465 1571
227465 10
229465 25 
229511 75 
230273 72 
230273 70 
231182 80 
232788 76 
232888 83 
233065 64 
235534 62 
235544 62 
235544 151 
235544 69 
235598 93 
236105 91 
237060 103 
237060 101 
237966 100 
237966 1
237966 1571
237966 10
239965 25 
240016 75 
240243 73 
240392 73 
240436 73 
241121 72 
241121 70 
242018 80 
242365 83 
242679 64 
244322 61 
244333 61 
244333 150 
244333 68 
244333 65
244398 92 
244799 90 
245852 103 
245852 101 
246366 100 
246366 1
246366 1571
246366 10
248362 25 
248407 75 
249172 72 
249172 70 
250068 80 
250414 83 
250487 64 
251292 61 
251301 61 
251301 150 
251301 68 
251301 65
251368 92 
251713 90 
252822 103 
252822 101 
253334 100 
253334 1
253334 1571
253334 10
255334 25 
255379 75 
256142 72 
256142 70 
257038 80 
257382 83 
258243 64 
258746 63 
258758 63 
258758 151 
258758 69 
258819 93 
259522 91 
259742 91 
260277 103 
260277 101 
261183 100 
261183 1
261183 1571
261183 11
263184 25 
263228 75 
263993 72 
263993 70 
264888 80 
265236 83 
265541 64 
267025 61 
267038 61 
267038 151 
267038 69 
267090 93 
268558 103 
268558 101 
269474 100 
269474 1
269474 1571
269474 11
271474 25 
271518 75 
272280 72 
272280 70 
273218 80 
273620 83 
273918 64 
276197 61 
276208 61 
276208 153 
276208 68 
276208 65
276264 92 
276732 90 
277724 103 
277724 101 
278229 100 
278229 1
278229 1571
278229 10
280229 25 
280279 75 
280356 73 
281076 72 
281076 70 
282067 80 
282414 83 
282704 64 
283431 61 
284047 61 
284047 150 
284047 68 
284047 65
284113 92 
284562 90 
285573 103 
285573 101 
286080 100 
286080 1
286080 1571
286080 11
288080 25 
288125 75 
288888 72 
288888 70 
289784 80 
290129 83 
290758 64 
291515 61 
291526 61 
291526 151 
291526 69 
291588 93 
293048 103 
293048 101 
293955 100 
293955 1
293955 1571
293955 11
295959 25 
296002 75 
296766 72 
296766 70 
297434 71 
298114 80 
298460 83 
298976 64 
301413 61 
301425 61 
301425 151 
301425 69 
301490 93 
302008 91 
302951 103 
302951 101 
303858 100 
303858 1
303858 1571
303858 11
305858 25 
305904 75 
306668 72 
306668 70 
307577 80 
307929 83 
309392 64 
311010 62 
311022 62 
311022 150 
311022 68 
311022 65
311089 92 
311526 90 
312546 103 
312546 101 
313053 100 
313053 1
313053 1571
313053 10
315055 25 
315100 75 
315866 72 
315866 70 
316759 80 
317021 76 
317126 83 
317525 64 
318680 61 
318691 61 
318691 150 
318691 68 
318691 65
319136 90 
319160 92 
320209 103 
320209 101 
320718 100 
320718 1
320718 1571
320718 10
322717 25 
322763 75 
323526 72 
323526 70 
324423 80 
326036 76 
326811 76 
326864 83 
327064 64 
327383 61 
327394 61 
327394 150 
327394 68 
327394 65
327453 92 
327866 90 
328913 103 
328913 101 
329421 100 
329421 1
329421 1571
329421 10
331420 25 
331468 75 
332232 72 
332232 70 
333126 80 
333470 83 
333493 64 
333779 61 
333795 61 
333795 150 
333795 68 
333795 65
333860 92 
334413 90 
335307 103 
335307 101 
335818 100 
335818 1
335818 1571
335818 11
337819 25 
337869 75 
338636 72 
338636 70 
339536 80 
339880 83 
340516 64 
342503 256 
342517 62 
342529 62 
342529 150 
342529 68 
342529 65
342595 92 
342974 90 
344055 103 
344055 101 
344561 100 
344561 1
344561 1571
344561 11
346562 25 
346606 75 
347371 72 
347371 70 
348279 80 
348625 83 
348884 64 
349241 62 
349252 62 
349252 150 
349252 68 
349252 65
349311 92 
349681 90 
350772 103 
350772 101 
351278 100 
351278 1
351278 1571
351278 11
353278 25 
353323 75 
354088 72 
354088 70 
355010 250 
355478 71 
356396 71 
356862 71 
357315 80 
357662 83 
357889 64 
358102 62 
358114 62 
358114 150 
358114 68 
358114 65
358177 92 
359342 90 
359635 103 
359635 101 
360141 100 
360141 1
360141 1571
360141 10
362142 25 
362186 75 
362949 72 
362949 70 
363859 250 
364552 71 
365019 80 
365368 83 
365637 64 
366159 256 
366203 61 
366211 61 
366211 150 
366211 68 
366211 65
366277 92 
366631 90 
367735 103 
367735 101 
368243 100 
368243 1
368243 1571
368243 10
370244 25 
370289 75 
371050 72 
371050 70 
371962 80 
372313 83 
372497 64 
372914 61 
372926 61 
372926 152 
372926 69 
373140 91 
373162 93 
373467 91 
374441 103 
374441 101 
375348 100 
375348 1
375348 1571
375348 11
377349 25 
377397 75 
378161 72 
378161 70 
379053 80 
379414 83 
379576 64 
379799 62 
379814 62 
379814 150 
379814 68 
379814 65
379876 92 
380419 90 
381330 103 
381330 101 
381838 100 
381838 1
381838 1571
381838 10
383837 25 
383884 75 
384648 72 
384648 70 
385531 80 
386963 76 
387024 83 
387368 64 
388640 63 
388651 63 
388651 151 
388651 69 
388710 93 
390169 103 
390169 101 
391075 100 
391075 1
391075 1571
391075 10
393074 25 
393120 75 
393883 72 
393883 70 
394779 80 
395161 83 
395368 64 
397697 62 
397709 62 
397709 151 
397709 69 
397767 93 
398184 91 
398567 91 
399228 103 
399228 101 
400142 100 
400142 1
400142 1571
400142 10
402141 25 
402187 75 
402954 72 
402954 70 
403869 71 
404415 80 
404813 83 
405439 64 
407121 61 
407134 61 
407134 150 
407134 68 
407134 65
407195 92 
407616 90 
408653 103 
408653 101 
409161 100 
409161 1
409161 1571
409161 11
411159 25 
411205 75 
411967 72 
411967 70 
412812 80 
413191 76 
413918 76 
413968 83 
414188 64 
414402 62 
414410 62 
414410 150 
414410 68 
414410 65
414476 92 
414856 90 
415927 103 
415927 101 
416438 100 
416438 1
416438 1571
416438 11
418437 25 
418482 75 
419246 72 
419246 70 
420235 80 
420582 83 
420708 64 
420922 62 
420932 62 
420932 150 
420932 68 
420932 65
420992 92 
421595 90 
422448 103 
422448 101 
422955 100 
422955 1
422955 1571
422955 10
424955 25 
425000 75 
425761 72 
425761 70 
426659 250 
427112 71 
428032 71 
428485 80 
429491 76 
431405 76 
431461 83 
431711 64 
432087 61 
432099 61 
432099 150 
432099 68 
432099 65
432159 92 
432564 90 
433612 103 
433612 101 
434122 100 
434122 1
434122 1571
434122 11
436123 25 
436168 75 
436930 72 
436930 70 
437841 80 
438193 83 
438303 64 
438504 62 
438516 62 
438516 150 
438516 68 
438516 65
438584 92 
439160 90 
440037 103 
440037 101 
440548 100 
440548 1
440548 1571
440548 10
442547 25 
442592 75 
443356 72 
443356 70 
444265 80 
444560 76 
444663 83 
444819 64 
445420 61 
445428 61 
445428 150 
445428 68 
445428 65
445483 92 
445828 90 
446945 103 
446945 101 
447452 100 
447452 1
447452 1571
447452 11
449450 25 
449495 75 
450258 72 
450258 70 
451182 80 
451531 83 
451585 64 
451787 62 
451798 62 
451798 150 
451798 68 
451798 65
451864 92 
452374 90 
453315 103 
453315 101 
453820 100 
453820 4
453820 1571
453820 10
453820 78 
455822 25 
455867 75 
456628 72 
456628 70 
457526 80 
458453 76 
459128 76 
459197 83 
459500 64 
459986 61 
459997 61 
459997 151 
459997 69 
460052 93 
460672 91 
461510 103 
461510 101 
462417 100 
462417 4
462417 1571
462417 10
464418 25 
464469 75 
464686 73 
465370 72 
465370 70 
466282 80 
466632 83 
466905 64 
468334 63 
468345 63 
468345 151 
468345 69 
468407 93 
468952 91 
469865 103 
469865 101 
470773 100 
470773 4
470773 1571
470773 10
472773 25 
472819 75 
473582 72 
473582 70 
474479 80 
474830 83 
476227 64 
477289 62 
477302 62 
477302 150 
477302 68 
477302 65
477542 90 
477564 92 
477849 90 
478822 103 
478822 101 
479330 100 
479330 4
479330 1571
479330 11
481331 25 
481376 75 
482138 72 
482138 70 
483062 250 
483542 71 
484741 71 
485647 71 
486114 80 
486479 83 
486597 64 
486834 256 
486849 62 
486860 62 
486860 151 
486860 69 
486922 93 
487965 91 
488322 91 
488380 103 
488380 101 
489287 100 
489287 4
489287 1571
489287 11
491286 25 
491332 75 
492098 72 
492098 70 
492991 80 
493339 83 
493485 64 
495038 61 
495050 61 
495050 152 
495050 69 
495116 93 
495711 91 
496581 103 
496581 101 
497496 100 
497496 4
497496 1571
497496 10
499496 25 
499543 75 
500305 72 
500305 70 
501201 80 
501550 83 
501987 64 
503463 256 
503477 62 
503488 62 
503488 150 
503488 68 
503488 65
503552 92 
504015 90 
505013 103 
505013 101 
505518 100 
505518 4
505518 1571
505518 11
507520 25 
507565 75 
508326 72 
508326 70 
509224 80 
509569 83 
510540 64 
511142 63 
511154 63 
511154 151 
511154 69 
511213 93 
511642 91 
512673 103 
512673 101 
513583 100 
513583 4
513583 1571
513583 11
515583 25 
515628 75 
516390 72 
516390 70 
517287 80 
517642 83 
517738 64 
519159 61 
519172 61 
519172 150 
519172 68 
519172 65
519240 92 
519663 90 
520698 103 
520698 101 
521205 100 
521205 4
521205 1571
521205 10
523205 25 
523251 75 
524012 72 
524012 70 
524924 80 
526118 76 
526219 83 
526523 64 
526863 62 
526876 62 
526876 150 
526876 68 
526876 65
526931 92 
527306 90 
528391 103 
528391 101 
528896 100 
528896 4
528896 1571
528896 10
530895 25 
530942 75 
531707 72 
531707 70 
532601 80 
533612 76 
533717 83 
533924 64 
534140 62 
534154 62 
534154 150 
534154 68 
534154 65
534221 92 
535677 103 
535677 101 
536187 100 
536187 4
536187 1571
536187 11
538186 25 
538236 75 
538999 72 
538999 70 
539891 80 
540243 76 
540346 83 
541142 64 
541759 256 
541772 62 
541784 62 
541784 151 
541784 69 
541843 93 
541998 91 
543301 103 
543301 101 
544208 100 
544208 4
544208 1571
544208 10
546209 25 
546256 75 
547020 72 
547020 70 
547701 71 
548394 80 
548742 83 
548955 64 
549162 256 
549176 62 
549188 62 
549188 150 
549188 68 
549188 65
549259 92 
549673 90 
550709 103 
550709 101 
551219 100 
551219 4
551219 1571
551219 11
553220 25 
553482 75 
554244 72 
554244 70 
554467 250 
556738 71 
557443 80 
557786 83 
558127 64 
560232 61 
560243 61 
560243 152 
560243 69 
560301 93 
561762 103 
561762 101 
562668 100 
562668 4
562668 1571
562668 10
564668 25 
564714 75 
565476 72 
565476 70 
566373 80 
566720 83 
566767 64 
567003 62 
567018 62 
567018 150 
567018 68 
567018 65
567075 92 
567554 90 
568532 103 
568532 101 
569039 100 
569039 4
569039 1571
569039 11
571040 25 
571085 75 
571847 72 
571847 70 
572744 80 
573094 83 
573262 64 
575468 63 
575480 63 
575480 151 
575480 69 
575535 93 
576994 103 
576994 101 
577901 100 
577901 4
577901 1571
577901 11
579902 25 
579953 75 
580717 72 
580717 70 
581633 80 
582927 76 
583028 83 
583212 64 
584726 256 
584740 61 
584751 61 
584751 150 
584751 68 
584751 65
584812 92 
585255 90 
586269 103 
586269 101 
586778 100 
586778 4
586778 1571
586778 10
588779 25 
588824 75 
589588 72 
589588 70 
590496 80 
590858 83 
590897 64 
591248 62 
591261 62 
591261 150 
591261 68 
591261 65
591335 92 
591675 90 
592786 103 
592786 101 
593296 100 
593296 4
593296 1571
593296 11
595295 25 
595342 75 
596106 72 
596106 70 
597000 80 
598404 76 
599062 76 
599128 83 
599342 64 
599777 61 
599788 61 
599788 150 
599788 68 
599788 65
600210 90 
600230 92 
601304 103 
601304 101 
601810 100 
601810 4
601810 1571
601810 10
603810 25 
603857 75 
604620 72 
604620 70 
605530 80 
605876 83 
605951 64 
606177 62 
606192 62 
606192 150 
606192 68 
606192 65
606260 92 
606687 90 
607711 103 
607711 101 
608223 100 
608223 4
608223 1571
608223 10
610221 25 
610267 75 
611029 72 
611029 70 
611940 80 
612289 83 
612372 64 
612558 62 
612569 62 
612569 152 
612569 69 
612624 93 
614086 103 
614086 101 
614994 100 
614994 4
614994 1571
614994 11
616992 25 
617042 75 
617803 72 
617803 70 
618724 80 
619068 83 
619709 64 
620735 61 
620746 61 
620746 150 
620746 68 
620746 65
620811 92 
621208 90 
622273 103 
622273 101 
622789 100 
622789 4
622789 1571
622789 11
624790 25 
624839 75 
625601 72 
625601 70 
626521 80 
626899 83 
627055 64 
627928 61 
627939 61 
627939 150 
627939 68 
627939 65
627990 90 
628012 92 
628375 90 
629452 103 
629452 101 
629960 100 
629960 4
629960 1571
629960 10
631960 25 
632006 75 
632771 72 
632771 70 
633664 80 
634038 83 
634107 64 
634357 256 
634371 62 
634386 62 
634386 150 
634386 68 
634386 65
634448 92 
634880 90 
635903 103 
635903 101 
636410 100 
636410 4
636410 1571
636410 10
638409 25 
638456 75 
639217 72 
639217 70 
640088 80 
640922 76 
640977 83 
641298 64 
641507 62 
641518 62 
641518 150 
641518 68 
641518 65
641574 92 
643034 103 
643034 101 
643539 100 
643539 5
643539 1571
643539 11
643539 78 
645541 25 
647010 75 
647771 72 
647771 70 
648671 80 
650006 76 
651352 76 
651436 83 
651775 64 
652073 61 
652088 61 
652088 151 
652088 69 
652151 93 
653601 103 
653601 101 
654508 100 
654508 5
654508 1571
654508 10
656508 25 
656560 75 
657324 72 
657324 70 
658227 80 
658583 83 
658816 64 
659134 62 
659150 62 
659150 151 
659150 69 
659210 93 
659703 91 
660669 103 
660669 101 
661586 100 
661586 5
661586 1571
661586 10
663586 25 
663632 75 
664398 72 
664398 70 
665304 80 
665663 83 
675235 64 
676814 61 
676825 61 
676825 151 
676825 69 
676878 93 
677446 91 
678338 103 
678338 101 
679249 100 
679249 5
679249 1571
679249 11
681247 25 
681291 75 
682053 72 
682053 70 
682723 71 
683403 80 
683750 83 
684307 64 
685764 62 
685776 62 
685776 150 
685776 68 
685776 65
685836 92 
686302 90 
687291 103 
687291 101 
687800 100 
687800 5
687800 1571
687800 10
689801 25 
689850 75 
690614 72 
690614 70 
691507 80 
692543 76 
692629 83 
692877 64 
693360 62 
693372 62 
693372 151 
693372 69 
693430 93 
693846 91 
694445 91 
694891 103 
694891 101 
695799 100 
695799 5
695799 1571
695799 11
697799 25 
697844 75 
698604 72 
698604 70 
699516 80 
699864 83 
700570 64 
702741 61 
702749 61 
702749 151 
702749 69 
702812 93 
703367 91 
703668 91 
704243 91 
704271 103 
704271 101 
705182 100 
705182 5
705182 1571
705182 11
707180 25 
707226 75 
707989 72 
707989 70 
708899 80 
710013 76 
710114 83 
710619 64 
711386 63 
711397 63 
711397 151 
711397 69 
711463 93 
711734 91 
712022 91 
712921 103 
712921 101 
713831 100 
713831 5
713831 1571
713831 10
715831 25 
715882 75 
716647 72 
716647 70 
717322 71 
718002 80 
718349 83 
719536 64 
722227 61 
722239 61 
722239 151 
722239 69 
722295 91 
722317 93 
722891 91 
722976 91 
723759 103 
723759 101 
724665 100 
724665 5
724665 1571
724665 10
726667 25 
726716 75 
727479 72 
727479 70 
728384 80 
728728 83 
729515 64 
729940 62 
729951 62 
729951 151 
729951 69 
730402 91 
730423 93 
730781 91 
731476 103 
731476 101 
732384 100 
732384 5
732384 1571
732384 11
734383 25 
734428 75 
735189 72 
735189 70 
736087 80 
736443 83 
736636 64 
737903 62 
737914 62 
737914 152 
737914 69 
737971 93 
738637 91 
739432 103 
739432 101 
740339 100 
740339 5
740339 1571
740339 11
742340 25 
742385 75 
743148 72 
743148 70 
744071 80 
744439 83 
745123 64 
748311 61 
748323 61 
748323 151 
748323 69 
748376 91 
748397 93 
749312 91 
749843 103 
749843 101 
750750 100 
750750 5
750750 1571
750750 11
752749 25 
752794 75 
753560 72 
753560 70 
754426 80 
754801 83 
756759 64 
758025 256 
758039 62 
758050 62 
758050 150 
758050 68 
758050 65
758112 92 
758538 90 
759569 103 
759569 101 
760078 100 
760078 5
760078 1571
760078 10
762078 25 
762123 75 
762888 72 
762888 70 
763796 80 
764707 76 
764808 83 
765194 64 
767137 63 
767148 63 
767148 150 
767148 68 
767148 65
767213 92 
767663 90 
768672 103 
768672 101 
769179 100 
769179 5
769179 1571
769179 11
771181 25 
771226 75 
771990 72 
771990 70 
772885 80 
773231 83 
773980 64 
774335 62 
774346 62 
774346 150 
774346 68 
774346 65
774414 92 
774807 90 
775869 103 
775869 101 
776378 100 
776378 5
776378 1571
776378 11
778378 25 
778427 75 
779192 72 
779192 70 
780095 80 
780440 83 
780759 64 
780964 62 
780978 62 
780978 150 
780978 68 
780978 65
781031 90 
781051 92 
782495 103 
782495 101 
783001 100 
783001 5
783001 1571
783001 11
785000 25 
785051 75 
785814 72 
785814 70 
786719 80 
787033 76 
787136 83 
787351 64 
787545 62 
787553 62 
787553 150 
787553 68 
787553 65
787619 92 
788250 90 
789076 103 
789076 101 
789584 100 
789584 5
789584 1571
789584 10
791585 25 
791635 75 
792400 72 
792400 70 
793303 80 
793649 83 
794709 64 
795162 63 
795173 63 
795173 150 
795173 68 
795173 65
795232 92 
795625 90 
796685 103 
796685 101 
797194 100 
797194 5
797194 1571
797194 11
799196 25 
799246 75 
800008 72 
800008 70 
800927 80 
801256 76 
801359 83 
801433 64 
801660 62 
801672 62 
801672 152 
801672 69 
801731 93 
803189 103 
803189 101 
804098 100 
804098 5
804098 1571
804098 10
806100 25 
806148 75 
806911 72 
806911 70 
807804 80 
808148 83 
808863 64 
810328 61 
810340 61 
810340 151 
810340 69 
810396 93 
811052 91 
811857 103 
811857 101 
812760 100 
812760 5
812760 1571
812760 10
814761 25 
814808 75 
815570 72 
815570 70 
816467 80 
816810 83 
816988 64 
818587 63 
818598 63 
818598 150 
818598 68 
818598 65
818658 92 
819023 90 
819044 90 
820118 103 
820118 101 
820625 100 
820625 5
820625 1571
820625 10
822625 25 
822671 75 
823434 72 
823434 70 
824331 80 
824672 83 
825632 64 
825849 63 
825864 63 
825864 150 
825864 68 
825864 65
825926 92 
827379 103 
827379 101 
827887 100 
827887 5
827887 1571
827887 10
829890 25 
829934 75 
830696 72 
830696 70 
831607 80 
832397 76 
832501 83 
832798 64 
833074 63 
833086 63 
833086 150 
833086 68 
833086 65
833146 92 
834605 103 
834605 101 
835111 100 
835111 5
835111 1571
835111 10
837112 25 
837157 75 
837920 72 
837920 70 
838817 80 
839160 83 
839465 64 
839654 256 
839668 63 
839683 63 
839683 150 
839683 68 
839683 65
839743 92 
841201 103 
841201 101 
841709 100 
841709 5
841709 1571
841709 11
843710 25 
843756 75 
844517 72 
844517 70 
845428 80 
846455 76 
846558 83 
847712 64 
847909 62 
847921 62 
847921 150 
847921 68 
847921 65
847991 92 
849436 103 
849436 101 
849947 100 
849947 5
849947 1571
849947 11
851945 25 
851993 75 
852755 72 
852755 70 
853651 80 
854138 83 
854249 64 
854440 256 
854454 62 
854465 62 
854465 150 
854465 68 
854465 65
854526 92 
855982 103 
855982 101 
856489 100 
856489 5
856489 1571
856489 10
858490 25 
858539 75 
859304 72 
859304 70 
860168 80 
860568 83 
860808 64 
861182 63 
861197 63 
861197 150 
861197 68 
861197 65
861251 92 
862709 103 
862709 101 
863220 100 
863220 5
863220 1571
863220 10
865221 25 
865265 75 
866029 72 
866029 70 
867005 80 
867399 76 
867501 83 
867724 64 
867960 256 
867974 63 
867988 63 
867988 150 
867988 68 
867988 65
868059 92 
869512 103 
869512 101 
870017 100 
870017 5
870017 1571
870017 10
872017 25 
872065 75 
872829 72 
872829 70 
873855 80 
874125 76 
874228 83 
874320 64 
874578 63 
874594 63 
874594 150 
874594 68 
874594 65
874666 92 
876118 103 
876118 101 
876629 100 
876629 3
876629 1571
876629 11
876629 78 
878626 25 
878674 75 
879437 72 
879437 70 
880346 80 
880698 83 
881214 64 
881387 62 
881402 62 
881402 151 
881402 69 
881458 93 
882918 103 
882918 101 
883826 100 
883826 3
883826 1571
883826 11
885825 25 
885874 75 
886636 72 
886636 70 
887316 71 
887996 80 
889053 76 
890099 76 
890150 83 
890637 64 
890914 62 
890925 62 
890925 151 
890925 69 
890988 93 
891485 91 
892450 103 
892450 101 
893354 100 
893354 3
893354 1571
893354 11
895353 25 
895453 75 
895651 73 
896413 72 
896413 70 
897312 80 
897660 76 
897761 83 
897880 64 
901531 63 
901543 63 
901543 152 
901543 69 
901596 93 
902085 91 
903056 103 
903056 101 
903962 100 
903962 3
903962 1571
903962 10
905964 25 
906009 75 
906774 72 
906774 70 
907668 80 
908015 83 
908847 64 
910233 61 
910241 61 
910241 151 
910241 69 
910298 93 
910897 91 
911758 103 
911758 101 
912667 100 
912667 3
912667 1571
912667 11
914666 25 
914715 75 
915480 72 
915480 70 
916397 80 
916741 83 
919203 64 
920812 63 
920825 63 
920825 150 
920825 68 
920825 65
920881 92 
921360 90 
922343 103 
922343 101 
922849 100 
922849 3
922849 1571
922849 11
924848 25 
924898 75 
925662 72 
925662 70 
926355 71 
927033 80 
927380 83 
927706 64 
927958 63 
927969 63 
927969 150 
927969 68 
927969 65
928024 90 
928048 92 
929483 103 
929483 101 
929991 100 
929991 3
929991 1571
929991 11
931993 25 
932038 75 
932803 72 
932803 70 
933723 80 
934072 83 
934345 64 
934559 63 
934571 63 
934571 150 
934571 68 
934571 65
934642 92 
936097 103 
936097 101 
936601 100 
936601 3
936601 1571
936601 10
938602 25 
938649 75 
939412 72 
939412 70 
940321 80 
940667 83 
942272 64 
943624 61 
943635 61 
943635 151 
943635 69 
943696 93 
945160 103 
945160 101 
946066 100 
946066 3
946066 1571
946066 11
948066 25 
948110 75 
948872 72 
948872 70 
949770 80 
950122 83 
952630 64 
953745 256 
953792 63 
953804 63 
953804 150 
953804 68 
953804 65
953867 92 
954311 90 
955328 103 
955328 101 
955835 100 
955835 3
955835 1571
955835 10
957834 25 
957880 75 
958642 72 
958642 70 
959539 80 
959901 83 
960340 64 
960559 63 
960574 63 
960574 153 
960574 68 
960574 65
960640 92 
962099 103 
962099 101 
962603 100 
962603 3
962603 1571
962603 11
964605 25 
964650 75 
965414 72 
965414 70 
966310 80 
966671 83 
968976 64 
970966 61 
970978 61 
970978 151 
970978 69 
971034 93 
972492 103 
972492 101 
973399 100 
973399 3
973399 1571
973399 10
975400 25 
975445 75 
976207 72 
976207 70 
977105 80 
977474 83 
978639 64 
979776 62 
979787 62 
979787 150 
979787 68 
979787 65
979843 92 
980284 90 
981299 103 
981299 101 
981809 100 
981809 3
981809 1571
981809 10
983809 25 
983856 75 
984619 72 
984619 70 
985501 80 
985891 76 
986471 76 
986545 83 
986873 64 
987221 62 
987233 62 
987233 150 
987233 68 
987233 65
987297 92 
987657 90 
988753 103 
988753 101 
989260 100 
989260 3
989260 1571
989260 10
991261 25 
991305 75 
992069 72 
992069 70 
993085 80 
993442 83 
993549 64 
993757 62 
993769 62 
993769 150 
993769 68 
993769 65
993823 90 
993846 92 
994565 90 
995281 103 
995281 101 
995789 100 
995789 3
995789 1571
995789 11
997791 25 
997836 75 
998601 72 
998601 70 
999495 80 
1000452 76 
1000556 83 
1000693 64 
1000979 63 
1000990 63 
1000990 150 
1000990 68 
1000990 65
1001052 92 
1002506 103 
1002506 101 
1003014 100 
1003014 3
1003014 1571
1003014 11
1005014 25 
1005060 75 
1005825 72 
1005825 70 
1006719 80 
1007072 83 
1007504 64 
1007727 63 
1007742 63 
1007742 150 
1007742 68 
1007742 65
1007812 92 
1009264 103 
1009264 101 
1009772 100 
1009772 3
1009772 1571
1009772 10
1011771 25 
1011818 75 
1012579 72 
1012579 70 
1013476 80 
1013826 83 
1013935 64 
1014167 62 
1014178 62 
1014178 150 
1014178 68 
1014178 65
1014251 92 
1014719 90 
1015703 103 
1015703 101 
1016209 100 
1016209 3
1016209 1571
1016209 10
1018208 25 
1018255 75 
1019017 72 
1019017 70 
1019927 80 
1020529 76 
1020777 76 
1020831 83 
1021150 64 
1021374 62 
1021383 62 
1021383 150 
1021383 68 
1021383 65
1021446 92 
1022897 103 
1022897 101 
1023406 100 
1023406 3
1023406 1571
1023406 11
1025405 25 
1025451 75 
1026213 72 
1026213 70 
1027137 80 
1027489 83 
1027814 64 
1028030 63 
1028046 63 
1028046 150 
1028046 68 
1028046 65
1028102 92 
1029559 103 
1029559 101 
1030068 100 
1030068 3
1030068 1571
1030068 10
1032068 25 
1032115 75 
1032879 72 
1032879 70 
1033774 80 
1034116 83 
1034232 64 
1034419 62 
1034430 62 
1034430 150 
1034430 68 
1034430 65
1034487 92 
1035210 90 
1035945 103 
1035945 101 
1036452 100 
1036452 3
1036452 1571
1036452 11
1038453 25 
1038498 75 
1039261 72 
1039261 70 
1040158 80 
1040508 83 
1040985 64 
1041181 256 
1041194 63 
1041210 63 
1041210 152 
1041210 69 
1041272 93 
1041921 91 
1042731 103 
1042731 101 
1043637 100 
1043637 3
1043637 1571
1043637 10
1045637 25 
1045683 75 
1046444 72 
1046444 70 
1047355 80 
1047704 83 
1047734 64 
1048051 62 
1048068 62 
1048068 150 
1048068 68 
1048068 65
1048138 92 
1048579 90 
1049591 103 
1049591 101 
1050100 100 
1050100 3
1050100 1571
1050100 11
1052102 25 
1052147 75 
1052912 72 
1052912 70 
1053806 80 
1055914 76 
1055965 83 
1056525 64 
1058346 256 
1058359 63 
1058370 63 
1058370 150 
1058370 68 
1058370 65
1058437 92 
1058859 90 
1059897 103 
1059897 101 
1060405 100 
1060405 3
1060405 1571
1060405 11
1062402 25 
1062454 75 
1063216 72 
1063216 70 
1064135 80 
1064483 83 
1064795 64 
1065145 63 
1065162 63 
1065162 150 
1065162 68 
1065162 65
1065221 90 
1065242 92 
1066678 103 
1066678 101 
1067186 100 
1067186 6
1067186 1571
1067186 11
1067186 78 
1069188 25 
1069233 75 
1069996 72 
1069996 70 
1070892 80 
1071242 83 
1071351 64 
1071571 63 
1071586 63 
1071586 151 
1071586 69 
1071645 93 
1073104 103 
1073104 101 
1074011 100 
1074011 6
1074011 1571
1074011 11
1076010 25 
1076056 75 
1076819 72 
1076819 70 
1077502 71 
1078182 80 
1078528 83 
1079774 64 
1080672 63 
1080680 63 
1080680 151 
1080680 69 
1080732 93 
1082191 103 
1082191 101 
1083099 100 
1083099 6
1083099 1571
1083099 11
1085101 25 
1085145 75 
1085910 72 
1085910 70 
1086805 80 
1087151 83 
1087639 64 
1089130 61 
1089144 61 
1089144 150 
1089144 68 
1089144 65
1089209 92 
1089617 90 
1090669 103 
1090669 101 
1091175 100 
1091175 6
1091175 1571
1091175 10
1093178 25 
1093222 75 
1093986 72 
1093986 70 
1094908 71 
1095481 80 
1095856 83 
1096154 64 
1096449 256 
1096564 62 
1096572 62 
1096572 151 
1096572 69 
1096642 93 
1096940 91 
1098092 103 
1098092 101 
1099000 100 
1099000 6
1099000 1571
1099000 10
1101001 25 
1101048 75 
1101811 72 
1101811 70 
1102678 80 
1103055 83 
1103361 64 
1104943 61 
1104955 61 
1104955 151 
1104955 69 
1105017 93 
1105562 91 
1105720 91 
1106012 91 
1106481 103 
1106481 101 
1107397 100 
1107397 6
1107397 1571
1107397 10
1109397 25 
1109446 75 
1110211 72 
1110211 70 
1110556 250 
1111115 71 
1111688 80 
1112062 83 
1112712 64 
1114412 61 
1114423 61 
1114423 151 
1114423 69 
1114477 93 
1115037 91 
1115940 103 
1115940 101 
1116848 100 
1116848 6
1116848 1571
1116848 10
1118846 25 
1118902 75 
1119664 72 
1119664 70 
1120564 80 
1120975 83 
1122617 64 
1123513 62 
1123521 62 
1123521 151 
1123521 69 
1123580 93 
1124020 91 
1124807 91 
1125044 103 
1125044 101 
1125948 100 
1125948 6
1125948 1571
1125948 11
1127949 25 
1127994 75 
1128759 72 
1128759 70 
1129693 80 
1130115 83 
1131236 64 
1132430 63 
1132441 63 
1132441 151 
1132441 69 
1132500 93 
1133052 91 
1133961 103 
1133961 101 
1134866 100 
1134866 6
1134866 1571
1134866 10
1136864 25 
1136910 75 
1137675 72 
1137675 70 
1138596 80 
1138992 83 
1139662 64 
1141809 61 
1141822 61 
1141822 153 
1141822 68 
1141822 65
1141880 92 
1143339 103 
1143339 101 
1143846 100 
1143846 6
1143846 1571
1143846 11
1145848 25 
1145898 75 
1146661 72 
1146661 70 
1147552 80 
1147932 83 
1148037 64 
1148836 63 
1148847 63 
1148847 151 
1148847 69 
1148903 93 
1149311 91 
1149657 91 
1150365 103 
1150365 101 
1151270 100 
1151270 6
1151270 1571
1151270 11
1153272 25 
1153321 75 
1154081 72 
1154081 70 
1155029 80 
1155474 83 
1156149 64 
1156529 256 
1156768 61 
1156778 61 
1156778 150 
1156778 68 
1156778 65
1156836 92 
1157235 90 
1158294 103 
1158294 101 
1158803 100 
1158803 6
1158803 1571
1158803 11
1160801 25 
1160847 75 
1161610 72 
1161610 70 
1162506 80 
1162859 83 
1162976 64 
1163277 61 
1163291 61 
1163291 150 
1163291 68 
1163291 65
1163362 92 
1163826 90 
1164808 103 
1164808 101 
1165317 100 
1165317 6
1165317 1571
1165317 10
1167318 25 
1167368 75 
1168129 72 
1168129 70 
1169024 80 
1169371 83 
1169445 64 
1170169 63 
1170181 63 
1170181 150 
1170181 68 
1170181 65
1170243 92 
1170616 90 
1171699 103 
1171699 101 
1172209 100 
1172209 6
1172209 1571
1172209 11
1174209 25 
1174255 75 
1175020 72 
1175020 70 
1175914 80 
1177473 76 
1178891 76 
1178943 83 
1179233 64 
1179683 256 
1179697 61 
1179709 61 
1179709 150 
1179709 68 
1179709 65
1179772 92 
1180203 90 
1181229 103 
1181229 101 
1181737 100 
1181737 6
1181737 1571
1181737 10
1183737 25 
1183784 75 
1184548 72 
1184548 70 
1185443 80 
1186195 76 
1186299 83 
1186545 64 
1188582 62 
1188592 62 
1188592 153 
1188592 68 
1188592 65
1188648 92 
1189082 90 
1190108 103 
1190108 101 
1190615 100 
1190615 6
1190615 1571
1190615 10
1192614 25 
1192665 75 
1193430 72 
1193430 70 
1194346 80 
1194690 83 
1194940 64 
1195592 62 
1195603 62 
1195603 151 
1195603 69 
1195656 93 
1196098 91 
1197119 103 
1197119 101 
1198024 100 
1198024 6
1198024 1571
1198024 10
1200025 25 
1200071 75 
1200836 72 
1200836 70 
1201729 80 
1202078 83 
1202441 64 
1203918 61 
1203926 61 
1203926 151 
1203926 69 
1203985 93 
1204555 91 
1205255 91 
1205450 103 
1205450 101 
1206353 100 
1206353 6
1206353 1571
1206353 10
1208355 25 
1208400 75 
1208668 73 
1209356 72 
1209356 70 
1210259 80 
1210606 83 
1211054 64 
1212442 61 
1212455 61 
1212455 151 
1212455 69 
1212517 93 
1213225 91 
1213979 103 
1213979 101 
1214883 100 
1214883 6
1214883 1571
1214883 11
1216884 25 
1216929 75 
1217694 72 
1217694 70 
1218589 80 
1218944 83 
1219391 64 
1220572 61 
1220581 61 
1220581 150 
1220581 68 
1220581 65
1220647 92 
1221049 90 
1222103 103 
1222103 101 
1222613 100 
1222613 6
1222613 1571
1222613 10
1224614 25 
1224660 75 
1225424 72 
1225424 70 
1226319 80 
1226675 83 
1226866 64 
1227230 61 
1227241 61 
1227241 151 
1227241 69 
1227296 93 
1227453 91 
1227892 91 
1228220 91 
1228758 103 
1228758 101 
1229663 100 
1229663 6
1229663 1571
1229663 10
1231666 25 
1231711 75 
1232477 72 
1232477 70 
1233369 80 
1233724 83 
1234036 64 
1235361 256 
1235374 61 
1235387 61 
1235387 151 
1235387 69 
1235440 93 
1236058 91 
1236902 103 
1236902 101 
1237809 100 
1237809 6
1237809 1571
1237809 11
1239809 25 
1239857 75 
1240172 73 
1240935 72 
1240935 70 
1241846 80 
1242191 83 
1242717 64 
1243360 61 
1243371 61 
1243371 150 
1243371 68 
1243371 65
1243438 92 
1243582 90 
1243881 90 
1244895 103 
1244895 101 
1245404 100 
1245404 6
1245404 1571
1245404 11
1247404 25 
1247454 75 
1248218 72 
1248218 70 
1249122 80 
1249480 83 
1249649 64 
1249991 61 
1250003 61 
1250003 152 
1250003 69 
1250065 93 
1250577 91 
1251014 91 
1251520 103 
1251520 101 
1252427 100 
1252427 6
1252427 1571
1252427 11
1254428 25 
1254474 75 
1255238 72 
1255238 70 
1256146 80 
1256501 83 
1256654 64 
1257232 61 
1257243 61 
1257243 150 
1257243 68 
1257243 65
1257300 92 
1257798 90 
1258756 103 
1258756 101 
1259264 100 
1259264 6
1259264 1571
1259264 11
1261265 25 
1261315 75 
1262081 72 
1262081 70 
1263010 80 
1264591 76 
1264648 83 
1264797 64 
1265019 256 
1265034 61 
1265045 61 
1265045 150 
1265045 68 
1265045 65
1265115 92 
1266346 90 
1266568 103 
1266568 101 
1267079 100 
1267079 6
1267079 1571
1267079 10
1269077 25 
1269121 75 
1269886 72 
1269886 70 
1270793 80 
1271139 83 
1271708 64 
1272200 63 
1272212 63 
1272212 150 
1272212 68 
1272212 65
1272286 92 
1273738 103 
1273738 101 
1274249 100 
1274249 6
1274249 1571
1274249 11
1276246 25 
1276292 75 
1277057 72 
1277057 70 
1277950 80 
1278293 83 
1278355 64 
1278681 61 
1278693 61 
1278693 150 
1278693 68 
1278693 65
1278757 92 
1279181 90 
1280213 103 
1280213 101 
1280723 100 
1280723 6
1280723 1571
1280723 10
1282723 25 
1282768 75 
1283533 72 
1283533 70 
1284454 80 
1285239 76 
1285370 76 
1285425 83 
1286043 64 
1286247 256 
1286261 63 
1286277 63 
1286277 150 
1286277 68 
1286277 65
1286346 92 
1287799 103 
1287799 101 
1288305 100 
1288305 6
1288305 1571
1288305 10
1290305 25 
1290351 75 
1291156 73 
1291842 72 
1291842 70 
1292744 80 
1293094 83 
1293323 64 
1293748 61 
1293759 61 
1293759 151 
1293759 69 
1293818 93 
1295275 103 
1295275 101 
1296182 100 
1296182 6
1296182 1571
1296182 11
1298183 25 
1298233 75 
1298995 72 
1298995 70 
1299901 80 
1300245 83 
1300384 64 
1300861 256 
1300875 61 
1300887 61 
1300887 150 
1300887 68 
1300887 65
1300947 92 
1301287 90 
1302403 103 
1302403 101 
1302913 100 
1302913 6
1302913 1571
1302913 10
1304913 25 
1304958 75 
1305720 72 
1305720 70 
1306618 80 
1306963 83 
1307595 64 
1308222 63 
1308237 63 
1308237 150 
1308237 68 
1308237 65
1308311 92 
1309764 103 
1309764 101 
1310271 100 
1310271 6
1310271 1571
1310271 10
1312271 25 
1312320 75 
1313083 72 
1313083 70 
1314002 80 
1315447 76 
1316245 76 
1316307 83 
1316424 64 
1317038 256 
1317053 61 
1317065 61 
1317065 151 
1317065 69 
1317126 93 
1318587 103 
1318587 101 
1319492 100 
1319492 6
1319492 1571
1319492 11
1321494 25 
1321540 75 
1322306 72 
1322306 70 
1323211 80 
1323559 83 
1324978 64 
1326705 61 
1326718 61 
1326718 150 
1326718 68 
1326718 65
1326777 92 
1327207 90 
1328233 103 
1328233 101 
1328743 100 
1328743 6
1328743 1571
1328743 11
1330742 25 
1330788 75 
1331553 72 
1331553 70 
1332447 80 
1333236 76 
1333336 83 
1333452 64 
1333720 61 
1333732 61 
1333732 150 
1333732 68 
1333732 65
1333793 92 
1335007 90 
1335247 103 
1335247 101 
1335752 100 
1335752 6
1335752 1571
1335752 10
1337753 25 
1337798 75 
1338561 72 
1338561 70 
1339457 80 
1339803 83 
1340009 64 
1340452 63 
1340468 63 
1340468 150 
1340468 68 
1340468 65
1340537 92 
1340908 90 
1341990 103 
1341990 101 
1342495 100 
1342495 6
1342495 1571
1342495 11
1344496 25 
1344545 75 
1345308 72 
1345308 70 
1346215 80 
1346567 83 
1346735 64 
1347102 61 
1347113 61 
1347113 150 
1347113 68 
1347113 65
1347165 92 
1347557 90 
1348624 103 
1348624 101 
1349132 100 
1349132 6
1349132 1571
1349132 11
1351133 25 
1351180 75 
1351946 72 
1351946 70 
1352878 80 
1353225 83 
1353399 64 
1353735 61 
1353750 61 
1353750 150 
1353750 68 
1353750 65
1353811 92 
1354467 90 
1355264 103 
1355264 101 
1355770 100 
1355770 6
1355770 1571
1355770 10
1357771 25 
1357816 75 
1358584 72 
1358584 70 
1359489 80 
1361201 76 
1361259 83 
1361510 64 
1361758 256 
1361772 63 
1361787 63 
1361787 152 
1361787 69 
1361839 93 
1363300 103 
1363300 101 
1364206 100 
1364206 6
1364206 1571
1364206 10
1366208 25 
1367348 75 
1367719 73 
1368402 72 
1368402 70 
1369418 80 
1369766 83 
1370066 64 
1371784 61 
1371795 61 
1371795 151 
1371795 69 
1371850 93 
1372535 91 
1373311 103 
1373311 101 
1374216 100 
1374216 6
1374216 1571
1374216 11
1376216 25 
1376262 75 
1377026 72 
1377026 70 
1377921 80 
1379687 76 
1379789 83 
1380004 64 
1380392 61 
1380404 61 
1380404 150 
1380404 68 
1380404 65
1380462 92 
1380825 90 
1381916 103 
1381916 101 
1382426 100 
1382426 6
1382426 1571
1382426 10
1384427 25 
1384476 75 
1385240 72 
1385240 70 
1386144 80 
1386492 83 
1387016 64 
1387651 61 
1387663 61 
1387663 151 
1387663 69 
1402724 91 
1402746 93 
1402746 103 
1402746 101 
1403657 100 
1403657 6
1403657 1571
1403657 11
1405657 25 
1405702 75 
1406466 72 
1406466 70 
1407375 80 
1407726 83 
1407942 64 
1408684 61 
1408693 61 
1408693 152 
1408693 69 
1408750 91 
1408773 93 
1409099 91 
1410212 103 
1410212 101 
1411120 100 
1411120 6
1411120 1571
1411120 10
1413120 25 
1413170 75 
1413555 73 
1414238 72 
1414238 70 
1415172 80 
1415529 83 
1416706 64 
1417995 62 
1418007 62 
1418007 151 
1418007 69 
1418068 93 
1418623 91 
1419530 103 
1419530 101 
1420436 100 
1420436 6
1420436 1571
1420436 10
1422438 25 
1422488 75 
1423250 72 
1423250 70 
1424141 80 
1424493 83 
1426518 64 
1427143 63 
1427155 63 
1427155 150 
1427155 68 
1427155 65
1427213 92 
1427723 90 
1428671 103 
1428671 101 
1429180 100 
1429180 6
1429180 1571
1429180 11
1431181 25 
1431839 75 
1431956 73 
1432718 72 
1432718 70 
1433618 80 
1433960 83 
1434241 64 
1435264 61 
1435275 61 
1435275 150 
1435275 68 
1435275 65
1435329 92 
1435726 90 
1436790 103 
1436790 101 
1437295 100 
1437295 6
1437295 1571
1437295 10
1439299 25 
1439342 75 
1440103 72 
1440103 70 
1441001 80 
1441348 83 
1441630 64 
1442388 256 
1442403 61 
1442480 61 
1442480 151 
1442480 69 
1442536 91 
1442557 93 
1444003 103 
1444003 101 
1444905 100 
1444905 6
1444905 1571
1444905 11
1446909 25 
1446956 75 
1447717 72 
1447717 70 
1448624 80 
1448983 83 
1449106 64 
1449789 61 
1450162 61 
1450162 150 
1450162 68 
1450162 65
1450230 92 
1450646 90 
1451689 103 
1451689 101 
1452197 100 
1452197 6
1452197 1571
1452197 10
1454197 25 
1454242 75 
1455004 72 
1455004 70 
1455901 80 
1456250 83 
1456294 64 
1456566 61 
1456581 61 
1456581 151 
1456581 69 
1456639 93 
1458098 103 
1458098 101 
1459005 100 
1459005 6
1459005 1571
1459005 11
1461006 25 
1461052 75 
1461816 72 
1461816 70 
1462725 80 
1463069 83 
1463400 64 
1464576 61 
1464587 61 
1464587 150 
1464587 68 
1464587 65
1464649 92 
1465023 90 
1466111 103 
1466111 101 
1466617 100 
1466617 6
1466617 1571
1466617 11
1468618 25 
1468666 75 
1469430 72 
1469430 70 
1470495 80 
1470952 83 
1471013 64 
1471382 61 
1471393 61 
1471393 150 
1471393 68 
1471393 65
1471448 92 
1472027 90 
1472904 103 
1472904 101 
1473414 100 
1473414 6
1473414 1571
1473414 10
1475413 25 
1476439 75 
1477203 72 
1477203 70 
1478092 80 
1478489 83 
1478923 64 
1480470 63 
1480485 63 
1480485 150 
1480485 68 
1480485 65
1480553 92 
1482009 103 
1482009 101 
1482517 100 
1482517 6
1482517 1571
1482517 10
1484517 25 
1484563 75 
1485327 72 
1485327 70 
1486168 80 
1486538 83 
1487589 64 
1487794 256 
1487807 63 
1487823 63 
1487823 150 
1487823 68 
1487823 65
1487884 92 
1489337 103 
1489337 101 
1489847 100 
1489847 6
1489847 1571
1489847 11
1491847 25 
1491896 75 
1492658 72 
1492658 70 
1493672 80 
1494020 83 
1494213 64 
1494795 61 
1494807 61 
1494807 150 
1494807 68 
1494807 65
1494865 92 
1495237 90 
1496324 103 
1496324 101 
1496830 100 
1496830 6
1496830 1571
1496830 11
1498830 25 
1498876 75 
1499641 72 
1499641 70 
1500535 80 
1500877 83 
1503236 64 
1504088 61 
1504100 61 
1504100 150 
1504100 68 
1504100 65
1504167 92 
1504523 90 
1505624 103 
1505624 101 
1506134 100 
1506134 6
1506134 1571
1506134 11
1508134 25 
1510375 75 
1510524 73 
1511250 72 
1511250 70 
1512184 80 
1512535 83 
1512773 64 
1513260 61 
1513271 61 
1513271 150 
1513271 68 
1513271 65
1513338 92 
1513684 90 
1514794 103 
1514794 101 
1515302 100 
1515302 6
1515302 1571
1515302 10
1517304 25 
1517348 75 
1518109 72 
1518109 70 
1519008 80 
1519357 83 
1520479 64 
1521318 63 
1521332 63 
1521332 150 
1521332 68 
1521332 65
1521391 92 
1521833 90 
1522847 103 
1522847 101 
1523355 100 
1523355 6
1523355 1571
1523355 11
1525355 25 
1525403 75 
1526166 72 
1526166 70 
1527111 80 
1527466 83 
1527646 64 
1528028 256 
1528041 61 
1528053 61 
1528053 150 
1528053 68 
1528053 65
1528116 92 
1528504 90 
1529577 103 
1529577 101 
1530081 100 
1530081 6
1530081 1571
1530081 10
1532083 25 
1532571 75 
1533334 72 
1533334 70 
1534255 80 
1536824 76 
1536917 83 
1537319 64 
1537868 63 
1537879 63 
1537879 152 
1537879 69 
1537943 93 
1538315 91 
1539397 103 
1539397 101 
1540306 100 
1540306 6
1540306 1571
1540306 10
1542307 25 
1542352 75 
1543115 72 
1543115 70 
1544010 80 
1544361 83 
1545329 64 
1546042 62 
1546055 62 
1546055 151 
1546055 69 
1546108 93 
1546561 91 
1547568 103 
1547568 101 
1548475 100 
1548475 6
1548475 1571
1548475 10
1550476 25 
1550521 75 
1551283 72 
1551283 70 
1552194 80 
1552542 83 
1553776 64 
1554285 63 
1554298 63 
1554298 150 
1554298 68 
1554298 65
1554362 92 
1554712 90 
1555815 103 
1555815 101 
1556326 100 
1556326 6
1556326 1571
1556326 11
1558325 25 
1558987 75 
1559753 72 
1559753 70 
1560657 80 
1560924 76 
1561028 83 
1561288 64 
1561760 256 
1561773 61 
1561784 61 
1561784 150 
1561784 68 
1561784 65
1561850 92 
1562145 90 
1563309 103 
1563309 101 
1563815 100 
1563815 6
1563815 1571
1563815 11
1565816 25 
1565861 75 
1566624 72 
1566624 70 
1567520 80 
1567869 83 
1568048 64 
1568462 256 
1568477 61 
1568488 61 
1568488 150 
1568488 68 
1568488 65
1568553 92 
1568949 90 
1570013 103 
1570013 101 
1570520 100 
1570520 6
1570520 1571
1570520 10
1572519 25 
1572569 75 
1573334 72 
1573334 70 
1574251 80 
1574598 83 
1581887 64 
1582178 63 
1582195 63 
1582195 150 
1582195 68 
1582195 65
1582264 92 
1583713 103 
1583713 101 
1584219 100 
1584219 2
1584219 1571
1584219 11
1584219 78 
1586221 25 
1586266 75 
1587030 72 
1587030 70 
1587925 80 
1588275 83 
1588437 64 
1588989 61 
1589001 61 
1589001 153 
1589001 68 
1589001 65
1589065 92 
1589476 90 
1590522 103 
1590522 101 
1591030 100 
1591030 2
1591030 1571
1591030 11
1593030 25 
1593077 75 
1593840 72 
1593840 70 
1594762 80 
1595191 83 
1595363 64 
1595691 256 
1595704 61 
1595718 61 
1595718 151 
1595718 69 
1595787 93 
1596171 91 
1596540 91 
1597239 103 
1597239 101 
1598147 100 
1598147 2
1598147 1571
1598147 11
1600148 25 
1600196 75 
1600960 72 
1600960 70 
1601866 80 
1602752 76 
1602838 83 
1603127 64 
1603493 61 
1603507 61 
1603507 151 
1603507 69 
1603566 93 
1605022 103 
1605022 101 
1605932 100 
1605932 2
1605932 1571
1605932 10
1607930 25 
1607981 75 
1608746 72 
1608746 70 
1609649 80 
1609998 83 
1619931 64 
1621700 63 
1621712 63 
1621712 151 
1621712 69 
1621769 93 
1623230 103 
1623230 101 
1624137 100 
1624137 2
1624137 1571
1624137 10
1626137 25 
1626186 75 
1626948 72 
1626948 70 
1627841 80 
1628189 83 
1628617 64 
1630173 61 
1630184 61 
1630184 150 
1630184 68 
1630184 65
1630247 92 
1630695 90 
1631704 103 
1631704 101 
1632212 100 
1632212 2
1632212 1571
1632212 10
1634213 25 
1634258 75 
1635022 72 
1635022 70 
1635945 80 
1636298 83 
1637050 64 
1638243 256 
1638257 63 
1638269 63 
1638269 151 
1638269 69 
1638321 93 
1639318 91 
1639784 103 
1639784 101 
1640688 100 
1640688 2
1640688 1571
1640688 10
1642689 25 
1642735 75 
1643496 72 
1643496 70 
1644394 80 
1644740 83 
1645621 64 
1646212 62 
1646224 62 
1646224 151 
1646224 69 
1646276 91 
1646298 93 
1646645 91 
1647740 103 
1647740 101 
1648646 100 
1648646 2
1648646 1571
1648646 10
1650646 25 
1650692 75 
1651457 72 
1651457 70 
1652352 80 
1652714 83 
1654601 64 
1655200 63 
1655208 63 
1655208 151 
1655208 69 
1655262 93 
1656719 103 
1656719 101 
1657629 100 
1657629 2
1657629 1571
1657629 11
1659630 25 
1659674 75 
1660435 72 
1660435 70 
1661347 80 
1661707 83 
1662651 64 
1663164 61 
1663175 61 
1663175 153 
1663175 68 
1663175 65
1663233 92 
1663596 90 
1664693 103 
1664693 101 
1665203 100 
1665203 2
1665203 1571
1665203 11
1667200 25 
1667245 75 
1668007 72 
1668007 70 
1668931 80 
1669283 83 
1669547 64 
1670276 256 
1670291 61 
1670303 61 
1670303 151 
1670303 69 
1670358 91 
1670379 93 
1670799 91 
1671062 91 
1671819 91 
1671819 103 
1671819 101 
1672729 100 
1672729 2
1672729 1571
1672729 10
1674730 25 
1674775 75 
1675539 72 
1675539 70 
1676461 80 
1676810 83 
1678667 64 
1680436 63 
1680447 63 
1680447 151 
1680447 69 
1680505 93 
1680985 91 
1681963 103 
1681963 101 
1682871 100 
1682871 2
1682871 1571
1682871 10
1684872 25 
1684917 75 
1685679 72 
1685679 70 
1686576 80 
1686923 83 
1688013 64 
1689038 62 
1689050 62 
1689050 151 
1689050 69 
1689113 93 
1690575 103 
1690575 101 
1691482 100 
1691482 2
1691482 1571
1691482 11
1693481 25 
1693529 75 
1694295 72 
1694295 70 
1695199 80 
1695553 83 
1698450 64 
1698762 61 
1698773 61 
1698773 151 
1698773 69 
1698836 93 
1699332 91 
1699604 91 
1700289 103 
1700289 101 
1701197 100 
1701197 2
1701197 1571
1701197 11
1703198 25 
1703243 75 
1704007 72 
1704007 70 
1704968 80 
1705373 83 
1706786 64 
1707548 61 
1707559 61 
1707559 151 
1707559 69 
1707611 93 
1708451 91 
1709072 103 
1709072 101 
1709980 100 
1709980 2
1709980 1571
1709980 10
1711981 25 
1712025 75 
1712790 72 
1712790 70 
1713472 71 
1714151 80 
1714496 83 
1715834 64 
1716486 62 
1716499 62 
1716499 151 
1716499 69 
1716556 93 
1716854 91 
1717270 91 
1718017 103 
1718017 101 
1718924 100 
1718924 2
1718924 1571
1718924 11
1720924 25 
1723455 75 
1724217 72 
1724217 70 
1725120 80 
1725467 83 
1726260 64 
1728861 61 
1728874 61 
1728874 151 
1728874 69 
1728937 93 
1729567 91 
1729679 91 
1730399 103 
1730399 101 
1731304 100 
1731304 2
1731304 1571
1731304 10
1733304 25 
1733350 75 
1734116 72 
1734116 70 
1735009 80 
1735356 83 
1736439 64 
1739093 62 
1739106 62 
1739106 151 
1739106 69 
1739160 93 
1739744 91 
1740267 91 
1740622 103 
1740622 101 
1741526 100 
1741526 2
1741526 1571
1741526 11
1743528 25 
1743576 75 
1743842 73 
1744608 72 
1744608 70 
1745511 80 
1745859 83 
1746509 64 
1748677 61 
1748689 61 
1748689 151 
1748689 69 
1748755 93 
1749489 91 
1750215 103 
1750215 101 
1751123 100 
1751123 2
1751123 1571
1751123 10
1753122 25 
1753173 75 
1753934 72 
1753934 70 
1754841 80 
1755185 83 
1756400 64 
1757713 63 
1757724 63 
1757724 151 
1757724 69 
1757778 93 
1758324 91 
1759236 103 
1759236 101 
1760146 100 
1760146 2
1760146 1571
1760146 10
1762144 25 
1762190 75 
1762955 72 
1762955 70 
1763850 80 
1764199 83 
1764387 64 
1766223 61 
1766236 61 
1766236 150 
1766236 68 
1766236 65
1766297 92 
1766741 90 
1767755 103 
1767755 101 
1768261 100 
1768261 2
1768261 1571
1768261 10
1770262 25 
1770312 75 
1771074 72 
1771074 70 
1771980 80 
1772327 83 
1773256 64 
1773641 63 
1773653 63 
1773653 151 
1773653 69 
1773714 91 
1773736 93 
1775178 103 
1775178 101 
1776086 100 
1776086 2
1776086 1571
1776086 11
1778085 25 
1778131 75 
1778893 72 
1778893 70 
1779790 80 
1780135 83 
1781386 64 
1782540 62 
1782551 62 
1782551 151 
1782551 69 
1782609 93 
1783314 91 
1783559 91 
1783758 91 
1784068 103 
1784068 101 
1784974 100 
1784974 2
1784974 1571
1784974 10
1786975 25 
1787022 75 
1787785 72 
1787785 70 
1788680 80 
1789032 83 
1789564 64 
1789962 62 
1789975 62 
1789975 151 
1789975 69 
1790432 91 
1790454 93 
1791490 103 
1791490 101 
1792399 100 
1792399 2
1792399 1571
1792399 11
1794399 25 
1794444 75 
1795206 72 
1795206 70 
1796116 80 
1796462 83 
1797472 64 
1798603 62 
1798615 62 
1798615 151 
1798615 69 
1798680 93 
1799230 91 
1800140 103 
1800140 101 
1801048 100 
1801048 2
1801048 1571
1801048 11
1803048 25 
1803094 75 
1803856 72 
1803856 70 
1804754 80 
1805094 83 
1806781 64 
1807465 256 
1807478 63 
1807490 63 
1807490 150 
1807490 68 
1807490 65
1807545 92 
1807938 90 
1809006 103 
1809006 101 
1809510 100 
1809510 2
1809510 1571
1809510 11
1811511 25 
1811918 75 
1812681 72 
1812681 70 
1813589 80 
1817559 76 
1817664 83 
1818317 64 
1818998 63 
1819009 63 
1819009 152 
1819009 69 
1819070 93 
1820530 103 
1820530 101 
1821440 100 
1821440 2
1821440 1571
1821440 11
1823440 25 
1823489 75 
1824250 72 
1824250 70 
1825251 80 
1825601 83 
1825846 64 
1827058 62 
1827071 62 
1827071 151 
1827071 69 
1827136 93 
1827819 91 
1827868 91 
1828597 103 
1828597 101 
1829502 100 
1829502 2
1829502 1571
1829502 11
1831504 25 
1831549 75 
1832312 72 
1832312 70 
1833207 80 
1833560 83 
1834666 64 
1835783 256 
1835796 61 
1835808 61 
1835808 151 
1835808 69 
1835867 93 
1836373 91 
1837323 103 
1837323 101 
1838232 100 
1838232 2
1838232 1571
1838232 11
1840232 25 
1840278 75 
1841039 72 
1841039 70 
1841937 80 
1842283 83 
1844022 64 
1845741 256 
1845755 63 
1845947 63 
1845947 150 
1845947 68 
1845947 65
1846010 92 
1846503 90 
1847469 103 
1847469 101 
1847974 100 
1847974 2
1847974 1571
1847974 10
1849974 25 
1850020 75 
1850782 72 
1850782 70 
1851679 80 
1852035 83 
1852722 64 
1853537 62 
1853549 62 
1853549 151 
1853549 69 
1853607 93 
1854041 91 
1855062 103 
1855062 101 
1855972 100 
1855972 2
1855972 1571
1855972 10
1857970 25 
1858021 75 
1858783 72 
1858783 70 
1859689 80 
1860035 83 
1860745 64 
1861153 63 
1861165 63 
1861165 151 
1861165 69 
1861226 93 
1862688 103 
1862688 101 
1863595 100 
1863595 2
1863595 1571
1863595 10
1865596 25 
1865639 75 
1866401 72 
1866401 70 
1867299 80 
1867644 83 
1868229 64 
1869931 61 
1869942 61 
1869942 150 
1869942 68 
1869942 65
1869997 92 
1870424 90 
1871459 103 
1871459 101 
1871964 100 
1871964 2
1871964 1571
1871964 11
1873963 25 
1874013 75 
1874780 72 
1874780 70 
1875682 80 
1876029 83 
1877235 64 
1877470 63 
1877485 63 
1877485 150 
1877485 68 
1877485 65
1877548 92 
1879001 103 
1879001 101 
1879506 100 
1879506 2
1879506 1571
1879506 11
1881509 25 
1881555 75 
1882317 72 
1882317 70 
1883226 80 
1883571 83 
1884133 64 
1884359 63 
1884375 63 
1884375 150 
1884375 68 
1884375 65
1884430 92 
1885888 103 
1885888 101 
1886399 100 
1886399 2
1886399 1571
1886399 10
1888398 25 
1888444 75 
1889208 72 
1889208 70 
1890103 80 
1890453 83 
1890629 64 
1890860 256 
1890875 63 
1890890 63 
1890890 153 
1890890 68 
1890890 65
1890958 92 
1892410 103 
1892410 101 
1892919 100 
1892919 2
1892919 1571
1892919 10
1894915 25 
1894961 75 
1895726 72 
1895726 70 
1896620 80 
1897509 76 
1898090 76 
1898145 83 
1898433 64 
1898686 256 
1898699 63 
1898715 63 
1898715 151 
1898715 69 
1898775 93 
1900230 103 
1900230 101 
1901138 100 
1901138 2
1901138 1571
1901138 10
1903138 25 
1903188 75 
1903954 72 
1903954 70 
1904857 80 
1905213 83 
1905916 64 
1906208 63 
1906225 63 
1906225 151 
1906225 69 
1906292 93 
1906857 91 
1907748 103 
1907748 101 
1908655 100 
1908655 2
1908655 1571
1908655 11
1910655 25 
1910705 75 
1911470 72 
1911470 70 
1912374 80 
1912727 83 
1913456 64 
1914692 62 
1914703 62 
1914703 153 
1914703 68 
1914703 65
1914766 92 
1915205 90 
1916222 103 
1916222 101 
1916732 100 
1916732 2
1916732 1571
1916732 11
1918732 25 
1918777 75 
1919538 72 
1919538 70 
1920450 80 
1920797 83 
1920964 64 
1921151 256 
1921166 62 
1921181 62 
1921181 151 
1921181 69 
1921249 93 
1922700 103 
1922700 101 
1923609 100 
1923609 2
1923609 1571
1923609 10
1925609 25 
1927906 75 
1928671 72 
1928671 70 
1929753 80 
1930256 83 
1931433 64 
1933201 256 
1933214 61 
1933226 61 
1933226 150 
1933226 68 
1933226 65
1933292 92 
1933705 90 
1933725 90 
1934751 103 
1934751 101 
1935257 100 
1935257 2
1935257 1571
1935257 11
1937258 25 
1937303 75 
1938065 72 
1938065 70 
1938936 80 
1940405 76 
1940456 83 
1941065 64 
1941881 63 
1941894 63 
1941894 150 
1941894 68 
1941894 65
1941955 92 
1942318 90 
1943413 103 
1943413 101 
1943919 100 
1943919 2
1943919 1571
1943919 11
1945920 25 
1945978 75 
1946742 72 
1946742 70 
1947745 80 
1948095 83 
1948498 64 
1951367 61 
1951380 61 
1951380 151 
1951380 69 
1951445 93 
1952040 91 
1952511 91 
1952902 103 
1952902 101 
1953811 100 
1953811 2
1953811 1571
1953811 10
1955810 25 
1955855 75 
1956621 72 
1956621 70 
1957541 80 
1957887 83 
1959185 64 
1959685 63 
1959697 63 
1959697 151 
1959697 69 
1959760 93 
1960279 91 
1961220 103 
1961220 101 
1962125 100 
1962125 2
1962125 1571
1962125 10
1964126 25 
1964172 75 
1964936 72 
1964936 70 
1965831 80 
1966181 83 
1966638 64 
1969007 62 
1969020 62 
1969020 151 
1969020 69 
1969074 93 
1969880 91 
1970532 103 
1970532 101 
1971443 100 
1971443 2
1971443 1571
1971443 11
1973443 25 
1976608 75 
1977372 72 
1977372 70 
1978266 80 
1978613 83 
1980400 64 
1982951 61 
1982963 61 
1982963 151 
1982963 69 
1983016 93 
1983671 91 
1984477 103 
1984477 101 
1985381 100 
1985381 2
1985381 1571
1985381 10
1987384 25 
1987429 75 
1988193 72 
1988193 70 
1989101 80 
1989458 83 
1990305 64 
1990837 256 
1991075 63 
1991087 63 
1991087 151 
1991087 69 
1991147 93 
1991487 91 
1992606 103 
1992606 101 
1993513 100 
1993513 2
1993513 1571
1993513 10
1995512 25 
2002286 75 
2003051 72 
2003051 70 
2003961 80 
2004307 83 
2005412 64 
2006547 256 
2006561 61 
2006572 61 
2006572 150 
2006572 68 
2006572 65
2006634 92 
2008094 103 
2008094 101 
2008599 100 
2008599 2
2008599 1571
2008599 10
2010600 25 
2010646 75 
2011411 72 
2011411 70 
2012304 80 
2012648 83 
2014193 64 
2015067 63 
2015078 63 
2015078 151 
2015078 69 
2015135 93 
2016165 91 
2016596 103 
2016596 101 
2017501 100 
2017501 2
2017501 1571
2017501 11
2019503 25 
2019549 75 
2020026 73 
2020707 72 
2020707 70 
2021607 80 
2021952 83 
2022305 64 
2023467 61 
2023479 61 
2023479 151 
2023479 69 
2023533 93 
2024267 91 
2024994 103 
2024994 101 
2025899 100 
2025899 2
2025899 1571
2025899 11
2027899 25 
2037938 254 
2055232 75 
2055730 73 
2056437 72 
2056437 70 
2057379 80 
2057802 83 
2059359 64 
2060941 62 
2060954 62 
2060954 151 
2060954 69 
2061009 93 
2061537 91 
2061951 91 
2062471 103 
2062471 101 
2063375 100 
2063375 2
2063375 1571
2063375 11
2065377 25 
2065422 75 
2066189 72 
2066189 70 
2067068 80 
2067466 83 
2069141 64 
2070589 63 
2070602 63 
2070602 152 
2070602 69 
2070662 93 
2071109 91 
2071546 91 
2072116 103 
2072116 101 
2073026 100 
2073026 2
2073026 1571
2073026 10
2075026 25 
2076429 75 
2077192 72 
2077192 70 
2078090 80 
2078485 83 
2081173 64 
2082269 63 
2082280 63 
2082280 151 
2082280 69 
2082333 93 
2083242 91 
2083791 103 
2083791 101 
2084702 100 
2084702 2
2084702 1571
2084702 10
2086701 25 
2096738 254 
2098813 75 
2099574 72 
2099574 70 
2100454 80 
2100881 83 
2101349 64 
2102479 256 
2102493 62 
2102504 62 
2102504 151 
2102504 69 
2102567 93 
2103104 91 
2103432 91 
2103758 91 
2104025 103 
2104025 101 
2104931 100 
2104931 2
2104931 1571
2104931 10
2106932 25 
2106978 75 
2107741 72 
2107741 70 
2108623 80 
2109054 83 
2110350 64 
2110683 256 
2110697 62 
2110709 62 
2110709 151 
2110709 69 
2110771 93 
2111127 91 
2111464 91 
2111774 91 
2112133 91 
2112240 103 
2112240 101 
2113154 100 
2113154 2
2113154 1571
2113154 11
2115156 25 
2115201 75 
2115963 72 
2115963 70 
2116860 80 
2117260 83 
2118167 64 
2120442 63 
2120455 63 
2120455 150 
2120455 68 
2120455 65
2120521 92 
2121048 90 
2121166 90 
2121976 103 
2121976 101 
2122483 100 
2122483 2
2122483 1571
2122483 11
2124484 25 
2124531 75 
2125291 72 
2125291 70 
2126163 80 
2126579 83 
2127583 64 
2128230 256 
2128244 62 
2128255 62 
2128255 151 
2128255 69 
2128313 93 
2128822 91 
2129030 91 
2129419 91 
2129772 103 
2129772 101 
2130681 100 
2130681 2
2130681 1571
2130681 11
2132681 25 
2132731 75 
2133494 72 
2133494 70 
2134386 80 
2134756 83 
2135556 64 
2136897 61 
2136909 61 
2136909 151 
2136909 69 
2137079 91 
2137100 93 
2137517 91 
2138422 103 
2138422 101 
2139329 100 
2139329 2
2139329 1571
2139329 10
2141331 25 
2149530 75 
2150294 72 
2150294 70 
2151205 80 
2151590 83 
2152509 64 
2153299 63 
2153311 63 
2153311 151 
2153311 69 
2153371 93 
2154038 91 
2154832 103 
2154832 101 
2155736 100 
2155736 2
2155736 1571
2155736 11
2157737 25 
2157782 75 
2158549 72 
2158549 70 
2159428 80 
2159826 83 
2160153 64 
2161184 62 
2161197 62 
2161197 153 
2161197 68 
2161197 65
2161259 92 
2161738 90 
2162722 103 
2162722 101 
2163226 100 
2163226 2
2163226 1571
2163226 11
2165226 25 
2165273 75 
2166037 72 
2166037 70 
2166879 80 
2167249 83 
2167457 64 
2168124 62 
2168136 62 
2168136 151 
2168136 69 
2168191 93 
2168486 91 
2169651 103 
2169651 101 
2170557 100 
2170557 2
2170557 1571
2170557 11
2172557 25 
2172603 75 
2173364 72 
2173364 70 
2174249 80 
2174951 76 
2175339 76 
2175440 83 
2175706 64 
2176486 256 
2176498 62 
2176510 62 
2176510 151 
2176510 69 
2176573 93 
2178031 103 
2178031 101 
2178942 100 
2178942 2
2178942 1571
2178942 11
2180940 25 
2180986 75 
2181748 72 
2181748 70 
2182659 80 
2183032 83 
2184603 64 
2185786 63 
2185798 63 
2185798 150 
2185798 68 
2185798 65
2185863 92 
2186268 90 
2187324 103 
2187324 101 
2187829 100 
2187829 2
2187829 1571
2187829 10
2189830 25 
2196464 75 
2197225 72 
2197225 70 
2198145 80 
2198497 83 
2199891 64 
2201898 62 
2201909 62 
2201909 151 
2201909 69 
2201965 93 
2202419 91 
2203421 103 
2203421 101 
2204331 100 
2204331 2
2204331 1571
2204331 10
2206329 25 
2207048 75 
2207487 73 
2208171 72 
2208171 70 
2209074 80 
2209448 83 
2209729 64 
2212387 256 
2212400 63 
2212411 63 
2212411 151 
2212411 69 
2212466 93 
2213924 103 
2213924 101 
2214832 100 
2214832 2
2214832 1571
2214832 10
2216833 25 
2216918 75 
2217111 73 
2217793 72 
2217793 70 
2218697 80 
2219071 83 
2219766 64 
2220725 61 
2221108 61 
2221108 150 
2221108 68 
2221108 65
2221169 92 
2221590 90 
2222628 103 
2222628 101 
2223134 100 
2223134 2
2223134 1571
2223134 10
2225135 25 
2225185 75 
2225948 72 
2225948 70 
2226866 80 
2227240 83 
2227401 64 
2227974 61 
2227988 61 
2227988 150 
2227988 68 
2227988 65
2228045 92 
2228375 90 
2229506 103 
2229506 101 
2230012 100 
2230012 2
2230012 1571
2230012 11
2232013 25 
2232058 75 
2232824 72 
2232824 70 
2233823 80 
2234180 83 
2235264 64 
2235847 256 
2235861 61 
2235872 61 
2235872 153 
2235872 68 
2235872 65
2236391 90 
2236413 92 
2237394 103 
2237394 101 
2237901 100 
2237901 2
2237901 1571
2237901 11
2239902 25 
2239948 75 
2240713 72 
2240713 70 
2241607 80 
2244020 76 
2244123 83 
2244258 64 
2244585 61 
2244599 61 
2244599 151 
2244599 69 
2244672 93 
2245374 91 
2246124 103 
2246124 101 
2247033 100 
2247033 2
2247033 1571
2247033 11
2249031 25 
2249082 75 
2249850 72 
2249850 70 
2250750 80 
2251647 76 
2251700 83 
2251992 64 
2253364 61 
2253375 61 
2253375 151 
2253375 69 
2253433 93 
2253944 91 
2254892 103 
2254892 101 
2255802 100 
2255802 2
2255802 1571
2255802 10
2257801 25 
2259636 75 
2260397 72 
2260397 70 
2261065 71 
2261745 80 
2262089 83 
2264026 64 
2265234 256 
2265248 62 
2265260 62 
2265260 151 
2265260 69 
2265322 93 
2265843 91 
2266139 91 
2266783 103 
2266783 101 
2267689 100 
2267689 2
2267689 1571
2267689 10
2269690 25 
2269815 75 
2269972 73 
2270657 72 
2270657 70 
2271341 71 
2272021 80 
2272372 83 
2273757 64 
2274495 63 
2274507 63 
2274507 151 
2274507 69 
2274572 93 
2275131 91 
2276030 103 
2276030 101 
2276940 100 
2276940 2
2276940 1571
2276940 11
2278940 25 
2278984 75 
2279749 72 
2279749 70 
2280644 80 
2281003 83 
2281114 64 
2282719 61 
2282727 61 
2282727 151 
2282727 69 
2282780 93 
2283367 91 
2284167 91 
2284246 103 
2284246 101 
2285162 100 
2285162 2
2285162 1571
2285162 10
2287163 25 
2287208 75 
2287975 72 
2287975 70 
2288880 80 
2289223 83 
2291539 64 
2292507 62 
2292519 62 
2292519 151 
2292519 69 
2292579 93 
2293424 91 
2293667 91 
2294037 103 
2294037 101 
2294944 100 
2294944 2
2294944 1571
2294944 11
2296944 25 
2296991 75 
2297754 72 
2297754 70 
2298423 71 
2299102 80 
2299453 83 
2300280 64 
2302029 61 
2302041 61 
2302041 151 
2302041 69 
2302178 91 
2302200 93 
2302669 91 
2303497 91 
2303555 103 
2303555 101 
2304461 100 
2304461 2
2304461 1571
2304461 10
2306462 25 
2306506 75 
2307271 72 
2307271 70 
2308178 80 
2308525 83 
2309379 64 
2309992 61 
2310003 61 
2310003 150 
2310003 68 
2310003 65
2310783 90 
2310810 92 
2311523 103 
2311523 101 
2312034 100 
2312034 2
2312034 1571
2312034 10
2314032 25 
2314076 75 
2314840 72 
2314840 70 
2315749 80 
2316099 83 
2316368 64 
2317028 61 
2317039 61 
2317039 150 
2317039 68 
2317039 65
2317101 92 
2317422 90 
2317445 90 
2318562 103 
2318562 101 
2319070 100 
2319070 2
2319070 1571
2319070 11
2321067 25 
2321118 75 
2321882 72 
2321882 70 
2322772 80 
2323137 83 
2323249 64 
2323777 63 
2323789 63 
2323789 150 
2323789 68 
2323789 65
2323845 92 
2324242 90 
2325302 103 
2325302 101 
2325810 100 
2325810 2
2325810 1571
2325810 10
2327812 25 
2329104 75 
2329869 72 
2329869 70 
2331235 250 
2331915 71 
2332595 80 
2332945 83 
2333178 64 
2333904 61 
2333916 61 
2333916 150 
2333916 68 
2333916 65
2333972 90 
2333994 92 
2334290 90 
2335434 103 
2335434 101 
2335941 100 
2335941 2
2335941 1571
2335941 11
2337941 25 
2337991 75 
2338754 72 
2338754 70 
2339686 80 
2340088 83 
2340912 64 
2341414 61 
2341424 61 
2341424 153 
2341424 68 
2341424 65
2341490 92 
2341793 90 
2342949 103 
2342949 101 
2343457 100 
2343457 2
2343457 1571
2343457 10
2345456 25 
2345502 75 
2346264 72 
2346264 70 
2347162 80 
2347535 83 
2347766 64 
2348120 61 
2348135 61 
2348135 150 
2348135 68 
2348135 65
2348197 92 
2348812 90 
2349654 103 
2349654 101 
2350161 100 
2350161 2
2350161 1571
2350161 11
2352162 25 
2352206 75 
2352968 72 
2352968 70 
2353866 80 
2354214 83 
2354471 64 
2354716 61 
2354729 61 
2354729 151 
2354729 69 
2354798 93 
2355419 91 
2356251 103 
2356251 101 
2357156 100 
2357156 2
2357156 1571
2357156 10
2359158 25 
2359205 75 
2359966 72 
2359966 70 
2360863 80 
2361210 83 
2361328 64 
2361808 61 
2361819 61 
2361819 150 
2361819 68 
2361819 65
2361880 92 
2362249 90 
2363341 103 
2363341 101 
2363847 100 
2363847 2
2363847 1571
2363847 10
2365849 25 
2365894 75 
2366659 72 
2366659 70 
2367567 80 
2368397 76 
2368977 76 
2369026 83 
2369189 64 
2371960 62 
2371971 62 
2371971 151 
2371971 69 
2372038 93 
2373498 103 
2373498 101 
2374403 100 
2374403 2
2374403 1571
2374403 11
2376404 25 
2376450 75 
2377214 72 
2377214 70 
2378109 80 
2378452 83 
2378776 64 
2380179 256 
2380193 61 
2380204 61 
2380204 151 
2380204 69 
2380260 93 
2380898 91 
2381342 91 
2381718 103 
2381718 101 
2382628 100 
2382628 2
2382628 1571
2382628 10
2384628 25 
2384673 75 
2385437 72 
2385437 70 
2386332 80 
2386681 83 
2386804 64 
2387434 61 
2387445 61 
2387445 150 
2387445 68 
2387445 65
2387513 92 
2387891 90 
2388969 103 
2388969 101 
2389476 100 
2389476 2
2389476 1571
2389476 11
2391478 25 
2391593 75 
2392354 72 
2392354 70 
2393262 80 
2393611 83 
2394374 64 
2395845 61 
2395857 61 
2395857 151 
2395857 69 
2395920 93 
2397380 103 
2397380 101 
2398289 100 
2398289 2
2398289 1571
2398289 11
2400287 25 
2400332 75 
2401096 72 
2401096 70 
2401992 80 
2402335 83 
2402610 64 
2404623 61 
2404631 61 
2404631 151 
2404631 69 
2404686 93 
2405327 91 
2405680 91 
2406147 103 
2406147 101 
2407058 100 
2407058 2
2407058 1571
2407058 11
2409059 25 
2409107 75 
2409870 72 
2409870 70 
2410761 80 
2411109 83 
2412401 64 
2414582 63 
2414595 63 
2414595 150 
2414595 68 
2414595 65
2414661 92 
2415107 90 
2416117 103 
2416117 101 
2416624 100 
2416624 2
2416624 1571
2416624 11
2418625 25 
2418671 75 
2419432 72 
2419432 70 
2420331 80 
2420678 83 
2421710 64 
2421941 256 
2421956 63 
2421971 63 
2421971 150 
2421971 68 
2421971 65
2422034 92 
2423487 103 
2423487 101 
2423996 100 
2423996 2
2423996 1571
2423996 10
2425997 25 
2426041 75 
2426806 72 
2426806 70 
2427701 80 
2428050 83 
2428297 64 
2429430 61 
2429731 61 
2429731 152 
2429731 69 
2429790 93 
2430477 91 
2431094 91 
2431247 103 
2431247 101 
2432153 100 
2432153 2
2432153 1571
2432153 11
2434153 25 
2434198 75 
2434959 72 
2434959 70 
2435857 80 
2436197 83 
2437687 64 
2438354 61 
2438366 61 
2438366 151 
2438366 69 
2439322 91 
2439693 91 
2439716 93 
2439848 91 
2439880 103 
2439880 101 
2440788 100 
2440788 2
2440788 1571
2440788 10
2442789 25 
2442834 75 
2443599 72 
2443599 70 
2444520 80 
2444876 83 
2445393 64 
2447437 61 
2447448 61 
2447448 150 
2447448 68 
2447448 65
2447511 92 
2447881 90 
2448968 103 
2448968 101 
2449478 100 
2449478 2
2449478 1571
2449478 11
2451479 25 
2451525 75 
2452291 72 
2452291 70 
2453250 80 
2453650 83 
2453932 64 
2456381 256 
2456396 62 
2456407 62 
2456407 151 
2456407 69 
2456467 93 
2457249 91 
2457560 91 
2457758 91 
2457933 103 
2457933 101 
2458845 100 
2458845 2
2458845 1571
2458845 10
2460849 25 
2460898 75 
2461661 72 
2461661 70 
2462566 80 
2462968 83 
2463661 64 
2465311 61 
2465324 61 
2465324 150 
2465324 68 
2465324 65
2465385 92 
2465753 90 
2466846 103 
2466846 101 
2467352 100 
2467352 2
2467352 1571
2467352 10
2469351 25 
2469403 75 
2470166 72 
2470166 70 
2471029 80 
2474079 76 
2474182 83 
2475292 64 
2476270 256 
2476284 62 
2476295 62 
2476295 151 
2476295 69 
2476350 93 
2476873 91 
2477812 103 
2477812 101 
2478720 100 
2478720 2
2478720 1571
2478720 10
2480719 25 
2480765 75 
2481528 72 
2481528 70 
2482438 80 
2482783 83 
2483557 64 
2484460 61 
2484472 61 
2484472 150 
2484472 68 
2484472 65
2484536 92 
2484892 90 
2485993 103 
2485993 101 
2486503 100 
2486503 2
2486503 1571
2486503 11
2488503 25 
2488548 75 
2489308 72 
2489308 70 
2490181 80 
2491269 76 
2491324 83 
2491657 64 
2492519 256 
2493221 63 
2493232 63 
2493232 150 
2493232 68 
2493232 65
2493292 92 
2493716 90 
2494753 103 
2494753 101 
2495260 100 
2495260 2
2495260 1571
2495260 11
2497259 25 
2497304 75 
2498070 72 
2498070 70 
2498964 80 
2499336 83 
2500021 64 
2500994 61 
2501006 61 
2501006 151 
2501006 69 
2501057 91 
2501079 93 
2501570 91 
2502520 103 
2502520 101 
2503429 100 
2503429 2
2503429 1571
2503429 11
2505429 25 
2510997 75 
2511759 72 
2511759 70 
2512638 80 
2513039 83 
2514211 64 
2514843 63 
2514859 63 
2514859 152 
2514859 69 
2514931 93 
2515283 91 
2515339 91 
2516384 103 
2516384 101 
2517291 100 
2517291 2
2517291 1571
2517291 11
2519293 25 
2519335 75 
2520097 72 
2520097 70 
2521021 80 
2521426 83 
2521792 64 
2523267 61 
2523435 61 
2523435 151 
2523435 69 
2523498 93 
2524099 91 
2524953 103 
2524953 101 
2525858 100 
2525858 2
2525858 1571
2525858 10
2527860 25 
2531286 75 
2531471 73 
2532160 72 
2532160 70 
2533069 80 
2533510 83 
2535263 64 
2535772 63 
2535784 63 
2535784 151 
2535784 69 
2535846 93 
2537307 103 
2537307 101 
2538214 100 
2538214 2
2538214 1571
2538214 10
2540213 25 
2540268 75 
2541034 72 
2541034 70 
2541879 80 
2542258 83 
2544394 64 
2547669 256 
2550206 61 
2550218 61 
2550218 150 
2550218 68 
2550218 65
2550284 92 
2551743 103 
2551743 101 
2552248 100 
2552248 2
2552248 1571
2552248 11
2554249 25 
2554313 75 
2554517 73 
2555199 72 
2555199 70 
2556060 80 
2556448 83 
2557027 64 
2558087 61 
2558098 61 
2558098 151 
2558098 69 
2564654 91 
2564677 93 
2564677 103 
2564677 101 
2565592 100 
2565592 2
2565592 1571
2565592 10
2567590 25 
2567635 75 
2568400 72 
2568400 70 
2569294 80 
2569670 83 
2570550 64 
2571830 63 
2571841 63 
2571841 151 
2571841 69 
2571901 93 
2572469 91 
2573361 103 
2573361 101 
2574266 100 
2574266 2
2574266 1571
2574266 10
2576266 25 
2576311 75 
2576533 73 
2577217 72 
2577217 70 
2578130 80 
2578501 83 
2579083 64 
2580612 61 
2580623 61 
2580623 150 
2580623 68 
2580623 65
2580682 92 
2581049 90 
2582141 103 
2582141 101 
2582649 100 
2582649 2
2582649 1571
2582649 10
2584649 25 
2584695 75 
2585458 72 
2585458 70 
2586500 80 
2586847 83 
2587097 64 
2587442 61 
2587453 61 
2587453 150 
2587453 68 
2587453 65
2587972 90 
2587992 92 
2588975 103 
2588975 101 
2589487 100 
2589487 2
2589487 1571
2589487 11
2591486 25 
2591532 75 
2592297 72 
2592297 70 
2601587 71 
2602040 80 
2603999 76 
2604104 83 
2604291 64 
2607654 62 
2607665 62 
2607665 151 
2607665 69 
2607724 93 
2609068 91 
2609181 103 
2609181 101 
2610089 100 
2610089 2
2610089 1571
2610089 11
2612092 25 
2612139 75 
2612900 72 
2612900 70 
2613808 80 
2614163 83 
2615040 64 
2615812 63 
2615824 63 
2615824 150 
2615824 68 
2615824 65
2615881 92 
2616292 90 
2617341 103 
2617341 101 
2617848 100 
2617848 2
2617848 1571
2617848 11
2619847 25 
2619894 75 
2620655 72 
2620655 70 
2621552 80 
2622154 76 
2622256 83 
2622621 64 
2623466 256 
2623480 61 
2623491 61 
2623491 151 
2623491 69 
2624267 91 
2624292 93 
2625017 103 
2625017 101 
2625928 100 
2625928 2
2625928 1571
2625928 10
2627925 25 
2627974 75 
2628741 72 
2628741 70 
2629642 80 
2629988 83 
2631634 64 
2632809 63 
2632822 63 
2632822 151 
2632822 69 
2632885 93 
2633331 91 
2633922 91 
2634345 103 
2634345 101 
2635254 100 
2635254 2
2635254 1571
2635254 10
2637253 25 
2637299 75 
2638064 72 
2638064 70 
2638958 80 
2639320 83 
2640319 64 
2640987 61 
2641000 61 
2641000 150 
2641000 68 
2641000 65
2641565 90 
2641581 92 
2642497 90 
2642515 103 
2642515 101 
2643022 100 
2643022 2
2643022 1571
2643022 11
2645024 25 
2645070 75 
2645833 72 
2645833 70 
2646728 80 
2647075 83 
2648352 64 
2649086 256 
2649100 63 
2649111 63 
2649111 150 
2649111 68 
2649111 65
2649175 92 
2649559 90 
2650631 103 
2650631 101 
2651142 100 
2651142 2
2651142 1571
2651142 10
2653140 25 
2653186 75 
2653950 72 
2653950 70 
2654858 80 
2655220 83 
2655937 64 
2656799 61 
2656811 61 
2656811 150 
2656811 68 
2656811 65
2656877 92 
2657254 90 
2658337 103 
2658337 101 
2658843 100 
2658843 2
2658843 1571
2658843 10
2660843 25 
2660889 75 
2661653 72 
2661653 70 
2662548 80 
2662896 83 
2663186 64 
2663576 61 
2663587 61 
2663587 150 
2663587 68 
2663587 65
2663647 92 
2664018 90 
2665108 103 
2665108 101 
2665614 100 
2665614 2
2665614 1571
2665614 10
2667613 25 
2667659 75 
2668424 72 
2668424 70 
2669345 80 
2669698 83 
2670362 64 
2670935 61 
2670943 61 
2670943 150 
2670943 68 
2670943 65
2671005 92 
2671351 90 
2672463 103 
2672463 101 
2672970 100 
2672970 2
2672970 1571
2672970 11
2674971 25 
2675016 75 
2675780 72 
2675780 70 
2676688 80 
2676949 76 
2677051 83 
2677361 64 
2677851 63 
2677863 63 
2677863 152 
2677863 69 
2677921 93 
2678285 91 
2679379 103 
2679379 101 
2680288 100 
2680288 2
2680288 1571
2680288 10
2682286 25 
2689674 75 
2690439 72 
2690439 70 
2691402 80 
2691819 83 
2692461 64 
2693204 61 
2693216 61 
2693216 150 
2693216 68 
2693216 65
2693273 92 
2693676 90 
2694731 103 
2694731 101 
2695242 100 
2695242 2
2695242 1571
2695242 10
2697241 25 
2697287 75 
2698051 72 
2698051 70 
2698972 80 
2699350 83 
2699532 64 
2699940 61 
2699952 61 
2699952 150 
2699952 68 
2699952 65
2700023 92 
2700407 90 
2701474 103 
2701474 101 
2701983 100 
2701983 2
2701983 1571
2701983 11
2703984 25 
2704030 75 
2704793 72 
2704793 70 
2705703 80 
2706106 83 
2706952 64 
2707498 256 
2707511 63 
2707522 63 
2707522 150 
2707522 68 
2707522 65
2707589 92 
2707962 90 
2709048 103 
2709048 101 
2709555 100 
2709555 2
2709555 1571
2709555 11
2711556 25 
2711609 75 
2712371 72 
2712371 70 
2713273 80 
2713684 83 
2714707 64 
2715059 63 
2715070 63 
2715070 150 
2715070 68 
2715070 65
2715134 92 
2715493 90 
2716591 103 
2716591 101 
2717097 100 
2717097 2
2717097 1571
2717097 11
2719097 25 
2719143 75 
2719909 72 
2719909 70 
2720830 80 
2721786 76 
2721880 83 
2722389 64 
2722863 63 
2722875 63 
2722875 150 
2722875 68 
2722875 65
2722943 92 
2723317 90 
2724399 103 
2724399 101 
2724907 100 
2724907 2
2724907 1571
2724907 11
2726908 25 
2727648 75 
2728413 72 
2728413 70 
2729373 80 
2729805 83 
2730539 64 
2731166 63 
2731177 63 
2731177 150 
2731177 68 
2731177 65
2731230 92 
2731597 90 
2732689 103 
2732689 101 
2733198 100 
2733198 2
2733198 1571
2733198 10
2735197 25 
2735243 75 
2736004 72 
2736004 70 
2736956 80 
2737304 83 
2737655 64 
2738173 256 
2738188 61 
2738199 61 
2738199 152 
2738199 69 
2738253 93 
2739537 91 
2739716 103 
2739716 101 
2740620 100 
2740620 2
2740620 1571
2740620 10
2742622 25 
2742675 75 
2743440 72 
2743440 70 
2744459 80 
2744805 83 
2745867 64 
2746572 256 
2746587 61 
2746599 61 
2746599 150 
2746599 68 
2746599 65
2746666 92 
2747041 90 
2748123 103 
2748123 101 
2748637 100 
2748637 1
2748637 1571
2748637 10
2748637 78 
2750635 25 
2750681 75 
2760670 254 
2766687 73 
2771230 73 
2771913 72 
2771913 70 
2772821 80 
2773176 83 
2773285 64 
2774972 61 
2774983 61 
2774983 150 
2774983 68 
2774983 65
2775041 92 
2775363 90 
2775401 90 
2776498 103 
2776498 101 
2777007 100 
2777007 1
2777007 1571
2777007 11
2779007 25 
2779052 75 
2779812 72 
2779812 70 
2780711 80 
2781058 83 
2781186 64 
2781605 63 
2781616 63 
2781616 151 
2781616 69 
2781674 93 
2782124 91 
2782615 91 
2783137 91 
2783137 103 
2783137 101 
2784042 100 
2784042 1
2784042 1571
2784042 10
2786042 25 
2786088 75 
2786850 72 
2786850 70 
2787748 80 
2788098 83 
2788368 64 
2788898 61 
2788910 61 
2788910 150 
2788910 68 
2788910 65
2788968 92 
2789406 90 
2790428 103 
2790428 101 
2790937 100 
2790937 1
2790937 1571
2790937 10
2792935 25 
2792979 75 
2793744 72 
2793744 70 
2794651 80 
2795004 83 
2795134 64 
2795718 256 
2795733 61 
2795743 61 
2795743 150 
2795743 68 
2795743 65
2795804 92 
2796188 90 
2797263 103 
2797263 101 
2797771 100 
2797771 1
2797771 1571
2797771 10
2799771 25 
2802284 75 
2803048 72 
2803048 70 
2803941 80 
2804308 83 
2804559 64 
2806096 61 
2806104 61 
2806104 150 
2806104 68 
2806104 65
2806159 92 
2806541 90 
2806561 90 
2807616 103 
2807616 101 
2808127 100 
2808127 1
2808127 1571
2808127 11
2810127 25 
2810172 75 
2810935 72 
2810935 70 
2811831 80 
2812175 83 
2812419 64 
2812763 63 
2812778 63 
2812778 151 
2812778 69 
2812836 93 
2813352 91 
2814294 103 
2814294 101 
2815204 100 
2815204 1
2815204 1571
2815204 11
2817202 25 
2821116 75 
2821882 72 
2821882 70 
2822786 80 
2823132 83 
2823797 64 
2824895 61 
2824909 61 
2824909 151 
2824909 69 
2824964 93 
2825431 91 
2826421 103 
2826421 101 
2827332 100 
2827332 1
2827332 1571
2827332 11
2829332 25 
2830867 75 
2831009 73 
2831074 73 
2831803 72 
2831803 70 
2832729 80 
2833091 83 
2833561 64 
2834201 61 
2834420 61 
2834420 153 
2834420 68 
2834420 65
2834481 92 
2834841 90 
2835935 103 
2835935 101 
2836447 100 
2836447 1
2836447 1571
2836447 10
2838447 25 
2838494 75 
2839259 72 
2839259 70 
2840165 80 
2846601 76 
2846704 83 
2846794 64 
2847075 256 
2847088 61 
2847099 61 
2847099 150 
2847099 68 
2847099 65
2847156 92 
2847633 90 
2848616 103 
2848616 101 
2849122 100 
2849122 1
2849122 1571
2849122 11
2851123 25 
2851175 75 
2851938 72 
2851938 70 
2852853 80 
2853227 83 
2853388 64 
2853845 63 
2853856 63 
2853856 151 
2853856 69 
2853914 93 
2854912 91 
2855371 103 
2855371 101 
2856279 100 
2856279 1
2856279 1571
2856279 10
2858279 25 
2868319 254 
2870266 75 
2871029 72 
2871029 70 
2871939 80 
2874774 76 
2874859 83 
2875382 64 
2875858 256 
2875873 61 
2875885 61 
2875885 150 
2875885 68 
2875885 65
2875944 92 
2876323 90 
2877401 103 
2877401 101 
2877909 100 
2877909 1
2877909 1571
2877909 11
2879909 25 
2879955 75 
2880717 72 
2880717 70 
2881614 80 
2882505 76 
2882556 83 
2883167 64 
2883732 62 
2883743 62 
2883743 150 
2883743 68 
2883743 65
2883807 92 
2884232 90 
2884252 90 
2885264 103 
2885264 101 
2885772 100 
2885772 1
2885772 1571
2885772 11
2887772 25 
2887826 75 
2888588 72 
2888588 70 
2889464 80 
2889851 83 
2889931 64 
2890187 62 
2890202 62 
2890202 152 
2890202 69 
2890254 91 
2890275 93 
2890781 91 
2891714 103 
2891714 101 
2892624 100 
2892624 1
2892624 1571
2892624 11
2894623 25 
2894670 75 
2895432 72 
2895432 70 
2896341 80 
2896764 83 
2897632 64 
2898474 256 
2898487 62 
2898498 62 
2898498 150 
2898498 68 
2898498 65
2898561 92 
2898968 90 
2900021 103 
2900021 101 
2900527 100 
2900527 1
2900527 1571
2900527 11
2902527 25 
2902572 75 
2903339 72 
2903339 70 
2904231 80 
2904627 83 
2904678 64 
2904900 256 
2904914 62 
2904925 62 
2904925 150 
2904925 68 
2904925 65
2904994 92 
2905436 90 
2906445 103 
2906445 101 
2906950 100 
2906950 1
2906950 1571
2906950 11
2908950 25 
2908997 75 
2909760 72 
2909760 70 
2910629 80 
2911024 83 
2911094 64 
2911269 62 
2911281 62 
2911281 150 
2911281 68 
2911281 65
2911345 92 
2911959 90 
2912798 103 
2912798 101 
2913307 100 
2913307 1
2913307 1571
2913307 11
2915308 25 
2915354 75 
2916117 72 
2916117 70 
2917026 80 
2917399 83 
2917568 64 
2917764 62 
2917775 62 
2917775 150 
2917775 68 
2917775 65
2917837 92 
2919290 103 
2919290 101 
2919799 100 
2919799 1
2919799 1571
2919799 10
2921798 25 
2921843 75 
2922605 72 
2922605 70 
2923503 80 
2923850 83 
2926606 64 
2927487 256 
2927500 61 
2927512 61 
2927512 150 
2927512 68 
2927512 65
2927574 92 
2927953 90 
2929033 103 
2929033 101 
2929541 100 
2929541 1
2929541 1571
2929541 10
2931542 25 
2931586 75 
2932350 72 
2932350 70 
2933246 80 
2933592 83 
2933972 64 
2935321 63 
2935332 63 
2935332 151 
2935332 69 
2935397 93 
2936546 91 
2936858 103 
2936858 101 
2937763 100 
2937763 1
2937763 1571
2937763 10
2939766 25 
2939814 75 
2940579 72 
2940579 70 
2941256 71 
2941949 80 
2942297 83 
2943401 64 
2943980 61 
2944799 61 
2944799 150 
2944799 68 
2944799 65
2944871 92 
2945268 90 
2946230 90 
2946320 103 
2946320 101 
2946828 100 
2946828 1
2946828 1571
2946828 10
2948827 25 
2948873 75 
2949637 72 
2949637 70 
2950545 80 
2950897 83 
2951399 64 
2951783 62 
2951794 62 
2951794 151 
2951794 69 
2951855 93 
2952452 91 
2953047 91 
2953315 103 
2953315 101 
2954223 100 
2954223 1
2954223 1571
2954223 10
2956224 25 
2959728 75 
2960494 72 
2960494 70 
2961394 80 
2961739 83 
2963222 64 
2964053 61 
2964852 61 
2964852 150 
2964852 68 
2964852 65
2964925 92 
2966377 103 
2966377 101 
2966885 100 
2966885 1
2966885 1571
2966885 11
2968886 25 
2978926 254 
2993052 75 
2993816 72 
2993816 70 
2994713 80 
2995060 83 
2995464 64 
2996114 256 
2996126 62 
2996138 62 
2996138 150 
2996138 68 
2996138 65
2996199 92 
2996623 90 
2997659 103 
2997659 101 
2998166 100 
2998166 1
2998166 1571
2998166 11
3000165 25 
3000210 75 
3000975 72 
3000975 70 
3001870 80 
3002230 83 
3002949 64 
3003154 62 
3003169 62 
3003169 150 
3003169 68 
3003169 65
3003244 92 
3003666 90 
3004692 103 
3004692 101 
3005201 100 
3005201 1
3005201 1571
3005201 10
3007202 25 
3017180 75 
3017243 254 
3017945 72 
3017945 70 
3018863 80 
3019209 83 
3019801 64 
3020467 63 
3020479 63 
3020479 151 
3020479 69 
3020534 93 
3021039 91 
3021238 91 
3021769 91 
3021996 103 
3021996 101 
3022900 100 
3022900 1
3022900 1571
3022900 10
3024901 25 
3024947 75 
3025710 72 
3025710 70 
3026566 80 
3026935 83 
3027271 64 
3028541 61 
3028553 61 
3028553 150 
3028553 68 
3028553 65
3028611 92 
3029037 90 
3030071 103 
3030071 101 
3030576 100 
3030576 1
3030576 1571
3030576 10
3032577 25 
3041560 75 
3041945 73 
3042616 254 
3042630 72 
3042630 70 
3043559 80 
3043928 83 
3044746 64 
3045846 62 
3045857 62 
3045857 151 
3045857 69 
3045911 93 
3047369 103 
3047369 101 
3048276 100 
3048276 1
3048276 1571
3048276 10
3050277 25 
3060318 254 
3060755 75 
3061520 72 
3061520 70 
3062404 80 
3062810 83 
3063005 64 
3063221 256 
3073031 252 
3074850 62 
3074866 62 
3074866 151 
3074866 69 
3102583 91 
3102611 93 
3102611 103 
3102611 101 
3103520 100 
3103520 1
3103520 1571
3103520 11
3105520 25 
3105566 75 
3106329 72 
3106329 70 
3107225 80 
3107568 83 
3108271 64 
3109149 61 
3109160 61 
3109160 151 
3109160 69 
3109213 91 
3109236 93 
3110676 103 
3110676 101 
3111582 100 
3111582 1
3111582 1571
3111582 11
3113584 25 
3113630 75 
3114395 72 
3114395 70 
3115288 80 
3115642 83 
3116104 64 
3117371 62 
3117383 62 
3117383 152 
3117383 69 
3117440 93 
3117815 91 
3118900 103 
3118900 101 
3119807 100 
3119807 1
3119807 1571
3119807 11
3121808 25 
3126794 75 
3127556 72 
3127556 70 
3128456 80 
3135108 76 
3135210 83 
3135812 64 
3136777 61 
3136788 61 
3136788 151 
3136788 69 
3136845 93 
3136985 91 
3137385 91 
3137626 91 
3138271 91 
3138305 103 
3138305 101 
3139212 100 
3139212 1
3139212 1571
3139212 10
3141211 25 
3141257 75 
3142023 72 
3142023 70 
3142917 80 
3143265 83 
3143886 64 
3144510 63 
3144522 63 
3144522 151 
3144522 69 
3144575 93 
3145890 91 
3146037 103 
3146037 101 
3146941 100 
3146941 1
3146941 1571
3146941 11
3148942 25 
3148988 75 
3149750 72 
3149750 70 
3150647 80 
3150990 83 
3151276 64 
3151783 62 
3151795 62 
3151795 150 
3151795 68 
3151795 65
3151854 92 
3152249 90 
3153309 103 
3153309 101 
3153822 100 
3153822 1
3153822 1571
3153822 10
3155820 25 
3155864 75 
3156626 72 
3156626 70 
3157537 80 
3157891 83 
3158110 64 
3159063 256 
3159077 61 
3159089 61 
3159089 150 
3159089 68 
3159089 65
3159143 92 
3159602 90 
3160605 103 
3160605 101 
3161108 100 
3161108 1
3161108 1571
3161108 10
3163108 25 
3163155 75 
3163919 72 
3163919 70 
3164814 80 
3165161 83 
3165278 64 
3166119 62 
3166127 62 
3166127 153 
3166127 68 
3166127 65
3166195 92 
3166617 90 
3167652 103 
3167652 101 
3168160 100 
3168160 1
3168160 1571
3168160 11
3170160 25 
3170206 75 
3170970 72 
3170970 70 
3171864 80 
3172214 83 
3172292 64 
3172488 256 
3172502 62 
3172518 62 
3172518 150 
3172518 68 
3172518 65
3172579 92 
3173175 90 
3174033 103 
3174033 101 
3174542 100 
3174542 1
3174542 1571
3174542 11
3176544 25 
3176590 75 
3177356 72 
3177356 70 
3178262 80 
3179167 76 
3179220 83 
3179446 64 
3179655 62 
3179667 62 
3179667 150 
3179667 68 
3179667 65
3179721 92 
3181182 103 
3181182 101 
3181689 100 
3181689 1
3181689 1571
3181689 11
3183688 25 
3183733 75 
3184497 72 
3184497 70 
3185405 80 
3185754 83 
3185809 64 
3186121 62 
3186136 62 
3186136 150 
3186136 68 
3186136 65
3186200 92 
3186736 90 
3187654 103 
3187654 101 
3188164 100 
3188164 1
3188164 1571
3188164 10
3190164 25 
3190209 75 
3190975 72 
3190975 70 
3191869 80 
3193370 76 
3193423 83 
3193647 64 
3193866 256 
3193881 62 
3193893 62 
3193893 151 
3193893 69 
3193952 93 
3195416 103 
3195416 101 
3196321 100 
3196321 1
3196321 1571
3196321 10
3198321 25 
3205282 75 
3206044 72 
3206044 70 
3206956 80 
3207334 83 
3207495 64 
3208203 62 
3208216 62 
3208216 151 
3208216 69 
3208280 93 
3209739 103 
3209739 101 
3210647 100 
3210647 1
3210647 1571
3210647 11
3212649 25 
3222686 254 
3223428 75 
3224190 72 
3224190 70 
3225082 80 
3225429 83 
3230871 64 
3231188 61 
3231199 61 
3231199 151 
3231199 69 
3231255 91 
3231278 93 
3231775 91 
3232723 103 
3232723 101 
3233637 100 
3233637 1
3233637 1571
3233637 10
3235639 25 
3235683 75 
3236446 72 
3236446 70 
3237330 80 
3237755 83 
3241424 64 
3242827 256 
3242839 62 
3242850 62 
3242850 151 
3242850 69 
3242902 91 
3242924 93 
3243305 91 
3244366 103 
3244366 101 
3245273 100 
3245273 1
3245273 1571
3245273 11
3247274 25 
3247318 75 
3248083 72 
3248083 70 
3248978 80 
3249805 76 
3249908 83 
3250140 64 
3250343 62 
3250351 62 
3250351 150 
3250351 68 
3250351 65
3250420 92 
3250911 90 
3251869 103 
3251869 101 
3252377 100 
3252377 1
3252377 1571
3252377 10
3254378 25 
3254423 75 
3255185 72 
3255185 70 
3256082 80 
3256430 83 
3257357 64 
3257784 63 
3257799 63 
3257799 151 
3257799 69 
3257864 93 
3258463 91 
3259319 103 
3259319 101 
3260227 100 
3260227 1
3260227 1571
3260227 11
3262228 25 
3268551 75 
3269317 72 
3269317 70 
3270249 80 
3270595 83 
3271874 64 
3272153 256 
3272167 62 
3272179 62 
3272179 150 
3272179 68 
3272179 65
3272240 92 
3272618 90 
3273699 90 
3273699 103 
3273699 101 
3274211 100 
3274211 1
3274211 1571
3274211 11
3276208 25 
3276253 75 
3277016 72 
3277016 70 
3277912 80 
3278264 83 
3278292 64 
3278452 62 
3278464 62 
3278464 150 
3278464 68 
3278464 65
3278521 92 
3279109 90 
3279978 103 
3279978 101 
3280484 100 
3280484 1
3280484 1571
3280484 10
3282485 25 
3282531 75 
3283296 72 
3283296 70 
3283963 71 
3284643 80 
3284995 83 
3285541 64 
3285953 256 
3285966 61 
3285977 61 
3285977 150 
3285977 68 
3285977 65
3286034 92 
3286478 90 
3286720 90 
3287493 103 
3287493 101 
3288006 100 
3288006 1
3288006 1571
3288006 11
3290003 25 
3290047 75 
3290809 72 
3290809 70 
3291707 80 
3292442 76 
3292655 76 
3292707 83 
3292976 64 
3293136 62 
3293149 62 
3293149 150 
3293149 68 
3293149 65
3293211 92 
3293759 90 
3294661 103 
3294661 101 
3295174 100 
3295174 1
3295174 1571
3295174 10
3297173 25 
3297217 75 
3297982 72 
3297982 70 
3298877 80 
3299226 83 
3299537 64 
3299872 61 
3300035 61 
3300035 150 
3300035 68 
3300035 65
3300096 92 
3300518 90 
3301335 90 
3301556 103 
3301556 101 
3302063 100 
3302063 1
3302063 1571
3302063 10
3304062 25 
3314104 254 
3319819 75 
3320584 72 
3320584 70 
3321507 80 
3321855 83 
3323575 64 
3324468 61 
3324479 61 
3324479 152 
3324479 69 
3324538 93 
3325044 91 
3325222 91 
3325997 103 
3325997 101 
3326905 100 
3326905 1
3326905 1571
3326905 11
3328904 25 
3328954 75 
3329719 72 
3329719 70 
3330637 80 
3331320 76 
3331422 83 
3331612 64 
3331798 62 
3331806 62 
3331806 150 
3331806 68 
3331806 65
3331875 92 
3333328 103 
3333328 101 
3333835 100 
3333835 1
3333835 1571
3333835 10
3335835 25 
3335881 75 
3336647 72 
3336647 70 
3337567 80 
3337914 83 
3340459 64 
3340840 61 
3340914 61 
3340914 150 
3340914 68 
3340914 65
3341024 90 
3341045 92 
3341316 90 
3342430 103 
3342430 101 
3342939 100 
3342939 1
3342939 1571
3342939 11
3344938 25 
3344984 75 
3345746 72 
3345746 70 
3346643 80 
3348133 76 
3348233 83 
3348440 64 
3348617 62 
3348625 62 
3348625 150 
3348625 68 
3348625 65
3348690 92 
3349744 90 
3350145 103 
3350145 101 
3350654 100 
3350654 1
3350654 1571
3350654 10
3352654 25 
3361785 75 
3362546 72 
3362546 70 
3363583 80 
3363937 83 
3364884 64 
3365046 61 
3365061 61 
3365061 150 
3365061 68 
3365061 65
3365126 92 
3366582 103 
3366582 101 
3367087 100 
3367087 1
3367087 1571
3367087 10
3369088 25 
3369134 75 
3369897 72 
3369897 70 
3370793 80 
3371144 83 
3371478 64 
3371785 61 
3371797 61 
3371797 150 
3371797 68 
3371797 65
3371853 92 
3372199 90 
3373313 103 
3373313 101 
3373818 100 
3373818 1
3373818 1571
3373818 10
3375819 25 
3385858 254 
3390444 75 
3391210 72 
3391210 70 
3392117 80 
3392468 83 
3392811 64 
3393253 255 
3393380 256 
3395531 61 
3395542 61 
3395542 150 
3395542 68 
3395542 65
3395603 92 
3395995 90 
3396777 90 
3397058 103 
3397058 101 
3397568 100 
3397568 1
3397568 1571
3397568 10
3399569 25 
3399613 75 
3400375 72 
3400375 70 
3401274 80 
3401623 83 
3401716 64 
3402522 61 
3402533 61 
3402533 150 
3402533 68 
3402533 65
3402600 92 
3403085 90 
3404057 103 
3404057 101 
3404098 102 
