0 100 
0 3
0 1538
0 10
1995 25 
2970 75 
3371 72 
3371 70 
4399 80 
4599 83 
7584 64 
7803 256 
8011 62 
8224 152 
8224 69 
8296 93 
9758 103 
9758 101 
10681 100 
10681 3
10681 1538
10681 10
12681 25 
12762 75 
13166 72 
13166 70 
13888 80 
14022 83 
14155 64 
14421 62 
14557 151 
14557 69 
14636 93 
16100 103 
16100 101 
17008 100 
17008 3
17008 1538
17008 11
19006 25 
19092 75 
19495 72 
19495 70 
20112 80 
20246 83 
20859 64 
20994 256 
21125 62 
21258 151 
21258 69 
21342 93 
22805 103 
22805 101 
23711 100 
23711 3
23711 1538
23711 11
25710 25 
25802 75 
26206 72 
26206 70 
26843 80 
26963 83 
27442 64 
27712 61 
27842 151 
27842 69 
27912 93 
29371 103 
29371 101 
30281 100 
30281 3
30281 1538
30281 11
32281 25 
32372 75 
32776 72 
32776 70 
33387 80 
33507 83 
34613 64 
34868 256 
34999 62 
35133 151 
35133 69 
35203 93 
36668 103 
36668 101 
37585 100 
37585 3
37585 1538
37585 11
39584 25 
39662 75 
40063 72 
40063 70 
40690 80 
40823 83 
43116 64 
43613 256 
43742 61 
43875 151 
43875 69 
43947 93 
45407 103 
45407 101 
46316 100 
46316 3
46316 1538
46316 10
48315 25 
48389 75 
48794 72 
48794 70 
49406 80 
49526 83 
51219 64 
51595 256 
54087 63 
54218 151 
54218 69 
54306 93 
55764 103 
55764 101 
56672 100 
56672 3
56672 1538
56672 11
58674 25 
58763 75 
59166 72 
59166 70 
59775 80 
59909 83 
60388 64 
61123 256 
61255 61 
61388 151 
61388 69 
61458 93 
62918 103 
62918 101 
63828 100 
63828 3
63828 1538
63828 10
65828 25 
65913 75 
66314 72 
66314 70 
66932 80 
67052 83 
71850 64 
72586 256 
72716 61 
72850 151 
72850 69 
72919 93 
74381 103 
74381 101 
75292 100 
75292 3
75292 1538
75292 10
77292 25 
77379 75 
77784 72 
77784 70 
78394 80 
78514 83 
79234 64 
79492 62 
79620 150 
79620 68 
79620 65
79694 92 
80168 90 
81149 103 
81149 101 
81658 100 
81658 3
81658 1538
81658 11
83660 25 
83750 75 
84158 72 
84158 70 
84778 80 
84898 83 
85498 64 
86007 63 
86137 150 
86137 68 
86137 65
86210 92 
87666 103 
87666 101 
88176 100 
88176 3
88176 1538
88176 10
90178 25 
90262 75 
90663 72 
90663 70 
91282 80 
91402 83 
91762 64 
92031 62 
92162 150 
92162 68 
92162 65
92233 92 
93692 103 
93692 101 
94202 100 
94202 3
94202 1538
94202 11
96201 25 
96291 75 
96699 72 
96699 70 
97333 80 
97466 83 
97839 64 
98108 256 
98239 63 
98372 150 
98372 68 
98372 65
98442 92 
99903 103 
99903 101 
100413 100 
100413 3
100413 1538
100413 10
102412 25 
102484 75 
102891 72 
102891 70 
103503 80 
103637 250 
104396 76 
104530 83 
104663 64 
104919 256 
105183 62 
105316 150 
105316 68 
105316 65
105388 92 
105848 90 
106850 103 
106850 101 
107354 100 
107354 3
107354 1538
107354 10
109355 25 
109441 75 
109847 72 
109847 70 
110460 80 
110580 83 
110714 64 
110969 256 
111100 62 
111233 150 
111233 68 
111233 65
111305 92 
112767 103 
112767 101 
113273 100 
113273 3
113273 1538
113273 10
115274 25 
115358 75 
115760 72 
115760 70 
116698 80 
116831 250 
117364 76 
117497 83 
117767 64 
117900 256 
118031 62 
118164 152 
118164 69 
118233 93 
119448 91 
119694 103 
119694 101 
120603 100 
120603 3
120603 1538
120603 10
122602 25 
122689 75 
123096 72 
123096 70 
123721 80 
123855 83 
124948 64 
125340 256 
125467 63 
125601 151 
125601 69 
125672 93 
126345 91 
127130 103 
127130 101 
128041 100 
128041 3
128041 1538
128041 11
130039 25 
130131 75 
130536 72 
130536 70 
131158 80 
131278 83 
131771 64 
132041 62 
132184 151 
132184 69 
132255 93 
133717 103 
133717 101 
134623 100 
134623 3
134623 1538
134623 11
136624 25 
136709 75 
137114 72 
137114 70 
137729 80 
137862 83 
138968 64 
139237 256 
139368 61 
139501 151 
139501 69 
139588 93 
141049 103 
141049 101 
141954 100 
141954 3
141954 1538
141954 11
143955 25 
144045 75 
144450 72 
144450 70 
145072 80 
145206 83 
145699 64 
145834 256 
145965 62 
146112 151 
146112 69 
146183 93 
147644 103 
147644 101 
148550 100 
148550 3
148550 1538
148550 11
150551 25 
150637 75 
151038 72 
151038 70 
151656 80 
151790 83 
152776 64 
153671 256 
153802 62 
153935 151 
153935 69 
154004 93 
155468 103 
155468 101 
156387 100 
156387 3
156387 1538
156387 11
158389 25 
158473 75 
158884 72 
158884 70 
159506 80 
159639 83 
160279 64 
160669 63 
160799 150 
160799 68 
160799 65
160873 92 
161368 90 
161430 90 
162329 103 
162329 101 
162839 100 
162839 3
162839 1538
162839 11
164838 25 
165323 75 
165725 72 
165725 70 
166357 80 
166490 83 
166756 64 
167025 256 
167156 63 
167290 150 
167290 68 
167290 65
167378 92 
168832 103 
168832 101 
169342 100 
169342 3
169342 1538
169342 10
171341 25 
171417 75 
171824 72 
171824 70 
172447 80 
172567 83 
172954 64 
173090 256 
173220 62 
173340 150 
173340 68 
173340 65
173421 92 
173830 90 
174870 103 
174870 101 
175379 100 
175379 3
175379 1538
175379 11
177379 25 
177471 75 
177879 72 
177879 70 
178498 80 
178631 83 
178885 64 
179018 256 
179154 63 
179285 150 
179285 68 
179285 65
179369 92 
180828 103 
180828 101 
181336 100 
181336 3
181336 1538
181336 11
183336 25 
183423 75 
183826 72 
183826 70 
184495 80 
184629 250 
185428 76 
186095 76 
186228 83 
186361 64 
186617 256 
186748 62 
186881 151 
186881 69 
186953 93 
188411 103 
188411 101 
189320 100 
189320 3
189320 1538
189320 10
191320 25 
191406 75 
191810 72 
191810 70 
192425 80 
192559 83 
192812 64 
193079 62 
193212 150 
193212 68 
193212 65
193297 92 
194756 103 
194756 101 
195263 100 
195263 3
195263 1538
195263 10
197264 25 
197355 75 
197461 73 
197796 72 
197796 70 
198410 80 
198543 83 
198676 64 
198945 256 
199076 62 
199209 152 
199209 69 
199300 93 
200757 103 
200757 101 
201676 100 
201676 3
201676 1538
201676 10
203676 25 
203765 75 
204172 72 
204172 70 
204793 80 
204927 83 
205287 64 
205673 63 
205806 151 
205806 69 
205875 93 
207335 103 
207335 101 
208244 100 
208244 3
208244 1538
208244 10
210247 25 
210332 75 
210734 72 
210734 70 
211351 80 
211484 83 
211751 64 
212270 62 
212404 150 
212404 68 
212404 65
212474 92 
212848 90 
213934 103 
213934 101 
214448 100 
214448 3
214448 1538
214448 11
216446 25 
216535 75 
216940 72 
216940 70 
218108 250 
218907 71 
219187 80 
219467 83 
220560 64 
221133 63 
221413 150 
221413 68 
221413 65
221487 92 
222945 103 
222945 101 
223455 100 
223455 3
223455 1538
223455 11
225454 25 
225543 75 
225947 72 
225947 70 
226877 80 
227011 83 
227144 64 
227544 62 
227677 151 
227677 69 
227750 93 
229209 103 
229209 101 
230116 100 
230116 3
230116 1538
230116 11
232117 25 
232208 75 
232610 72 
232610 70 
233235 80 
233355 83 
233834 64 
234621 61 
234754 151 
234754 69 
234825 93 
235288 91 
236284 103 
236284 101 
237193 100 
237193 3
237193 1538
237193 11
239194 25 
239284 75 
239694 72 
239694 70 
240312 80 
240445 83 
240818 64 
241075 256 
241205 63 
241338 150 
241338 68 
241338 65
241410 92 
241955 90 
242871 103 
242871 101 
243378 100 
243378 3
243378 1538
243378 10
245377 25 
245463 75 
245871 72 
245871 70 
246482 80 
246616 83 
246882 64 
247136 62 
247269 150 
247269 68 
247269 65
247342 92 
247894 90 
248799 103 
248799 101 
249307 100 
249307 3
249307 1538
249307 11
251307 25 
251399 75 
251806 72 
251806 70 
252453 80 
252586 83 
252720 64 
252989 256 
253120 63 
253253 152 
253253 69 
253323 93 
254786 103 
254786 101 
255692 100 
255692 3
255692 1538
255692 10
257692 25 
257778 75 
258181 72 
258181 70 
258797 80 
258931 83 
259064 64 
259337 62 
259477 150 
259477 68 
259477 65
259564 92 
260020 90 
261022 103 
261022 101 
261528 100 
261528 3
261528 1538
261528 10
263529 25 
263620 75 
264021 72 
264021 70 
264648 80 
264781 83 
264915 64 
265050 256 
265181 62 
265328 150 
265328 68 
265328 65
265401 92 
266857 103 
266857 101 
267367 100 
267367 3
267367 1538
267367 10
269368 25 
269458 75 
269863 72 
269863 70 
270499 80 
270632 83 
270765 64 
270901 256 
271032 62 
271165 150 
271165 68 
271165 65
271250 92 
272706 103 
272706 101 
273219 100 
273219 3
273219 1538
273219 10
275219 25 
275308 75 
275711 72 
275711 70 
276323 80 
276456 83 
276590 64 
276859 62 
277003 150 
277003 68 
277003 65
277077 92 
278536 103 
278536 101 
279055 100 
279055 3
279055 1538
279055 11
281056 25 
281142 75 
281543 72 
281543 70 
282161 80 
282294 83 
282414 64 
282683 256 
282814 63 
282947 150 
282947 68 
282947 65
283018 92 
284476 103 
284476 101 
284985 100 
284985 3
284985 1538
284985 10
286987 25 
287061 75 
287463 72 
287463 70 
288078 80 
288211 83 
288478 64 
288614 256 
288745 62 
288878 150 
288878 68 
288878 65
288965 92 
290422 103 
290422 101 
290930 100 
290930 3
290930 1538
290930 10
292930 25 
293020 75 
293432 72 
293432 70 
294089 80 
294222 83 
294355 64 
294491 256 
294622 62 
294768 150 
294768 68 
294768 65
294855 92 
296309 103 
296309 101 
296822 100 
296822 3
296822 1538
296822 11
298824 25 
298907 75 
299310 72 
299310 70 
299926 80 
300060 83 
300193 64 
300448 256 
300579 63 
300713 150 
300713 68 
300713 65
300786 92 
302240 103 
302240 101 
302751 100 
302751 3
302751 1538
302751 11
304751 25 
304824 75 
305227 72 
305227 70 
305844 80 
305977 83 
306350 64 
306619 63 
306750 150 
306750 68 
306750 65
306822 92 
308278 103 
308278 101 
308788 100 
308788 3
308788 1538
308788 11
310789 25 
310870 75 
311273 72 
311273 70 
311895 80 
312028 83 
312161 64 
312430 256 
312561 63 
312694 152 
312694 69 
312771 93 
314228 103 
314228 101 
315148 100 
315148 5
315148 1538
315148 10
315148 78 
317146 25 
317239 75 
317681 73 
317986 72 
317986 70 
318612 80 
318732 83 
318865 64 
319134 62 
319265 151 
319265 69 
319348 93 
320809 103 
320809 101 
321718 100 
321718 5
321718 1538
321718 10
323717 25 
323802 75 
324203 72 
324203 70 
324822 80 
324942 83 
328834 64 
328970 62 
329101 151 
329101 69 
329172 93 
329920 91 
330632 103 
330632 101 
331536 100 
331536 5
331536 1538
331536 10
333539 25 
334007 75 
334201 73 
334603 72 
334603 70 
336178 71 
336431 80 
336564 83 
336937 76 
337070 64 
338310 61 
338443 151 
338443 69 
338515 93 
338915 91 
339671 91 
339974 103 
339974 101 
340880 100 
340880 5
340880 1538
340880 11
342883 25 
342957 75 
343364 72 
343364 70 
343988 80 
344107 83 
345573 64 
346080 63 
346213 151 
346213 69 
346288 93 
347747 103 
347747 101 
348665 100 
348665 5
348665 1538
348665 11
350665 25 
351139 75 
351545 72 
351545 70 
352157 80 
352277 83 
353130 64 
353399 63 
353530 151 
353530 69 
353602 93 
354857 91 
355059 103 
355059 101 
355968 100 
355968 5
355968 1538
355968 10
357969 25 
358060 75 
358430 73 
358791 73 
359092 72 
359092 70 
359714 80 
359847 83 
360940 64 
361209 256 
361340 62 
361473 151 
361473 69 
361543 93 
363004 103 
363004 101 
363911 100 
363911 5
363911 1538
363911 11
365912 25 
365998 75 
366402 72 
366402 70 
367018 80 
367138 83 
367991 64 
368739 256 
369366 61 
369497 151 
369497 69 
369567 93 
370059 91 
371028 103 
371028 101 
371934 100 
371934 5
371934 1538
371934 11
373936 25 
374022 75 
374427 72 
374427 70 
375054 80 
375174 83 
376267 64 
377123 256 
377253 61 
377387 151 
377387 69 
377462 93 
377862 91 
378917 103 
378917 101 
379825 100 
379825 5
379825 1538
379825 10
381826 25 
381916 75 
382321 72 
382321 70 
382958 80 
383080 83 
383344 64 
383731 62 
383864 151 
383864 69 
383933 93 
385394 103 
385394 101 
386305 100 
386305 5
386305 1538
386305 11
388303 25 
388393 75 
388797 72 
388797 70 
389421 80 
389555 83 
390514 64 
391517 256 
391647 61 
391780 151 
391780 69 
391864 93 
392290 91 
393042 91 
393325 103 
393325 101 
394233 100 
394233 5
394233 1538
394233 11
396234 25 
396318 75 
396663 73 
396969 72 
396969 70 
397605 80 
397738 83 
398258 64 
398524 62 
398660 151 
398660 69 
398741 93 
399753 91 
399959 91 
400202 103 
400202 101 
401108 100 
401108 5
401108 1538
401108 10
403112 25 
403202 75 
403315 73 
403647 72 
403647 70 
404268 80 
404390 83 
405135 64 
407257 256 
407387 61 
407520 153 
407520 68 
407520 65
407591 92 
407950 90 
409049 103 
409049 101 
409560 100 
409560 5
409560 1538
409560 10
411561 25 
411651 75 
412056 72 
412056 70 
412678 80 
412798 83 
413038 64 
413307 256 
413438 61 
413571 151 
413571 69 
413644 93 
414050 91 
415104 103 
415104 101 
416009 100 
416009 5
416009 1538
416009 10
418012 25 
418096 75 
418503 72 
418503 70 
419115 80 
419236 83 
419862 64 
420493 256 
420621 61 
420755 151 
420755 69 
420827 93 
421432 91 
422285 103 
422285 101 
423192 100 
423192 5
423192 1538
423192 10
425194 25 
425280 75 
425685 72 
425685 70 
426326 80 
426672 83 
427432 64 
428165 61 
428378 151 
428378 69 
428442 93 
428944 91 
429674 91 
429912 103 
429912 101 
430819 100 
430819 5
430819 1538
430819 11
432817 25 
432899 75 
433300 72 
433300 70 
434162 80 
434362 83 
434989 64 
435497 256 
435628 61 
435762 151 
435762 69 
435832 93 
436402 91 
437296 103 
437296 101 
438202 100 
438202 5
438202 1538
438202 10
440201 25 
440291 75 
440697 72 
440697 70 
441333 80 
441453 83 
441959 64 
443974 61 
444105 151 
444105 69 
444178 93 
444940 91 
445638 103 
445638 101 
446544 100 
446544 5
446544 1538
446544 11
448543 25 
448922 75 
449328 72 
449328 70 
449942 80 
450076 83 
450569 64 
451704 256 
451835 61 
451968 151 
451968 69 
452043 93 
453502 103 
453502 101 
454408 100 
454408 5
454408 1538
454408 11
456407 25 
456493 75 
456898 72 
456898 70 
457539 80 
457672 83 
458165 64 
458808 256 
458938 62 
459072 152 
459072 69 
459140 93 
460004 91 
460603 103 
460603 101 
461511 100 
461511 5
461511 1538
461511 10
463511 25 
463604 75 
463891 73 
464198 72 
464198 70 
464829 80 
464963 83 
466189 76 
466309 64 
466578 256 
466709 62 
466842 151 
466842 69 
466930 93 
468388 103 
468388 101 
469294 100 
469294 5
469294 1538
469294 11
471295 25 
471632 75 
471964 73 
472267 72 
472267 70 
472893 80 
473013 83 
473399 64 
474294 256 
475292 62 
475425 150 
475425 68 
475425 65
475506 92 
475981 90 
476970 103 
476970 101 
477479 100 
477479 5
477479 1538
477479 11
479477 25 
479563 75 
479967 72 
479967 70 
480583 80 
480716 83 
481089 64 
481225 256 
481356 62 
481489 150 
481489 68 
481489 65
481561 92 
483021 103 
483021 101 
483528 100 
483528 5
483528 1538
483528 10
485528 25 
486315 75 
486720 72 
486720 70 
487340 80 
487473 83 
487740 64 
487876 62 
488006 150 
488006 68 
488006 65
488095 92 
489550 103 
489550 101 
490055 100 
490055 5
490055 1538
490055 10
492058 25 
492149 75 
492556 72 
492556 70 
493177 80 
493311 83 
493444 64 
493714 256 
493844 63 
493977 150 
493977 68 
493977 65
494047 92 
495514 103 
495514 101 
496030 100 
496030 5
496030 1538
496030 11
498030 25 
498115 75 
498521 72 
498521 70 
499148 80 
499268 83 
499521 64 
499791 62 
499921 150 
499921 68 
499921 65
499993 92 
500703 90 
501450 103 
501450 101 
501959 100 
501959 5
501959 1538
501959 11
503961 25 
504051 75 
504458 72 
504458 70 
505079 80 
505212 83 
505345 64 
505481 256 
505612 62 
505745 150 
505745 68 
505745 65
505816 92 
507276 103 
507276 101 
507786 100 
507786 5
507786 1538
507786 10
509785 25 
509870 75 
510281 72 
510281 70 
510903 80 
511036 250 
511825 76 
511956 83 
512089 64 
512479 256 
512609 63 
512742 150 
512742 68 
512742 65
512814 92 
513263 90 
514270 103 
514270 101 
514780 100 
514780 5
514780 1538
514780 11
516782 25 
516868 75 
517275 72 
517275 70 
517900 80 
518020 83 
518153 64 
518422 62 
518553 152 
518553 69 
518624 93 
520084 103 
520084 101 
520992 100 
520992 5
520992 1538
520992 10
522991 25 
523078 75 
523482 72 
523482 70 
524111 80 
524244 83 
524484 64 
525752 256 
525883 61 
526019 151 
526019 69 
526090 93 
527508 91 
527545 103 
527545 101 
528455 100 
528455 5
528455 1538
528455 11
530456 25 
530542 75 
530945 72 
530945 70 
531561 80 
531681 83 
531934 64 
532071 256 
532201 62 
532334 150 
532334 68 
532334 65
532406 92 
532800 90 
533866 103 
533866 101 
534374 100 
534374 5
534374 1538
534374 10
536372 25 
536459 75 
536861 72 
536861 70 
537798 80 
537931 83 
538198 64 
538333 256 
539266 62 
539397 150 
539397 68 
539397 65
539485 92 
539954 90 
540936 103 
540936 101 
541451 100 
541451 5
541451 1538
541451 10
543451 25 
543536 75 
543945 72 
543945 70 
544582 80 
544715 83 
544849 64 
545104 256 
545235 63 
545368 150 
545368 68 
545368 65
545441 92 
546031 90 
546901 103 
546901 101 
547406 100 
547406 5
547406 1538
547406 11
549408 25 
549493 75 
549897 72 
549897 70 
550539 80 
550673 250 
551328 76 
551459 83 
551592 64 
551848 256 
552112 62 
552245 150 
552245 68 
552245 65
552318 92 
552711 90 
553778 103 
553778 101 
554285 100 
554285 5
554285 1538
554285 10
556283 25 
556370 75 
556771 72 
556771 70 
557390 80 
557523 83 
557790 64 
558325 256 
558456 63 
558589 150 
558589 68 
558589 65
558661 92 
559132 90 
560120 103 
560120 101 
560632 100 
560632 5
560632 1538
560632 10
562630 25 
562715 75 
563122 72 
563122 70 
563760 80 
563880 83 
564014 64 
564270 256 
564400 63 
564547 150 
564547 68 
564547 65
564620 92 
566080 103 
566080 101 
566587 100 
566587 5
566587 1538
566587 11
568585 25 
568677 75 
569078 72 
569078 70 
569718 80 
569838 83 
570104 64 
570240 256 
570371 62 
570504 150 
570504 68 
570504 65
570587 92 
570991 90 
572046 103 
572046 101 
572558 100 
572558 5
572558 1538
572558 10
574556 25 
574643 75 
575049 72 
575049 70 
575675 80 
575809 83 
576049 64 
576184 256 
576315 63 
576448 150 
576448 68 
576448 65
576540 92 
577993 103 
577993 101 
578500 100 
578500 1
578500 1538
578500 10
578500 78 
580500 25 
580586 75 
580994 72 
580994 70 
581619 80 
581740 83 
581859 64 
582246 63 
582379 151 
582379 69 
582449 93 
583605 91 
583734 91 
583913 103 
583913 101 
584819 100 
584819 1
584819 1538
584819 11
586819 25 
586972 75 
587376 72 
587376 70 
588004 80 
588137 83 
588270 64 
588539 256 
588670 62 
588803 150 
588803 68 
588803 65
588876 92 
589331 90 
590335 103 
590335 101 
590844 100 
590844 1
590844 1538
590844 11
592843 25 
592934 75 
593341 72 
593341 70 
593961 80 
594094 83 
594227 64 
594496 62 
594641 150 
594641 68 
594641 65
594714 92 
596172 103 
596172 101 
596680 100 
596680 1
596680 1538
596680 11
598680 25 
598760 75 
599161 72 
599161 70 
599798 80 
599932 83 
600065 64 
600333 256 
600465 62 
600598 150 
600598 68 
600598 65
600690 92 
602141 103 
602141 101 
602652 100 
602652 1
602652 1538
602652 10
604652 25 
604965 75 
605370 72 
605370 70 
606009 80 
606143 83 
606409 64 
606545 256 
606675 63 
606822 151 
606822 69 
606895 93 
608354 103 
608354 101 
609260 100 
609260 1
609260 1538
609260 11
611263 25 
611349 75 
611752 72 
611752 70 
612366 80 
612500 83 
612766 64 
612902 256 
613033 62 
613166 152 
613166 69 
613240 93 
614093 91 
614697 103 
614697 101 
615605 100 
615605 1
615605 1538
615605 10
617604 25 
617696 75 
617979 73 
618285 72 
618285 70 
618910 80 
619030 83 
619777 64 
620299 256 
620430 63 
620563 151 
620563 69 
620635 93 
622095 103 
622095 101 
623002 100 
623002 1
623002 1538
623002 11
625003 25 
625088 75 
625492 72 
625492 70 
626107 80 
626241 83 
626627 64 
626762 256 
626894 62 
627030 150 
627030 68 
627030 65
627112 92 
628574 103 
628574 101 
629092 100 
629092 1
629092 1538
629092 10
631093 25 
631184 75 
631588 72 
631588 70 
632211 80 
632331 83 
633131 64 
633533 63 
633677 151 
633677 69 
633764 93 
635219 103 
635219 101 
636130 100 
636130 1
636130 1538
636130 11
638130 25 
638220 75 
638622 72 
638622 70 
639555 80 
639688 83 
639901 64 
640132 256 
640341 62 
640474 150 
640474 68 
640474 65
640549 92 
642004 103 
642004 101 
642512 100 
642512 1
642512 1538
642512 11
644513 25 
644599 75 
645009 72 
645009 70 
645632 80 
645765 83 
645899 64 
646155 256 
646285 62 
646419 150 
646419 68 
646419 65
646506 92 
647964 103 
647964 101 
648472 100 
648472 1
648472 1538
648472 11
650471 25 
650575 75 
650982 72 
650982 70 
651603 80 
651736 83 
651990 64 
652126 256 
652256 62 
652389 150 
652389 68 
652389 65
652462 92 
653919 103 
653919 101 
654428 100 
654428 1
654428 1538
654428 10
656428 25 
656520 75 
656924 72 
656924 70 
657561 80 
657694 83 
658187 64 
658975 256 
659106 63 
659240 153 
659240 68 
659240 65
659311 92 
659915 90 
660773 103 
660773 101 
661278 100 
661278 1
661278 1538
661278 10
663278 25 
663369 75 
663774 72 
663774 70 
664398 80 
664531 83 
664664 64 
665053 63 
665184 151 
665184 69 
665268 93 
666726 103 
666726 101 
667636 100 
667636 1
667636 1538
667636 11
669636 25 
669708 75 
670117 72 
670117 70 
670742 80 
670861 83 
670995 64 
671251 62 
671381 150 
671381 68 
671381 65
671464 92 
672924 103 
672924 101 
673433 100 
673433 1
673433 1538
673433 10
675434 25 
675526 75 
675928 72 
675928 70 
676539 80 
676659 83 
677059 64 
677316 256 
677445 63 
677579 151 
677579 69 
677651 93 
679110 103 
679110 101 
680023 100 
680023 1
680023 1538
680023 10
682021 25 
682109 75 
682513 72 
682513 70 
683136 80 
683256 83 
684471 64 
685469 256 
685604 61 
685735 150 
685735 68 
685735 65
685808 92 
686204 90 
687264 103 
687264 101 
687774 100 
687774 1
687774 1538
687774 11
689778 25 
689865 75 
690271 72 
690271 70 
690920 80 
691053 83 
691306 64 
691441 256 
691573 62 
691709 150 
691709 68 
691709 65
691791 92 
693247 103 
693247 101 
693759 100 
693759 1
693759 1538
693759 11
695758 25 
695849 75 
696255 72 
696255 70 
696864 80 
696997 83 
697130 64 
697266 256 
697397 62 
697530 150 
697530 68 
697530 65
697603 92 
699056 103 
699056 101 
699570 100 
699570 1
699570 1538
699570 10
701570 25 
701661 75 
702067 72 
702067 70 
702688 80 
702808 83 
703061 64 
703208 256 
703344 61 
703474 150 
703474 68 
703474 65
703546 92 
705005 103 
705005 101 
705513 100 
705513 1
705513 1538
705513 10
707515 25 
707598 75 
708004 72 
708004 70 
708632 80 
708765 83 
709272 64 
709672 61 
709805 150 
709805 68 
709805 65
709878 92 
710438 90 
711333 103 
711333 101 
711844 100 
711844 1
711844 1538
711844 11
713846 25 
714003 75 
714403 72 
714403 70 
715029 80 
715149 83 
715283 64 
715418 256 
715562 62 
715696 150 
715696 68 
715696 65
715773 92 
717224 103 
717224 101 
717735 100 
717735 1
717735 1538
717735 10
719733 25 
719826 75 
720232 72 
720232 70 
720880 80 
721013 83 
721387 64 
721524 256 
721653 61 
721786 150 
721786 68 
721786 65
721870 92 
722291 90 
723330 103 
723330 101 
723838 100 
723838 1
723838 1538
723838 10
725839 25 
725929 75 
726332 72 
726332 70 
726971 80 
727104 83 
727237 64 
727506 256 
727637 61 
727771 150 
727771 68 
727771 65
727840 92 
728412 90 
729304 103 
729304 101 
729810 100 
729810 1
729810 1538
729810 11
731808 25 
731895 75 
732298 72 
732298 70 
732915 80 
733048 83 
733182 64 
733317 256 
733448 62 
733581 150 
733581 68 
733581 65
733653 92 
735114 103 
735114 101 
735621 100 
735621 1
735621 1538
735621 10
737622 25 
737707 75 
738112 72 
738112 70 
738726 80 
738859 83 
740739 64 
740874 61 
741005 150 
741005 68 
741005 65
741088 92 
741394 90 
741712 90 
742547 103 
742547 101 
743061 100 
743061 1
743061 1538
743061 11
745060 25 
745143 75 
745545 72 
745545 70 
746163 80 
746296 83 
746429 64 
746564 256 
746699 62 
746842 152 
746842 69 
746913 93 
748372 103 
748372 101 
749283 100 
749283 1
749283 1538
749283 10
751281 25 
751416 75 
751823 72 
751823 70 
752440 80 
752573 83 
752827 64 
753096 256 
753226 61 
753360 150 
753360 68 
753360 65
753432 92 
753848 90 
754893 103 
754893 101 
755399 100 
755399 1
755399 1538
755399 10
757398 25 
757490 75 
757797 73 
758098 72 
758098 70 
758757 80 
759011 250 
759810 76 
760596 76 
760730 83 
760863 64 
761132 256 
761263 61 
761396 150 
761396 68 
761396 65
761469 92 
761858 90 
762929 103 
762929 101 
763434 100 
763434 4
763434 1538
763434 11
763434 78 
765436 25 
765522 75 
765927 72 
765927 70 
766541 80 
766661 83 
766794 64 
766927 256 
767063 62 
767194 151 
767194 69 
767263 93 
768726 103 
768726 101 
769633 100 
769633 4
769633 1538
769633 11
771634 25 
771725 75 
772127 72 
772127 70 
772765 80 
772898 83 
773164 64 
773300 256 
773431 62 
773564 151 
773564 69 
773638 93 
775099 103 
775099 101 
776017 100 
776017 4
776017 1538
776017 10
778016 25 
778108 75 
778513 72 
778513 70 
779135 80 
779269 83 
779535 64 
779670 256 
779802 61 
779935 151 
779935 69 
780007 93 
781373 91 
781468 103 
781468 101 
782373 100 
782373 4
782373 1538
782373 11
784374 25 
784460 75 
784863 72 
784863 70 
785479 80 
785599 83 
785866 64 
786895 62 
787025 151 
787025 69 
787100 93 
788556 103 
788556 101 
789465 100 
789465 4
789465 1538
789465 10
791465 25 
791556 75 
791959 72 
791959 70 
792583 80 
792716 83 
793089 64 
793356 256 
793492 61 
793622 151 
793622 69 
793692 93 
794403 91 
795155 103 
795155 101 
796060 100 
796060 4
796060 1538
796060 11
798062 25 
798153 75 
798451 73 
798752 72 
798752 70 
799383 80 
799513 83 
800513 64 
801275 256 
801406 61 
801539 152 
801539 69 
801606 93 
802063 91 
803069 103 
803069 101 
803980 100 
803980 4
803980 1538
803980 10
805979 25 
806064 75 
806469 72 
806469 70 
807097 80 
807217 83 
808176 64 
808433 256 
808563 62 
808696 150 
808696 68 
808696 65
808769 92 
809166 90 
810230 103 
810230 101 
810749 100 
810749 4
810749 1538
810749 11
812750 25 
812839 75 
813247 72 
813247 70 
813867 80 
814000 83 
814733 64 
814869 256 
815000 62 
815133 151 
815133 69 
815207 93 
816663 103 
816663 101 
817578 100 
817578 4
817578 1538
817578 11
819576 25 
819658 75 
820060 72 
820060 70 
820678 80 
820811 83 
822037 64 
822426 63 
822557 151 
822557 69 
822629 93 
824090 103 
824090 101 
824997 100 
824997 4
824997 1538
824997 11
826997 25 
827206 75 
827520 73 
827854 72 
827854 70 
828474 80 
828594 83 
829221 64 
829877 256 
830007 61 
830140 150 
830140 68 
830140 65
830212 92 
830615 90 
831674 103 
831674 101 
832178 100 
832178 4
832178 1538
832178 11
834181 25 
834271 75 
834678 72 
834678 70 
835298 80 
835418 83 
835673 64 
835940 256 
836071 61 
836204 152 
836204 69 
836276 93 
837046 91 
837733 103 
837733 101 
838644 100 
838644 4
838644 1538
838644 10
840645 25 
840796 75 
841200 72 
841200 70 
842135 80 
842268 83 
842522 64 
842657 256 
842788 62 
842921 150 
842921 68 
842921 65
842993 92 
843485 90 
844454 103 
844454 101 
844976 100 
844976 4
844976 1538
844976 10
846975 25 
847067 75 
847469 72 
847469 70 
848093 80 
848226 83 
848479 64 
848615 256 
848746 62 
848879 150 
848879 68 
848879 65
848953 92 
850412 103 
850412 101 
850918 100 
850918 4
850918 1538
850918 10
852919 25 
853009 75 
853416 72 
853416 70 
854050 80 
854183 83 
854303 64 
854573 256 
854703 62 
854836 150 
854836 68 
854836 65
854907 92 
856370 103 
856370 101 
856876 100 
856876 4
856876 1538
856876 10
858876 25 
858969 75 
859372 72 
859372 70 
859994 80 
860127 83 
860261 64 
860397 256 
860527 62 
860661 150 
860661 68 
860661 65
860732 92 
862192 103 
862192 101 
862701 100 
862701 4
862701 1538
862701 10
864700 25 
864792 75 
865197 72 
865197 70 
865805 80 
865938 83 
866072 64 
866207 256 
866338 62 
866471 150 
866471 68 
866471 65
866550 92 
867485 90 
868000 103 
868000 101 
868510 100 
868510 4
868510 1538
868510 11
870510 25 
870597 75 
871001 72 
871001 70 
871629 80 
871762 83 
871896 64 
872417 256 
872549 61 
872682 150 
872682 68 
872682 65
872754 92 
873161 90 
874212 103 
874212 101 
874721 100 
874721 4
874721 1538
874721 11
876721 25 
876812 75 
877219 72 
877219 70 
877840 80 
877973 83 
878106 64 
878375 256 
878506 61 
878639 150 
878639 68 
878639 65
878712 92 
879140 90 
880174 103 
880174 101 
880679 100 
880679 4
880679 1538
880679 10
882679 25 
882951 75 
883354 72 
883354 70 
883971 80 
884104 83 
884224 64 
884494 62 
884624 150 
884624 68 
884624 65
884696 92 
886151 103 
886151 101 
886664 100 
886664 4
886664 1538
886664 11
888664 25 
888754 75 
889160 72 
889160 70 
889795 80 
889928 83 
890195 64 
890331 256 
890461 61 
890594 152 
890594 69 
890676 93 
892141 103 
892141 101 
893048 100 
893048 4
893048 1538
893048 11
895046 25 
895138 75 
895543 72 
895543 70 
896165 80 
896299 83 
896925 64 
897938 61 
898071 150 
898071 68 
898071 65
898140 92 
898545 90 
899604 103 
899604 101 
900111 100 
900111 4
900111 1538
900111 11
902110 25 
902201 75 
902604 72 
902604 70 
903256 80 
903389 250 
904175 76 
905108 76 
905895 76 
906028 83 
906281 64 
906563 256 
906694 61 
906828 150 
906828 68 
906828 65
906897 92 
907354 90 
908357 103 
908357 101 
908868 100 
908868 4
908868 1538
908868 10
910866 25 
910942 75 
911344 72 
911344 70 
911972 80 
912105 83 
912239 64 
912507 62 
912638 150 
912638 68 
912638 65
912724 92 
913420 90 
913891 90 
914183 103 
914183 101 
914690 100 
914690 4
914690 1538
914690 11
916692 25 
916779 75 
917183 72 
917183 70 
917809 80 
917943 83 
920222 64 
920611 61 
920742 150 
920742 68 
920742 65
920814 92 
921245 90 
922274 103 
922274 101 
922781 100 
922781 6
922781 1538
922781 10
922781 78 
924780 25 
924873 75 
925278 72 
925278 70 
925939 80 
926073 83 
926206 64 
926341 256 
926472 62 
926606 151 
926606 69 
926677 93 
928139 103 
928139 101 
929043 100 
929043 6
929043 1538
929043 10
931045 25 
931120 75 
931527 72 
931527 70 
932163 80 
932297 83 
932430 64 
932699 62 
932830 151 
932830 69 
932914 93 
934374 103 
934374 101 
935283 100 
935283 6
935283 1538
935283 10
937283 25 
937368 75 
937775 72 
937775 70 
938414 80 
938534 83 
938774 64 
938923 256 
939054 62 
939187 151 
939187 69 
939253 93 
940718 103 
940718 101 
941626 100 
941626 6
941626 1538
941626 11
943627 25 
943719 75 
944123 72 
944123 70 
945251 250 
945826 71 
946091 80 
946224 83 
946744 64 
947254 61 
947384 150 
947384 68 
947384 65
947452 92 
947891 90 
948917 103 
948917 101 
949424 100 
949424 6
949424 1538
949424 11
951423 25 
951508 75 
951914 72 
951914 70 
952541 250 
953038 71 
953288 80 
953421 83 
953901 64 
954034 256 
954170 61 
954301 150 
954301 68 
954301 65
954376 92 
954811 90 
955830 103 
955830 101 
956339 100 
956339 6
956339 1538
956339 11
958340 25 
958483 75 
958888 72 
958888 70 
959512 80 
959632 83 
959872 64 
960021 256 
960151 61 
960285 150 
960285 68 
960285 65
960354 92 
960819 90 
961819 103 
961819 101 
962324 100 
962324 6
962324 1538
962324 11
964325 25 
964415 75 
964817 72 
964817 70 
965456 80 
965589 83 
965989 64 
966125 256 
966255 61 
966389 150 
966389 68 
966389 65
966474 92 
966993 90 
967932 103 
967932 101 
968440 100 
968440 6
968440 1538
968440 10
970442 25 
970531 75 
970935 72 
970935 70 
971560 80 
971693 83 
971960 64 
972095 256 
972226 62 
972360 151 
972360 69 
972430 93 
973893 103 
973893 101 
974796 100 
974796 6
974796 1538
974796 10
976799 25 
976872 75 
977274 72 
977274 70 
977891 80 
978011 83 
978624 64 
979023 256 
979159 61 
979290 151 
979290 69 
979357 93 
979857 91 
980822 103 
980822 101 
981729 100 
981729 6
981729 1538
981729 10
983729 25 
983808 75 
984215 72 
984215 70 
984848 80 
984981 83 
985474 64 
985743 61 
985887 151 
985887 69 
985957 93 
987418 103 
987418 101 
988328 100 
988328 6
988328 1538
988328 10
990327 25 
990419 75 
990639 73 
991043 72 
991043 70 
991658 80 
991791 83 
992191 64 
992460 256 
992591 61 
992724 151 
992724 69 
992811 93 
993492 91 
994243 91 
994268 103 
994268 101 
995177 100 
995177 6
995177 1538
995177 11
997178 25 
997251 75 
997656 72 
997656 70 
998282 80 
998415 83 
998682 64 
998951 61 
999081 152 
999081 69 
999153 93 
1000613 103 
1000613 101 
1001519 100 
1001519 6
1001519 1538
1001519 10
1003520 25 
1003599 75 
1004001 72 
1004001 70 
1004626 80 
1004759 83 
1005266 64 
1007171 61 
1007305 151 
1007305 69 
1007373 93 
1007833 91 
1008836 103 
1008836 101 
1009743 100 
1009743 6
1009743 1538
1009743 11
1011744 25 
1011835 75 
1012239 72 
1012239 70 
1012862 80 
1012982 83 
1014328 64 
1015981 61 
1016114 150 
1016114 68 
1016114 65
1016186 92 
1016590 90 
1017646 103 
1017646 101 
1018155 100 
1018155 6
1018155 1538
1018155 11
1020153 25 
1020233 75 
1020639 72 
1020639 70 
1021286 80 
1021406 83 
1021539 64 
1022421 256 
1022551 62 
1022685 151 
1022685 69 
1022755 93 
1024218 103 
1024218 101 
1025123 100 
1025123 6
1025123 1538
1025123 11
1027125 25 
1027215 75 
1027618 72 
1027618 70 
1028256 80 
1028379 83 
1029269 64 
1030311 256 
1030441 61 
1030577 150 
1030577 68 
1030577 65
1030647 92 
1031032 90 
1032108 103 
1032108 101 
1032613 100 
1032613 6
1032613 1538
1032613 10
1034614 25 
1034700 75 
1035105 72 
1035105 70 
1035733 80 
1035866 83 
1036705 64 
1036972 256 
1037107 63 
1037239 150 
1037239 68 
1037239 65
1037310 92 
1037762 90 
1038772 103 
1038772 101 
1039276 100 
1039276 6
1039276 1538
1039276 11
1041277 25 
1041368 75 
1041774 72 
1041774 70 
1042383 80 
1042516 83 
1043356 64 
1043625 256 
1043756 63 
1043889 151 
1043889 69 
1043955 93 
1045418 103 
1045418 101 
1046329 100 
1046329 6
1046329 1538
1046329 10
1048329 25 
1048434 75 
1048842 72 
1048842 70 
1049860 80 
1049993 83 
1050380 64 
1050782 256 
1050913 61 
1051046 153 
1051046 68 
1051046 65
1051115 92 
1051520 90 
1052579 103 
1052579 101 
1053099 100 
1053099 6
1053099 1538
1053099 10
1055098 25 
1055266 75 
1055506 73 
1055837 72 
1055837 70 
1056484 80 
1056617 83 
1057124 64 
1057523 61 
1057657 151 
1057657 69 
1057731 93 
1059186 103 
1059186 101 
1060095 100 
1060095 6
1060095 1538
1060095 10
1062097 25 
1062182 75 
1062588 72 
1062588 70 
1063214 80 
1063334 83 
1063734 64 
1064003 256 
1064134 61 
1064267 151 
1064267 69 
1064337 93 
1065797 103 
1065797 101 
1066705 100 
1066705 6
1066705 1538
1066705 11
1068706 25 
1068797 75 
1069202 72 
1069202 70 
1069825 80 
1069958 83 
1070225 64 
1070494 256 
1070624 61 
1070761 150 
1070761 68 
1070761 65
1070825 92 
1071285 90 
1072292 103 
1072292 101 
1072809 100 
1072809 6
1072809 1538
1072809 11
1074810 25 
1074930 75 
1075077 73 
1075400 72 
1075400 70 
1076035 80 
1076169 250 
1077875 76 
1078008 83 
1078141 64 
1078281 256 
1078421 61 
1078554 150 
1078554 68 
1078554 65
1078628 92 
1079060 90 
1080088 103 
1080088 101 
1080605 100 
1080605 6
1080605 1538
1080605 10
1082608 25 
1082693 75 
1083099 72 
1083099 70 
1083712 80 
1083845 83 
1084712 64 
1085103 63 
1085245 150 
1085245 68 
1085245 65
1085319 92 
1085836 90 
1086776 103 
1086776 101 
1087286 100 
1087286 6
1087286 1538
1087286 11
1089285 25 
1089370 75 
1089776 72 
1089776 70 
1090403 80 
1090523 83 
1090762 64 
1091165 61 
1091295 150 
1091295 68 
1091295 65
1091362 92 
1091772 90 
1092825 103 
1092825 101 
1093334 100 
1093334 6
1093334 1538
1093334 10
1095334 25 
1095425 75 
1095828 72 
1095828 70 
1096467 80 
1096589 83 
1096853 64 
1097123 256 
1097253 63 
1097386 150 
1097386 68 
1097386 65
1097468 92 
1097988 90 
1098928 103 
1098928 101 
1099440 100 
1099440 6
1099440 1538
1099440 10
1101439 25 
1101525 75 
1101931 72 
1101931 70 
1102571 80 
1102704 83 
1103090 64 
1103360 63 
1103490 150 
1103490 68 
1103490 65
1103564 92 
1105022 103 
1105022 101 
1105530 100 
1105530 6
1105530 1538
1105530 10
1107529 25 
1107615 75 
1108022 72 
1108022 70 
1108648 80 
1108768 83 
1109368 64 
1109637 256 
1109768 63 
1109901 150 
1109901 68 
1109901 65
1109976 92 
1111431 103 
1111431 101 
1111939 100 
1111939 6
1111939 1538
1111939 11
1113940 25 
1114034 75 
1114437 72 
1114437 70 
1115072 80 
1115205 83 
1115339 64 
1115594 256 
1115725 61 
1115858 150 
1115858 68 
1115858 65
1115947 92 
1116379 90 
1117401 103 
1117401 101 
1117910 100 
1117910 6
1117910 1538
1117910 11
1119911 25 
1120004 75 
1120411 72 
1120411 70 
1121029 80 
1121163 83 
1121563 64 
1121832 256 
1121963 61 
1122096 150 
1122096 68 
1122096 65
1122168 92 
1122520 90 
1123630 103 
1123630 101 
1124149 100 
1124149 6
1124149 1538
1124149 10
1126149 25 
1126329 75 
1126732 72 
1126732 70 
1127373 80 
1127507 83 
1127773 64 
1128043 256 
1128173 63 
1128306 152 
1128306 69 
1128376 93 
1129839 103 
1129839 101 
1130758 100 
1130758 6
1130758 1538
1130758 11
1132759 25 
1132845 75 
1133314 73 
1133615 72 
1133615 70 
1134237 80 
1134370 83 
1134637 64 
1134906 61 
1135050 150 
1135050 68 
1135050 65
1135136 92 
1135532 90 
1136593 103 
1136593 101 
1137103 100 
1137103 6
1137103 1538
1137103 11
1139104 25 
1139195 75 
1139601 72 
1139601 70 
1140235 80 
1140368 83 
1140501 64 
1140771 61 
1140901 150 
1140901 68 
1140901 65
1140974 92 
1141418 90 
1142433 103 
1142433 101 
1142940 100 
1142940 6
1142940 1538
1142940 10
1144941 25 
1145032 75 
1145438 72 
1145438 70 
1146059 80 
1146192 83 
1146685 64 
1146954 63 
1147085 150 
1147085 68 
1147085 65
1147159 92 
1147719 90 
1148619 103 
1148619 101 
1149127 100 
1149127 6
1149127 1538
1149127 10
1151126 25 
1151215 75 
1151621 72 
1151621 70 
1152563 80 
1152696 83 
1153082 64 
1153992 256 
1154122 63 
1154255 150 
1154255 68 
1154255 65
1154327 92 
1154805 90 
1155786 103 
1155786 101 
1156294 100 
1156294 6
1156294 1538
1156294 10
1158293 25 
1158380 75 
1158786 72 
1158786 70 
1159426 80 
1159693 250 
1160466 76 
1162172 76 
1162305 83 
1162438 64 
1162708 256 
1162838 63 
1162972 150 
1162972 68 
1162972 65
1163057 92 
1163518 90 
1164517 103 
1164517 101 
1165025 100 
1165025 6
1165025 1538
1165025 10
1167025 25 
1167115 75 
1167524 72 
1167524 70 
1168169 80 
1168303 83 
1168569 64 
1168839 256 
1168969 63 
1169102 150 
1169102 68 
1169102 65
1169176 92 
1169695 90 
1170635 103 
1170635 101 
1171142 100 
1171142 6
1171142 1538
1171142 10
1173140 25 
1173235 75 
1173637 72 
1173637 70 
1174260 80 
1174393 83 
1174888 64 
1175515 256 
1175646 63 
1175779 150 
1175779 68 
1175779 65
1175865 92 
1176307 90 
1177321 103 
1177321 101 
1177830 100 
1177830 2
1177830 1538
1177830 11
1177830 78 
1179833 25 
1180115 75 
1180375 73 
1180679 72 
1180679 70 
1181297 80 
1181430 83 
1181564 64 
1181833 256 
1181963 61 
1182097 153 
1182097 68 
1182097 65
1182167 92 
1182582 90 
1183626 103 
1183626 101 
1184136 100 
1184136 2
1184136 1538
1184136 11
1186136 25 
1186227 75 
1186633 72 
1186633 70 
1187255 80 
1187628 250 
1188427 76 
1188561 83 
1189054 64 
1189310 256 
1189440 61 
1189587 151 
1189587 69 
1189655 93 
1191121 103 
1191121 101 
1192040 100 
1192040 2
1192040 1538
1192040 11
1194039 25 
1194130 75 
1194377 73 
1194679 72 
1194679 70 
1195291 80 
1195424 83 
1195558 64 
1195827 256 
1195958 61 
1196091 151 
1196091 69 
1196175 93 
1197638 103 
1197638 101 
1198544 100 
1198544 2
1198544 1538
1198544 11
1200543 25 
1200634 75 
1200840 73 
1201174 72 
1201174 70 
1201795 80 
1201928 83 
1202808 64 
1203863 256 
1203994 61 
1204141 151 
1204141 69 
1204206 93 
1205670 103 
1205670 101 
1206579 100 
1206579 2
1206579 1538
1206579 11
1208579 25 
1208655 75 
1209059 72 
1209059 70 
1209672 80 
1209805 83 
1210192 64 
1211886 62 
1212017 151 
1212017 69 
1212089 93 
1213547 103 
1213547 101 
1214455 100 
1214455 2
1214455 1538
1214455 10
1216456 25 
1216547 75 
1216953 72 
1216953 70 
1217602 80 
1217735 83 
1218361 64 
1219270 256 
1219401 62 
1219534 151 
1219534 69 
1219601 93 
1221067 103 
1221067 101 
1221972 100 
1221972 2
1221972 1538
1221972 10
1223976 25 
1224065 75 
1224259 73 
1224661 72 
1224661 70 
1225332 80 
1225465 83 
1225851 64 
1226654 62 
1226784 150 
1226784 68 
1226784 65
1226870 92 
1227268 90 
1228331 103 
1228331 101 
1228841 100 
1228841 2
1228841 1538
1228841 11
1230838 25 
1230923 75 
1231325 72 
1231325 70 
1231969 80 
1232102 83 
1232502 64 
1233026 256 
1233155 63 
1233302 150 
1233302 68 
1233302 65
1233375 92 
1233852 90 
1234831 103 
1234831 101 
1235340 100 
1235340 2
1235340 1538
1235340 11
1237340 25 
1237432 75 
1237835 72 
1237835 70 
1238486 80 
1238606 83 
1238859 64 
1239246 61 
1239379 151 
1239379 69 
1239455 93 
1240913 103 
1240913 101 
1241818 100 
1241818 2
1241818 1538
1241818 11
1243819 25 
1243908 75 
1244294 73 
1244596 72 
1244596 70 
1245230 80 
1245363 83 
1245496 64 
1245899 256 
1246030 61 
1246163 151 
1246163 69 
1246227 93 
1247693 103 
1247693 101 
1248602 100 
1248602 2
1248602 1538
1248602 11
1250603 25 
1250693 75 
1251099 72 
1251099 70 
1251734 80 
1251869 83 
1252427 64 
1253602 256 
1253733 61 
1253866 151 
1253866 69 
1253931 93 
1255399 103 
1255399 101 
1256305 100 
1256305 2
1256305 1538
1256305 10
1258305 25 
1258391 75 
1258793 72 
1258793 70 
1259411 80 
1259544 83 
1260197 64 
1260852 256 
1260983 61 
1261117 150 
1261117 68 
1261117 65
1261188 92 
1261627 90 
1262648 103 
1262648 101 
1263156 100 
1263156 2
1263156 1538
1263156 10
1265155 25 
1265247 75 
1265762 73 
1266064 72 
1266064 70 
1266701 80 
1266834 250 
1268007 76 
1268806 76 
1268940 83 
1269073 64 
1269342 256 
1269473 61 
1269606 152 
1269606 69 
1269679 93 
1271135 103 
1271135 101 
1272045 100 
1272045 2
1272045 1538
1272045 10
1274046 25 
1274135 75 
1274541 72 
1274541 70 
1275164 80 
1275297 83 
1276312 64 
1276712 256 
1277230 61 
1277363 150 
1277363 68 
1277363 65
1277448 92 
1277876 90 
1278907 103 
1278907 101 
1279416 100 
1279416 2
1279416 1538
1279416 11
1281416 25 
1281506 75 
1281778 73 
1282084 72 
1282084 70 
1282694 80 
1282827 83 
1283560 64 
1283829 63 
1283973 150 
1283973 68 
1283973 65
1284046 92 
1284537 90 
1285502 103 
1285502 101 
1286014 100 
1286014 2
1286014 1538
1286014 10
1288014 25 
1288103 75 
1288514 72 
1288514 70 
1289144 80 
1289278 83 
1289411 64 
1289679 256 
1289811 63 
1289944 151 
1289944 69 
1290014 93 
1291473 103 
1291473 101 
1292389 100 
1292389 2
1292389 1538
1292389 10
1294386 25 
1294476 75 
1294647 73 
1294953 72 
1294953 70 
1295568 80 
1295702 83 
1296208 64 
1296464 256 
1296595 61 
1296741 150 
1296741 68 
1296741 65
1296814 92 
1297184 90 
1298274 103 
1298274 101 
1298782 100 
1298782 2
1298782 1538
1298782 10
1300782 25 
1300868 75 
1301269 72 
1301269 70 
1301886 80 
1302019 83 
1302152 64 
1302286 256 
1302421 61 
1302552 150 
1302552 68 
1302552 65
1302639 92 
1303074 90 
1304096 103 
1304096 101 
1304604 100 
1304604 2
1304604 1538
1304604 10
1306605 25 
1306695 75 
1307099 72 
1307099 70 
1307750 80 
1307883 250 
1309602 76 
1309736 83 
1309869 64 
1310138 61 
1310269 152 
1310269 69 
1310341 93 
1311803 103 
1311803 101 
1312720 100 
1312720 2
1312720 1538
1312720 11
1314724 25 
1314861 75 
1315264 72 
1315264 70 
1315880 80 
1316013 83 
1316266 64 
1317056 256 
1317186 63 
1317319 150 
1317319 68 
1317319 65
1317390 92 
1317857 90 
1318850 103 
1318850 101 
1319360 100 
1319360 2
1319360 1538
1319360 11
1321359 25 
1321449 75 
1321853 72 
1321853 70 
1322490 80 
1322610 83 
1322879 64 
1323146 63 
1323277 150 
1323277 68 
1323277 65
1323362 92 
1324819 103 
1324819 101 
1325328 100 
1325328 2
1325328 1538
1325328 10
1327328 25 
1327420 75 
1327829 72 
1327829 70 
1328448 80 
1328581 83 
1328834 64 
1329103 256 
1329234 63 
1329381 151 
1329381 69 
1329454 93 
1330416 91 
1330911 103 
1330911 101 
1331820 100 
1331820 2
1331820 1538
1331820 11
1333819 25 
1333899 75 
1334264 73 
1334568 72 
1334568 70 
1335205 80 
1335338 83 
1335738 64 
1337139 256 
1337271 63 
1337404 150 
1337404 68 
1337404 65
1337476 92 
1337897 90 
1338935 103 
1338935 101 
1339441 100 
1339441 2
1339441 1538
1339441 11
1341443 25 
1341534 75 
1341944 72 
1341944 70 
1342575 80 
1342695 83 
1342828 64 
1343097 256 
1343228 63 
1343361 150 
1343361 68 
1343361 65
1343445 92 
1343968 90 
1344904 103 
1344904 101 
1345413 100 
1345413 2
1345413 1538
1345413 10
1347413 25 
1347493 75 
1347895 72 
1347895 70 
1348506 80 
1348639 83 
1348892 64 
1349161 256 
1349292 61 
1349425 150 
1349425 68 
1349425 65
1349496 92 
1349846 90 
1350955 103 
1350955 101 
1351463 100 
1351463 2
1351463 1538
1351463 11
1353464 25 
1353555 75 
1353960 72 
1353960 70 
1355050 250 
1355743 71 
1355983 80 
1356116 83 
1356729 64 
1356998 256 
1357129 63 
1357262 150 
1357262 68 
1357262 65
1357350 92 
1357835 90 
1358807 103 
1358807 101 
1359314 100 
1359314 2
1359314 1538
1359314 11
1361315 25 
1361407 75 
1361812 72 
1361812 70 
1362433 80 
1362553 83 
1362953 64 
1363088 256 
1363220 63 
1363366 150 
1363366 68 
1363366 65
1363451 92 
1363937 90 
1364907 103 
1364907 101 
1365419 100 
1365419 2
1365419 1538
1365419 11
1367419 25 
1367509 75 
1367914 72 
1367914 70 
1368537 80 
1368671 250 
1369577 76 
1372216 76 
1378109 76 
1378240 83 
1378773 252 
1379173 63 
1379306 150 
1379306 68 
1379306 65
1379394 92 
1379852 90 
1380851 103 
1380851 101 
1381359 100 
1381359 2
1381359 1538
1381359 10
1383358 25 
1383449 75 
1383854 72 
1383854 70 
1384490 80 
1384624 83 
1385010 64 
1385423 61 
1385570 150 
1385570 68 
1385570 65
1385642 92 
1386021 90 
1387103 103 
1387103 101 
1387608 100 
1387608 2
1387608 1538
1387608 10
1389610 25 
1389700 75 
1390105 72 
1390105 70 
1390728 80 
1390861 83 
1391381 64 
1391770 63 
1391914 151 
1391914 69 
1391989 93 
1393443 103 
1393443 101 
1394354 100 
1394354 2
1394354 1538
1394354 10
1396354 25 
1396438 75 
1396845 72 
1396845 70 
1397472 80 
1397592 83 
1398218 64 
1398484 256 
1398620 61 
1398751 150 
1398751 68 
1398751 65
1398821 92 
1399232 90 
1400281 103 
1400281 101 
1400789 100 
1400789 3
1400789 1538
1400789 11
1400789 78 
1402791 25 
1402881 75 
1403283 72 
1403283 70 
1403911 80 
1404029 83 
1404402 64 
1404671 63 
1404802 150 
1404802 68 
1404802 65
1404886 92 
1405334 90 
1406350 103 
1406350 101 
1406870 100 
1406870 3
1406870 1538
1406870 11
1408872 25 
1408960 75 
1409363 72 
1409363 70 
1410000 80 
1410133 250 
1410919 76 
1414264 76 
1414398 83 
1414531 64 
1414921 256 
1415051 63 
1415184 150 
1415184 68 
1415184 65
1415256 92 
1415731 90 
1416715 103 
1416715 101 
1417227 100 
1417227 3
1417227 1538
1417227 11
1419224 25 
1419314 75 
1419532 73 
1419837 72 
1419837 70 
1420462 80 
1420595 250 
1421381 76 
1423580 76 
1423714 83 
1423847 64 
1424116 256 
1424247 63 
1424380 152 
1424380 69 
1424450 93 
1425913 103 
1425913 101 
1426819 100 
1426819 3
1426819 1538
1426819 10
1428819 25 
1428892 75 
1429298 72 
1429298 70 
1429924 80 
1430044 83 
1432097 64 
1432618 256 
1432750 61 
1432883 151 
1432883 69 
1432955 93 
1433455 91 
1434417 103 
1434417 101 
1435336 100 
1435336 3
1435336 1538
1435336 10
1437336 25 
1437428 75 
1437683 73 
1437989 72 
1437989 70 
1438601 80 
1438734 83 
1439600 64 
1440629 62 
1440760 150 
1440760 68 
1440760 65
1440847 92 
1441238 90 
1442305 103 
1442305 101 
1442811 100 
1442811 3
1442811 1538
1442811 10
1444811 25 
1444887 75 
1445289 72 
1445289 70 
1445918 80 
1446051 83 
1446304 64 
1446441 256 
1446584 62 
1446717 150 
1446717 68 
1446717 65
1446791 92 
1448250 103 
1448250 101 
1448755 100 
1448755 3
1448755 1538
1448755 10
1450757 25 
1450847 75 
1451256 72 
1451256 70 
1451888 80 
1452022 83 
1452155 64 
1452291 256 
1452422 62 
1452555 150 
1452555 68 
1452555 65
1452627 92 
1454088 103 
1454088 101 
1454593 100 
1454593 3
1454593 1538
1454593 11
1456594 25 
1456687 75 
1457093 72 
1457093 70 
1458072 80 
1458206 250 
1458872 76 
1459005 83 
1459139 64 
1459541 256 
1459672 63 
1459805 150 
1459805 68 
1459805 65
1459879 92 
1460289 90 
1461337 103 
1461337 101 
1461843 100 
1461843 3
1461843 1538
1461843 10
1463844 25 
1463935 75 
1464340 72 
1464340 70 
1464976 80 
1465109 83 
1465243 64 
1465512 62 
1465643 150 
1465643 68 
1465643 65
1465730 92 
1466863 90 
1467188 103 
1467188 101 
1467694 100 
1467694 3
1467694 1538
1467694 11
1469695 25 
1469786 75 
1470190 72 
1470190 70 
1470840 80 
1470974 83 
1471360 64 
1471747 63 
1471880 150 
1471880 68 
1471880 65
1471951 92 
1473411 103 
1473411 101 
1473918 100 
1473918 3
1473918 1538
1473918 10
1475920 25 
1476005 75 
1476405 72 
1476405 70 
1477024 80 
1477158 250 
1477811 76 
1477944 83 
1478077 64 
1478213 256 
1478344 62 
1478477 150 
1478477 68 
1478477 65
1478549 92 
1478998 90 
1480007 103 
1480007 101 
1480515 100 
1480515 3
1480515 1538
1480515 10
1482517 25 
1482607 75 
1483011 72 
1483011 70 
1483635 80 
1483768 83 
1483901 64 
1484037 256 
1484168 62 
1484301 150 
1484301 68 
1484301 65
1484374 92 
1485827 103 
1485827 101 
1486342 100 
1486342 3
1486342 1538
1486342 11
1488342 25 
1488431 75 
1488839 72 
1488839 70 
1489472 80 
1489606 83 
1489739 64 
1489996 256 
1490125 63 
1490259 150 
1490259 68 
1490259 65
1490330 92 
1490828 90 
1491792 103 
1491792 101 
1492298 100 
1492298 3
1492298 1538
1492298 11
1494298 25 
1494384 75 
1494653 73 
1494953 72 
1494953 70 
1495590 80 
1495723 83 
1495856 64 
1496126 63 
1496269 152 
1496269 69 
1496343 93 
1497803 103 
1497803 101 
1498708 100 
1498708 3
1498708 1538
1498708 11
1500710 25 
1500799 75 
1500985 73 
1501289 72 
1501289 70 
1501907 80 
1502040 83 
1503013 64 
1503283 256 
1503413 62 
1503546 151 
1503546 69 
1503620 93 
1504167 91 
1505075 103 
1505075 101 
1505984 100 
1505984 3
1505984 1538
1505984 11
1507986 25 
1508071 75 
1508472 72 
1508472 70 
1509091 80 
1509224 83 
1509944 64 
1510815 256 
1510943 61 
1511076 151 
1511076 69 
1511149 93 
1511551 91 
1512609 103 
1512609 101 
1513520 100 
1513520 3
1513520 1538
1513520 11
1515518 25 
1515601 75 
1515933 73 
1516237 72 
1516237 70 
1516874 80 
1517007 83 
1518527 64 
1519037 63 
1519166 150 
1519166 68 
1519166 65
1519240 92 
1519659 90 
1520696 103 
1520696 101 
1521204 100 
1521204 3
1521204 1538
1521204 10
1523206 25 
1523292 75 
1523699 72 
1523699 70 
1524311 80 
1524444 250 
1524714 76 
1525246 76 
1526043 76 
1526976 76 
1527110 83 
1527243 64 
1527512 256 
1527643 62 
1527776 150 
1527776 68 
1527776 65
1527850 92 
1528284 90 
1529307 103 
1529307 101 
1529814 100 
1529814 3
1529814 1538
1529814 11
1531816 25 
1531901 75 
1532304 72 
1532304 70 
1532921 80 
1533041 83 
1533174 64 
1533443 256 
1533574 63 
1533707 150 
1533707 68 
1533707 65
1533778 92 
1535239 103 
1535239 101 
1535746 100 
1535746 3
1535746 1538
1535746 10
1537746 25 
1537832 75 
1538238 72 
1538238 70 
1538878 80 
1539011 83 
1539265 64 
1539401 256 
1539531 62 
1539678 152 
1539678 69 
1539748 93 
1541212 103 
1541212 101 
1542130 100 
1542130 4
1542130 1538
1542130 11
1542130 78 
1544131 25 
1544216 75 
1544623 72 
1544623 70 
1545289 80 
1545422 83 
1545782 64 
1546037 256 
1546168 63 
1546301 151 
1546301 69 
1546373 93 
1547835 103 
1547835 101 
1548745 100 
1548745 4
1548745 1538
1548745 11
1550742 25 
1550831 75 
1550994 73 
1551398 72 
1551398 70 
1552059 80 
1552192 83 
1552699 64 
1553329 256 
1553458 61 
1553592 150 
1553592 68 
1553592 65
1553664 92 
1554050 90 
1555120 103 
1555120 101 
1555632 100 
1555632 4
1555632 1538
1555632 10
1557631 25 
1557725 75 
1558129 72 
1558129 70 
1559203 250 
1559882 71 
1560655 71 
1560909 80 
1561042 83 
1561308 64 
1561577 62 
1561708 150 
1561708 68 
1561708 65
1561779 92 
1562272 90 
1563243 103 
1563243 101 
1563751 100 
1563751 4
1563751 1538
1563751 10
1565749 25 
1565840 75 
1566243 72 
1566243 70 
1566879 80 
1567013 83 
1567146 64 
1567416 62 
1567546 150 
1567546 68 
1567546 65
1567618 92 
1569074 103 
1569074 101 
1569586 100 
1569586 4
1569586 1538
1569586 10
1571584 25 
1571671 75 
1572075 72 
1572075 70 
1572690 80 
1572824 83 
1572957 64 
1573092 256 
1573223 62 
1573357 150 
1573357 68 
1573357 65
1573441 92 
1573926 90 
1574899 103 
1574899 101 
1575409 100 
1575409 4
1575409 1538
1575409 11
1577410 25 
1577499 75 
1577908 72 
1577908 70 
1578528 80 
1578661 83 
1579394 64 
1580047 61 
1580180 150 
1580180 68 
1580180 65
1580254 92 
1580701 90 
1581710 103 
1581710 101 
1582219 100 
1582219 4
1582219 1538
1582219 10
1584220 25 
1584311 75 
1584718 72 
1584718 70 
1585338 80 
1585471 83 
1585605 64 
1586005 62 
1586138 150 
1586138 68 
1586138 65
1586226 92 
1587679 103 
1587679 101 
1588187 100 
1588187 4
1588187 1538
1588187 11
1590191 25 
1592120 75 
1592242 73 
1592646 72 
1592646 70 
1593268 80 
1593401 83 
1593641 64 
1593780 256 
1593908 61 
1594041 150 
1594041 68 
1594041 65
1594130 92 
1594488 90 
1595584 103 
1595584 101 
1596094 100 
1596094 4
1596094 1538
1596094 10
1598095 25 
1598179 75 
1598587 72 
1598587 70 
1599226 80 
1599359 83 
1599492 64 
1599766 256 
1599892 62 
1600025 150 
1600025 68 
1600025 65
1600099 92 
1601556 103 
1601556 101 
1602066 100 
1602066 4
1602066 1538
1602066 10
1604063 25 
1604150 75 
1604557 72 
1604557 70 
1605196 80 
1605330 83 
1605463 64 
1605599 256 
1605730 62 
1605863 150 
1605863 68 
1605863 65
1605936 92 
1607393 103 
1607393 101 
1607905 100 
1607905 4
1607905 1538
1607905 11
1609903 25 
1609988 75 
1610395 72 
1610395 70 
1611007 80 
1611140 83 
1611274 64 
1611410 256 
1611540 61 
1611674 150 
1611674 68 
1611674 65
1611750 92 
1612202 90 
1613208 103 
1613208 101 
1613727 100 
1613727 4
1613727 1538
1613727 10
1615728 25 
1615818 75 
1616224 72 
1616224 70 
1616845 80 
1616978 83 
1617111 64 
1617247 256 
1617378 62 
1617511 150 
1617511 68 
1617511 65
1617584 92 
1619042 103 
1619042 101 
1619551 100 
1619551 4
1619551 1538
1619551 10
1621550 25 
1621624 75 
1622024 72 
1622024 70 
1622642 80 
1622776 83 
1623162 64 
1623431 256 
1623562 62 
1623695 152 
1623695 69 
1623780 93 
1625237 103 
1625237 101 
1626148 100 
1626148 4
1626148 1538
1626148 11
1628148 25 
1629082 75 
1629893 73 
1630357 73 
1630782 73 
1631088 72 
1631088 70 
1631705 80 
1631838 83 
1632199 64 
1632707 256 
1632838 61 
1632971 150 
1632971 68 
1632971 65
1633042 92 
1633412 90 
1634503 103 
1634503 101 
1635009 100 
1635009 4
1635009 1538
1635009 11
1637012 25 
1637102 75 
1637505 72 
1637505 70 
1638142 80 
1638276 83 
1638675 64 
1638812 256 
1638942 61 
1639089 150 
1639089 68 
1639089 65
1639160 92 
1639570 90 
1640621 103 
1640621 101 
1641128 100 
1641128 4
1641128 1538
1641128 11
1643128 25 
1643542 75 
1643943 72 
1643943 70 
1644580 80 
1644713 83 
1644979 64 
1645115 256 
1645246 61 
1645379 150 
1645379 68 
1645379 65
1645451 92 
1645961 90 
1646910 103 
1646910 101 
1647422 100 
1647422 4
1647422 1538
1647422 10
1649419 25 
1649508 75 
1649910 72 
1649910 70 
1650550 80 
1650684 83 
1650937 64 
1651073 256 
1651203 62 
1651350 150 
1651350 68 
1651350 65
1651422 92 
1652881 103 
1652881 101 
1653390 100 
1653390 4
1653390 1538
1653390 10
1655389 25 
1655480 75 
1655886 72 
1655886 70 
1656534 80 
1656668 250 
1657467 76 
1658123 76 
1658267 83 
1658627 64 
1658857 256 
1658987 62 
1659120 150 
1659120 68 
1659120 65
1659189 92 
1659656 90 
1660653 103 
1660653 101 
1661159 100 
1661159 2
1661159 1538
1661159 10
1661159 78 
1663161 25 
1663245 75 
1663648 72 
1663648 70 
1664264 80 
1664398 83 
1664904 64 
1665174 256 
1665304 62 
1665437 151 
1665437 69 
1665511 93 
1666969 103 
1666969 101 
1667877 100 
1667877 2
1667877 1538
1667877 11
1669875 25 
1669962 75 
1670369 72 
1670369 70 
1671008 80 
1671142 83 
1671515 64 
1671771 256 
1671901 61 
1672034 151 
1672034 69 
1672108 93 
1672758 91 
1673567 103 
1673567 101 
1674474 100 
1674474 2
1674474 1538
1674474 11
1676475 25 
1676561 75 
1676964 72 
1676964 70 
1677592 80 
1677725 83 
1679205 64 
1680260 61 
1680391 153 
1680391 68 
1680391 65
1680465 92 
1680920 90 
1681920 103 
1681920 101 
1682435 100 
1682435 2
1682435 1538
1682435 11
1684433 25 
1684520 75 
1684930 72 
1684930 70 
1685549 80 
1685669 83 
1686042 64 
1686311 256 
1686442 63 
1686575 150 
1686575 68 
1686575 65
1686661 92 
1687098 90 
1688120 103 
1688120 101 
1688629 100 
1688629 2
1688629 1538
1688629 11
1690627 25 
1690713 75 
1691120 72 
1691120 70 
1691733 80 
1691866 250 
1692881 76 
1693679 76 
1693812 83 
1694065 64 
1694338 62 
1694465 150 
1694465 68 
1694465 65
1694538 92 
1695206 90 
1695998 103 
1695998 101 
1696502 100 
1696502 2
1696502 1538
1696502 10
1698504 25 
1698595 75 
1698997 72 
1698997 70 
1699609 80 
1699743 83 
1700129 64 
1700505 256 
1700649 61 
1700782 150 
1700782 68 
1700782 65
1700855 92 
1701224 90 
1702313 103 
1702313 101 
1702821 100 
1702821 2
1702821 1538
1702821 10
1704820 25 
1704912 75 
1705069 73 
1705400 72 
1705400 70 
1706020 80 
1706153 83 
1706420 64 
1706556 256 
1706686 61 
1706833 150 
1706833 68 
1706833 65
1706906 92 
1707334 90 
1708364 103 
1708364 101 
1708874 100 
1708874 2
1708874 1538
1708874 10
1710873 25 
1711444 75 
1711847 72 
1711847 70 
1712497 80 
1712631 83 
1712764 64 
1712912 256 
1713044 61 
1713177 150 
1713177 68 
1713177 65
1713261 92 
1713760 90 
1714721 103 
1714721 101 
1715228 100 
1715228 2
1715228 1538
1715228 11
1717230 25 
1717304 75 
1717705 72 
1717705 70 
1717962 250 
1719108 71 
1719481 80 
1719614 83 
1720241 64 
1720763 256 
1720894 63 
1721027 150 
1721027 68 
1721027 65
1721111 92 
1721547 90 
1722568 103 
1722568 101 
1723079 100 
1723079 2
1723079 1538
1723079 10
1725079 25 
1727316 75 
1727721 72 
1727721 70 
1728877 250 
1729743 71 
1730130 80 
1730263 83 
1730783 64 
1731040 256 
1731169 61 
1731303 150 
1731303 68 
1731303 65
1731377 92 
1731780 90 
1732834 103 
1732834 101 
1733343 100 
1733343 2
1733343 1538
1733343 10
1735343 25 
1735432 75 
1735839 72 
1735839 70 
1736487 80 
1736620 83 
1737527 64 
1737662 256 
1737793 61 
1737926 150 
1737926 68 
1737926 65
1738010 92 
1739472 103 
1739472 101 
1739979 100 
1739979 2
1739979 1538
1739979 11
1741980 25 
1742065 75 
1742210 73 
1742428 73 
1742733 72 
1742733 70 
1743391 80 
1743524 83 
1743791 64 
1744072 256 
1744204 63 
1744350 150 
1744350 68 
1744350 65
1744423 92 
1745884 103 
1745884 101 
1746390 100 
1746390 2
1746390 1538
1746390 11
1748391 25 
1748481 75 
1748886 72 
1748886 70 
1749508 80 
1749628 83 
1750108 64 
1750377 63 
1750521 150 
1750521 68 
1750521 65
1750599 92 
1752054 103 
1752054 101 
1752561 100 
1752561 2
1752561 1538
1752561 10
1754560 25 
1756708 75 
1757011 73 
1757315 72 
1757315 70 
1757985 80 
1758118 83 
1758864 64 
1759092 256 
1759224 61 
1759357 150 
1759357 68 
1759357 65
1759441 92 
1760902 103 
1760902 101 
1761410 100 
1761410 2
1761410 1538
1761410 11
1763409 25 
1763496 75 
1763901 72 
1763901 70 
1764515 80 
1764648 83 
1764782 64 
1765051 256 
1765195 63 
1765328 150 
1765328 68 
1765328 65
1765396 92 
1766862 103 
1766862 101 
1767367 100 
1767367 2
1767367 1538
1767367 10
1769370 25 
1769458 75 
1769863 72 
1769863 70 
1770486 80 
1770609 83 
1770872 64 
1771141 256 
1771272 61 
1771405 152 
1771405 69 
1771474 93 
1772054 91 
1772537 91 
1772940 103 
1772940 101 
1773845 100 
1773845 2
1773845 1538
1773845 11
1775844 25 
1776727 75 
1778269 73 
1778578 72 
1778578 70 
1779189 80 
1779322 83 
1779949 64 
1780217 256 
1780348 63 
1780482 150 
1780482 68 
1780482 65
1780553 92 
1782015 103 
1782015 101 
1782521 100 
1782521 2
1782521 1538
1782521 11
1784520 25 
1784612 75 
1785345 73 
1785645 72 
1785645 70 
1786279 80 
1786399 83 
1786999 64 
1787265 61 
1787399 151 
1787399 69 
1787468 93 
1788927 103 
1788927 101 
1789839 100 
1789839 2
1789839 1538
1789839 11
1791839 25 
1797477 75 
1797894 73 
1798198 72 
1798198 70 
1798820 80 
1798954 83 
1799207 64 
1799476 256 
1799607 61 
1799740 151 
1799740 69 
1799811 93 
1800358 91 
1800851 91 
1801271 103 
1801271 101 
1802180 100 
1802180 2
1802180 1538
1802180 10
1804180 25 
1804253 75 
1804656 72 
1804656 70 
1805271 80 
1805404 83 
1806031 64 
1806806 256 
1806937 63 
1807070 151 
1807070 69 
1807141 93 
1807813 91 
1808605 103 
1808605 101 
1809508 100 
1809508 2
1809508 1538
1809508 10
1811508 25 
1811595 75 
1811997 72 
1811997 70 
1812615 80 
1812748 83 
1813401 64 
1814510 256 
1814640 61 
1814774 150 
1814774 68 
1814774 65
1814848 92 
1815234 90 
1816302 103 
1816302 101 
1816813 100 
1816813 2
1816813 1538
1816813 11
1818813 25 
1818903 75 
1819306 72 
1819306 70 
1819931 80 
1820051 83 
1820425 64 
1820693 256 
1820824 63 
1820958 152 
1820958 69 
1821027 93 
1821864 91 
1822489 103 
1822489 101 
1823397 100 
1823397 2
1823397 1538
1823397 10
1825398 25 
1825483 75 
1825885 72 
1825885 70 
1826502 80 
1826635 83 
1826995 64 
1827264 256 
1827395 61 
1827528 150 
1827528 68 
1827528 65
1827598 92 
1827967 90 
1829057 103 
1829057 101 
1829566 100 
1829566 1
1829566 1538
1829566 11
1829566 78 
1831568 25 
1831659 75 
1832021 73 
1833053 73 
1833355 72 
1833355 70 
1833979 80 
1834099 83 
1834699 64 
1834981 61 
1835112 151 
1835112 69 
1835181 93 
1836367 91 
1836584 91 
1836639 103 
1836639 101 
1837550 100 
1837550 1
1837550 1538
1837550 11
1839551 25 
1839638 75 
1840043 72 
1840043 70 
1840683 80 
1840816 83 
1841429 64 
1841698 256 
1841829 61 
1841962 151 
1841962 69 
1842031 93 
1843496 103 
1843496 101 
1844401 100 
1844401 1
1844401 1538
1844401 10
1846401 25 
1846492 75 
1846898 72 
1846898 70 
1847533 80 
1847666 83 
1848399 64 
1848655 256 
1848786 61 
1848919 150 
1848919 68 
1848919 65
1848991 92 
1849457 90 
1850449 103 
1850449 101 
1850959 100 
1850959 1
1850959 1538
1850959 10
1852958 25 
1853044 75 
1853448 72 
1853448 70 
1854064 80 
1854197 83 
1854330 64 
1854599 256 
1854730 61 
1854863 150 
1854863 68 
1854863 65
1854933 92 
1855352 90 
1856397 103 
1856397 101 
1856903 100 
1856903 1
1856903 1538
1856903 11
1858903 25 
1858978 75 
1859382 72 
1859382 70 
1860328 80 
1860461 83 
1861074 64 
1861330 256 
1861460 63 
1861594 151 
1861594 69 
1861662 93 
1863127 103 
1863127 101 
1864031 100 
1864031 1
1864031 1538
1864031 10
1866033 25 
1874192 75 
1874599 72 
1874599 70 
1875241 80 
1875374 83 
1878080 64 
1878215 256 
1878347 61 
1878480 150 
1878480 68 
1878480 65
1878552 92 
1880014 103 
1880014 101 
1880531 100 
1880531 1
1880531 1538
1880531 11
1882532 25 
1882605 75 
1883010 72 
1883010 70 
1883638 80 
1883758 83 
1885024 64 
1885160 256 
1885290 61 
1885423 151 
1885423 69 
1885495 93 
1886955 103 
1886955 101 
1887863 100 
1887863 1
1887863 1538
1887863 10
1889864 25 
1889948 75 
1890349 72 
1890349 70 
1890968 80 
1891101 83 
1891954 64 
1892344 256 
1892474 61 
1892607 150 
1892607 68 
1892607 65
1892680 92 
1893183 90 
1894141 103 
1894141 101 
1894658 100 
1894658 1
1894658 1538
1894658 10
1896659 25 
1896745 75 
1897152 72 
1897152 70 
1897805 80 
1897938 250 
1898858 76 
1899764 76 
1899897 83 
1900031 64 
1900167 256 
1900297 61 
1900430 152 
1900430 69 
1900500 93 
1901960 103 
1901960 101 
1902871 100 
1902871 1
1902871 1538
1902871 11
1904869 25 
1904942 75 
1905347 72 
1905347 70 
1905961 80 
1906095 83 
1906614 64 
1907004 256 
1907134 61 
1907281 151 
1907281 69 
1907350 93 
1908774 91 
1908811 103 
1908811 101 
1909719 100 
1909719 1
1909719 1538
1909719 10
1911719 25 
1912304 75 
1912816 73 
1913116 72 
1913116 70 
1913731 80 
1913851 83 
1914451 64 
1914958 61 
1915091 150 
1915091 68 
1915091 65
1915162 92 
1915535 90 
1916623 103 
1916623 101 
1917129 100 
1917129 1
1917129 1538
1917129 11
1919129 25 
1919215 75 
1919616 72 
1919616 70 
1920249 80 
1920384 83 
1920877 64 
1921011 256 
1921142 61 
1921275 151 
1921275 69 
1921345 93 
1921853 91 
1922269 91 
1922704 91 
1922807 103 
1922807 101 
1923714 100 
1923714 1
1923714 1538
1923714 11
1925714 25 
1925979 75 
1926292 73 
1926626 72 
1926626 70 
1927246 80 
1927366 83 
1928325 64 
1928595 63 
1928725 151 
1928725 69 
1928794 93 
1930255 103 
1930255 101 
1931165 100 
1931165 1
1931165 1538
1931165 10
1933164 25 
1933255 75 
1933657 72 
1933657 70 
1934296 80 
1934429 83 
1934816 64 
1935445 61 
1935575 150 
1935575 68 
1935575 65
1935647 92 
1936041 90 
1937104 103 
1937104 101 
1937612 100 
1937612 1
1937612 1538
1937612 11
1939616 25 
1940132 75 
1940534 72 
1940534 70 
1941160 80 
1941280 83 
1941653 64 
1941788 256 
1941919 61 
1942053 151 
1942053 69 
1942122 93 
1942592 91 
1943294 91 
1943433 91 
1943582 103 
1943582 101 
1944491 100 
1944491 1
1944491 1538
1944491 11
1946493 25 
1946565 75 
1946969 72 
1946969 70 
1947610 80 
1947744 83 
1949330 64 
1949465 256 
1949599 61 
1949729 151 
1949729 69 
1949805 93 
1951261 103 
1951261 101 
1952169 100 
1952169 1
1952169 1538
1952169 10
1954169 25 
1954975 75 
1955815 73 
1956695 73 
1956999 72 
1956999 70 
1957633 80 
1957766 83 
1958646 64 
1959021 256 
1959152 61 
1959285 150 
1959285 68 
1959285 65
1959359 92 
1959749 90 
1960819 103 
1960819 101 
1961337 100 
1961337 1
1961337 1538
1961337 10
1963339 25 
1963431 75 
1963834 72 
1963834 70 
1964910 80 
1965110 83 
1965483 64 
1965858 256 
1965989 61 
1966122 150 
1966122 68 
1966122 65
1966194 92 
1966579 90 
1967650 103 
1967650 101 
1968161 100 
1968161 1
1968161 1538
1968161 11
1970161 25 
1970253 75 
1970661 72 
1970661 70 
1971294 80 
1971427 83 
1971560 64 
1971816 256 
1971947 63 
1972080 151 
1972080 69 
1972152 93 
1973610 103 
1973610 101 
1974522 100 
1974522 1
1974522 1538
1974522 10
1976519 25 
1976605 75 
1977012 72 
1977012 70 
1977651 80 
1977784 83 
1978411 64 
1978667 256 
1978797 61 
1978930 150 
1978930 68 
1978930 65
1979003 92 
1979421 90 
1980459 103 
1980459 101 
1980970 100 
1980970 1
1980970 1538
1980970 11
1982969 25 
1983060 75 
1983464 72 
1983464 70 
1984088 80 
1984221 83 
1984994 64 
1985264 256 
1985394 63 
1985528 151 
1985528 69 
1985601 93 
1986645 91 
1987061 103 
1987061 101 
1987967 100 
1987967 1
1987967 1538
1987967 11
1989967 25 
1990220 75 
1990621 72 
1990621 70 
1991272 80 
1991405 83 
1991658 64 
1992301 61 
1992431 151 
1992431 69 
1992502 93 
1993217 91 
1993658 91 
1993864 91 
1993967 103 
1993967 101 
1994885 100 
1994885 1
1994885 1538
1994885 10
1996883 25 
1999890 75 
2000293 72 
2000293 70 
2000908 250 
2001667 71 
2001921 80 
2002054 83 
2003187 64 
2003562 256 
2003693 61 
2003826 150 
2003826 68 
2003826 65
2003892 92 
2004283 90 
2005354 103 
2005354 101 
2005865 100 
2005865 1
2005865 1538
2005865 10
2007865 25 
2007952 75 
2008356 72 
2008356 70 
2008984 80 
2009104 83 
2009344 64 
2009614 256 
2009744 61 
2009877 152 
2009877 69 
2009946 93 
2010838 91 
2011074 91 
2011312 91 
2011407 103 
2011407 101 
2012317 100 
2012317 1
2012317 1538
2012317 10
2014317 25 
2014407 75 
2014811 72 
2014811 70 
2015448 80 
2015581 83 
2016568 64 
2018062 256 
2018194 62 
2018327 151 
2018327 69 
2018396 93 
2018814 91 
2019344 91 
2019730 91 
2019864 103 
2019864 101 
2020782 100 
2020782 1
2020782 1538
2020782 11
2022779 25 
2022870 75 
2023104 73 
2023413 72 
2023413 70 
2024031 80 
2024164 83 
2024551 64 
2025073 61 
2025204 151 
2025204 69 
2025277 93 
2025900 91 
2026736 103 
2026736 101 
2027642 100 
2027642 1
2027642 1538
2027642 11
2029642 25 
2031573 75 
2031980 72 
2031980 70 
2032601 80 
2032734 83 
2033867 64 
2034135 256 
2034267 61 
2034400 151 
2034400 69 
2034478 93 
2035942 103 
2035942 101 
2036852 100 
2036852 1
2036852 1538
2036852 10
2038853 25 
2039281 75 
2039685 72 
2039685 70 
2040331 80 
2040451 83 
2041224 64 
2041628 256 
2041757 61 
2041890 152 
2041890 69 
2041962 93 
2042480 91 
2043005 91 
2043420 103 
2043420 101 
2044330 100 
2044330 1
2044330 1538
2044330 10
2046329 25 
2046415 75 
2046816 72 
2046816 70 
2047435 80 
2047568 83 
2048208 64 
2048477 256 
2048607 63 
2048741 151 
2048741 69 
2048810 93 
2050271 103 
2050271 101 
2051180 100 
2051180 1
2051180 1538
2051180 11
2053181 25 
2053265 75 
2053669 72 
2053669 70 
2054285 80 
2054418 83 
2055045 64 
2056246 256 
2056377 62 
2056511 150 
2056511 68 
2056511 65
2056582 92 
2056989 90 
2058042 103 
2058042 101 
2058550 100 
2058550 1
2058550 1538
2058550 11
2060550 25 
2060640 75 
2061041 72 
2061041 70 
2061668 80 
2061802 83 
2062335 64 
2062591 256 
2062721 62 
2062855 150 
2062855 68 
2062855 65
2062929 92 
2064386 103 
2064386 101 
2064894 100 
2064894 1
2064894 1538
2064894 11
2066893 25 
2066985 75 
2067387 72 
2067387 70 
2068319 80 
2068452 250 
2069225 76 
2069358 83 
2069492 64 
2069627 256 
2069758 62 
2069892 150 
2069892 68 
2069892 65
2069978 92 
2071437 103 
2071437 101 
2071944 100 
2071944 1
2071944 1538
2071944 10
2073945 25 
2074035 75 
2074439 72 
2074439 70 
2075063 80 
2075196 83 
2075462 64 
2075999 256 
2076129 63 
2076262 151 
2076262 69 
2076335 93 
2077796 103 
2077796 101 
2078700 100 
2078700 1
2078700 1538
2078700 10
2080700 25 
2080787 75 
2081192 72 
2081192 70 
2081686 71 
2082046 80 
2082166 83 
2082286 64 
2082689 256 
2082819 62 
2082953 151 
2082953 69 
2083024 93 
2084487 103 
2084487 101 
2085391 100 
2085391 1
2085391 1538
2085391 10
2087392 25 
2087466 75 
2087871 72 
2087871 70 
2088510 80 
2088644 83 
2089753 64 
2090153 256 
2090296 61 
2090429 152 
2090429 69 
2090500 93 
2090969 91 
2091857 91 
2091960 103 
2091960 101 
2092869 100 
2092869 1
2092869 1538
2092869 10
2094869 25 
2094954 75 
2095357 72 
2095357 70 
2095974 80 
2096107 83 
2097107 64 
2097642 256 
2097773 63 
2097906 151 
2097906 69 
2097984 93 
2098756 91 
2099454 103 
2099454 101 
2100362 100 
2100362 1
2100362 1538
2100362 10
2102360 25 
2102444 75 
2102848 72 
2102848 70 
2103464 80 
2103597 83 
2104357 64 
2106892 256 
2107022 61 
2107156 150 
2107156 68 
2107156 65
2107228 92 
2107605 90 
2108694 103 
2108694 101 
2109208 100 
2109208 1
2109208 1538
2109208 11
2111209 25 
2111295 75 
2111700 72 
2111700 70 
2112327 80 
2112460 83 
2112593 64 
2112980 62 
2113126 150 
2113126 68 
2113126 65
2113202 92 
2114659 103 
2114659 101 
2115167 100 
2115167 1
2115167 1538
2115167 11
2117163 25 
2117256 75 
2117662 72 
2117662 70 
2118271 80 
2118404 83 
2118537 64 
2118807 62 
2118937 150 
2118937 68 
2118937 65
2119007 92 
2120470 103 
2120470 101 
2120978 100 
2120978 1
2120978 1538
2120978 10
2122977 25 
2124235 75 
2124635 72 
2124635 70 
2125281 80 
2125415 83 
2126454 64 
2127350 256 
2127484 63 
2127614 151 
2127614 69 
2127687 93 
2129145 103 
2129145 101 
2130051 100 
2130051 1
2130051 1538
2130051 10
2132052 25 
2132138 75 
2132544 72 
2132544 70 
2133171 80 
2133304 83 
2133571 64 
2134720 62 
2134850 151 
2134850 69 
2134922 93 
2135489 91 
2136382 103 
2136382 101 
2137289 100 
2137289 1
2137289 1538
2137289 11
2139290 25 
2139375 75 
2139780 72 
2139780 70 
2140408 80 
2140541 250 
2140810 76 
2141341 76 
2142127 76 
2142261 83 
2142514 64 
2142650 62 
2142780 150 
2142780 68 
2142780 65
2142850 92 
2144314 103 
2144314 101 
2144818 100 
2144818 1
2144818 1538
2144818 11
2146823 25 
2146908 75 
2147315 72 
2147315 70 
2147965 80 
2148098 83 
2148231 64 
2148371 256 
2148511 62 
2148645 150 
2148645 68 
2148645 65
2148717 92 
2150178 103 
2150178 101 
2150689 100 
2150689 1
2150689 1538
2150689 11
2152691 25 
2152770 75 
2153177 72 
2153177 70 
2153816 80 
2153949 250 
2154749 76 
2155548 76 
2155682 83 
2155815 64 
2155951 62 
2156081 150 
2156081 68 
2156081 65
2156155 92 
2157616 103 
2157616 101 
2158119 100 
2158119 1
2158119 1538
2158119 11
2160122 25 
2164159 75 
2164563 72 
2164563 70 
2165224 80 
2165344 83 
2165731 64 
2165867 62 
2166011 150 
2166011 68 
2166011 65
2166088 92 
2167544 103 
2167544 101 
2168049 100 
2168049 1
2168049 1538
2168049 10
2170051 25 
2170135 75 
2170541 72 
2170541 70 
2171568 80 
2171701 83 
2172235 64 
2178874 256 
2179005 61 
2179138 150 
2179138 68 
2179138 65
2179219 92 
2179604 90 
2180490 90 
2180680 103 
2180680 101 
2181191 100 
2181191 1
2181191 1538
2181191 11
2183192 25 
2183277 75 
2183680 72 
2183680 70 
2184336 80 
2184469 83 
2184589 64 
2184846 256 
2184976 61 
2185109 151 
2185109 69 
2185180 93 
2185648 91 
2186208 91 
2186640 103 
2186640 101 
2187547 100 
2187547 1
2187547 1538
2187547 10
2189547 25 
2189634 75 
2190040 72 
2190040 70 
2190667 80 
2190787 83 
2196224 64 
2196493 61 
2196624 150 
2196624 68 
2196624 65
2196709 92 
2197127 90 
2198167 103 
2198167 101 
2198678 100 
2198678 1
2198678 1538
2198678 11
2200677 25 
2200763 75 
2201165 72 
2201165 70 
2201811 80 
2201929 83 
2202288 64 
2202423 256 
2202555 61 
2202688 153 
2202688 68 
2202688 65
2202759 92 
2204219 103 
2204219 101 
2204727 100 
2204727 1
2204727 1538
2204727 11
2206729 25 
2206819 75 
2207223 72 
2207223 70 
2207886 80 
2208019 83 
2208286 64 
2208421 256 
2208566 61 
2208699 151 
2208699 69 
2208775 93 
2209416 91 
2210232 103 
2210232 101 
2211138 100 
2211138 1
2211138 1538
2211138 10
2213139 25 
2213223 75 
2213627 72 
2213627 70 
2214243 80 
2214363 83 
2214963 64 
2215991 256 
2216122 61 
2216256 150 
2216256 68 
2216256 65
2216330 92 
2216720 90 
2217455 90 
2217787 103 
2217787 101 
2218293 100 
2218293 1
2218293 1538
2218293 10
2220296 25 
2220381 75 
2220783 72 
2220783 70 
2221454 250 
2222200 71 
2222453 80 
2222586 83 
2222986 64 
2223122 256 
2223253 61 
2223386 150 
2223386 68 
2223386 65
2223459 92 
2223821 90 
2224711 90 
2224880 90 
2224918 103 
2224918 101 
2225426 100 
2225426 1
2225426 1538
2225426 10
2227425 25 
2227511 75 
2227913 72 
2227913 70 
2228557 80 
2228690 83 
2228957 64 
2229225 61 
2229357 150 
2229357 68 
2229357 65
2229434 92 
2230661 90 
2230891 103 
2230891 101 
2231397 100 
2231397 1
2231397 1538
2231397 11
2233396 25 
2233470 75 
2233875 72 
2233875 70 
2234528 80 
2234795 76 
2234928 83 
2235061 64 
2235196 256 
2235328 61 
2235461 151 
2235461 69 
2235533 93 
2236991 103 
2236991 101 
2237899 100 
2237899 1
2237899 1538
2237899 10
2239901 25 
2239991 75 
2240398 72 
2240398 70 
2241032 80 
2241165 83 
2241552 64 
2241941 256 
2242071 61 
2242205 150 
2242205 68 
2242205 65
2242278 92 
2242669 90 
2243685 90 
2243738 103 
2243738 101 
2244243 100 
2244243 1
2244243 1538
2244243 11
2246243 25 
2246330 75 
2246737 72 
2246737 70 
2247349 80 
2247482 83 
2247869 64 
2248764 256 
2248895 62 
2249028 150 
2249028 68 
2249028 65
2249100 92 
2249479 90 
2250560 103 
2250560 101 
2251069 100 
2251069 1
2251069 1538
2251069 11
2253068 25 
2253156 75 
2253558 72 
2253558 70 
2254200 80 
2254320 83 
2254586 64 
2254722 256 
2254853 62 
2254986 150 
2254986 68 
2254986 65
2255070 92 
2256527 103 
2256527 101 
2257037 100 
2257037 1
2257037 1538
2257037 10
2259039 25 
2259124 75 
2259526 72 
2259526 70 
2260144 80 
2260277 83 
2260664 64 
2260920 256 
2261050 61 
2261183 150 
2261183 68 
2261183 65
2261257 92 
2261678 90 
2262460 90 
2262711 103 
2262711 101 
2263223 100 
2263223 1
2263223 1538
2263223 11
2265222 25 
2265308 75 
2265879 73 
2266041 73 
2266348 72 
2266348 70 
2266967 80 
2267101 83 
2268314 64 
2268450 256 
2268593 61 
2268727 151 
2268727 69 
2268797 93 
2270261 103 
2270261 101 
2271165 100 
2271165 1
2271165 1538
2271165 10
2273166 25 
2273256 75 
2273663 72 
2273663 70 
2274604 80 
2274737 83 
2275004 64 
2275392 61 
2275524 150 
2275524 68 
2275524 65
2275596 92 
2275979 90 
2277057 90 
2277057 103 
2277057 101 
2277577 100 
2277577 1
2277577 1538
2277577 11
2279577 25 
2279666 75 
2280074 72 
2280074 70 
2280722 80 
2280855 83 
2281361 64 
2281631 256 
2281761 61 
2281894 153 
2281894 68 
2281894 65
2281967 92 
2282458 90 
2283227 90 
2283396 90 
2283426 103 
2283426 101 
2283932 100 
2283932 1
2283932 1538
2283932 10
2285933 25 
2286007 75 
2290562 73 
2290868 72 
2290868 70 
2291504 80 
2291637 83 
2293116 64 
2293251 256 
2293383 61 
2293516 150 
2293516 68 
2293516 65
2293588 92 
2294625 90 
2295048 103 
2295048 101 
2295556 100 
2295556 1
2295556 1538
2295556 10
2297555 25 
2297642 75 
2298048 72 
2298048 70 
2298674 80 
2298807 83 
2298941 64 
2299076 256 
2299207 61 
2299340 150 
2299340 68 
2299340 65
2299413 92 
2299908 90 
2300871 103 
2300871 101 
2301379 100 
2301379 1
2301379 1538
2301379 11
2303380 25 
2303465 75 
2303870 72 
2303870 70 
2304485 80 
2304605 83 
2305005 64 
2305540 62 
2305671 150 
2305671 68 
2305671 65
2305755 92 
2306157 90 
2307216 103 
2307216 101 
2307723 100 
2307723 1
2307723 1538
2307723 11
2309724 25 
2309809 75 
2310215 72 
2310215 70 
2310842 80 
2310975 83 
2311242 64 
2311378 256 
2311522 62 
2311655 150 
2311655 68 
2311655 65
2311728 92 
2313188 103 
2313188 101 
2313695 100 
2313695 1
2313695 1538
2313695 10
2315696 25 
2315780 75 
2316187 72 
2316187 70 
2316813 80 
2316946 83 
2317213 64 
2317482 256 
2317613 61 
2317746 150 
2317746 68 
2317746 65
2317833 92 
2319290 103 
2319290 101 
2319798 100 
2319798 1
2319798 1538
2319798 11
2321797 25 
2321871 75 
2322281 72 
2322281 70 
2322904 80 
2323037 83 
2323303 64 
2323439 256 
2323570 62 
2323703 150 
2323703 68 
2323703 65
2323791 92 
2325251 103 
2325251 101 
2325756 100 
2325756 1
2325756 1538
2325756 10
2327755 25 
2327842 75 
2328244 72 
2328244 70 
2328861 80 
2328994 83 
2329128 64 
2329397 256 
2329527 61 
2329661 150 
2329661 68 
2329661 65
2329731 92 
2331197 90 
2331197 103 
2331197 101 
2331712 100 
2331712 1
2331712 1538
2331712 11
2333714 25 
2333799 75 
2334206 72 
2334206 70 
2334819 80 
2334952 83 
2335218 64 
2335354 256 
2335485 62 
2335618 150 
2335618 68 
2335618 65
2335705 92 
2337160 103 
2337160 101 
2337670 100 
2337670 1
2337670 1538
2337670 11
2339672 25 
2339760 75 
2340164 72 
2340164 70 
2340789 80 
2340923 83 
2341056 64 
2341328 62 
2341456 152 
2341456 69 
2341528 93 
2342988 103 
2342988 101 
2343894 100 
2343894 5
2343894 1538
2343894 10
2343894 78 
2345894 25 
2345980 75 
2346385 72 
2346385 70 
2347027 80 
2347160 83 
2347906 64 
2348042 256 
2348173 61 
2348306 151 
2348306 69 
2348391 93 
2348855 91 
2349313 91 
2349849 103 
2349849 101 
2350758 100 
2350758 5
2350758 1538
2350758 11
2352759 25 
2352844 75 
2353249 72 
2353249 70 
2353864 80 
2353997 83 
2354250 64 
2354386 256 
2354517 62 
2354663 150 
2354663 68 
2354663 65
2354735 92 
2356194 103 
2356194 101 
2356701 100 
2356701 5
2356701 1538
2356701 10
2358707 25 
2359204 75 
2359606 72 
2359606 70 
2360221 80 
2360354 83 
2360954 64 
2361222 256 
2361354 61 
2361487 151 
2361487 69 
2361559 93 
2363021 103 
2363021 101 
2363925 100 
2363925 5
2363925 1538
2363925 10
2365927 25 
2368827 75 
2369083 73 
2369488 73 
2369791 72 
2369791 70 
2370443 80 
2370577 83 
2371829 64 
2371968 256 
2372096 61 
2372229 151 
2372229 69 
2372299 93 
2372771 91 
2373421 91 
2373766 91 
2373766 103 
2373766 101 
2374680 100 
2374680 5
2374680 1538
2374680 10
2376682 25 
2376768 75 
2377180 72 
2377180 70 
2378107 80 
2378240 83 
2378640 64 
2379293 61 
2379440 151 
2379440 69 
2379512 93 
2380033 91 
2380529 91 
2380973 103 
2380973 101 
2381878 100 
2381878 5
2381878 1538
2381878 11
2383880 25 
2383969 75 
2384373 72 
2384373 70 
2385012 80 
2385144 83 
2385544 64 
2385679 256 
2385810 62 
2385943 150 
2385943 68 
2385943 65
2386014 92 
2387326 90 
2387472 103 
2387472 101 
2387984 100 
2387984 5
2387984 1538
2387984 10
2389983 25 
2390068 75 
2390472 72 
2390472 70 
2391141 80 
2391274 83 
2391408 64 
2392154 61 
2392287 151 
2392287 69 
2392359 93 
2392792 91 
2393467 91 
2393821 103 
2393821 101 
2394725 100 
2394725 5
2394725 1538
2394725 10
2396727 25 
2396812 75 
2397216 72 
2397216 70 
2397832 80 
2397965 83 
2398098 64 
2398485 61 
2398631 151 
2398631 69 
2398704 93 
2400165 103 
2400165 101 
2401071 100 
2401071 5
2401071 1538
2401071 11
2403071 25 
2403157 75 
2403559 72 
2403559 70 
2404189 80 
2404309 83 
2404549 64 
2404818 62 
2404962 150 
2404962 68 
2404962 65
2405033 92 
2406277 90 
2406495 103 
2406495 101 
2407000 100 
2407000 5
2407000 1538
2407000 11
2409000 25 
2409088 75 
2409490 72 
2409490 70 
2410106 80 
2410240 83 
2410373 64 
2410509 62 
2410640 150 
2410640 68 
2410640 65
2410724 92 
2412141 90 
2412191 103 
2412191 101 
2412705 100 
2412705 5
2412705 1538
2412705 10
2414707 25 
2414791 75 
2415191 72 
2415191 70 
2415824 80 
2415957 83 
2416344 64 
2416613 63 
2416744 150 
2416744 68 
2416744 65
2416817 92 
2418275 103 
2418275 101 
2418783 100 
2418783 5
2418783 1538
2418783 11
2420784 25 
2420870 75 
2421273 72 
2421273 70 
2421888 80 
2422021 83 
2422275 64 
2422410 256 
2422541 62 
2422674 150 
2422674 68 
2422674 65
2422762 92 
2424203 90 
2424217 103 
2424217 101 
2424727 100 
2424727 5
2424727 1538
2424727 10
2426728 25 
2426813 75 
2427214 72 
2427214 70 
2427872 80 
2427992 83 
2428259 64 
2428395 256 
2428525 63 
2428659 152 
2428659 69 
2428729 93 
2430192 103 
2430192 101 
2431096 100 
2431096 5
2431096 1538
2431096 11
2433098 25 
2433184 75 
2433587 72 
2433587 70 
2434216 80 
2434349 83 
2434483 64 
2434616 256 
2434752 62 
2434883 150 
2434883 68 
2434883 65
2434955 92 
2436417 103 
2436417 101 
2436921 100 
2436921 5
2436921 1538
2436921 11
2438922 25 
2442315 75 
2442718 72 
2442718 70 
2443212 71 
2443599 80 
2443732 83 
2444132 64 
2444402 256 
2444532 61 
2444678 151 
2444678 69 
2444751 93 
2446209 103 
2446209 101 
2447117 100 
2447117 5
2447117 1538
2447117 10
2449118 25 
2449626 75 
2450031 72 
2450031 70 
2450662 80 
2450783 83 
2451382 64 
2451518 256 
2451649 61 
2451795 151 
2451795 69 
2451867 93 
2452383 91 
2453164 91 
2453329 103 
2453329 101 
2454241 100 
2454241 5
2454241 1538
2454241 11
2456240 25 
2456320 75 
2456727 72 
2456727 70 
2457366 80 
2457500 83 
2457766 64 
2457902 256 
2458033 62 
2458166 150 
2458166 68 
2458166 65
2458252 92 
2459373 90 
2459712 103 
2459712 101 
2460217 100 
2460217 5
2460217 1538
2460217 10
2462218 25 
2462304 75 
2462706 72 
2462706 70 
2463324 80 
2463457 83 
2463724 64 
2463992 256 
2464123 63 
2464257 150 
2464257 68 
2464257 65
2464330 92 
2465789 103 
2465789 101 
2466297 100 
2466297 5
2466297 1538
2466297 10
2468296 25 
2468382 75 
2468785 72 
2468785 70 
2469041 250 
2472786 71 
2473160 80 
2473293 83 
2473933 64 
2474201 256 
2474332 63 
2474466 150 
2474466 68 
2474466 65
2474561 92 
2476012 103 
2476012 101 
2476516 100 
2476516 5
2476516 1538
2476516 11
2478517 25 
2478592 75 
2478992 72 
2478992 70 
2480010 80 
2480210 250 
2480625 76 
2481411 76 
2482382 76 
2482582 83 
2484621 64 
2485023 256 
2485154 62 
2485288 150 
2485288 68 
2485288 65
2485374 92 
2486401 90 
2486833 103 
2486833 101 
2487339 100 
2487339 5
2487339 1538
2487339 11
2489339 25 
2489426 75 
2489828 72 
2489828 70 
2490445 80 
2490579 83 
2490845 64 
2490982 256 
2491112 62 
2491245 150 
2491245 68 
2491245 65
2491315 92 
2492778 103 
2492778 101 
2493296 100 
2493296 5
2493296 1538
2493296 10
2495298 25 
2495573 75 
2495975 72 
2495975 70 
2496603 80 
2496736 83 
2497003 64 
2497259 256 
2497389 63 
2497522 150 
2497522 68 
2497522 65
2497596 92 
2499054 103 
2499054 101 
2499562 100 
2499562 5
2499562 1538
2499562 11
2501563 25 
2501637 75 
2501999 73 
2502300 72 
2502300 70 
2502949 80 
2503080 83 
2503213 64 
2503350 256 
2503480 62 
2503613 150 
2503613 68 
2503613 65
2503690 92 
2505145 103 
2505145 101 
2505651 100 
2505651 5
2505651 1538
2505651 10
2507653 25 
2511503 75 
2511906 72 
2511906 70 
2512556 80 
2512689 83 
2513076 64 
2513344 61 
2513476 153 
2513476 68 
2513476 65
2513548 92 
2514069 90 
2514832 90 
2515006 103 
2515006 101 
2515515 100 
2515515 5
2515515 1538
2515515 10
2517516 25 
2517601 75 
2518006 72 
2518006 70 
2518620 80 
2518753 83 
2518887 64 
2519033 256 
2519169 61 
2519313 151 
2519313 69 
2519398 93 
2519885 91 
2520859 103 
2520859 101 
2521765 100 
2521765 5
2521765 1538
2521765 11
2523766 25 
2523852 75 
2524258 72 
2524258 70 
2524884 80 
2525018 83 
2525271 64 
2525407 256 
2525551 62 
2525684 150 
2525684 68 
2525684 65
2525757 92 
2527124 90 
2527213 103 
2527213 101 
2527722 100 
2527722 5
2527722 1538
2527722 10
2529722 25 
2529809 75 
2530211 72 
2530211 70 
2530842 80 
2530975 83 
2531108 64 
2531363 256 
2531495 61 
2531628 151 
2531628 69 
2531698 93 
2533162 103 
2533162 101 
2534068 100 
2534068 5
2534068 1538
2534068 10
2536068 25 
2536160 75 
2536567 72 
2536567 70 
2537186 80 
2537306 83 
2537812 64 
2538070 256 
2538198 63 
2538332 150 
2538332 68 
2538332 65
2538404 92 
2539862 103 
2539862 101 
2540370 100 
2540370 5
2540370 1538
2540370 11
2542372 25 
2542462 75 
2542869 72 
2542869 70 
2543490 80 
2543610 83 
2543865 64 
2543999 256 
2544129 62 
2544263 150 
2544263 68 
2544263 65
2544334 92 
2545796 103 
2545796 101 
2546302 100 
2546302 5
2546302 1538
2546302 11
2548301 25 
2548387 75 
2548788 72 
2548788 70 
2549407 80 
2549540 83 
2549674 64 
2549809 256 
2549940 62 
2550073 150 
2550073 68 
2550073 65
2550156 92 
2551617 103 
2551617 101 
2552125 100 
2552125 5
2552125 1538
2552125 10
2554125 25 
2554212 75 
2554614 72 
2554614 70 
2555245 250 
2559883 71 
2560136 80 
2560269 83 
2561016 64 
2561284 256 
2561415 63 
2561552 150 
2561552 68 
2561552 65
2561633 92 
2563096 103 
2563096 101 
2563599 100 
2563599 5
2563599 1538
2563599 10
2565602 25 
2565687 75 
2566092 72 
2566092 70 
2566733 80 
2566866 83 
2567239 64 
2567626 63 
2567759 150 
2567759 68 
2567759 65
2567836 92 
2568371 90 
2569289 103 
2569289 101 
2569800 100 
2569800 5
2569800 1538
2569800 11
2571800 25 
2571884 75 
2572288 72 
2572288 70 
2572917 80 
2573050 83 
2573317 64 
2573452 256 
2573583 62 
2573717 150 
2573717 68 
2573717 65
2573788 92 
2575054 90 
2575250 103 
2575250 101 
2575756 100 
2575756 5
2575756 1538
2575756 11
2577755 25 
2577842 75 
2578243 72 
2578243 70 
2578874 80 
2579008 83 
2579128 64 
2579517 256 
2579741 62 
2579874 152 
2579874 69 
2579946 93 
2581405 103 
2581405 101 
2581452 102 
