0 100 
0 2
0 1520
0 10
1995 25 
12066 254 
27726 75 
28128 72 
28128 70 
29149 80 
29375 250 
29590 76 
29788 83 
30801 64 
31004 256 
31201 62 
31414 151 
31414 69 
31483 93 
32946 103 
32946 101 
33752 100 
33752 2
33752 1520
33752 11
35755 25 
35833 75 
36235 72 
36235 70 
37012 80 
37132 83 
37612 64 
37747 256 
37878 62 
38012 151 
38012 69 
38086 93 
38316 91 
39121 91 
39543 103 
39543 101 
40350 100 
40350 2
40350 1520
40350 11
42350 25 
42431 75 
42837 72 
42837 70 
43449 80 
43569 83 
43929 64 
44184 256 
44316 61 
44449 153 
44449 68 
44449 65
44544 92 
45009 90 
45987 103 
45987 101 
46500 100 
46500 2
46500 1520
46500 10
48502 25 
49191 75 
49591 72 
49591 70 
50207 80 
50327 83 
50686 64 
50942 256 
51073 61 
51206 150 
51206 68 
51206 65
51289 92 
51742 90 
52749 103 
52749 101 
53257 100 
53257 2
53257 1520
53257 10
55260 25 
55350 75 
55757 72 
55757 70 
56351 80 
56471 83 
57790 64 
58045 61 
58177 150 
58177 68 
58177 65
58249 92 
58866 90 
59706 103 
59706 101 
60217 100 
60217 2
60217 1520
60217 11
62216 25 
62301 75 
62703 72 
62703 70 
63321 80 
63455 83 
63828 64 
64576 256 
64707 62 
64841 151 
64841 69 
64908 93 
66374 103 
66374 101 
67179 100 
67179 2
67179 1520
67179 11
69179 25 
69260 75 
69664 72 
69664 70 
70278 80 
70398 83 
70532 64 
70800 61 
70931 151 
70931 69 
70999 93 
71456 91 
72462 103 
72462 101 
73271 100 
73271 2
73271 1520
73271 10
75272 25 
76064 75 
80546 73 
80851 72 
80851 70 
81460 80 
81580 83 
81822 64 
82195 61 
82327 150 
82327 68 
82327 65
82395 92 
82831 90 
83858 103 
83858 101 
84367 100 
84367 2
84367 1520
84367 11
86364 25 
86451 75 
86852 72 
86852 70 
87471 80 
87605 83 
87858 64 
88726 256 
88977 62 
89111 151 
89111 69 
89178 93 
90645 103 
90645 101 
91462 100 
91462 2
91462 1520
91462 10
93462 25 
93541 75 
93944 72 
93944 70 
94562 80 
94682 83 
95041 64 
95176 256 
95308 61 
95441 150 
95441 68 
95441 65
95512 92 
96051 90 
96972 103 
96972 101 
97481 100 
97481 2
97481 1520
97481 10
99481 25 
99566 75 
99975 72 
99975 70 
100586 80 
100719 83 
100972 64 
101228 256 
101359 61 
101492 150 
101492 68 
101492 65
101562 92 
102711 90 
103019 103 
103019 101 
103531 100 
103531 2
103531 1520
103531 11
105532 25 
105606 75 
106009 72 
106009 70 
106383 250 
106743 71 
107103 80 
107223 83 
111754 64 
112023 61 
112154 151 
112154 69 
112225 93 
113683 103 
113683 101 
114494 100 
114494 2
114494 1520
114494 11
116494 25 
116572 75 
116974 72 
116974 70 
117592 80 
117712 83 
120591 64 
121697 63 
121830 150 
121830 68 
121830 65
121906 92 
123357 103 
123357 101 
123870 100 
123870 2
123870 1520
123870 11
125869 25 
125960 75 
126365 72 
126365 70 
126988 80 
127108 83 
128881 64 
129256 256 
131666 63 
131799 150 
131799 68 
131799 65
131870 92 
133333 103 
133333 101 
133840 100 
133840 2
133840 1520
133840 10
135838 25 
135911 75 
136319 72 
136319 70 
137171 80 
137370 83 
137770 64 
138012 256 
138210 61 
138410 152 
138410 69 
138479 93 
138979 91 
139712 91 
139941 103 
139941 101 
140750 100 
140750 2
140750 1520
140750 11
142750 25 
142829 75 
143235 72 
143235 70 
143994 80 
144114 83 
144607 64 
144863 256 
144994 63 
145127 150 
145127 68 
145127 65
145198 92 
146660 103 
146660 101 
147165 100 
147165 2
147165 1520
147165 10
149166 25 
149239 75 
149640 72 
149640 70 
150245 80 
150365 83 
150498 64 
150754 256 
150885 61 
151018 150 
151018 68 
151018 65
151089 92 
151666 90 
152550 103 
152550 101 
153059 100 
153059 2
153059 1520
153059 10
155059 25 
155148 75 
155553 72 
155553 70 
156149 80 
156269 83 
156389 64 
156644 256 
156776 61 
156909 150 
156909 68 
156909 65
156978 92 
158217 90 
158437 103 
158437 101 
158947 100 
158947 2
158947 1520
158947 11
160949 25 
161022 75 
161425 72 
161425 70 
162040 80 
162160 83 
162413 64 
162669 256 
162800 63 
162933 150 
162933 68 
162933 65
163006 92 
164465 103 
164465 101 
164976 100 
164976 2
164976 1520
164976 10
166974 25 
167058 75 
167461 72 
167461 70 
168078 80 
168211 83 
168451 64 
168706 256 
168837 61 
168971 150 
168971 68 
168971 65
169041 92 
169633 90 
170498 103 
170498 101 
171009 100 
171009 2
171009 1520
171009 11
173011 25 
173095 75 
173502 72 
173502 70 
174115 80 
174248 83 
174488 64 
174743 256 
174875 63 
175008 150 
175008 68 
175008 65
175080 92 
176541 103 
176541 101 
177047 100 
177047 2
177047 1520
177047 10
179047 25 
179121 75 
179527 72 
179527 70 
180126 80 
180259 83 
180499 64 
180741 256 
180859 61 
180992 150 
180992 68 
180992 65
181066 92 
182199 90 
182519 103 
182519 101 
183031 100 
183031 2
183031 1520
183031 11
185031 25 
185117 75 
185523 72 
185523 70 
186137 80 
186257 83 
186737 64 
186992 256 
187110 63 
187243 150 
187243 68 
187243 65
187314 92 
188777 103 
188777 101 
189282 100 
189282 2
189282 1520
189282 10
191284 25 
191368 75 
191771 72 
191771 70 
192388 80 
192521 83 
192641 64 
192896 256 
193027 61 
193161 150 
193161 68 
193161 65
193232 92 
194435 90 
194691 103 
194691 101 
195203 100 
195203 2
195203 1520
195203 11
197201 25 
197286 75 
197692 72 
197692 70 
198292 80 
198412 83 
198772 64 
199027 256 
199158 63 
199291 150 
199291 68 
199291 65
199360 92 
200820 103 
200820 101 
201332 100 
201332 2
201332 1520
201332 10
203331 25 
203420 75 
203824 72 
203824 70 
204436 80 
204556 83 
204796 64 
205051 256 
205182 61 
205316 150 
205316 68 
205316 65
205387 92 
205896 90 
206846 103 
206846 101 
207356 100 
207356 3
207356 1520
207356 11
207356 78 
209355 25 
209446 75 
209851 72 
209851 70 
210474 80 
210593 83 
212753 64 
212888 256 
213259 62 
213392 153 
213392 68 
213392 65
213462 92 
214923 103 
214923 101 
215432 100 
215432 3
215432 1520
215432 11
217435 25 
217519 75 
217922 72 
217922 70 
218537 80 
218657 83 
228494 252 
228748 256 
228879 62 
229012 151 
229012 69 
229079 93 
230547 103 
230547 101 
231352 100 
231352 3
231352 1520
231352 10
233353 25 
233431 75 
233836 72 
233836 70 
234437 80 
234557 83 
235157 64 
235772 256 
235903 61 
236036 151 
236036 69 
236104 93 
237110 91 
237566 103 
237566 101 
238376 100 
238376 3
238376 1520
238376 10
240375 25 
240461 75 
240866 72 
240866 70 
241474 80 
241607 83 
244299 64 
244781 256 
245032 62 
245166 150 
245166 68 
245166 65
245228 92 
245767 90 
246698 103 
246698 101 
247204 100 
247204 3
247204 1520
247204 10
249204 25 
249278 75 
249680 72 
249680 70 
250284 80 
250417 83 
250657 64 
250792 256 
250910 62 
251043 150 
251043 68 
251043 65
251116 92 
252576 103 
252576 101 
253082 100 
253082 3
253082 1520
253082 11
255082 25 
255174 75 
255578 72 
255578 70 
256188 80 
256308 83 
256681 64 
256936 256 
257307 63 
257441 152 
257441 69 
257511 93 
258273 91 
258971 103 
258971 101 
259781 100 
259781 3
259781 1520
259781 10
261781 25 
261859 75 
262262 72 
262262 70 
262878 80 
262998 83 
271581 64 
272421 252 
272663 256 
272794 62 
281220 150 
281220 68 
281220 65
281286 92 
282755 103 
282755 101 
283270 100 
283270 3
283270 1520
283270 11
285271 25 
285360 75 
285766 72 
285766 70 
286375 80 
286495 83 
287628 64 
288123 256 
288255 61 
288374 151 
288374 69 
288441 93 
289206 91 
289904 103 
289904 101 
290714 100 
290714 3
290714 1520
290714 11
292714 25 
293151 75 
293759 73 
294059 72 
294059 70 
294679 80 
294798 83 
296598 64 
297933 256 
298064 62 
298197 151 
298197 69 
298266 93 
298845 91 
299731 103 
299731 101 
300537 100 
300537 3
300537 1520
300537 10
302537 25 
302617 75 
303024 72 
303024 70 
303635 80 
303755 83 
304474 64 
304730 256 
304861 62 
304994 150 
304994 68 
304994 65
305062 92 
306524 103 
306524 101 
307032 100 
307032 3
307032 1520
307032 11
309034 25 
309112 75 
309514 72 
309514 70 
310125 80 
310245 83 
312498 64 
312982 256 
313111 63 
313231 150 
313231 68 
313231 65
313305 92 
314759 103 
314759 101 
315270 100 
315270 3
315270 1520
315270 10
317271 25 
317356 75 
317760 72 
317760 70 
318362 80 
318495 83 
318962 64 
319097 256 
319215 62 
319348 150 
319348 68 
319348 65
319416 92 
320878 103 
320878 101 
321387 100 
321387 3
321387 1520
321387 11
323389 25 
323473 75 
323875 72 
323875 70 
324493 80 
324613 83 
325706 64 
326201 256 
326332 63 
326465 150 
326465 68 
326465 65
326533 92 
327994 103 
327994 101 
328503 100 
328503 3
328503 1520
328503 10
330505 25 
330590 75 
330997 72 
330997 70 
331610 80 
331730 83 
331850 64 
332105 256 
332343 62 
332476 150 
332476 68 
332476 65
332548 92 
334006 103 
334006 101 
334515 100 
334515 3
334515 1520
334515 11
336516 25 
336601 75 
337004 72 
337004 70 
337607 80 
337727 83 
338567 64 
338822 256 
339313 63 
339447 152 
339447 69 
339514 93 
340192 91 
340505 91 
340976 103 
340976 101 
341787 100 
341787 3
341787 1520
341787 10
343785 25 
344064 75 
344504 73 
344809 72 
344809 70 
345751 80 
345871 83 
346111 64 
346379 256 
346510 62 
346644 150 
346644 68 
346644 65
346717 92 
348175 103 
348175 101 
348681 100 
348681 3
348681 1520
348681 10
350682 25 
350755 75 
351161 72 
351161 70 
351775 80 
351908 83 
352028 64 
352163 256 
352521 62 
352654 150 
352654 68 
352654 65
352724 92 
353430 90 
354185 103 
354185 101 
354694 100 
354694 3
354694 1520
354694 10
356694 25 
356766 75 
357171 72 
357171 70 
357786 80 
357906 83 
358039 64 
358174 256 
358305 62 
358439 150 
358439 68 
358439 65
358521 92 
359832 90 
359981 103 
359981 101 
360491 100 
360491 3
360491 1520
360491 11
362492 25 
362578 75 
362982 72 
362982 70 
363583 80 
363703 83 
363943 64 
364558 256 
364689 61 
364823 151 
364823 69 
364888 93 
365377 91 
366356 103 
366356 101 
367162 100 
367162 3
367162 1520
367162 11
369162 25 
369246 75 
369647 72 
369647 70 
370247 80 
370367 83 
371687 64 
372673 61 
372806 151 
372806 69 
372876 93 
373611 91 
374340 91 
374340 103 
374340 101 
375157 100 
375157 3
375157 1520
375157 11
377159 25 
377238 75 
377642 72 
377642 70 
378244 80 
378377 83 
379337 64 
380430 63 
380563 150 
380563 68 
380563 65
380634 92 
381228 90 
382094 103 
382094 101 
382601 100 
382601 3
382601 1520
382601 10
384602 25 
384680 75 
385082 72 
385082 70 
385707 80 
385827 83 
385961 64 
386214 256 
386347 62 
386480 150 
386480 68 
386480 65
386550 92 
388008 103 
388008 101 
388520 100 
388520 3
388520 1520
388520 11
390519 25 
390598 75 
391002 72 
391002 70 
391625 80 
391745 83 
391985 64 
392240 256 
392371 63 
392505 150 
392505 68 
392505 65
392575 92 
394037 103 
394037 101 
394543 100 
394543 3
394543 1520
394543 10
396545 25 
396630 75 
397034 72 
397034 70 
397636 80 
397756 83 
397876 64 
398011 256 
398142 62 
398395 150 
398395 68 
398395 65
398469 92 
399403 90 
399800 90 
399930 103 
399930 101 
400440 100 
400440 3
400440 1520
400440 11
402440 25 
402520 75 
402925 72 
402925 70 
403527 80 
403660 83 
404020 64 
404275 256 
404540 63 
404673 150 
404673 68 
404673 65
404744 92 
406203 103 
406203 101 
406710 100 
406710 3
406710 1520
406710 11
408712 25 
408784 75 
409191 72 
409191 70 
409804 80 
409924 83 
410177 64 
410433 256 
410684 63 
410819 150 
410819 68 
410819 65
410888 92 
412346 103 
412346 101 
412854 100 
412854 3
412854 1520
412854 11
414856 25 
414929 75 
415335 72 
415335 70 
415935 80 
416055 83 
416308 64 
416443 256 
416561 63 
416695 150 
416695 68 
416695 65
416770 92 
418228 103 
418228 101 
418732 100 
418732 3
418732 1520
418732 10
420733 25 
420807 75 
421210 72 
421210 70 
421826 80 
421959 250 
422214 76 
422585 76 
422719 83 
422852 64 
423107 62 
423358 150 
423358 68 
423358 65
423439 92 
424901 103 
424901 101 
425416 100 
425416 5
425416 1520
425416 11
425416 78 
427414 25 
427504 75 
427908 72 
427908 70 
428530 80 
428650 83 
428889 64 
429025 62 
429289 151 
429289 69 
429378 93 
430164 91 
430637 91 
430833 103 
430833 101 
431642 100 
431642 5
431642 1520
431642 10
433642 25 
435469 75 
435869 72 
435869 70 
436473 80 
436593 250 
437339 76 
437473 83 
437593 64 
437834 256 
438206 62 
438339 151 
438339 69 
438407 93 
439705 91 
439870 103 
439870 101 
440676 100 
440676 5
440676 1520
440676 10
442677 25 
442757 75 
443159 72 
443159 70 
443778 80 
443897 83 
445456 64 
446551 256 
446789 61 
446909 151 
446909 69 
446978 93 
447572 91 
448095 91 
448424 91 
448439 103 
448439 101 
449247 100 
449247 5
449247 1520
449247 10
451248 25 
451326 75 
451730 72 
451730 70 
452346 80 
452466 83 
460583 64 
461916 252 
462278 61 
462409 151 
462409 69 
462472 93 
463015 91 
463941 103 
463941 101 
464750 100 
464750 5
464750 1520
464750 11
466749 25 
466829 75 
467231 72 
467231 70 
467833 80 
467953 83 
469992 64 
470965 256 
471325 62 
471458 150 
471458 68 
471458 65
471526 92 
472282 90 
472991 103 
472991 101 
473497 100 
473497 5
473497 1520
473497 10
475498 25 
475571 75 
475978 72 
475978 70 
476590 80 
476710 83 
477549 64 
477805 256 
478189 63 
478322 152 
478322 69 
478392 93 
479852 103 
479852 101 
480660 100 
480660 5
480660 1520
480660 11
482662 25 
482745 75 
483146 72 
483146 70 
483760 80 
483880 83 
484600 64 
485573 62 
485706 150 
485706 68 
485706 65
485776 92 
486170 90 
486363 90 
487235 103 
487235 101 
487746 100 
487746 5
487746 1520
487746 11
489745 25 
489817 75 
490223 72 
490223 70 
490824 80 
490944 83 
491064 64 
491319 256 
491450 62 
491570 150 
491570 68 
491570 65
491641 92 
493100 103 
493100 101 
493609 100 
493609 5
493609 1520
493609 10
495609 25 
495699 75 
496101 72 
496101 70 
496688 80 
496808 83 
497887 64 
498263 256 
498394 63 
498527 150 
498527 68 
498527 65
498599 92 
500060 103 
500060 101 
500565 100 
500565 5
500565 1520
500565 11
502567 25 
502652 75 
503056 72 
503056 70 
503658 80 
503778 83 
503912 64 
504167 256 
504298 62 
504431 150 
504431 68 
504431 65
504502 92 
505127 90 
505965 103 
505965 101 
506472 100 
506472 5
506472 1520
506472 10
508470 25 
508555 75 
508960 72 
508960 70 
509563 80 
509683 83 
510042 64 
510297 256 
510549 63 
510682 150 
510682 68 
510682 65
510753 92 
512215 103 
512215 101 
512721 100 
512721 5
512721 1520
512721 10
514720 25 
514801 75 
515207 72 
515207 70 
515800 80 
515920 83 
516280 64 
517137 256 
517386 62 
517519 153 
517519 68 
517519 65
517590 92 
518112 90 
519047 103 
519047 101 
519560 100 
519560 5
519560 1520
519560 11
521559 25 
521631 75 
522033 72 
522033 70 
522624 80 
522744 83 
522984 64 
523706 256 
523837 62 
523957 150 
523957 68 
523957 65
524027 92 
524595 90 
525489 103 
525489 101 
525995 100 
525995 5
525995 1520
525995 10
527996 25 
528076 75 
528482 72 
528482 70 
529088 80 
529208 83 
529448 64 
529703 256 
530074 63 
530194 150 
530194 68 
530194 65
530264 92 
531729 103 
531729 101 
532234 100 
532234 5
532234 1520
532234 10
534233 25 
534318 75 
534725 72 
534725 70 
535325 80 
535445 83 
535685 64 
535941 256 
536072 63 
536192 150 
536192 68 
536192 65
536260 92 
537723 103 
537723 101 
538230 100 
538230 5
538230 1520
538230 11
540230 25 
540321 75 
540725 72 
540725 70 
541323 80 
541443 83 
541563 64 
541818 256 
541936 62 
542069 150 
542069 68 
542069 65
542143 92 
543600 103 
543600 101 
544108 100 
544108 5
544108 1520
544108 10
546110 25 
546182 75 
546587 72 
546587 70 
547520 80 
547653 83 
547787 64 
548042 256 
548173 63 
548307 150 
548307 68 
548307 65
548383 92 
549838 103 
549838 101 
550346 100 
550346 5
550346 1520
550346 11
552346 25 
552417 75 
552824 72 
552824 70 
553424 80 
553558 83 
553678 64 
553813 256 
553944 62 
554211 150 
554211 68 
554211 65
554283 92 
555740 103 
555740 101 
556249 100 
556249 5
556249 1520
556249 10
558251 25 
558328 75 
558732 72 
558732 70 
559329 80 
559449 83 
559688 64 
559944 256 
560075 63 
560208 150 
560208 68 
560208 65
560281 92 
561741 103 
561741 101 
562248 100 
562248 5
562248 1520
562248 11
564246 25 
564366 75 
564772 72 
564772 70 
565366 80 
565486 83 
565726 64 
565861 256 
565993 62 
566126 150 
566126 68 
566126 65
566198 92 
567654 103 
567654 101 
568166 100 
568166 5
568166 1520
568166 10
570165 25 
570251 75 
570654 72 
570654 70 
571270 80 
571390 83 
571630 64 
571886 256 
572017 63 
572150 150 
572150 68 
572150 65
572219 92 
573683 103 
573683 101 
574203 100 
574203 5
574203 1520
574203 11
576203 25 
576293 75 
576700 72 
576700 70 
577321 80 
577441 250 
578081 76 
578947 76 
579081 83 
579200 64 
579456 256 
579720 62 
579840 150 
579840 68 
579840 65
579915 92 
580514 90 
581368 103 
581368 101 
581881 100 
581881 1
581881 1520
581881 10
581881 78 
583879 25 
583951 75 
584356 72 
584356 70 
584971 80 
585091 83 
585211 64 
585468 256 
585838 63 
585971 153 
585971 68 
585971 65
586044 92 
587502 103 
587502 101 
588010 100 
588010 1
588010 1520
588010 11
590009 25 
590091 75 
590721 73 
591024 72 
591024 70 
591635 80 
591755 83 
592475 64 
592730 256 
592861 62 
592995 150 
592995 68 
592995 65
593066 92 
594524 103 
594524 101 
595035 100 
595035 1
595035 1520
595035 11
597034 25 
597106 75 
597513 72 
597513 70 
598126 80 
598246 83 
598606 64 
598861 256 
598994 62 
599125 150 
599125 68 
599125 65
599195 92 
600657 103 
600657 101 
601165 100 
601165 1
601165 1520
601165 10
603165 25 
603237 75 
603641 72 
603641 70 
604243 80 
604363 83 
604843 64 
605338 256 
605469 63 
605603 151 
605603 69 
605671 93 
606313 91 
607136 103 
607136 101 
607941 100 
607941 1
607941 1520
607941 11
609942 25 
610021 75 
610428 72 
610428 70 
611041 80 
611161 83 
611281 64 
611536 256 
611800 62 
611933 150 
611933 68 
611933 65
612002 92 
613466 103 
613466 101 
613974 100 
613974 1
613974 1520
613974 10
615971 25 
616047 75 
616453 72 
616453 70 
617051 80 
617171 83 
617544 76 
618277 64 
618904 61 
619037 150 
619037 68 
619037 65
619103 92 
619732 90 
620565 103 
620565 101 
621082 100 
621082 1
621082 1520
621082 11
623080 25 
623166 75 
623567 72 
623567 70 
624182 80 
624302 83 
624781 64 
625050 61 
625181 151 
625181 69 
625252 93 
625855 91 
626715 103 
626715 101 
627533 100 
627533 1
627533 1520
627533 10
629533 25 
629612 75 
630015 72 
630015 70 
630632 80 
630752 83 
632192 64 
634126 256 
634261 62 
634391 153 
634391 68 
634391 65
634456 92 
635035 90 
635921 103 
635921 101 
636429 100 
636429 1
636429 1520
636429 11
638430 25 
638761 75 
639166 72 
639166 70 
639775 80 
639895 83 
640135 64 
640750 256 
640881 62 
641015 150 
641015 68 
641015 65
641087 92 
642549 103 
642549 101 
643055 100 
643055 1
643055 1520
643055 10
645054 25 
645364 75 
645768 72 
645768 70 
646386 80 
646506 83 
646999 64 
647614 256 
647745 61 
647879 150 
647879 68 
647879 65
647948 92 
648560 90 
649410 103 
649410 101 
649917 100 
649917 1
649917 1520
649917 10
651917 25 
652241 75 
652647 72 
652647 70 
653265 80 
653383 83 
653516 64 
653771 256 
653903 61 
654036 150 
654036 68 
654036 65
654106 92 
655564 103 
655564 101 
656076 100 
656076 1
656076 1520
656076 11
658075 25 
658166 75 
658572 72 
658572 70 
659167 80 
659287 83 
659420 64 
659676 256 
659807 61 
659940 151 
659940 69 
660009 93 
660924 91 
661364 91 
661469 103 
661469 101 
662279 100 
662279 1
662279 1520
662279 11
664280 25 
664358 75 
664760 72 
664760 70 
665365 80 
665485 83 
666324 64 
666581 256 
666711 62 
666844 150 
666844 68 
666844 65
666913 92 
668373 103 
668373 101 
668883 100 
668883 1
668883 1520
668883 10
670884 25 
670973 75 
671375 72 
671375 70 
671975 80 
672108 83 
672228 64 
672964 256 
673348 63 
673481 151 
673481 69 
673548 93 
675020 103 
675020 101 
675837 100 
675837 1
675837 1520
675837 11
677835 25 
677917 75 
678318 72 
678318 70 
678932 80 
679052 83 
679292 64 
679548 256 
679679 62 
679812 150 
679812 68 
679812 65
679882 92 
681340 103 
681340 101 
681851 100 
681851 1
681851 1520
681851 10
683852 25 
683941 75 
684345 72 
684345 70 
684956 80 
685196 250 
686902 76 
688142 76 
688275 83 
688528 64 
688770 256 
688902 61 
689035 150 
689035 68 
689035 65
689104 92 
690565 103 
690565 101 
691073 100 
691073 1
691073 1520
691073 10
693075 25 
693159 75 
694786 73 
695114 72 
695114 70 
695725 80 
695859 83 
696925 64 
697180 256 
697311 62 
697445 151 
697445 69 
697513 93 
698974 103 
698974 101 
699785 100 
699785 1
699785 1520
699785 10
701784 25 
701863 75 
702270 72 
702270 70 
702882 80 
703002 83 
704442 64 
706856 256 
706987 61 
707107 150 
707107 68 
707107 65
707179 92 
707685 90 
708641 103 
708641 101 
709145 100 
709145 1
709145 1520
709145 10
711146 25 
712048 75 
712448 72 
712448 70 
713065 80 
713185 83 
713318 64 
713573 256 
713824 61 
713958 150 
713958 68 
713958 65
714027 92 
715485 103 
715485 101 
715995 100 
715995 1
715995 1520
715995 10
717997 25 
718500 75 
718901 72 
718901 70 
719515 80 
719769 250 
721475 76 
722461 76 
722581 83 
722821 64 
723063 256 
723194 61 
723327 150 
723327 68 
723327 65
723397 92 
724855 103 
724855 101 
725365 100 
725365 1
725365 1520
725365 11
727365 25 
727445 75 
727848 72 
727848 70 
728458 80 
728578 83 
729418 64 
729900 256 
730151 62 
730284 150 
730284 68 
730284 65
730355 92 
731818 103 
731818 101 
732342 100 
732342 1
732342 1520
732342 11
734341 25 
734427 75 
734830 72 
734830 70 
735429 80 
735549 83 
735669 64 
735924 256 
736055 62 
736189 150 
736189 68 
736189 65
736256 92 
737720 103 
737720 101 
738227 100 
738227 1
738227 1520
738227 11
740228 25 
740307 75 
740715 72 
740715 70 
741333 80 
741453 250 
742066 76 
742934 76 
743066 83 
743306 64 
743440 256 
743692 62 
743812 152 
743812 69 
743880 93 
744987 91 
745346 103 
745346 101 
746154 100 
746154 1
746154 1520
746154 11
748153 25 
748230 75 
748631 72 
748631 70 
749503 80 
749690 83 
750503 64 
751715 61 
751849 151 
751849 69 
751917 93 
753381 103 
753381 101 
754186 100 
754186 1
754186 1520
754186 10
756188 25 
756674 75 
757078 72 
757078 70 
757700 80 
757820 83 
759139 64 
759514 256 
759646 61 
759779 150 
759779 68 
759779 65
759855 92 
761313 103 
761313 101 
761819 100 
761819 1
761819 1520
761819 11
763819 25 
764577 75 
764979 72 
764979 70 
765590 80 
765723 250 
767309 76 
767442 83 
767562 64 
767835 61 
767962 151 
767962 69 
768032 93 
768673 91 
768899 91 
769099 91 
769491 103 
769491 101 
770302 100 
770302 1
770302 1520
770302 11
772301 25 
772387 75 
772793 72 
772793 70 
773400 80 
773520 83 
774359 64 
774614 256 
774746 61 
774879 151 
774879 69 
774950 93 
775629 91 
776410 103 
776410 101 
777221 100 
777221 1
777221 1520
777221 10
779218 25 
779297 75 
779703 72 
779703 70 
780304 80 
780424 83 
781756 64 
782491 62 
782623 150 
782623 68 
782623 65
782698 92 
784152 103 
784152 101 
784660 100 
784660 1
784660 1520
784660 11
786662 25 
787275 75 
787680 72 
787680 70 
788287 80 
788420 83 
788553 64 
788807 256 
789060 61 
789193 153 
789193 68 
789193 65
789264 92 
790723 103 
790723 101 
791231 100 
791231 1
791231 1520
791231 11
793233 25 
793317 75 
793722 72 
793722 70 
794338 80 
794458 250 
796097 76 
797083 76 
797203 83 
797323 64 
797712 61 
797843 151 
797843 69 
797910 93 
798901 91 
799038 91 
799372 103 
799372 101 
800187 100 
800187 1
800187 1520
800187 10
802185 25 
802261 75 
802666 72 
802666 70 
803267 80 
803387 83 
804467 64 
804589 256 
804720 61 
804853 150 
804853 68 
804853 65
804923 92 
806236 90 
806382 103 
806382 101 
806891 100 
806891 1
806891 1520
806891 10
808892 25 
808982 75 
809384 72 
809384 70 
809998 80 
810118 83 
810478 64 
810719 256 
810851 61 
810984 150 
810984 68 
810984 65
811056 92 
812513 103 
812513 101 
813023 100 
813023 1
813023 1520
813023 11
815024 25 
815109 75 
815512 72 
815512 70 
816129 80 
816249 83 
816489 64 
816984 256 
817115 61 
817248 151 
817248 69 
817316 93 
818313 91 
818779 103 
818779 101 
819586 100 
819586 1
819586 1520
819586 10
821587 25 
821667 75 
822074 72 
822074 70 
822686 80 
822806 83 
823779 64 
824154 256 
824285 61 
824419 150 
824419 68 
824419 65
824492 92 
825952 90 
825952 103 
825952 101 
826457 100 
826457 1
826457 1520
826457 10
828458 25 
828537 75 
828940 72 
828940 70 
829550 80 
829670 83 
829914 64 
830165 256 
830283 61 
830416 150 
830416 68 
830416 65
830484 92 
831945 103 
831945 101 
832454 100 
832454 1
832454 1520
832454 11
834455 25 
834533 75 
834819 73 
835121 72 
835121 70 
835734 80 
835854 83 
836334 64 
836935 256 
837067 62 
837200 150 
837200 68 
837200 65
837269 92 
837813 90 
838730 103 
838730 101 
839239 100 
839239 1
839239 1520
839239 10
841239 25 
841330 75 
841735 72 
841735 70 
842318 80 
842438 83 
842678 64 
843039 256 
843157 61 
843277 152 
843277 69 
843346 93 
843852 91 
844365 91 
844808 103 
844808 101 
845616 100 
845616 1
845616 1520
845616 11
847616 25 
847696 75 
848098 72 
848098 70 
848675 80 
848795 83 
849488 64 
850090 256 
850301 62 
850434 150 
850434 68 
850434 65
850503 92 
851199 90 
851970 103 
851970 101 
852487 100 
852487 1
852487 1520
852487 11
854486 25 
854699 75 
855103 72 
855103 70 
855966 80 
856166 83 
856419 64 
856554 256 
856685 62 
856819 150 
856819 68 
856819 65
856889 92 
858346 103 
858346 101 
858859 100 
858859 1
858859 1520
858859 10
860857 25 
860932 75 
861337 72 
861337 70 
861950 80 
862070 83 
862789 64 
863271 256 
863642 63 
863762 151 
863762 69 
863834 93 
865295 103 
865295 101 
866100 100 
866100 1
866100 1520
866100 10
868102 25 
868180 75 
868582 72 
868582 70 
869200 80 
869320 83 
870413 64 
871133 62 
871266 151 
871266 69 
871337 93 
872279 91 
872799 103 
872799 101 
873604 100 
873604 1
873604 1520
873604 10
875606 25 
875690 75 
876096 72 
876096 70 
876690 80 
876810 83 
877410 64 
877785 256 
877903 63 
878036 151 
878036 69 
878105 93 
879567 103 
879567 101 
880376 100 
880376 1
880376 1520
880376 11
882375 25 
882455 75 
882858 72 
882858 70 
883474 80 
883594 83 
885140 64 
885888 61 
886020 151 
886020 69 
886087 93 
886667 91 
887027 91 
887553 103 
887553 101 
888359 100 
888359 1
888359 1520
888359 11
890360 25 
890443 75 
890846 72 
890846 70 
891457 80 
891577 83 
895269 64 
895751 256 
895882 62 
896015 150 
896015 68 
896015 65
896085 92 
897549 103 
897549 101 
898053 100 
898053 1
898053 1520
898053 11
900056 25 
900141 75 
900542 72 
900542 70 
901160 80 
901280 83 
901413 64 
901669 256 
901800 62 
901933 152 
901933 69 
902003 93 
902812 91 
903165 91 
903463 103 
903463 101 
904272 100 
904272 1
904272 1520
904272 11
906271 25 
906351 75 
906756 72 
906756 70 
907371 80 
907504 83 
908477 64 
909105 61 
909237 151 
909237 69 
909301 93 
909865 91 
910151 91 
910771 103 
910771 101 
911574 100 
911574 1
911574 1520
911574 10
913577 25 
913661 75 
914066 72 
914066 70 
914688 80 
914808 83 
915647 64 
916023 256 
916154 255 
917820 62 
917953 151 
917953 69 
918016 93 
918477 91 
919487 103 
919487 101 
920292 100 
920292 1
920292 1520
920292 10
922293 25 
922619 75 
923042 73 
923447 72 
923447 70 
924057 80 
924177 83 
925137 64 
925511 61 
925643 150 
925643 68 
925643 65
925714 92 
927173 103 
927173 101 
927682 100 
927682 1
927682 1520
927682 10
929683 25 
929944 75 
931172 73 
931506 72 
931506 70 
932121 80 
932254 83 
932374 64 
932749 256 
932880 61 
933013 150 
933013 68 
933013 65
933083 92 
933478 90 
934541 103 
934541 101 
935053 100 
935053 1
935053 1520
935053 10
937052 25 
937346 75 
937540 73 
937849 72 
937849 70 
938451 80 
938571 250 
940330 76 
941183 76 
941303 83 
941557 64 
941811 256 
941930 61 
942063 150 
942063 68 
942063 65
942139 92 
943595 103 
943595 101 
944101 100 
944101 1
944101 1520
944101 11
946101 25 
946175 75 
946581 72 
946581 70 
947181 80 
947301 83 
948860 64 
949237 256 
949367 62 
949500 150 
949500 68 
949500 65
949571 92 
950090 90 
951031 103 
951031 101 
951541 100 
951541 1
951541 1520
951541 10
953540 25 
953624 75 
954027 72 
954027 70 
954631 80 
954764 83 
955124 64 
955628 256 
955844 61 
956057 150 
956057 68 
956057 65
956130 92 
956599 90 
957595 103 
957595 101 
958110 100 
958110 1
958110 1520
958110 11
960111 25 
960801 75 
961206 72 
961206 70 
962055 80 
962281 250 
962801 76 
964602 76 
964735 83 
965107 64 
965362 256 
965493 61 
965613 151 
965613 69 
965682 93 
966251 91 
967143 103 
967143 101 
967953 100 
967953 1
967953 1520
967953 11
969952 25 
970188 75 
970594 72 
970594 70 
971198 80 
971318 83 
972397 64 
972653 256 
972784 62 
972917 150 
972917 68 
972917 65
972988 92 
974450 103 
974450 101 
974956 100 
974956 1
974956 1520
974956 10
976957 25 
977046 75 
977447 72 
977447 70 
978061 80 
978195 83 
978675 64 
979157 256 
979288 61 
979421 150 
979421 68 
979421 65
979490 92 
980953 103 
980953 101 
981461 100 
981461 1
981461 1520
981461 10
983461 25 
983546 75 
983951 72 
983951 70 
984565 80 
984685 83 
986858 64 
988073 256 
988204 62 
988337 151 
988337 69 
988405 93 
989869 103 
989869 101 
990678 100 
990678 1
990678 1520
990678 10
992675 25 
992758 75 
993162 72 
993162 70 
993775 80 
993895 83 
994735 64 
995470 256 
995721 61 
995842 150 
995842 68 
995842 65
995909 92 
996370 90 
997372 103 
997372 101 
997879 100 
997879 1
997879 1520
997879 11
999880 25 
1000324 75 
1000468 73 
1000872 72 
1000872 70 
1001478 80 
1001598 83 
1002078 64 
1002467 61 
1002598 151 
1002598 69 
1002667 93 
1003413 91 
1004131 103 
1004131 101 
1004936 100 
1004936 1
1004936 1520
1004936 10
1006937 25 
1007016 75 
1007423 72 
1007423 70 
1008036 80 
1008156 83 
1009595 64 
1012729 256 
1012847 62 
1012980 151 
1012980 69 
1013048 93 
1013653 91 
1014255 91 
1014510 103 
1014510 101 
1015320 100 
1015320 1
1015320 1520
1015320 11
1017321 25 
1018554 75 
1018961 72 
1018961 70 
1019551 80 
1019671 83 
1022550 64 
1024498 61 
1024629 153 
1024629 68 
1024629 65
1024694 92 
1025297 90 
1026158 103 
1026158 101 
1026667 100 
1026667 1
1026667 1520
1026667 10
1028667 25 
1029223 75 
1029626 72 
1029626 70 
1030240 80 
1030360 83 
1031906 64 
1032748 256 
1032999 62 
1033119 151 
1033119 69 
1033188 93 
1033619 91 
1034652 103 
1034652 101 
1035470 100 
1035470 1
1035470 1520
1035470 11
1037472 25 
1037554 75 
1037961 72 
1037961 70 
1038543 80 
1038676 83 
1039383 64 
1040104 256 
1040222 61 
1040342 151 
1040342 69 
1040405 93 
1040966 91 
1041559 91 
1041872 103 
1041872 101 
1042681 100 
1042681 1
1042681 1520
1042681 11
1044681 25 
1045119 75 
1045303 73 
1045627 72 
1045627 70 
1046220 80 
1046340 83 
1048006 64 
1048488 256 
1048606 62 
1048739 150 
1048739 68 
1048739 65
1048815 92 
1049453 90 
1050266 103 
1050266 101 
1050779 100 
1050779 1
1050779 1520
1050779 11
1052779 25 
1052866 75 
1053270 72 
1053270 70 
1053870 80 
1053990 83 
1054230 64 
1054351 62 
1054470 150 
1054470 68 
1054470 65
1054539 92 
1055998 103 
1055998 101 
1056508 100 
1056508 1
1056508 1520
1056508 10
1058510 25 
1058599 75 
1058985 73 
1059291 72 
1059291 70 
1059894 80 
1060015 83 
1060374 64 
1060856 256 
1060987 61 
1061107 150 
1061107 68 
1061107 65
1061178 92 
1061693 90 
1062639 103 
1062639 101 
1063145 100 
1063145 1
1063145 1520
1063145 10
1065147 25 
1065236 75 
1065643 72 
1065643 70 
1066571 80 
1066705 83 
1067065 64 
1067319 256 
1067451 61 
1067584 150 
1067584 68 
1067584 65
1067658 92 
1069113 103 
1069113 101 
1069623 100 
1069623 1
1069623 1520
1069623 11
1071624 25 
1071703 75 
1072108 72 
1072108 70 
1072715 80 
1072849 83 
1073102 64 
1073235 256 
1073371 62 
1073502 150 
1073502 68 
1073502 65
1073572 92 
1075033 103 
1075033 101 
1075541 100 
1075541 1
1075541 1520
1075541 10
1077542 25 
1077619 75 
1078022 72 
1078022 70 
1078633 80 
1078753 83 
1078993 64 
1079262 62 
1079393 150 
1079393 68 
1079393 65
1079464 92 
1080923 103 
1080923 101 
1081431 100 
1081431 1
1081431 1520
1081431 11
1083432 25 
1083522 75 
1083925 72 
1083925 70 
1084537 80 
1084657 83 
1084910 64 
1085046 256 
1085177 62 
1085310 150 
1085310 68 
1085310 65
1085384 92 
1086843 103 
1086843 101 
1087350 100 
1087350 1
1087350 1520
1087350 11
1089353 25 
1089435 75 
1089838 72 
1089838 70 
1090455 80 
1090588 83 
1090708 64 
1090843 62 
1091095 150 
1091095 68 
1091095 65
1091166 92 
1092623 103 
1092623 101 
1093133 100 
1093133 1
1093133 1520
1093133 11
1095135 25 
1095224 75 
1095627 72 
1095627 70 
1096239 80 
1096359 83 
1096719 64 
1096854 62 
1096985 150 
1096985 68 
1096985 65
1097069 92 
1098531 103 
1098531 101 
1099039 100 
1099039 1
1099039 1520
1099039 11
1101037 25 
1101123 75 
1101526 72 
1101526 70 
1102143 80 
1102263 83 
1103703 64 
1103838 256 
1103969 62 
1104102 152 
1104102 69 
1104170 93 
1105083 91 
1105635 103 
1105635 101 
1106442 100 
1106442 1
1106442 1520
1106442 10
1108443 25 
1108521 75 
1108921 72 
1108921 70 
1109540 80 
1109673 83 
1110167 64 
1110782 256 
1110913 61 
1111046 150 
1111046 68 
1111046 65
1111118 92 
1111592 90 
1112574 103 
1112574 101 
1113084 100 
1113084 1
1113084 1520
1113084 10
1115086 25 
1115171 75 
1115573 72 
1115573 70 
1116191 80 
1116311 83 
1116671 64 
1116792 256 
1116924 61 
1117057 150 
1117057 68 
1117057 65
1117126 92 
1118591 103 
1118591 101 
1119097 100 
1119097 1
1119097 1520
1119097 10
1121095 25 
1121173 75 
1121574 72 
1121574 70 
1122188 80 
1122455 250 
1123441 76 
1124321 76 
1125334 76 
1126320 76 
1126453 83 
1126813 64 
1126946 256 
1127082 61 
1127213 150 
1127213 68 
1127213 65
1127284 92 
1128744 103 
1128744 101 
1129251 100 
1129251 1
1129251 1520
1129251 11
1131254 25 
1131338 75 
1131739 72 
1131739 70 
1132331 80 
1132451 83 
1132571 64 
1132839 62 
1132970 150 
1132970 68 
1132970 65
1133039 92 
1134504 103 
1134504 101 
1135011 100 
1135011 1
1135011 1520
1135011 10
1137011 25 
1137474 75 
1137878 72 
1137878 70 
1138488 80 
1138608 83 
1138848 64 
1139103 62 
1139235 152 
1139235 69 
1139302 93 
1139912 91 
1140436 91 
1140769 103 
1140769 101 
1141575 100 
1141575 1
1141575 1520
1141575 11
1143573 25 
1143653 75 
1144055 72 
1144055 70 
1144659 80 
1144779 83 
1145019 64 
1145274 256 
1145405 62 
1145539 150 
1145539 68 
1145539 65
1145606 92 
1147071 103 
1147071 101 
1147576 100 
1147576 1
1147576 1520
1147576 10
1149578 25 
1149656 75 
1150065 72 
1150065 70 
1150683 80 
1150803 83 
1150923 64 
1151418 256 
1151549 61 
1151683 150 
1151683 68 
1151683 65
1151752 92 
1152246 90 
1153216 103 
1153216 101 
1153726 100 
1153726 4
1153726 1520
1153726 11
1153726 78 
1155724 25 
1155795 75 
1156201 72 
1156201 70 
1156801 80 
1156921 83 
1157760 64 
1158002 256 
1158133 62 
1158267 151 
1158267 69 
1158341 93 
1159806 103 
1159806 101 
1160618 100 
1160618 4
1160618 1520
1160618 10
1162620 25 
1162699 75 
1163104 72 
1163104 70 
1163718 80 
1163838 83 
1165037 64 
1165292 256 
1165424 62 
1165544 150 
1165544 68 
1165544 65
1165615 92 
1167077 103 
1167077 101 
1167582 100 
1167582 4
1167582 1520
1167582 11
1169583 25 
1169668 75 
1170072 72 
1170072 70 
1171208 80 
1171488 83 
1175260 64 
1175515 256 
1175633 62 
1175766 151 
1175766 69 
1175835 93 
1176529 91 
1176770 91 
1177010 91 
1177298 103 
1177298 101 
1178106 100 
1178106 4
1178106 1520
1178106 10
1180106 25 
1180184 75 
1180588 72 
1180588 70 
1181190 80 
1181310 83 
1181790 64 
1182391 256 
1182523 61 
1182657 151 
1182657 69 
1182724 93 
1183318 91 
1183990 91 
1184191 103 
1184191 101 
1184995 100 
1184995 4
1184995 1520
1184995 11
1186995 25 
1187079 75 
1187485 72 
1187485 70 
1188214 250 
1188787 71 
1189027 80 
1189147 83 
1189507 64 
1189762 256 
1189894 62 
1190027 151 
1190027 69 
1190097 93 
1190905 91 
1191368 91 
1191556 103 
1191556 101 
1192365 100 
1192365 4
1192365 1520
1192365 10
1194366 25 
1194444 75 
1194850 72 
1194850 70 
1195451 80 
1195571 83 
1196877 64 
1197119 256 
1197250 62 
1197384 150 
1197384 68 
1197384 65
1197452 92 
1198814 90 
1198916 103 
1198916 101 
1199424 100 
1199424 4
1199424 1520
1199424 10
1201424 25 
1201508 75 
1201910 72 
1201910 70 
1202488 80 
1202608 83 
1202848 64 
1203103 256 
1203221 62 
1203341 150 
1203341 68 
1203341 65
1203411 92 
1204871 103 
1204871 101 
1205380 100 
1205380 4
1205380 1520
1205380 11
1207381 25 
1207586 75 
1207988 72 
1207988 70 
1209179 250 
1209765 71 
1209899 80 
1210018 83 
1210938 64 
1211315 256 
1211431 61 
1211565 150 
1211565 68 
1211565 65
1211634 92 
1212085 90 
1213092 103 
1213092 101 
1213603 100 
1213603 4
1213603 1520
1213603 11
1215603 25 
1215694 75 
1216097 72 
1216097 70 
1216696 80 
1216816 83 
1217775 64 
1218031 62 
1218162 151 
1218162 69 
1218229 93 
1218961 91 
1219378 91 
1219694 103 
1219694 101 
1220501 100 
1220501 4
1220501 1520
1220501 11
1222500 25 
1222584 75 
1222991 72 
1222991 70 
1223599 80 
1223719 83 
1224906 64 
1225748 256 
1225865 61 
1225985 150 
1225985 68 
1225985 65
1226054 92 
1226583 90 
1227519 103 
1227519 101 
1228030 100 
1228030 4
1228030 1520
1228030 11
1230028 25 
1230374 75 
1230777 72 
1230777 70 
1231383 80 
1231516 83 
1231996 64 
1232131 256 
1232250 61 
1232383 150 
1232383 68 
1232383 65
1232452 92 
1233914 103 
1233914 101 
1234420 100 
1234420 4
1234420 1520
1234420 10
1236421 25 
1236531 75 
1236938 72 
1236938 70 
1237554 80 
1237674 83 
1238034 64 
1238396 61 
1238527 153 
1238527 68 
1238527 65
1238597 92 
1240055 103 
1240055 101 
1240567 100 
1240567 4
1240567 1520
1240567 10
1242565 25 
1244879 75 
1245161 73 
1245486 72 
1245486 70 
1246563 250 
1247030 71 
1247150 80 
1247270 83 
1248443 64 
1248925 256 
1249042 61 
1249165 151 
1249165 69 
1249231 93 
1249863 91 
1250696 103 
1250696 101 
1251505 100 
1251505 4
1251505 1520
1251505 11
1253505 25 
1253581 75 
1253981 72 
1253981 70 
1254587 80 
1254707 83 
1260677 76 
1261051 64 
1261293 256 
1261411 62 
1261530 151 
1261530 69 
1261597 93 
1262165 91 
1262593 91 
1263060 103 
1263060 101 
1263870 100 
1263870 4
1263870 1520
1263870 10
1265869 25 
1265948 75 
1266351 72 
1266351 70 
1266942 80 
1267062 83 
1268141 64 
1268396 256 
1268514 62 
1268647 150 
1268647 68 
1268647 65
1268717 92 
1270178 103 
1270178 101 
1270690 100 
1270690 4
1270690 1520
1270690 11
1272688 25 
1272777 75 
1273182 72 
1273182 70 
1274072 80 
1274272 83 
1274685 64 
1275129 256 
1275325 61 
1275525 150 
1275525 68 
1275525 65
1275593 92 
1276218 90 
1277057 103 
1277057 101 
1277564 100 
1277564 4
1277564 1520
1277564 11
1279565 25 
1279787 75 
1280082 73 
1280382 72 
1280382 70 
1281149 80 
1281269 83 
1281509 64 
1281884 256 
1282015 61 
1282149 152 
1282149 69 
1282216 93 
1282925 91 
1283504 91 
1283685 103 
1283685 101 
1284502 100 
1284502 4
1284502 1520
1284502 11
1286502 25 
1287124 75 
1287530 72 
1287530 70 
1288133 80 
1288253 83 
1288972 64 
1289348 256 
1289479 61 
1289612 150 
1289612 68 
1289612 65
1289683 92 
1291144 103 
1291144 101 
1291652 100 
1291652 4
1291652 1520
1291652 10
1293652 25 
1294287 75 
1294692 72 
1294692 70 
1295303 80 
1295423 83 
1296023 64 
1296291 61 
1296423 151 
1296423 69 
1296491 93 
1297525 91 
1297956 103 
1297956 101 
1298761 100 
1298761 4
1298761 1520
1298761 10
1300761 25 
1307087 75 
1307488 72 
1307488 70 
1308098 80 
1308218 83 
1308831 64 
1309326 256 
1309457 62 
1309591 150 
1309591 68 
1309591 65
1309659 92 
1310141 90 
1311121 103 
1311121 101 
1311630 100 
1311630 4
1311630 1520
1311630 10
1313631 25 
1313715 75 
1314120 72 
1314120 70 
1314722 80 
1314842 83 
1315095 76 
1315455 64 
1315828 62 
1315961 150 
1315961 68 
1315961 65
1316032 92 
1317488 103 
1317488 101 
1317999 100 
1317999 4
1317999 1520
1317999 11
1320001 25 
1320073 75 
1320480 72 
1320480 70 
1321092 80 
1321212 83 
1322532 76 
1323851 64 
1324599 61 
1324731 150 
1324731 68 
1324731 65
1324803 92 
1325427 90 
1326264 103 
1326264 101 
1326769 100 
1326769 4
1326769 1520
1326769 10
1328770 25 
1328847 75 
1329248 72 
1329248 70 
1329836 80 
1329956 83 
1330075 64 
1330330 256 
1330462 61 
1330595 151 
1330595 69 
1330663 93 
1331364 91 
1332126 103 
1332126 101 
1332934 100 
1332934 4
1332934 1520
1332934 11
1334933 25 
1335019 75 
1335423 72 
1335423 70 
1336020 80 
1336139 83 
1336499 64 
1336768 256 
1337019 62 
1337152 151 
1337152 69 
1337221 93 
1337777 91 
1338217 91 
1338419 91 
1338685 103 
1338685 101 
1339494 100 
1339494 4
1339494 1520
1339494 10
1341493 25 
1342942 75 
1343086 73 
1343491 72 
1343491 70 
1344109 80 
1344229 83 
1345189 64 
1345325 256 
1345456 62 
1345589 150 
1345589 68 
1345589 65
1345664 92 
1347120 103 
1347120 101 
1347630 100 
1347630 4
1347630 1520
1347630 10
1349627 25 
1349718 75 
1350121 72 
1350121 70 
1350733 80 
1350853 83 
1351227 64 
1351588 256 
1351720 62 
1351853 150 
1351853 68 
1351853 65
1351924 92 
1353385 103 
1353385 101 
1353893 100 
1353893 4
1353893 1520
1353893 11
1355892 25 
1355977 75 
1356383 72 
1356383 70 
1356998 80 
1357117 83 
1357597 64 
1358079 256 
1358210 61 
1358344 150 
1358344 68 
1358344 65
1358412 92 
1359871 103 
1359871 101 
1360384 100 
1360384 4
1360384 1520
1360384 11
1362384 25 
1362462 75 
1362967 73 
1363381 73 
1363687 72 
1363687 70 
1364301 80 
1364421 83 
1365154 64 
1365409 256 
1365541 62 
1365674 151 
1365674 69 
1365744 93 
1366417 91 
1366793 91 
1367202 103 
1367202 101 
1368012 100 
1368012 4
1368012 1520
1368012 11
1370013 25 
1372308 75 
1372716 72 
1372716 70 
1373324 80 
1373444 83 
1374524 76 
1375017 76 
1381121 64 
1381576 256 
1381707 62 
1381840 153 
1381840 68 
1381840 65
1381910 92 
1383373 103 
1383373 101 
1383881 100 
1383881 4
1383881 1520
1383881 10
1385879 25 
1386296 75 
1386703 72 
1386703 70 
1387318 80 
1387438 83 
1387798 64 
1388306 61 
1388438 151 
1388438 69 
1388511 93 
1389078 91 
1389965 103 
1389965 101 
1390778 100 
1390778 4
1390778 1520
1390778 11
1392777 25 
1393057 75 
1393306 73 
1393611 72 
1393611 70 
1394222 80 
1394342 83 
1395062 64 
1395317 256 
1395448 61 
1395581 150 
1395581 68 
1395581 65
1395652 92 
1397112 103 
1397112 101 
1397619 100 
1397619 4
1397619 1520
1397619 11
1399620 25 
1399706 75 
1400110 72 
1400110 70 
1400713 80 
1400846 83 
1401099 64 
1401354 256 
1401486 61 
1401619 150 
1401619 68 
1401619 65
1401688 92 
1403148 103 
1403148 101 
1403657 100 
1403657 4
1403657 1520
1403657 10
1405659 25 
1405948 75 
1406349 72 
1406349 70 
1406963 80 
1407083 83 
1407338 64 
1407712 256 
1407843 61 
1407976 151 
1407976 69 
1408045 93 
1409505 103 
1409505 101 
1410317 100 
1410317 4
1410317 1520
1410317 10
1412315 25 
1412394 75 
1412801 72 
1412801 70 
1413401 80 
1413521 83 
1416519 64 
1416655 256 
1416786 62 
1416919 150 
1416919 68 
1416919 65
1416988 92 
1418453 103 
1418453 101 
1418958 100 
1418958 4
1418958 1520
1418958 10
1420960 25 
1421044 75 
1421452 72 
1421452 70 
1422064 80 
1422184 83 
1422317 64 
1422585 256 
1422837 62 
1422970 150 
1422970 68 
1422970 65
1423040 92 
1424500 103 
1424500 101 
1425012 100 
1425012 4
1425012 1520
1425012 11
1427010 25 
1429224 75 
1429625 72 
1429625 70 
1430247 80 
1430367 83 
1430727 64 
1431342 256 
1431473 61 
1431606 150 
1431606 68 
1431606 65
1431681 92 
1432163 90 
1433140 103 
1433140 101 
1433647 100 
1433647 4
1433647 1520
1433647 11
1435645 25 
1435718 75 
1436120 72 
1436120 70 
1436738 80 
1436858 83 
1437217 64 
1437473 256 
1437604 62 
1437737 151 
1437737 69 
1437806 93 
1438553 91 
1438929 91 
1439269 103 
1439269 101 
1440082 100 
1440082 4
1440082 1520
1440082 10
1442079 25 
1442155 75 
1442561 72 
1442561 70 
1443175 80 
1443295 83 
1444135 64 
1444510 256 
1444641 62 
1444774 150 
1444774 68 
1444774 65
1444846 92 
1445447 90 
1446306 103 
1446306 101 
1446819 100 
1446819 4
1446819 1520
1446819 11
1448815 25 
1448904 75 
1449306 73 
1449611 72 
1449611 70 
1450225 80 
1450349 83 
1450585 64 
1450840 256 
1450972 62 
1451105 151 
1451105 69 
1451173 93 
1452636 103 
1452636 101 
1453443 100 
1453443 4
1453443 1520
1453443 10
1455443 25 
1455523 75 
1455926 72 
1455926 70 
1456543 80 
1456663 83 
1464673 64 
1464808 256 
1464926 62 
1465059 150 
1465059 68 
1465059 65
1465129 92 
1466591 103 
1466591 101 
1467101 100 
1467101 4
1467101 1520
1467101 11
1469099 25 
1469183 75 
1469593 72 
1469593 70 
1470190 80 
1470310 83 
1471510 64 
1472858 61 
1472989 150 
1472989 68 
1472989 65
1473057 92 
1473633 90 
1474520 103 
1474520 101 
1475029 100 
1475029 4
1475029 1520
1475029 10
1477030 25 
1477119 75 
1477523 72 
1477523 70 
1478121 80 
1478240 83 
1478600 64 
1479335 256 
1479467 62 
1479600 152 
1479600 69 
1479667 93 
1480307 91 
1481131 103 
1481131 101 
1481939 100 
1481939 4
1481939 1520
1481939 10
1483939 25 
1484020 75 
1484423 72 
1484423 70 
1485424 80 
1485624 83 
1487250 64 
1487655 256 
1487863 62 
1488076 150 
1488076 68 
1488076 65
1488148 92 
1489612 103 
1489612 101 
1490131 100 
1490131 4
1490131 1520
1490131 11
1492130 25 
1497939 75 
1498343 72 
1498343 70 
1499498 71 
1499858 80 
1499978 83 
1502977 64 
1503472 256 
1503603 61 
1503737 150 
1503737 68 
1503737 65
1503806 92 
1504411 90 
1505240 90 
1505270 103 
1505270 101 
1505777 100 
1505777 4
1505777 1520
1505777 10
1507776 25 
1507866 75 
1508736 73 
1509142 72 
1509142 70 
1509747 80 
1509867 83 
1511773 76 
1524528 252 
1524783 256 
1524914 62 
1525048 150 
1525048 68 
1525048 65
1525117 92 
1526582 103 
1526582 101 
1527088 100 
1527088 4
1527088 1520
1527088 11
1529086 25 
1529161 75 
1529565 72 
1529565 70 
1530166 80 
1530286 83 
1532831 64 
1533432 256 
1533564 61 
1533697 152 
1533697 69 
1533767 93 
1535230 103 
1535230 101 
1536037 100 
1536037 4
1536037 1520
1536037 10
1538038 25 
1538116 75 
1538523 72 
1538523 70 
1539122 80 
1539242 83 
1545213 64 
1545935 256 
1548718 252 
1555688 62 
1555808 150 
1555808 68 
1555808 65
1555879 92 
1557338 103 
1557338 101 
1557846 100 
1557846 4
1557846 1520
1557846 10
1559847 25 
1559929 75 
1560335 72 
1560335 70 
1560926 80 
1561046 83 
1562925 64 
1563061 256 
1563179 62 
1563312 150 
1563312 68 
1563312 65
1563380 92 
1564844 103 
1564844 101 
1565352 100 
1565352 4
1565352 1520
1565352 11
1567353 25 
1567442 75 
1567845 72 
1567845 70 
1568416 80 
1568536 83 
1569616 64 
1569991 61 
1570122 150 
1570122 68 
1570122 65
1570190 92 
1571655 103 
1571655 101 
1572160 100 
1572160 4
1572160 1520
1572160 10
1574161 25 
1574234 75 
1574639 72 
1574639 70 
1575240 80 
1575360 83 
1575827 64 
1575962 256 
1576200 62 
1576333 150 
1576333 68 
1576333 65
1576405 92 
1577866 103 
1577866 101 
1578371 100 
1578371 6
1578371 1520
1578371 11
1578371 78 
1580373 25 
1580457 75 
1580859 72 
1580859 70 
1581438 80 
1581558 83 
1585783 64 
1586264 61 
1586396 150 
1586396 68 
1586396 65
1586464 92 
1587928 103 
1587928 101 
1588433 100 
1588433 6
1588433 1520
1588433 10
1590434 25 
1590520 75 
1590922 72 
1590922 70 
1591527 80 
1591647 83 
1592580 64 
1592700 256 
1592822 62 
1592953 151 
1592953 69 
1593026 93 
1594485 103 
1594485 101 
1595291 100 
1595291 6
1595291 1520
1595291 11
1597292 25 
1597371 75 
1597776 72 
1597776 70 
1598364 80 
1598484 83 
1599030 64 
1599621 256 
1599830 61 
1600043 150 
1600043 68 
1600043 65
1600113 92 
1600540 90 
1601575 103 
1601575 101 
1602082 100 
1602082 6
1602082 1520
1602082 11
1604081 25 
1604205 75 
1604611 72 
1604611 70 
1605374 80 
1605494 83 
1606454 64 
1606829 256 
1606960 62 
1607094 151 
1607094 69 
1607161 93 
1608286 91 
1608628 103 
1608628 101 
1609445 100 
1609445 6
1609445 1520
1609445 10
1611447 25 
1611835 75 
1612238 72 
1612238 70 
1612851 80 
1612971 83 
1613331 64 
1613840 256 
1613971 62 
1614104 151 
1614104 69 
1614172 93 
1614697 91 
1615186 91 
1615567 91 
1615636 103 
1615636 101 
1616443 100 
1616443 6
1616443 1520
1616443 11
1618444 25 
1618522 75 
1618925 72 
1618925 70 
1619528 80 
1619648 83 
1620608 64 
1621211 256 
1621461 62 
1621594 151 
1621594 69 
1621662 93 
1622216 91 
1622781 91 
1623124 103 
1623124 101 
1623932 100 
1623932 6
1623932 1520
1623932 10
1625934 25 
1626013 75 
1626371 73 
1626700 72 
1626700 70 
1627312 80 
1627432 83 
1627552 64 
1628286 256 
1628418 62 
1628555 153 
1628555 68 
1628555 65
1628628 92 
1630085 103 
1630085 101 
1630590 100 
1630590 6
1630590 1520
1630590 11
1632591 25 
1632684 75 
1633089 72 
1633089 70 
1633709 80 
1633843 83 
1634922 64 
1635297 256 
1635429 61 
1635562 150 
1635562 68 
1635562 65
1635632 92 
1636144 90 
1637096 103 
1637096 101 
1637615 100 
1637615 6
1637615 1520
1637615 11
1639614 25 
1640376 75 
1640784 72 
1640784 70 
1641399 80 
1641533 83 
1642132 64 
1643132 62 
1643265 151 
1643265 69 
1643337 93 
1643926 91 
1644341 91 
1644796 103 
1644796 101 
1645606 100 
1645606 6
1645606 1520
1645606 11
1647604 25 
1657678 254 
1682954 75 
1683354 72 
1683354 70 
1683955 80 
1684075 83 
1684795 64 
1685050 256 
1685301 62 
1685434 151 
1685434 69 
1685506 93 
1686426 91 
1686964 103 
1686964 101 
1687775 100 
1687775 6
1687775 1520
1687775 10
1689773 25 
1689853 75 
1690259 72 
1690259 70 
1690859 80 
1690979 83 
1691459 64 
1691714 256 
1691845 62 
1691978 151 
1691978 69 
1692053 93 
1692641 91 
1693493 91 
1693511 103 
1693511 101 
1694319 100 
1694319 6
1694319 1520
1694319 10
1696319 25 
1696397 75 
1696805 72 
1696805 70 
1697416 80 
1697536 83 
1698376 64 
1698631 256 
1698762 63 
1698896 150 
1698896 68 
1698896 65
1698973 92 
1700426 103 
1700426 101 
1700936 100 
1700936 6
1700936 1520
1700936 10
1702935 25 
1703020 75 
1703425 72 
1703425 70 
1704040 80 
1704160 83 
1704413 64 
1704668 256 
1705133 63 
1705346 150 
1705346 68 
1705346 65
1705416 92 
1706881 103 
1706881 101 
1707400 100 
1707400 6
1707400 1520
1707400 11
1709399 25 
1709489 75 
1709891 72 
1709891 70 
1710637 80 
1710757 83 
1711357 64 
1711959 256 
1712077 61 
1712210 150 
1712210 68 
1712210 65
1712279 92 
1712755 90 
1713742 103 
1713742 101 
1714248 100 
1714248 6
1714248 1520
1714248 10
1716249 25 
1716322 75 
1716728 72 
1716728 70 
1717315 80 
1717434 83 
1718581 64 
1718821 256 
1719061 63 
1719194 150 
1719194 68 
1719194 65
1719262 92 
1720722 103 
1720722 101 
1721235 100 
1721235 6
1721235 1520
1721235 10
1723233 25 
1723619 75 
1724026 72 
1724026 70 
1724618 80 
1724738 83 
1724978 64 
1725340 63 
1725458 150 
1725458 68 
1725458 65
1725529 92 
1726995 103 
1726995 101 
1727513 100 
1727513 6
1727513 1520
1727513 11
1729511 25 
1729589 75 
1729997 72 
1729997 70 
1730589 80 
1730709 83 
1731069 64 
1731324 256 
1731442 63 
1731575 151 
1731575 69 
1731644 93 
1733104 103 
1733104 101 
1733914 100 
1733914 6
1733914 1520
1733914 11
1735918 25 
1736000 75 
1736403 72 
1736403 70 
1736973 80 
1737093 83 
1737573 64 
1737950 256 
1738066 61 
1738199 150 
1738199 68 
1738199 65
1738268 92 
1738731 90 
1739731 103 
1739731 101 
1740236 100 
1740236 6
1740236 1520
1740236 11
1742238 25 
1743017 75 
1743423 72 
1743423 70 
1744023 80 
1744143 83 
1744863 64 
1745118 256 
1745236 61 
1745370 150 
1745370 68 
1745370 65
1745444 92 
1746907 103 
1746907 101 
1747422 100 
1747422 6
1747422 1520
1747422 10
1749422 25 
1749547 75 
1749954 72 
1749954 70 
1750541 80 
1750661 83 
1751500 64 
1751756 256 
1751993 63 
1752127 150 
1752127 68 
1752127 65
1752196 92 
1753659 103 
1753659 101 
1754167 100 
1754167 6
1754167 1520
1754167 10
1756167 25 
1756261 75 
1756664 72 
1756664 70 
1757245 80 
1757365 83 
1757964 64 
1758326 63 
1758457 152 
1758457 69 
1758525 93 
1759991 103 
1759991 101 
1760797 100 
1760797 6
1760797 1520
1760797 10
1762796 25 
1762875 75 
1763280 72 
1763280 70 
1763869 80 
1763988 83 
1764588 64 
1765321 61 
1765441 151 
1765441 69 
1765510 93 
1766241 91 
1766975 103 
1766975 101 
1767781 100 
1767781 6
1767781 1520
1767781 10
1769781 25 
1769859 75 
1770262 72 
1770262 70 
1770866 80 
1770986 83 
1771679 64 
1772294 61 
1772425 151 
1772425 69 
1772492 93 
1773957 103 
1773957 101 
1774764 100 
1774764 6
1774764 1520
1774764 11
1776764 25 
1776843 75 
1777464 73 
1777769 72 
1777769 70 
1778383 80 
1778504 83 
1779929 64 
1780544 256 
1780797 61 
1780915 150 
1780915 68 
1780915 65
1780986 92 
1781431 90 
1781456 90 
1782446 103 
1782446 101 
1782953 100 
1782953 6
1782953 1520
1782953 11
1784953 25 
1786346 75 
1786654 73 
1786984 72 
1786984 70 
1787565 80 
1787685 83 
1788165 64 
1788407 256 
1788538 63 
1788672 151 
1788672 69 
1788744 93 
1790205 103 
1790205 101 
1791011 100 
1791011 6
1791011 1520
1791011 11
1793012 25 
1801989 75 
1802225 73 
1802544 72 
1802544 70 
1803146 80 
1803266 83 
1818259 252 
1818821 256 
1819099 62 
1819366 151 
1819366 69 
1819433 93 
1820899 103 
1820899 101 
1821705 100 
1821705 6
1821705 1520
1821705 10
1823705 25 
1823790 75 
1824140 73 
1824441 72 
1824441 70 
1825350 80 
1825470 83 
1826189 64 
1826445 256 
1826576 62 
1826696 151 
1826696 69 
1826762 93 
1828229 103 
1828229 101 
1829036 100 
1829036 6
1829036 1520
1829036 11
1831036 25 
1831114 75 
1831522 72 
1831522 70 
1832134 80 
1832253 83 
1832973 64 
1833228 256 
1833360 62 
1833493 153 
1833493 68 
1833493 65
1833562 92 
1834170 90 
1835020 103 
1835020 101 
1835532 100 
1835532 6
1835532 1520
1835532 10
1837531 25 
1837609 75 
1838014 72 
1838014 70 
1838611 80 
1838731 83 
1839091 64 
1839226 256 
1839344 62 
1839477 151 
1839477 69 
1839546 93 
1840282 91 
1841011 103 
1841011 101 
1841817 100 
1841817 6
1841817 1520
1841817 11
1843816 25 
1853896 254 
1865904 75 
1866305 72 
1866305 70 
1866919 80 
1867052 83 
1872450 64 
1873065 256 
1873316 62 
1873450 151 
1873450 69 
1873518 93 
1874144 91 
1874984 103 
1874984 101 
1875800 100 
1875800 6
1875800 1520
1875800 10
1877802 25 
1877881 75 
1878287 72 
1878287 70 
1878901 80 
1879021 83 
1880100 64 
1880368 62 
1880500 151 
1880500 69 
1880570 93 
1882030 103 
1882030 101 
1882840 100 
1882840 6
1882840 1520
1882840 11
1884838 25 
1884918 75 
1885321 72 
1885321 70 
1885925 80 
1886044 83 
1893601 64 
1894214 63 
1894348 151 
1894348 69 
1894417 93 
1895878 103 
1895878 101 
1896687 100 
1896687 6
1896687 1520
1896687 10
1898686 25 
1898772 75 
1899174 72 
1899174 70 
1899785 80 
1899919 83 
1901238 64 
1901374 256 
1901505 62 
1901638 151 
1901638 69 
1901705 93 
1902285 91 
1902455 91 
1903165 103 
1903165 101 
1903978 100 
1903978 6
1903978 1520
1903978 10
1905978 25 
1906775 75 
1907179 72 
1907179 70 
1907795 80 
1907929 250 
1914659 76 
1914793 83 
1915632 64 
1915992 62 
1916125 151 
1916125 69 
1916196 93 
1916833 91 
1916995 91 
1917659 103 
1917659 101 
1918477 100 
1918477 6
1918477 1520
1918477 11
1920477 25 
1920558 75 
1920960 72 
1920960 70 
1921563 80 
1921683 83 
1929147 64 
1929735 61 
1929946 150 
1929946 68 
1929946 65
1930016 92 
1930400 90 
1930426 90 
1931478 103 
1931478 101 
1931986 100 
1931986 6
1931986 1520
1931986 11
1933986 25 
1934057 75 
1934464 72 
1934464 70 
1935237 80 
1935357 83 
1935837 64 
1936212 256 
1936344 61 
1936477 150 
1936477 68 
1936477 65
1936544 92 
1938009 103 
1938009 101 
1938515 100 
1938515 6
1938515 1520
1938515 11
1940516 25 
1940747 75 
1941151 72 
1941151 70 
1941768 80 
1941888 83 
1942248 64 
1942516 61 
1942648 150 
1942648 68 
1942648 65
1942715 92 
1944178 103 
1944178 101 
1944686 100 
1944686 6
1944686 1520
1944686 10
1946686 25 
1947008 75 
1947412 72 
1947412 70 
1948032 80 
1948152 83 
1949471 64 
1949729 256 
1949858 62 
1949991 151 
1949991 69 
1950066 93 
1950748 91 
1951521 103 
1951521 101 
1952330 100 
1952330 6
1952330 1520
1952330 10
1954331 25 
1954416 75 
1954821 72 
1954821 70 
1955429 80 
1955549 83 
1956042 64 
1957617 256 
1957748 61 
1957881 151 
1957881 69 
1957944 93 
1959411 103 
1959411 101 
1960223 100 
1960223 6
1960223 1520
1960223 10
1962220 25 
1962299 75 
1962702 72 
1962702 70 
1963319 80 
1963439 83 
1964159 64 
1964654 256 
1964785 61 
1964918 151 
1964918 69 
1964989 93 
1966451 103 
1966451 101 
1967257 100 
1967257 6
1967257 1520
1967257 11
1969259 25 
1969865 75 
1970268 72 
1970268 70 
1970889 80 
1971009 83 
1972209 64 
1972824 256 
1972955 61 
1973088 150 
1973088 68 
1973088 65
1973160 92 
1973636 90 
1974618 103 
1974618 101 
1975128 100 
1975128 6
1975128 1520
1975128 11
1977126 25 
1977369 75 
1977778 72 
1977778 70 
1978393 80 
1978513 83 
1978873 64 
1979128 256 
1979379 61 
1979512 150 
1979512 68 
1979512 65
1979581 92 
1981046 103 
1981046 101 
1981566 100 
1981566 6
1981566 1520
1981566 10
1983566 25 
1986152 75 
1986559 72 
1986559 70 
1987176 80 
1987309 83 
1988749 64 
1989123 256 
1989375 63 
1989508 150 
1989508 68 
1989508 65
1989579 92 
1991041 103 
1991041 101 
1991546 100 
1991546 6
1991546 1520
1991546 10
1993548 25 
1993620 75 
1994024 72 
1994024 70 
1994639 80 
1994759 83 
1995239 64 
1995614 256 
1995746 61 
1995879 153 
1995879 68 
1995879 65
1995949 92 
1996388 90 
1997410 103 
1997410 101 
1997921 100 
1997921 6
1997921 1520
1997921 11
1999920 25 
2000159 75 
2000281 73 
2000616 72 
2000616 70 
2001237 80 
2001357 83 
2002076 64 
2002331 256 
2002463 63 
2002596 151 
2002596 69 
2002660 93 
2004125 103 
2004125 101 
2004936 100 
2004936 6
2004936 1520
2004936 10
2006934 25 
2007486 75 
2007889 72 
2007889 70 
2008500 80 
2008620 83 
2018429 252 
2018673 256 
2018803 61 
2018936 151 
2018936 69 
2019004 93 
2019593 91 
2020049 91 
2020469 103 
2020469 101 
2021276 100 
2021276 6
2021276 1520
2021276 10
2023274 25 
2023356 75 
2023761 72 
2023761 70 
2024360 80 
2024480 83 
2029745 64 
2030600 256 
2031572 61 
2032067 151 
2032067 69 
2032133 93 
2032836 91 
2033124 91 
2033597 103 
2033597 101 
2034415 100 
2034415 6
2034415 1520
2034415 11
2036421 25 
2036501 75 
2036906 72 
2036906 70 
2037821 80 
2037941 83 
2039727 64 
2040236 61 
2040367 150 
2040367 68 
2040367 65
2040436 92 
2040882 90 
2041894 103 
2041894 101 
2042405 100 
2042405 6
2042405 1520
2042405 10
2044407 25 
2044608 75 
2044724 73 
2045125 72 
2045125 70 
2045738 80 
2045858 83 
2046831 64 
2047566 256 
2047697 62 
2047831 153 
2047831 68 
2047831 65
2047901 92 
2048596 90 
2049351 90 
2049360 103 
2049360 101 
2049870 100 
2049870 6
2049870 1520
2049870 11
2051871 25 
2051956 75 
2052283 73 
2052586 72 
2052586 70 
2053188 80 
2053308 83 
2054028 64 
2054394 256 
2054521 255 
2057507 62 
2057640 151 
2057640 69 
2057710 93 
2059169 103 
2059169 101 
2059979 100 
2059979 6
2059979 1520
2059979 11
2061978 25 
2062057 75 
2062464 72 
2062464 70 
2063078 80 
2063199 83 
2064397 64 
2064652 61 
2064784 150 
2064784 68 
2064784 65
2064856 92 
2066310 103 
2066310 101 
2066821 100 
2066821 6
2066821 1520
2066821 11
2068823 25 
2068911 75 
2069318 72 
2069318 70 
2069928 80 
2070061 83 
2070301 64 
2070423 256 
2070555 61 
2070688 150 
2070688 68 
2070688 65
2070760 92 
2072216 103 
2072216 101 
2072726 100 
2072726 6
2072726 1520
2072726 10
2074728 25 
2084805 254 
2098513 75 
2100287 73 
2100689 72 
2100689 70 
2103927 250 
2104287 71 
2104407 80 
2104527 83 
2105367 64 
2105995 61 
2106140 151 
2106140 69 
2106209 93 
2106937 91 
2107675 103 
2107675 101 
2108491 100 
2108491 6
2108491 1520
2108491 10
2110493 25 
2110571 75 
2110975 72 
2110975 70 
2111591 80 
2112444 250 
2113203 76 
2113323 83 
2113563 64 
2113805 256 
2114056 62 
2114190 151 
2114190 69 
2114260 93 
2115297 91 
2115724 103 
2115724 101 
2116528 100 
2116528 6
2116528 1520
2116528 11
2118529 25 
2118608 75 
2119016 72 
2119016 70 
2119614 80 
2119734 83 
2121067 64 
2121322 256 
2121453 61 
2121587 150 
2121587 68 
2121587 65
2121656 92 
2122125 90 
2123118 103 
2123118 101 
2123626 100 
2123626 6
2123626 1520
2123626 10
2125627 25 
2126177 75 
2126583 72 
2126583 70 
2127184 80 
2127304 83 
2127784 64 
2128146 61 
2128277 151 
2128277 69 
2128345 93 
2128972 91 
2129554 91 
2129806 103 
2129806 101 
2130616 100 
2130616 6
2130616 1520
2130616 11
2132617 25 
2133116 75 
2133248 73 
2133554 72 
2133554 70 
2134155 80 
2134275 83 
2135701 64 
2136076 256 
2136194 61 
2136327 150 
2136327 68 
2136327 65
2136395 92 
2137858 103 
2137858 101 
2138366 100 
2138366 6
2138366 1520
2138366 11
2140370 25 
2140693 75 
2140985 73 
2141289 72 
2141289 70 
2142405 80 
2142671 83 
2143204 76 
2143484 64 
2143766 256 
2144044 61 
2144324 150 
2144324 68 
2144324 65
2144397 92 
2145853 103 
2145853 101 
2146363 100 
2146363 6
2146363 1520
2146363 11
2148364 25 
2149102 75 
2149508 72 
2149508 70 
2150441 80 
2150561 83 
2151041 64 
2151296 256 
2151428 61 
2151561 150 
2151561 68 
2151561 65
2151634 92 
2153095 103 
2153095 101 
2153615 100 
2153615 6
2153615 1520
2153615 10
2155613 25 
2156181 75 
2156582 72 
2156582 70 
2157185 80 
2157305 83 
2157785 64 
2158040 256 
2158171 61 
2158305 151 
2158305 69 
2158373 93 
2159835 103 
2159835 101 
2160644 100 
2160644 6
2160644 1520
2160644 10
2162643 25 
2172718 254 
2176246 75 
2176658 73 
2176999 72 
2176999 70 
2177617 80 
2177737 83 
2180376 64 
2180978 256 
2181095 61 
2181229 151 
2181229 69 
2181298 93 
2182127 91 
2182628 91 
2182767 103 
2182767 101 
2183581 100 
2183581 6
2183581 1520
2183581 11
2185581 25 
2186870 75 
2187273 72 
2187273 70 
2187879 80 
2187999 83 
2189439 64 
2195198 61 
2195329 150 
2195329 68 
2195329 65
2195400 92 
2195888 90 
2196863 103 
2196863 101 
2197370 100 
2197370 6
2197370 1520
2197370 10
2199369 25 
2199454 75 
2199860 72 
2199860 70 
2200461 80 
2200581 83 
2203926 64 
2204048 256 
2204179 61 
2204312 151 
2204312 69 
2204381 93 
2205844 103 
2205844 101 
2206652 100 
2206652 6
2206652 1520
2206652 11
2208652 25 
2208731 75 
2209134 72 
2209134 70 
2209737 80 
2209857 83 
2226357 252 
2226612 256 
2226730 61 
2226865 150 
2226865 68 
2226865 65
2226937 92 
2228393 103 
2228393 101 
2228901 100 
2228901 6
2228901 1520
2228901 10
2230904 25 
2230987 75 
2231391 72 
2231391 70 
2232008 80 
2232127 83 
2271324 252 
2271699 61 
2271831 153 
2271831 68 
2271831 65
2271901 92 
2272500 90 
2273370 103 
2273370 101 
2273883 100 
2273883 6
2273883 1520
2273883 11
2275884 25 
2285963 254 
2304432 75 
2305039 73 
2305342 72 
2305342 70 
2305950 80 
2306070 83 
2324236 252 
2324491 256 
2324622 61 
2324756 150 
2324756 68 
2324756 65
2324826 92 
2326288 103 
2326288 101 
2326800 100 
2326800 6
2326800 1520
2326800 10
2328797 25 
2328880 75 
2329284 72 
2329284 70 
2329887 80 
2330007 83 
2330487 64 
2330742 256 
2330873 61 
2331006 151 
2331006 69 
2331077 93 
2332540 103 
2332540 101 
2333346 100 
2333346 6
2333346 1520
2333346 10
2335347 25 
2335431 75 
2335843 72 
2335843 70 
2336444 80 
2336564 83 
2337284 64 
2337539 256 
2337657 61 
2337790 151 
2337790 69 
2337860 93 
2338446 91 
2339322 103 
2339322 101 
2340130 100 
2340130 6
2340130 1520
2340130 10
2342129 25 
2352201 254 
2372233 75 
2372637 72 
2372637 70 
2373549 80 
2373682 83 
2379440 64 
2379695 61 
2379826 151 
2379826 69 
2379894 93 
2381363 103 
2381363 101 
2382177 100 
2382177 6
2382177 1520
2382177 11
2384178 25 
2384259 75 
2384664 72 
2384664 70 
2385277 80 
2385410 83 
2386130 64 
2386625 61 
2386757 150 
2386757 68 
2386757 65
2386832 92 
2388295 103 
2388295 101 
2388807 100 
2388807 6
2388807 1520
2388807 10
2390807 25 
2390895 75 
2391301 72 
2391301 70 
2391914 80 
2392034 83 
2392514 64 
2392890 256 
2393022 255 
2401470 252 
2402630 62 
2402763 151 
2402763 69 
2402832 93 
2403632 91 
2404296 103 
2404296 101 
2405103 100 
2405103 6
2405103 1520
2405103 11
2407102 25 
2417176 254 
2424604 75 
2426919 73 
2427250 72 
2427250 70 
2427860 80 
2427979 83 
2429899 76 
2430872 76 
2432204 64 
2432340 61 
2432471 153 
2432471 68 
2432471 65
2433139 90 
2433156 92 
2434004 103 
2434004 101 
2434509 100 
2434509 6
2434509 1520
2434509 11
2436509 25 
2436596 75 
2437001 72 
2437001 70 
2437615 80 
2437735 83 
2442280 64 
2442522 256 
2442653 61 
2442787 150 
2442787 68 
2442787 65
2442858 92 
2443866 90 
2444315 103 
2444315 101 
2444825 100 
2444825 6
2444825 1520
2444825 11
2446826 25 
2453310 75 
2453713 72 
2453713 70 
2454329 80 
2454449 83 
2457447 64 
2458902 256 
2461446 62 
2461579 151 
2461579 69 
2461647 93 
2463112 103 
2463112 101 
2463919 100 
2463919 6
2463919 1520
2463919 10
2465917 25 
2465997 75 
2466400 72 
2466400 70 
2467003 80 
2467123 83 
2469229 64 
2469364 256 
2469482 61 
2469616 151 
2469616 69 
2469682 93 
2470159 91 
2470555 91 
2470904 91 
2471150 103 
2471150 101 
2471955 100 
2471955 6
2471955 1520
2471955 11
2473955 25 
2474033 75 
2474435 72 
2474435 70 
2475440 80 
2475573 83 
2492553 252 
2492808 256 
2492939 61 
2493072 150 
2493072 68 
2493072 65
2493142 92 
2493744 90 
2494605 103 
2494605 101 
2495111 100 
2495111 6
2495111 1520
2495111 11
2497112 25 
2497189 75 
2497595 72 
2497595 70 
2498204 80 
2498324 83 
2501309 64 
2501577 61 
2501709 150 
2501709 68 
2501709 65
2501783 92 
2503242 103 
2503242 101 
2503748 100 
2503748 6
2503748 1520
2503748 10
2505748 25 
2506158 75 
2506560 72 
2506560 70 
2507160 80 
2507280 83 
2508000 64 
2508255 61 
2508386 151 
2508386 69 
2508455 93 
2509029 91 
2509892 91 
2509914 103 
2509914 101 
2510731 100 
2510731 6
2510731 1520
2510731 10
2512731 25 
2512808 75 
2514528 73 
2515444 73 
2515748 72 
2515748 70 
2516236 71 
2516596 80 
2516716 83 
2517316 64 
2517436 256 
2517558 61 
2517702 151 
2517702 69 
2517771 93 
2519233 103 
2519233 101 
2520041 100 
2520041 6
2520041 1520
2520041 10
2522041 25 
2532113 254 
2539060 75 
2539469 72 
2539469 70 
2540080 80 
2540200 83 
2540559 76 
2543318 64 
2543440 256 
2543571 61 
2543705 151 
2543705 69 
2543773 93 
2545236 103 
2545236 101 
2546042 100 
2546042 6
2546042 1520
2546042 11
2548044 25 
2558114 254 
2563650 75 
2564052 72 
2564052 70 
2564656 80 
2564778 83 
2571440 76 
2573346 64 
2573601 62 
2573732 151 
2573732 69 
2573806 93 
2575263 103 
2575263 101 
2576078 100 
2576078 6
2576078 1520
2576078 10
2578076 25 
2578150 75 
2578553 72 
2578553 70 
2579557 80 
2579690 83 
2580170 64 
2581158 61 
2581289 151 
2581289 69 
2581357 93 
2581894 91 
2582721 91 
2582821 103 
2582821 101 
2583628 100 
2583628 6
2583628 1520
2583628 10
2585628 25 
2585707 75 
2586112 72 
2586112 70 
2586714 80 
2586847 83 
2587460 64 
2587595 256 
2590672 61 
2590805 153 
2590805 68 
2590805 65
2590875 92 
2592338 103 
2592338 101 
2592846 100 
2592846 6
2592846 1520
2592846 11
2594846 25 
2594930 75 
2595336 72 
2595336 70 
2595950 80 
2596070 83 
2596803 64 
2597058 256 
2597189 61 
2597322 150 
2597322 68 
2597322 65
2597394 92 
2598850 103 
2598850 101 
2599361 100 
2599361 6
2599361 1520
2599361 11
2601361 25 
2601434 75 
2601840 72 
2601840 70 
2602454 80 
2602574 83 
2603533 64 
2603895 256 
2604026 61 
2604282 150 
2604282 68 
2604282 65
2604350 92 
2605811 103 
2605811 101 
2606318 100 
2606318 6
2606318 1520
2606318 11
2608318 25 
2611034 75 
2613273 73 
2613577 72 
2613577 70 
2614316 71 
2615528 250 
2616728 71 
2616848 80 
2616968 83 
2624658 252 
2624913 256 
2625044 61 
2625178 150 
2625178 68 
2625178 65
2625248 92 
2626712 103 
2626712 101 
2627216 100 
2627216 6
2627216 1520
2627216 10
2629218 25 
2629302 75 
2629704 72 
2629704 70 
2630322 80 
2630442 83 
2630922 64 
2631177 61 
2631308 153 
2631308 68 
2631308 65
2631384 92 
2632521 90 
2632842 103 
2632842 101 
2633349 100 
2633349 6
2633349 1520
2633349 10
2635351 25 
2637918 75 
2638323 72 
2638323 70 
2638932 80 
2639052 83 
2645516 64 
2645651 256 
2645782 61 
2645916 151 
2645916 69 
2645986 93 
2647446 103 
2647446 101 
2648253 100 
2648253 6
2648253 1520
2648253 11
2650255 25 
2650334 75 
2650736 72 
2650736 70 
2651353 80 
2651487 250 
2686192 76 
2686326 83 
2690657 252 
2690912 256 
2691563 61 
2691697 150 
2691697 68 
2691697 65
2691767 92 
2693225 103 
2693225 101 
2693737 100 
2693737 6
2693737 1520
2693737 10
2695736 25 
2696259 75 
2696664 72 
2696664 70 
2697161 250 
2697283 71 
2697534 80 
2697654 83 
2698014 64 
2698269 256 
2698400 61 
2698534 151 
2698534 69 
2698605 93 
2700064 103 
2700064 101 
2700874 100 
2700874 6
2700874 1520
2700874 11
2702873 25 
2709077 75 
2709480 72 
2709480 70 
2709849 250 
2746474 71 
2746834 80 
2747567 76 
2747700 83 
2749952 76 
2750206 252 
2750463 256 
2750592 61 
2750725 150 
2750725 68 
2750725 65
2750796 92 
2752209 90 
2752254 103 
2752254 101 
2752766 100 
2752766 6
2752766 1520
2752766 10
2754765 25 
2754855 75 
2755260 72 
2755260 70 
2755857 80 
2755977 83 
2756456 64 
2756712 256 
2756843 61 
2756976 151 
2756976 69 
2757048 93 
2758506 103 
2758506 101 
2759314 100 
2759314 6
2759314 1520
2759314 11
2761315 25 
2761900 75 
2762090 73 
2762405 72 
2762405 70 
2763014 80 
2763134 83 
2763973 64 
2764109 256 
2764240 61 
2764400 150 
2764400 68 
2764400 65
2764473 92 
2765934 103 
2765934 101 
2766439 100 
2766439 6
2766439 1520
2766439 10
2768438 25 
2769356 75 
2769762 72 
2769762 70 
2770011 250 
2770970 71 
2775822 71 
2820896 71 
2821016 80 
2821136 83 
2822576 252 
2822831 256 
2822962 61 
2823082 151 
2823082 69 
2823151 93 
2823904 91 
2824613 103 
2824613 101 
2825423 100 
2825423 6
2825423 1520
2825423 11
2827422 25 
2827500 75 
2827907 72 
2827907 70 
2828507 80 
2828626 250 
2836103 76 
2836237 83 
2837676 64 
2837811 256 
2837943 62 
2838063 252 
2838063 69 
2838616 91 
2838630 93 
2839598 103 
2839598 101 
2840413 100 
2840413 6
2840413 1520
2840413 10
2842416 25 
2842843 75 
2843250 72 
2843250 70 
2843500 250 
2844341 71 
2845180 71 
2845542 71 
2846261 71 
2846379 80 
2846512 250 
2846766 76 
2846886 83 
2847125 64 
2847487 61 
2847619 151 
2847619 69 
2847691 93 
2847948 91 
2849148 103 
2849148 101 
2849956 100 
2849956 6
2849956 1520
2849956 11
2851957 25 
2852039 75 
2860806 73 
2861210 72 
2861210 70 
2861799 80 
2861919 250 
2862279 76 
2862412 83 
2872448 252 
2872690 256 
2872821 61 
2872955 150 
2872955 68 
2872955 65
2873030 92 
2873190 90 
2873511 90 
2874486 103 
2874486 101 
2874995 100 
2874995 6
2874995 1520
2874995 10
2876993 25 
2877066 75 
2877471 72 
2877471 70 
2878059 80 
2878179 83 
2878539 64 
2878794 256 
2878912 61 
2879032 153 
2879032 68 
2879032 65
2879102 92 
2880541 90 
2880564 103 
2880564 101 
2881071 100 
2881071 6
2881071 1520
2881071 11
2883073 25 
2884028 75 
2884572 73 
2884883 72 
2884883 70 
2885763 80 
2885963 83 
2886283 64 
2886602 256 
2886737 61 
2886869 150 
2886869 68 
2886869 65
2886932 92 
2888092 90 
2888402 103 
2888402 101 
2888905 100 
2888905 6
2888905 1520
2888905 11
2890908 25 
2893424 75 
2893829 72 
2893829 70 
2894439 80 
2894559 250 
2894694 76 
2896452 76 
2896585 83 
2896705 64 
2897091 61 
2897225 150 
2897225 68 
2897225 65
2897293 92 
2897708 90 
2898457 90 
2898757 103 
2898757 101 
2898796 102 
