0 100 
0 3
0 1522
0 11
1995 25 
2670 75 
3072 72 
3072 70 
4079 80 
4212 83 
4586 64 
4720 256 
4852 62 
4985 151 
4985 69 
5061 93 
6515 103 
6515 101 
7325 100 
7325 3
7325 1522
7325 10
9326 25 
9404 75 
9807 72 
9807 70 
10423 80 
10543 83 
11036 64 
11292 256 
11556 62 
11689 152 
11689 69 
11761 93 
13222 103 
13222 101 
14030 100 
14030 3
14030 1522
14030 10
16028 25 
16107 75 
16514 72 
16514 70 
17127 80 
17247 83 
17607 64 
17862 256 
17993 61 
18127 151 
18127 69 
18195 93 
18606 91 
19662 103 
19662 101 
20478 100 
20478 3
20478 1522
20478 11
22479 25 
22563 75 
22968 72 
22968 70 
23564 80 
23684 83 
24044 64 
24299 256 
24417 63 
24670 150 
24670 68 
24670 65
24747 92 
26199 103 
26199 101 
26711 100 
26711 3
26711 1522
26711 11
28710 25 
28795 75 
29201 72 
29201 70 
29815 80 
29935 83 
30055 64 
30311 256 
30441 63 
30561 150 
30561 68 
30561 65
30652 92 
32108 103 
32108 101 
32613 100 
32613 3
32613 1522
32613 10
34615 25 
35771 75 
36173 72 
36173 70 
36798 80 
36932 83 
37905 76 
38145 64 
38640 256 
38771 61 
38904 151 
38904 69 
38975 93 
39376 91 
40435 103 
40435 101 
41242 100 
41242 3
41242 1522
41242 10
43243 25 
43323 75 
43725 72 
43725 70 
44342 80 
44462 83 
45062 64 
46156 256 
46288 62 
46421 150 
46421 68 
46421 65
46498 92 
46877 90 
47733 90 
47949 103 
47949 101 
48459 100 
48459 3
48459 1522
48459 11
50461 25 
50551 75 
50959 72 
50959 70 
51566 80 
51685 83 
51925 64 
52168 256 
52302 63 
52432 150 
52432 68 
52432 65
52505 92 
53964 103 
53964 101 
54472 100 
54472 3
54472 1522
54472 11
56471 25 
56543 75 
56947 72 
56947 70 
57563 80 
57696 83 
57936 64 
58058 256 
58296 62 
58429 151 
58429 69 
58500 93 
59962 103 
59962 101 
60769 100 
60769 3
60769 1522
60769 10
62769 25 
62847 75 
63254 72 
63254 70 
63854 80 
63974 83 
64573 64 
64710 256 
64827 62 
64960 150 
64960 68 
64960 65
65034 92 
66494 103 
66494 101 
67012 100 
67012 3
67012 1522
67012 11
69012 25 
69103 75 
69507 72 
69507 70 
70104 80 
70224 83 
70464 64 
70719 256 
70971 63 
71104 150 
71104 68 
71104 65
71182 92 
72637 103 
72637 101 
73144 100 
73144 3
73144 1522
73144 11
75144 25 
75229 75 
75630 72 
75630 70 
76248 80 
76368 83 
76608 64 
76864 256 
77115 62 
77248 151 
77248 69 
77318 93 
78515 91 
78782 103 
78782 101 
79586 100 
79586 3
79586 1522
79586 10
81588 25 
81666 75 
82067 72 
82067 70 
82686 80 
82819 83 
82952 64 
83195 256 
83325 62 
83459 150 
83459 68 
83459 65
83530 92 
84990 103 
84990 101 
85498 100 
85498 3
85498 1522
85498 11
87497 25 
87574 75 
87981 72 
87981 70 
88576 80 
88696 83 
88950 64 
89205 256 
89336 63 
89469 150 
89469 68 
89469 65
89538 92 
91002 103 
91002 101 
91508 100 
91508 3
91508 1522
91508 10
93508 25 
93583 75 
93987 72 
93987 70 
94600 80 
94734 83 
94867 64 
95003 256 
95134 62 
95254 150 
95254 68 
95254 65
95324 92 
96788 103 
96788 101 
97297 100 
97297 3
97297 1522
97297 11
99295 25 
99383 75 
99789 72 
99789 70 
100398 80 
100531 83 
100771 64 
100920 256 
101051 63 
101184 150 
101184 68 
101184 65
101254 92 
102266 90 
102363 90 
102451 90 
102715 103 
102715 101 
103225 100 
103225 3
103225 1522
103225 11
105224 25 
105316 75 
105719 72 
105719 70 
106622 80 
106742 83 
107102 64 
107371 256 
107502 63 
107635 152 
107635 69 
107705 93 
109167 103 
109167 101 
109973 100 
109973 3
109973 1522
109973 10
111975 25 
112053 75 
112454 72 
112454 70 
113073 80 
113193 83 
113313 64 
113581 62 
113713 150 
113713 68 
113713 65
113784 92 
115242 103 
115242 101 
115753 100 
115753 3
115753 1522
115753 10
117751 25 
117837 75 
118241 72 
118241 70 
118870 80 
118990 83 
119243 64 
119379 256 
119510 62 
119645 150 
119645 68 
119645 65
119716 92 
121175 103 
121175 101 
121681 100 
121681 3
121681 1522
121681 10
123683 25 
123768 75 
124175 72 
124175 70 
124788 80 
124908 83 
125028 64 
125163 256 
125294 62 
125427 150 
125427 68 
125427 65
125500 92 
126508 90 
126961 103 
126961 101 
127466 100 
127466 3
127466 1522
127466 11
129466 25 
129552 75 
129957 72 
129957 70 
130572 80 
130692 83 
130825 64 
131067 256 
131198 63 
131331 150 
131331 68 
131331 65
131405 92 
132864 103 
132864 101 
133369 100 
133369 3
133369 1522
133369 10
135371 25 
135456 75 
135860 72 
135860 70 
136436 80 
136556 83 
136797 64 
136931 256 
137062 62 
137196 150 
137196 68 
137196 65
137267 92 
138728 103 
138728 101 
139235 100 
139235 3
139235 1522
139235 11
141236 25 
141326 75 
141730 72 
141730 70 
142340 80 
142460 83 
142580 64 
142836 256 
142967 63 
143100 150 
143100 68 
143100 65
143173 92 
144633 103 
144633 101 
145152 100 
145152 2
145152 1522
145152 11
145152 78 
147151 25 
147225 75 
147633 72 
147633 70 
148231 80 
148351 83 
148471 64 
148724 256 
148846 63 
148978 150 
148978 68 
148978 65
149049 92 
150512 103 
150512 101 
151030 100 
151030 2
151030 1522
151030 10
153029 25 
153108 75 
153514 72 
153514 70 
154122 80 
154242 83 
154362 64 
154618 256 
154748 62 
154881 151 
154881 69 
154964 93 
156424 103 
156424 101 
157232 100 
157232 2
157232 1522
157232 11
159234 25 
159318 75 
159720 72 
159720 70 
160332 80 
160452 83 
160696 64 
161188 256 
161319 61 
161452 151 
161452 69 
161521 93 
162011 91 
162981 103 
162981 101 
163791 100 
163791 2
163791 1522
163791 11
165791 25 
165874 75 
166280 72 
166280 70 
166863 80 
166983 83 
168662 64 
169158 256 
169289 62 
169422 151 
169422 69 
169497 93 
170956 103 
170956 101 
171773 100 
171773 2
171773 1522
171773 10
173775 25 
174112 75 
174512 72 
174512 70 
175113 80 
175233 83 
175486 64 
175742 62 
175872 151 
175872 69 
175944 93 
177404 103 
177404 101 
178212 100 
178212 2
178212 1522
178212 10
180211 25 
180295 75 
180702 72 
180702 70 
181310 80 
181430 83 
185868 64 
186004 256 
190133 63 
190266 151 
190266 69 
190337 93 
191796 103 
191796 101 
192604 100 
192604 2
192604 1522
192604 10
194607 25 
194692 75 
195094 72 
195094 70 
195691 80 
195811 83 
196530 64 
197039 61 
197170 152 
197170 69 
197241 93 
198705 103 
198705 101 
199522 100 
199522 2
199522 1522
199522 10
201523 25 
204498 75 
204902 72 
204902 70 
205513 80 
205633 83 
206699 64 
207394 256 
207526 61 
207659 150 
207659 68 
207659 65
207731 92 
208136 90 
209188 103 
209188 101 
209697 100 
209697 2
209697 1522
209697 10
211699 25 
212202 75 
212608 72 
212608 70 
213590 250 
213950 71 
214189 80 
214309 83 
214789 64 
214924 256 
215056 61 
215189 150 
215189 68 
215189 65
215264 92 
215603 90 
216723 103 
216723 101 
217227 100 
217227 2
217227 1522
217227 10
219229 25 
219318 75 
219414 73 
219747 72 
219747 70 
220347 80 
220467 83 
220600 64 
220855 256 
220987 61 
221120 152 
221120 69 
221193 93 
221602 91 
222138 91 
222653 103 
222653 101 
223459 100 
223459 2
223459 1522
223459 11
225460 25 
225543 75 
225950 72 
225950 70 
226571 80 
226691 83 
228490 64 
228983 256 
229236 63 
229370 150 
229370 68 
229370 65
229441 92 
230898 103 
230898 101 
231409 100 
231409 2
231409 1522
231409 11
233408 25 
233481 75 
233883 72 
233883 70 
234487 80 
234607 83 
235207 64 
235475 63 
235607 150 
235607 68 
235607 65
235683 92 
237135 103 
237135 101 
237645 100 
237645 2
237645 1522
237645 10
239647 25 
239737 75 
240143 72 
240143 70 
240738 80 
240858 83 
241218 64 
241700 256 
241818 61 
241951 150 
241951 68 
241951 65
242020 92 
242407 90 
243482 103 
243482 101 
243990 100 
243990 2
243990 1522
243990 10
245990 25 
246067 75 
246470 72 
246470 70 
247069 80 
247189 83 
247309 64 
247564 256 
247695 61 
247828 150 
247828 68 
247828 65
247898 92 
249258 90 
249360 103 
249360 101 
249870 100 
249870 2
249870 1522
249870 11
251869 25 
252660 75 
253065 72 
253065 70 
253653 80 
253773 83 
254492 64 
254857 256 
254985 63 
255119 150 
255119 68 
255119 65
255192 92 
255636 90 
256649 103 
256649 101 
257158 100 
257158 2
257158 1522
257158 11
259158 25 
259248 75 
259655 72 
259655 70 
260263 80 
260383 83 
261703 64 
262091 256 
262209 63 
262342 150 
262342 68 
262342 65
262414 92 
263872 103 
263872 101 
264382 100 
264382 2
264382 1522
264382 11
266383 25 
266467 75 
266871 72 
266871 70 
267487 80 
267607 83 
268326 64 
268581 256 
268713 63 
268846 150 
268846 68 
268846 65
268917 92 
270377 103 
270377 101 
270886 100 
270886 2
270886 1522
270886 11
272884 25 
272962 75 
273366 72 
273366 70 
273977 80 
274097 83 
276363 64 
276605 256 
276736 62 
276871 151 
276871 69 
276942 93 
277509 91 
277790 91 
278401 103 
278401 101 
279209 100 
279209 2
279209 1522
279209 10
281209 25 
281287 75 
281691 72 
281691 70 
282294 80 
282414 83 
282774 64 
284255 256 
284386 61 
284519 152 
284519 69 
284582 93 
285088 91 
285749 91 
286049 103 
286049 101 
286858 100 
286858 2
286858 1522
286858 11
288858 25 
288943 75 
289349 72 
289349 70 
289957 80 
290077 83 
290690 64 
291785 256 
291916 61 
292036 151 
292036 69 
292095 93 
292757 91 
293474 91 
293569 103 
293569 101 
294373 100 
294373 2
294373 1522
294373 11
296378 25 
296459 75 
296865 72 
296865 70 
297487 80 
297607 83 
298687 64 
299422 256 
299673 62 
299806 151 
299806 69 
299877 93 
301336 103 
301336 101 
302146 100 
302146 2
302146 1522
302146 10
304145 25 
304367 75 
304773 72 
304773 70 
305964 250 
306337 71 
306577 80 
306697 83 
307536 76 
307776 64 
308154 256 
308283 61 
308416 150 
308416 68 
308416 65
308486 92 
309193 90 
309945 103 
309945 101 
310454 100 
310454 2
310454 1522
310454 10
312454 25 
312528 75 
312930 72 
312930 70 
313534 80 
313654 83 
313774 64 
314029 256 
314160 61 
314280 150 
314280 68 
314280 65
314348 92 
315811 103 
315811 101 
316324 100 
316324 2
316324 1522
316324 11
318322 25 
318409 75 
318813 72 
318813 70 
319425 80 
319545 83 
320024 64 
320400 256 
320651 63 
320771 150 
320771 68 
320771 65
320845 92 
322305 103 
322305 101 
322823 100 
322823 2
322823 1522
322823 10
324824 25 
324896 75 
325296 72 
325296 70 
325902 80 
326022 83 
326382 64 
326877 61 
327008 150 
327008 68 
327008 65
327075 92 
327467 90 
328536 103 
328536 101 
329047 100 
329047 2
329047 1522
329047 11
331047 25 
331871 75 
331952 73 
332012 73 
332401 72 
332401 70 
333019 80 
333139 83 
333605 64 
333861 256 
333992 63 
334125 150 
334125 68 
334125 65
334196 92 
334734 90 
335653 103 
335653 101 
336163 100 
336163 4
336163 1522
336163 10
336163 78 
338165 25 
338237 75 
338639 72 
338639 70 
339243 80 
339363 83 
340082 64 
340351 62 
340482 150 
340482 68 
340482 65
340553 92 
341926 90 
342015 103 
342015 101 
342521 100 
342521 4
342521 1522
342521 10
344521 25 
344593 75 
345000 72 
345000 70 
345613 80 
345733 83 
346213 64 
346349 256 
346480 62 
346613 150 
346613 68 
346613 65
346685 92 
348142 103 
348142 101 
348651 100 
348651 4
348651 1522
348651 11
350653 25 
350727 75 
351129 72 
351129 70 
351744 80 
351864 83 
352224 64 
352479 256 
352610 63 
352744 151 
352744 69 
352813 93 
354279 103 
354279 101 
355082 100 
355082 4
355082 1522
355082 10
357083 25 
357161 75 
357563 72 
357563 70 
358181 80 
358301 83 
358661 64 
358917 256 
359034 62 
359168 152 
359168 69 
359238 93 
360699 103 
360699 101 
361506 100 
361506 4
361506 1522
361506 11
363508 25 
363590 75 
363992 72 
363992 70 
364592 80 
364712 83 
365432 64 
366406 256 
366538 61 
366658 150 
366658 68 
366658 65
366726 92 
367160 90 
367355 90 
368186 103 
368186 101 
368697 100 
368697 4
368697 1522
368697 10
370697 25 
370782 75 
371185 72 
371185 70 
371802 80 
371922 83 
372162 64 
372777 256 
372895 62 
373030 150 
373030 68 
373030 65
373101 92 
373677 90 
374556 103 
374556 101 
375069 100 
375069 4
375069 1522
375069 11
377067 25 
377144 75 
377551 72 
377551 70 
378160 80 
378280 83 
378759 64 
379134 256 
379266 61 
379399 150 
379399 68 
379399 65
379472 92 
379867 90 
380931 103 
380931 101 
381438 100 
381438 4
381438 1522
381438 10
383437 25 
383512 75 
383914 72 
383914 70 
384530 80 
384650 83 
384890 64 
385146 256 
385277 62 
385410 150 
385410 68 
385410 65
385480 92 
386636 90 
386942 103 
386942 101 
387447 100 
387447 4
387447 1522
387447 11
389449 25 
389522 75 
389926 72 
389926 70 
390528 80 
390661 83 
390901 64 
391156 256 
391287 61 
391421 150 
391421 68 
391421 65
391492 92 
391929 90 
392948 103 
392948 101 
393465 100 
393465 4
393465 1522
393465 11
395464 25 
395547 75 
395947 72 
395947 70 
396552 80 
396672 83 
396792 64 
397047 256 
397178 61 
397311 150 
397311 68 
397311 65
397382 92 
397814 90 
398842 103 
398842 101 
399350 100 
399350 4
399350 1522
399350 10
401350 25 
401428 75 
401835 72 
401835 70 
402429 80 
402549 83 
402789 64 
402911 256 
403042 62 
403176 150 
403176 68 
403176 65
403249 92 
403903 90 
404707 103 
404707 101 
405216 100 
405216 4
405216 1522
405216 11
407214 25 
407292 75 
407699 72 
407699 70 
408840 250 
409586 71 
409853 80 
410173 250 
411225 76 
411359 83 
411599 64 
411841 256 
411972 61 
412105 150 
412105 68 
412105 65
412178 92 
412569 90 
413637 103 
413637 101 
414146 100 
414146 4
414146 1522
414146 10
416144 25 
416223 75 
416625 72 
416625 70 
417236 80 
417356 83 
417476 64 
417732 256 
417863 62 
417996 150 
417996 68 
417996 65
418073 92 
419528 103 
419528 101 
420036 100 
420036 4
420036 1522
420036 11
422034 25 
422109 75 
422510 72 
422510 70 
423127 80 
423247 83 
423380 64 
423623 256 
423753 61 
423887 150 
423887 68 
423887 65
423960 92 
424535 90 
425418 103 
425418 101 
425925 100 
425925 4
425925 1522
425925 11
427926 25 
427998 75 
428402 72 
428402 70 
429005 80 
429124 83 
429244 64 
429500 256 
429618 61 
429751 150 
429751 68 
429751 65
429824 92 
430396 90 
431284 103 
431284 101 
431804 100 
431804 4
431804 1522
431804 10
433804 25 
433876 75 
434280 72 
434280 70 
434898 80 
435015 83 
435149 64 
435404 256 
435535 62 
435668 150 
435668 68 
435668 65
435740 92 
436245 90 
437199 103 
437199 101 
437706 100 
437706 4
437706 1522
437706 10
439708 25 
439798 75 
440204 72 
440204 70 
440813 80 
440933 83 
441173 64 
441308 256 
441439 62 
441573 150 
441573 68 
441573 65
441653 92 
443104 103 
443104 101 
443611 100 
443611 4
443611 1522
443611 11
445611 25 
445693 75 
446096 72 
446096 70 
446704 80 
446824 83 
447064 64 
447319 256 
447450 61 
447583 150 
447583 68 
447583 65
447655 92 
448028 90 
449116 103 
449116 101 
449622 100 
449622 6
449622 1522
449622 11
449622 78 
451623 25 
451708 75 
452110 72 
452110 70 
452728 80 
452861 83 
453114 64 
453370 256 
453501 61 
453634 150 
453634 68 
453634 65
453706 92 
454278 90 
455161 103 
455161 101 
455674 100 
455674 6
455674 1522
455674 10
457673 25 
457759 75 
458162 72 
458162 70 
458779 80 
458898 83 
459258 64 
459514 256 
459645 62 
459778 151 
459778 69 
459851 93 
461312 103 
461312 101 
462117 100 
462117 6
462117 1522
462117 10
464118 25 
464292 75 
464698 72 
464698 70 
465309 80 
465429 83 
465789 64 
466644 256 
466775 63 
466908 152 
466908 69 
466978 93 
467475 91 
468441 103 
468441 101 
469248 100 
469248 6
469248 1522
469248 10
471247 25 
471332 75 
471737 72 
471737 70 
472346 80 
472466 83 
473905 64 
475118 62 
475251 151 
475251 69 
475316 93 
475913 91 
476782 103 
476782 101 
477591 100 
477591 6
477591 1522
477591 10
479590 25 
479675 75 
480077 72 
480077 70 
480702 80 
480822 83 
482129 64 
482864 256 
482995 61 
483128 151 
483128 69 
483193 93 
484660 103 
484660 101 
485466 100 
485466 6
485466 1522
485466 11
487468 25 
487590 75 
487992 72 
487992 70 
488606 71 
489685 71 
489925 80 
490045 83 
490885 64 
491366 256 
491498 61 
491631 150 
491631 68 
491631 65
491705 92 
492107 90 
493161 103 
493161 101 
493671 100 
493671 6
493671 1522
493671 10
495670 25 
495802 75 
496205 72 
496205 70 
496829 80 
496949 83 
497069 64 
497324 256 
497455 62 
497589 153 
497589 68 
497589 65
497662 92 
499120 103 
499120 101 
499627 100 
499627 6
499627 1522
499627 10
501629 25 
501718 75 
502122 72 
502122 70 
502720 80 
502840 250 
503466 76 
503586 83 
503719 64 
504119 62 
504252 151 
504252 69 
504323 93 
505438 91 
505702 91 
505783 103 
505783 101 
506591 100 
506591 6
506591 1522
506591 11
508593 25 
508670 75 
509074 72 
509074 70 
510063 80 
510263 250 
510916 76 
511783 76 
511903 83 
512022 64 
512278 256 
512409 61 
512542 150 
512542 68 
512542 65
512611 92 
512973 90 
514072 103 
514072 101 
514583 100 
514583 6
514583 1522
514583 10
516581 25 
516961 75 
517367 72 
517367 70 
517980 80 
518246 250 
518981 76 
519713 76 
519833 83 
519966 64 
520221 256 
520472 62 
520605 151 
520605 69 
520676 93 
522135 103 
522135 101 
522943 100 
522943 6
522943 1522
522943 11
524944 25 
525023 75 
525425 72 
525425 70 
526030 80 
526150 83 
526510 64 
526778 61 
526909 150 
526909 68 
526909 65
526978 92 
527613 90 
528441 103 
528441 101 
528947 100 
528947 6
528947 1522
528947 11
530949 25 
531021 75 
531434 72 
531434 70 
532041 80 
532294 250 
533040 76 
533813 76 
533946 83 
534080 64 
534335 256 
534466 61 
534600 150 
534600 68 
534600 65
534672 92 
535083 90 
536130 103 
536130 101 
536638 100 
536638 6
536638 1522
536638 11
538640 25 
538724 75 
539129 72 
539129 70 
539744 80 
539864 83 
539984 64 
540240 256 
540370 61 
540504 150 
540504 68 
540504 65
540573 92 
541081 90 
542036 103 
542036 101 
542543 100 
542543 6
542543 1522
542543 11
544543 25 
544633 75 
545035 72 
545035 70 
545648 80 
545781 83 
545915 64 
546171 256 
546301 61 
546434 150 
546434 68 
546434 65
546508 92 
546963 90 
547963 103 
547963 101 
548473 100 
548473 6
548473 1522
548473 10
550474 25 
550552 75 
550957 72 
550957 70 
551566 80 
551686 83 
551925 64 
552301 256 
552432 62 
552565 151 
552565 69 
552638 93 
553385 91 
554097 103 
554097 101 
554905 100 
554905 6
554905 1522
554905 11
556905 25 
556988 75 
557394 72 
557394 70 
558003 80 
558123 83 
558363 64 
558618 256 
558736 61 
558871 150 
558871 68 
558871 65
558940 92 
559450 90 
560397 103 
560397 101 
560909 100 
560909 6
560909 1522
560909 10
562907 25 
563252 75 
563654 72 
563654 70 
564627 71 
565000 71 
565253 80 
565373 83 
566333 64 
566708 256 
566839 63 
566972 150 
566972 68 
566972 65
567045 92 
567527 90 
568500 103 
568500 101 
569013 100 
569013 6
569013 1522
569013 10
571013 25 
571086 75 
571491 72 
571491 70 
572104 80 
572224 83 
572477 64 
572854 256 
572983 63 
573116 150 
573116 68 
573116 65
573190 92 
574648 103 
574648 101 
575155 100 
575155 6
575155 1522
575155 11
577155 25 
577246 75 
577653 72 
577653 70 
578261 80 
578381 83 
578981 64 
579476 61 
579609 150 
579609 68 
579609 65
579679 92 
580111 90 
581141 103 
581141 101 
581646 100 
581646 6
581646 1522
581646 10
583647 25 
583732 75 
584137 72 
584137 70 
584738 80 
584858 83 
585458 64 
585713 256 
585844 63 
585978 152 
585978 69 
586045 93 
587512 103 
587512 101 
588316 100 
588316 6
588316 1522
588316 11
590317 25 
590402 75 
590806 72 
590806 70 
591415 80 
591535 83 
591668 64 
592055 61 
592188 150 
592188 68 
592188 65
592263 92 
592700 90 
593717 103 
593717 101 
594228 100 
594228 6
594228 1522
594228 11
596229 25 
596318 75 
596717 72 
596717 70 
597333 80 
597453 83 
597573 64 
597828 256 
597946 61 
598079 150 
598079 68 
598079 65
598153 92 
598615 90 
599613 103 
599613 101 
600119 100 
600119 6
600119 1522
600119 10
602117 25 
602294 75 
602694 72 
602694 70 
603290 80 
603410 83 
603770 64 
604505 256 
604638 63 
604770 150 
604770 68 
604770 65
604843 92 
606304 103 
606304 101 
606810 100 
606810 6
606810 1522
606810 11
608809 25 
608885 75 
609297 72 
609297 70 
610407 250 
610927 71 
611047 80 
611313 83 
613219 64 
613515 61 
613792 150 
613792 68 
613792 65
613865 92 
614321 90 
615326 103 
615326 101 
615830 100 
615830 6
615830 1522
615830 10
617832 25 
617906 75 
618310 72 
618310 70 
619203 80 
619390 83 
620736 64 
621165 63 
621389 150 
621389 68 
621389 65
621459 92 
622923 103 
622923 101 
623428 100 
623428 6
623428 1522
623428 10
625428 25 
625501 75 
625908 72 
625908 70 
626694 80 
626920 83 
627040 64 
627442 63 
627653 150 
627653 68 
627653 65
627730 92 
629184 103 
629184 101 
629691 100 
629691 6
629691 1522
629691 11
631696 25 
631771 75 
631912 73 
632047 73 
632353 72 
632353 70 
633184 80 
633397 83 
633997 64 
634199 256 
634330 61 
634544 150 
634544 68 
634544 65
634615 92 
634997 90 
636073 103 
636073 101 
636584 100 
636584 1
636584 1522
636584 11
636584 78 
638582 25 
638657 75 
639058 72 
639058 70 
639915 80 
640114 250 
640714 76 
641527 76 
642473 76 
643461 76 
644473 76 
644673 83 
645086 64 
645274 256 
645392 61 
645592 153 
645592 68 
645592 65
645662 92 
646082 90 
647124 103 
647124 101 
647632 100 
647632 1
647632 1522
647632 10
649631 25 
649709 75 
650111 72 
650111 70 
650990 80 
651190 83 
651763 64 
652005 256 
652216 63 
652429 151 
652429 69 
652500 93 
653959 103 
653959 101 
654769 100 
654769 1
654769 1522
654769 11
656770 25 
656958 75 
657364 72 
657364 70 
658187 80 
658373 250 
659162 76 
659999 76 
660812 76 
661825 76 
662012 83 
663065 64 
663267 61 
663491 151 
663491 69 
663561 93 
664159 91 
665026 103 
665026 101 
665831 100 
665831 1
665831 1522
665831 11
667830 25 
667914 75 
668315 72 
668315 70 
669116 80 
669329 83 
669649 64 
670224 61 
670355 151 
670355 69 
670424 93 
671037 91 
671885 103 
671885 101 
672695 100 
672695 1
672695 1522
672695 10
674695 25 
674780 75 
675183 72 
675183 70 
675793 80 
675913 83 
676392 64 
677725 61 
677845 150 
677845 68 
677845 65
677918 92 
678403 90 
679383 103 
679383 101 
679897 100 
679897 1
679897 1522
679897 10
681899 25 
682519 75 
682920 72 
682920 70 
683536 80 
683656 83 
683776 64 
684152 256 
684282 61 
684416 150 
684416 68 
684416 65
684487 92 
684874 90 
685949 103 
685949 101 
686453 100 
686453 1
686453 1522
686453 10
688455 25 
688532 75 
688935 72 
688935 70 
689533 80 
689653 83 
690013 64 
690389 256 
690520 61 
690653 150 
690653 68 
690653 65
690726 92 
691129 90 
692187 103 
692187 101 
692705 100 
692705 1
692705 1522
692705 10
694706 25 
694994 75 
695399 72 
695399 70 
696011 80 
696264 250 
697797 76 
698650 76 
698769 83 
698889 64 
699133 256 
699263 61 
699396 150 
699396 68 
699396 65
699466 92 
699859 90 
700929 103 
700929 101 
701436 100 
701436 1
701436 1522
701436 11
703434 25 
703508 75 
703915 72 
703915 70 
704514 80 
704634 83 
705113 64 
705382 256 
705500 63 
705633 151 
705633 69 
705702 93 
706102 91 
707167 103 
707167 101 
707974 100 
707974 1
707974 1522
707974 11
709973 25 
710051 75 
710459 72 
710459 70 
711071 80 
711191 83 
711551 64 
711927 256 
712057 61 
712191 153 
712191 68 
712191 65
712265 92 
712711 90 
713723 103 
713723 101 
714229 100 
714229 1
714229 1522
714229 11
716230 25 
716320 75 
716721 72 
716721 70 
717335 80 
717455 83 
717695 64 
718070 256 
718201 61 
718335 151 
718335 69 
718404 93 
718806 91 
719439 91 
719872 103 
719872 101 
720685 100 
720685 1
720685 1522
720685 11
722688 25 
722768 75 
723171 72 
723171 70 
723772 80 
723892 83 
724492 64 
724988 256 
725118 61 
725253 151 
725253 69 
725321 93 
726450 91 
726785 103 
726785 101 
727594 100 
727594 1
727594 1522
727594 11
729592 25 
729669 75 
730075 72 
730075 70 
730689 80 
730809 83 
731289 64 
732984 256 
733115 62 
733248 150 
733248 68 
733248 65
733318 92 
734032 90 
734785 103 
734785 101 
735300 100 
735300 1
735300 1522
735300 10
737302 25 
737391 75 
737792 72 
737792 70 
738406 80 
738526 83 
739246 64 
739621 256 
739752 63 
739885 151 
739885 69 
739954 93 
741420 103 
741420 101 
742223 100 
742223 1
742223 1522
742223 10
744225 25 
744309 75 
744713 72 
744713 70 
745336 80 
745456 83 
745938 64 
747032 256 
747149 61 
747284 150 
747284 68 
747284 65
747356 92 
747758 90 
748810 103 
748810 101 
749320 100 
749320 1
749320 1522
749320 10
751322 25 
751394 75 
751804 72 
751804 70 
752413 80 
752533 83 
752893 64 
753748 61 
753879 150 
753879 68 
753879 65
753966 92 
754359 90 
755424 103 
755424 101 
755931 100 
755931 1
755931 1522
755931 11
757933 25 
758017 75 
758421 72 
758421 70 
759010 80 
759144 83 
759744 64 
760225 256 
760357 62 
760490 150 
760490 68 
760490 65
760564 92 
760998 90 
762022 103 
762022 101 
762528 100 
762528 1
762528 1522
762528 11
764530 25 
764601 75 
765007 72 
765007 70 
765621 80 
765754 83 
765874 64 
766117 256 
766247 62 
766381 150 
766381 68 
766381 65
766459 92 
766973 90 
767912 103 
767912 101 
768419 100 
768419 1
768419 1522
768419 10
770419 25 
770499 75 
770904 72 
770904 70 
771898 80 
772098 250 
773964 76 
774097 83 
774231 64 
774486 256 
774737 62 
774870 151 
774870 69 
774941 93 
775701 91 
776404 103 
776404 101 
777210 100 
777210 1
777210 1522
777210 10
779209 25 
779564 75 
781042 73 
781347 72 
781347 70 
781961 80 
782081 83 
783760 76 
784600 64 
785574 256 
785706 62 
785839 151 
785839 69 
785910 93 
786871 91 
787372 103 
787372 101 
788178 100 
788178 1
788178 1522
788178 10
790178 25 
790259 75 
790667 72 
790667 70 
791277 80 
791397 83 
792236 64 
793091 256 
793223 62 
793356 151 
793356 69 
793424 93 
794888 103 
794888 101 
795695 100 
795695 1
795695 1522
795695 11
797695 25 
797778 75 
798181 72 
798181 70 
798794 80 
798913 83 
799154 64 
799289 256 
799420 62 
799553 150 
799553 68 
799553 65
799628 92 
800251 90 
801083 103 
801083 101 
801591 100 
801591 1
801591 1522
801591 10
803589 25 
803682 75 
804084 72 
804084 70 
804698 80 
804818 83 
805646 64 
805899 256 
806030 61 
806164 152 
806164 69 
806235 93 
807182 91 
807692 103 
807692 101 
808505 100 
808505 1
808505 1522
808505 11
810504 25 
810582 75 
811396 73 
811699 72 
811699 70 
812308 80 
812428 83 
812668 64 
812803 256 
813054 62 
813187 150 
813187 68 
813187 65
813258 92 
813776 90 
814716 103 
814716 101 
815226 100 
815226 1
815226 1522
815226 11
817225 25 
817299 75 
817704 72 
817704 70 
818292 80 
818412 83 
818532 64 
818668 256 
819038 62 
819171 150 
819171 68 
819171 65
819245 92 
819899 90 
820700 103 
820700 101 
821209 100 
821209 1
821209 1522
821209 10
823211 25 
823288 75 
823692 72 
823692 70 
824303 80 
824436 83 
824796 64 
825397 256 
825529 61 
825662 150 
825662 68 
825662 65
825734 92 
826119 90 
827194 103 
827194 101 
827701 100 
827701 1
827701 1522
827701 11
829702 25 
829787 75 
830188 72 
830188 70 
830806 80 
830940 250 
831713 76 
832462 76 
832592 83 
832712 64 
833088 256 
833219 62 
833352 150 
833352 68 
833352 65
833428 92 
833951 90 
834091 90 
834885 103 
834885 101 
835391 100 
835391 1
835391 1522
835391 11
837392 25 
837463 75 
837869 72 
837869 70 
838483 80 
838736 250 
839336 76 
839456 83 
839590 64 
839832 256 
840083 62 
840203 152 
840203 69 
840274 93 
841736 103 
841736 101 
842541 100 
842541 1
842541 1522
842541 11
844541 25 
844621 75 
845025 72 
845025 70 
845614 80 
845733 83 
847053 64 
847908 256 
848039 61 
848173 151 
848173 69 
848243 93 
848885 91 
849391 91 
849702 103 
849702 101 
850512 100 
850512 1
850512 1522
850512 10
852512 25 
852794 75 
853303 73 
853605 72 
853605 70 
854210 80 
854330 83 
855049 64 
855665 256 
855799 61 
855929 150 
855929 68 
855929 65
855996 92 
856454 90 
857459 103 
857459 101 
857967 100 
857967 1
857967 1522
857967 10
859969 25 
860047 75 
860454 72 
860454 70 
861060 80 
861180 250 
862753 76 
863619 76 
864366 76 
864485 83 
864619 64 
864874 256 
864992 61 
865125 150 
865125 68 
865125 65
865198 92 
865655 90 
866657 103 
866657 101 
867164 100 
867164 1
867164 1522
867164 10
869164 25 
869243 75 
869611 73 
869913 72 
869913 70 
870523 80 
870643 83 
871482 64 
871842 61 
872042 150 
872042 68 
872042 65
872113 92 
872538 90 
873572 103 
873572 101 
874080 100 
874080 1
874080 1522
874080 10
876081 25 
876172 75 
876575 72 
876575 70 
877307 80 
877427 83 
877547 64 
877802 256 
877920 61 
878053 150 
878053 68 
878053 65
878128 92 
878580 90 
879585 103 
879585 101 
880097 100 
880097 1
880097 1522
880097 10
882094 25 
882183 75 
882585 72 
882585 70 
883197 80 
883331 83 
883451 64 
883693 61 
883824 150 
883824 68 
883824 65
883895 92 
884370 90 
885357 103 
885357 101 
885864 100 
885864 1
885864 1522
885864 11
887863 25 
887940 75 
888344 72 
888344 70 
888955 80 
889075 83 
889315 64 
889571 256 
890048 62 
890168 150 
890168 68 
890168 65
890235 92 
890668 90 
891695 103 
891695 101 
892205 100 
892205 1
892205 1522
892205 11
894207 25 
894279 75 
894685 72 
894685 70 
895299 80 
895419 83 
895552 64 
895795 256 
895925 62 
896059 150 
896059 68 
896059 65
896127 92 
896644 90 
897586 103 
897586 101 
898099 100 
898099 1
898099 1522
898099 10
900098 25 
900172 75 
900572 72 
900572 70 
901177 80 
901297 83 
901416 64 
901672 62 
901803 150 
901803 68 
901803 65
901876 92 
902377 90 
903334 103 
903334 101 
903842 100 
903842 1
903842 1522
903842 10
905843 25 
906085 75 
906488 72 
906488 70 
907107 80 
907361 250 
908840 76 
909560 76 
909693 83 
909826 64 
910068 256 
910186 61 
910319 150 
910319 68 
910319 65
910387 92 
910797 90 
911848 103 
911848 101 
912364 100 
912364 1
912364 1522
912364 10
914361 25 
914449 75 
914643 73 
915046 72 
915046 70 
915664 80 
915784 83 
915917 64 
916172 61 
916303 152 
916303 69 
916374 93 
917189 91 
917833 103 
917833 101 
918642 100 
918642 5
918642 1522
918642 11
918642 78 
920642 25 
920721 75 
920949 73 
921261 72 
921261 70 
921861 80 
921994 83 
922234 64 
922503 256 
922634 62 
922767 150 
922767 68 
922767 65
922838 92 
923253 90 
924301 103 
924301 101 
924806 100 
924806 5
924806 1522
924806 11
926805 25 
926886 75 
927825 73 
928159 72 
928159 70 
929018 250 
929500 71 
929858 80 
929977 83 
930217 64 
930473 256 
930591 62 
930724 150 
930724 68 
930724 65
930798 92 
931240 90 
932254 103 
932254 101 
932764 100 
932764 5
932764 1522
932764 11
934766 25 
934853 75 
935297 73 
935628 72 
935628 70 
936228 80 
936481 250 
937094 76 
937841 76 
937961 83 
938094 64 
938336 62 
938467 150 
938467 68 
938467 65
938538 92 
939015 90 
940000 103 
940000 101 
940506 100 
940506 5
940506 1522
940506 10
942506 25 
942579 75 
942981 72 
942981 70 
943558 80 
943678 83 
943918 64 
944174 256 
944292 61 
944425 151 
944425 69 
944499 93 
945955 103 
945955 101 
946763 100 
946763 5
946763 1522
946763 11
948764 25 
949203 75 
949606 72 
949606 70 
950209 80 
950329 83 
950689 64 
951050 62 
951182 150 
951182 68 
951182 65
951254 92 
951754 90 
951864 90 
952711 103 
952711 101 
953221 100 
953221 5
953221 1522
953221 10
955222 25 
955311 75 
955714 72 
955714 70 
956313 80 
956433 83 
957033 64 
957288 256 
957419 63 
957552 150 
957552 68 
957552 65
957626 92 
959081 103 
959081 101 
959590 100 
959590 5
959590 1522
959590 11
961592 25 
961682 75 
962084 72 
962084 70 
962697 80 
962817 83 
963057 64 
963418 256 
963550 62 
963670 150 
963670 68 
963670 65
963742 92 
964225 90 
965197 103 
965197 101 
965709 100 
965709 5
965709 1522
965709 10
967708 25 
967786 75 
968190 72 
968190 70 
968788 80 
968910 83 
969147 64 
969390 62 
969521 150 
969521 68 
969521 65
969590 92 
970314 90 
971052 103 
971052 101 
971561 100 
971561 5
971561 1522
971561 10
973560 25 
973650 75 
973836 73 
974238 72 
974238 70 
974852 80 
975092 250 
980556 76 
981622 76 
981915 83 
985167 252 
985383 63 
986100 150 
986100 68 
986100 65
986171 92 
986818 90 
987628 103 
987628 101 
988138 100 
988138 5
988138 1522
988138 10
990141 25 
990225 75 
990631 72 
990631 70 
991458 80 
991658 250 
992724 76 
995230 76 
995456 83 
995830 64 
996189 63 
996403 150 
996403 68 
996403 65
996474 92 
997932 103 
997932 101 
998443 100 
998443 5
998443 1522
998443 11
1000441 25 
1000519 75 
1000765 73 
1001066 72 
1001066 70 
1001894 80 
1002093 83 
1002293 64 
1002682 256 
1003080 62 
1003293 150 
1003293 68 
1003293 65
1003364 92 
1003796 90 
1004830 103 
1004830 101 
1005347 100 
1005347 5
1005347 1522
1005347 11
1007345 25 
1007423 75 
1007825 72 
1007825 70 
1008637 80 
1008917 250 
1009317 76 
1009517 83 
1010477 64 
1011063 62 
1011263 150 
1011263 68 
1011263 65
1011334 92 
1011826 90 
1012790 103 
1012790 101 
1013301 100 
1013301 5
1013301 1522
1013301 11
1015301 25 
1015380 75 
1015667 73 
1015973 72 
1015973 70 
1017194 250 
1017395 71 
1017620 80 
1017807 83 
1019486 64 
1019688 62 
1019899 150 
1019899 68 
1019899 65
1019971 92 
1020412 90 
1020508 90 
1021428 103 
1021428 101 
1021937 100 
1021937 5
1021937 1522
1021937 10
1023942 25 
1024029 75 
1024430 72 
1024430 70 
1025164 80 
1025284 83 
1025404 64 
1025659 256 
1025777 63 
1025910 150 
1025910 68 
1025910 65
1025981 92 
1027438 103 
1027438 101 
1027949 100 
1027949 5
1027949 1522
1027949 11
1029948 25 
1030023 75 
1030429 72 
1030429 70 
1031041 80 
1031161 83 
1031534 64 
1031669 62 
1031801 152 
1031801 69 
1031869 93 
1033332 103 
1033332 101 
1034140 100 
1034140 5
1034140 1522
1034140 11
1036141 25 
1036219 75 
1036620 72 
1036620 70 
1037212 80 
1037332 83 
1039011 64 
1039253 256 
1039371 63 
1039491 151 
1039491 69 
1039559 93 
1041024 103 
1041024 101 
1041830 100 
1041830 5
1041830 1522
1041830 10
1043831 25 
1043959 75 
1044091 73 
1044495 72 
1044495 70 
1045115 80 
1045235 83 
1045595 64 
1046690 256 
1046821 61 
1046941 151 
1046941 69 
1047013 93 
1048475 103 
1048475 101 
1049278 100 
1049278 5
1049278 1522
1049278 11
1051281 25 
1051359 75 
1051760 72 
1051760 70 
1052352 80 
1052472 83 
1053631 64 
1054007 256 
1054378 63 
1054511 151 
1054511 69 
1054579 93 
1056049 103 
1056049 101 
1056863 100 
1056863 5
1056863 1522
1056863 11
1058864 25 
1058947 75 
1059510 73 
1059812 72 
1059812 70 
1060415 80 
1060535 83 
1061015 64 
1061750 61 
1061881 151 
1061881 69 
1061945 93 
1062430 91 
1062903 91 
1063243 91 
1063415 103 
1063415 101 
1064222 100 
1064222 5
1064222 1522
1064222 11
1066221 25 
1066304 75 
1066705 72 
1066705 70 
1067306 80 
1067426 83 
1068025 64 
1068280 256 
1068758 62 
1068878 150 
1068878 68 
1068878 65
1068950 92 
1069394 90 
1070407 103 
1070407 101 
1070923 100 
1070923 5
1070923 1522
1070923 10
1072920 25 
1073004 75 
1073407 72 
1073407 70 
1074023 80 
1074143 83 
1074742 64 
1075131 61 
1075249 151 
1075249 69 
1075313 93 
1076287 91 
1076782 103 
1076782 101 
1077589 100 
1077589 5
1077589 1522
1077589 10
1079587 25 
1079674 75 
1080129 73 
1080432 72 
1080432 70 
1081046 80 
1081166 83 
1081886 64 
1082861 256 
1083339 61 
1083459 151 
1083459 69 
1083529 93 
1084074 91 
1084992 103 
1084992 101 
1085799 100 
1085799 5
1085799 1522
1085799 10
1087797 25 
1088080 75 
1090982 73 
1091172 73 
1091536 73 
1091841 72 
1091841 70 
1092455 80 
1092575 83 
1093175 64 
1093670 256 
1093908 63 
1094028 152 
1094028 69 
1094097 93 
1095558 103 
1095558 101 
1096368 100 
1096368 5
1096368 1522
1096368 10
1098366 25 
1098446 75 
1098866 73 
1099032 73 
1099332 72 
1099332 70 
1099932 80 
1100052 83 
1100531 64 
1101133 256 
1101384 62 
1101504 151 
1101504 69 
1101568 93 
1102193 91 
1103034 103 
1103034 101 
1103844 100 
1103844 5
1103844 1522
1103844 10
1105843 25 
1106343 75 
1106745 72 
1106745 70 
1107329 80 
1107449 83 
1107928 64 
1108528 61 
1108648 151 
1108648 69 
1108715 93 
1110178 103 
1110178 101 
1110987 100 
1110987 5
1110987 1522
1110987 11
1112987 25 
1113362 75 
1113736 73 
1114037 72 
1114037 70 
1114645 71 
1115005 80 
1115127 83 
1115365 64 
1115740 256 
1115858 62 
1115978 150 
1115978 68 
1115978 65
1116049 92 
1116692 90 
1117509 103 
1117509 101 
1118016 100 
1118016 5
1118016 1522
1118016 11
1120016 25 
1120094 75 
1120496 72 
1120496 70 
1121096 80 
1121216 83 
1121562 64 
1121698 256 
1121829 62 
1121962 150 
1121962 68 
1121962 65
1122036 92 
1123496 103 
1123496 101 
1124000 100 
1124000 5
1124000 1522
1124000 10
1126001 25 
1126079 75 
1126484 72 
1126484 70 
1127427 80 
1127547 83 
1128160 64 
1128535 61 
1128666 151 
1128666 69 
1128739 93 
1129579 91 
1130193 91 
1130193 103 
1130193 101 
1131005 100 
1131005 5
1131005 1522
1131005 10
1133006 25 
1133086 75 
1133490 72 
1133490 70 
1134104 80 
1134224 83 
1135063 64 
1135305 256 
1135557 62 
1135690 151 
1135690 69 
1135761 93 
1137222 103 
1137222 101 
1138028 100 
1138028 5
1138028 1522
1138028 11
1140026 25 
1140108 75 
1140511 72 
1140511 70 
1141114 80 
1141234 83 
1142660 64 
1142915 256 
1143033 62 
1143167 150 
1143167 68 
1143167 65
1143239 92 
1143696 90 
1144700 103 
1144700 101 
1145206 100 
1145206 5
1145206 1522
1145206 11
1147207 25 
1147280 75 
1147686 72 
1147686 70 
1148298 80 
1148431 250 
1149177 76 
1149924 76 
1150045 83 
1150177 64 
1150432 256 
1150563 62 
1150683 150 
1150683 68 
1150683 65
1150753 92 
1151222 90 
1152211 103 
1152211 101 
1152724 100 
1152724 5
1152724 1522
1152724 11
1154722 25 
1154795 75 
1155202 72 
1155202 70 
1155815 80 
1155935 83 
1156188 64 
1156309 256 
1156441 62 
1156574 150 
1156574 68 
1156574 65
1156652 92 
1157129 90 
1158103 103 
1158103 101 
1158617 100 
1158617 5
1158617 1522
1158617 10
1160615 25 
1160703 75 
1161108 72 
1161108 70 
1161719 80 
1161852 83 
1161985 64 
1162227 256 
1162358 63 
1162492 150 
1162492 68 
1162492 65
1162566 92 
1163158 90 
1164019 103 
1164019 101 
1164532 100 
1164532 5
1164532 1522
1164532 11
1166531 25 
1166617 75 
1167019 72 
1167019 70 
1167636 80 
1167756 83 
1168009 64 
1168252 256 
1168383 62 
1168516 150 
1168516 68 
1168516 65
1168590 92 
1169032 90 
1170047 103 
1170047 101 
1170557 100 
1170557 5
1170557 1522
1170557 10
1172556 25 
1172636 75 
1173040 72 
1173040 70 
1173647 80 
1173780 83 
1173900 64 
1174036 62 
1174167 150 
1174167 68 
1174167 65
1174238 92 
1175046 90 
1175699 103 
1175699 101 
1176207 100 
1176207 5
1176207 1522
1176207 11
1178207 25 
1178296 75 
1178702 72 
1178702 70 
1179311 80 
1179431 83 
1180391 64 
1180646 256 
1180777 62 
1180910 150 
1180910 68 
1180910 65
1180981 92 
1181444 90 
1182439 103 
1182439 101 
1182951 100 
1182951 5
1182951 1522
1182951 10
1184949 25 
1185022 75 
1185431 72 
1185431 70 
1186042 80 
1186162 250 
1186908 76 
1188920 76 
1190133 76 
1191000 76 
1191120 83 
1191253 64 
1191508 256 
1191759 63 
1191892 152 
1191892 69 
1191962 93 
1192464 91 
1192603 91 
1193422 103 
1193422 101 
1194232 100 
1194232 5
1194232 1522
1194232 11
1196232 25 
1196311 75 
1196714 72 
1196714 70 
1196970 250 
1197224 71 
1197583 80 
1197703 83 
1198183 64 
1199036 62 
1199169 150 
1199169 68 
1199169 65
1199242 92 
1199682 90 
1199907 90 
1200703 103 
1200703 101 
1201222 100 
1201222 5
1201222 1522
1201222 11
1203222 25 
1203349 75 
1203751 72 
1203751 70 
1204367 80 
1204500 83 
1204634 64 
1204890 256 
1205020 62 
1205153 150 
1205153 68 
1205153 65
1205226 92 
1205731 90 
1206684 103 
1206684 101 
1207193 100 
1207193 5
1207193 1522
1207193 10
1209194 25 
1209414 75 
1209820 72 
1209820 70 
1210431 80 
1210551 83 
1210791 64 
1211167 256 
1211298 63 
1211431 150 
1211431 68 
1211431 65
1211503 92 
1212002 90 
1212959 103 
1212959 101 
1213470 100 
1213470 5
1213470 1522
1213470 10
1215470 25 
1215560 75 
1215961 72 
1215961 70 
1216562 80 
1216682 83 
1216802 64 
1217057 256 
1217188 63 
1217322 152 
1217322 69 
1217391 93 
1218048 91 
1218448 91 
1218760 91 
1218852 103 
1218852 101 
1219661 100 
1219661 5
1219661 1522
1219661 11
1221660 25 
1221740 75 
1222147 72 
1222147 70 
1222759 80 
1222879 83 
1223359 64 
1223735 256 
1223866 62 
1223999 150 
1223999 68 
1223999 65
1224073 92 
1224510 90 
1225527 103 
1225527 101 
1226040 100 
1226040 5
1226040 1522
1226040 11
1228039 25 
1228456 75 
1228863 72 
1228863 70 
1229903 80 
1230103 250 
1231236 76 
1231356 83 
1231489 64 
1231744 256 
1231862 62 
1231995 150 
1231995 68 
1231995 65
1232068 92 
1232459 90 
1233528 103 
1233528 101 
1234036 100 
1234036 5
1234036 1522
1234036 11
1236034 25 
1236113 75 
1236515 72 
1236515 70 
1237127 80 
1237246 83 
1237486 64 
1237742 256 
1237873 62 
1238006 150 
1238006 68 
1238006 65
1238075 92 
1238545 90 
1239540 103 
1239540 101 
1240047 100 
1240047 2
1240047 1522
1240047 10
1240047 78 
1242045 25 
1242118 75 
1242519 72 
1242519 70 
1243124 80 
1243244 83 
1243484 64 
1243753 256 
1243884 63 
1244004 151 
1244004 69 
1244073 93 
1245534 103 
1245534 101 
1246342 100 
1246342 2
1246342 1522
1246342 10
1248342 25 
1248422 75 
1248827 72 
1248827 70 
1249441 80 
1249561 83 
1250401 64 
1250884 256 
1251014 61 
1251134 150 
1251134 68 
1251134 65
1251204 92 
1251617 90 
1252669 103 
1252669 101 
1253185 100 
1253185 2
1253185 1522
1253185 10
1255187 25 
1255277 75 
1255681 72 
1255681 70 
1256278 80 
1256398 250 
1257251 76 
1258131 76 
1258264 83 
1258384 64 
1258772 61 
1258891 150 
1258891 68 
1258891 65
1258960 92 
1259446 90 
1260423 103 
1260423 101 
1260930 100 
1260930 2
1260930 1522
1260930 10
1262930 25 
1263172 75 
1263575 72 
1263575 70 
1264195 80 
1264315 83 
1264435 64 
1264692 256 
1264821 61 
1264955 150 
1264955 68 
1264955 65
1265025 92 
1265403 90 
1266487 103 
1266487 101 
1266992 100 
1266992 2
1266992 1522
1266992 11
1268994 25 
1269079 75 
1269269 73 
1269673 72 
1269673 70 
1270286 80 
1270406 83 
1270646 64 
1270767 256 
1270899 61 
1271032 151 
1271032 69 
1271101 93 
1271610 91 
1272067 91 
1272565 103 
1272565 101 
1273372 100 
1273372 2
1273372 1522
1273372 11
1275371 25 
1275450 75 
1275856 72 
1275856 70 
1276470 80 
1276590 83 
1277416 64 
1277791 62 
1277923 151 
1277923 69 
1277998 93 
1279458 103 
1279458 101 
1280275 100 
1280275 2
1280275 1522
1280275 11
1282275 25 
1282354 75 
1282757 72 
1282757 70 
1283360 80 
1283480 83 
1285039 64 
1285535 61 
1285652 151 
1285652 69 
1285721 93 
1286896 91 
1287184 103 
1287184 101 
1287992 100 
1287992 2
1287992 1522
1287992 10
1289991 25 
1290287 75 
1290688 72 
1290688 70 
1291303 80 
1291423 83 
1292623 64 
1293118 256 
1293249 61 
1293383 150 
1293383 68 
1293383 65
1293450 92 
1293896 90 
1294914 103 
1294914 101 
1295423 100 
1295423 2
1295423 1522
1295423 10
1297421 25 
1297776 75 
1298177 72 
1298177 70 
1298780 80 
1298900 83 
1299020 64 
1299395 256 
1299513 61 
1299647 152 
1299647 69 
1299718 93 
1300110 91 
1300856 91 
1301177 103 
1301177 101 
1301985 100 
1301985 2
1301985 1522
1301985 10
1303986 25 
1304073 75 
1304481 72 
1304481 70 
1305084 80 
1305204 83 
1306897 64 
1307272 256 
1307390 61 
1307523 150 
1307523 68 
1307523 65
1307596 92 
1308029 90 
1309062 103 
1309062 101 
1309575 100 
1309575 2
1309575 1522
1309575 10
1311576 25 
1311798 75 
1312203 72 
1312203 70 
1312801 80 
1312923 83 
1313161 64 
1313536 61 
1313667 150 
1313667 68 
1313667 65
1313743 92 
1314249 90 
1315201 103 
1315201 101 
1315706 100 
1315706 2
1315706 1522
1315706 11
1317706 25 
1317808 75 
1318212 72 
1318212 70 
1318812 80 
1318932 83 
1319398 64 
1320614 256 
1320744 63 
1320877 150 
1320877 68 
1320877 65
1320949 92 
1321453 90 
1322406 103 
1322406 101 
1322916 100 
1322916 2
1322916 1522
1322916 11
1324916 25 
1324989 75 
1325390 72 
1325390 70 
1326009 80 
1326132 83 
1327088 64 
1327344 63 
1327475 150 
1327475 68 
1327475 65
1327547 92 
1329007 103 
1329007 101 
1329512 100 
1329512 2
1329512 1522
1329512 11
1331514 25 
1331599 75 
1332004 72 
1332004 70 
1332926 80 
1333046 83 
1333765 64 
1334021 256 
1334152 63 
1334272 150 
1334272 68 
1334272 65
1334343 92 
1335802 103 
1335802 101 
1336312 100 
1336312 2
1336312 1522
1336312 10
1338312 25 
1338401 75 
1338696 73 
1339015 72 
1339015 70 
1339616 80 
1339736 83 
1340096 64 
1340576 61 
1340709 150 
1340709 68 
1340709 65
1340781 92 
1341157 90 
1341425 90 
1342243 103 
1342243 101 
1342749 100 
1342749 2
1342749 1522
1342749 11
1344750 25 
1344834 75 
1345240 72 
1345240 70 
1345853 80 
1345987 83 
1346826 64 
1347081 256 
1347213 63 
1347346 150 
1347346 68 
1347346 65
1347423 92 
1347948 90 
1348880 103 
1348880 101 
1349386 100 
1349386 2
1349386 1522
1349386 10
1351385 25 
1351475 75 
1351879 72 
1351879 70 
1352491 80 
1352611 83 
1353330 64 
1353586 63 
1353717 151 
1353717 69 
1353788 93 
1355245 103 
1355245 101 
1356056 100 
1356056 2
1356056 1522
1356056 11
1358057 25 
1358135 75 
1358540 72 
1358540 70 
1359141 80 
1359261 83 
1359981 64 
1360236 256 
1360367 62 
1360501 151 
1360501 69 
1360571 93 
1362035 103 
1362035 101 
1362838 100 
1362838 2
1362838 1522
1362838 11
1364842 25 
1364924 75 
1365327 72 
1365327 70 
1365938 80 
1366058 83 
1366778 64 
1369192 256 
1369323 61 
1369457 151 
1369457 69 
1369528 93 
1369964 91 
1370989 103 
1370989 101 
1371800 100 
1371800 2
1371800 1522
1371800 10
1373797 25 
1373879 75 
1374286 72 
1374286 70 
1374894 80 
1375014 83 
1375974 64 
1376480 256 
1376974 61 
1377107 152 
1377107 69 
1377172 93 
1377725 91 
1378335 91 
1378638 103 
1378638 101 
1379445 100 
1379445 2
1379445 1522
1379445 11
1381446 25 
1381525 75 
1381928 72 
1381928 70 
1382544 80 
1382678 83 
1383517 64 
1383894 256 
1384024 61 
1384157 151 
1384157 69 
1384229 93 
1385058 91 
1385498 91 
1385690 103 
1385690 101 
1386497 100 
1386497 2
1386497 1522
1386497 10
1388496 25 
1389071 75 
1389476 72 
1389476 70 
1390088 80 
1390208 83 
1391049 64 
1391543 256 
1391674 61 
1391807 150 
1391807 68 
1391807 65
1391879 92 
1392344 90 
1393336 103 
1393336 101 
1393846 100 
1393846 2
1393846 1522
1393846 10
1395846 25 
1395923 75 
1396330 72 
1396330 70 
1396952 80 
1397072 83 
1397312 64 
1397687 256 
1397805 61 
1397940 150 
1397940 68 
1397940 65
1398011 92 
1398449 90 
1399474 103 
1399474 101 
1399990 100 
1399990 2
1399990 1522
1399990 11
1401991 25 
1402064 75 
1402472 72 
1402472 70 
1403082 80 
1403202 83 
1403562 64 
1403815 256 
1403951 61 
1404082 151 
1404082 69 
1404154 93 
1405433 91 
1405503 91 
1405615 103 
1405615 101 
1406420 100 
1406420 2
1406420 1522
1406420 10
1408422 25 
1408554 75 
1408955 72 
1408955 70 
1409560 80 
1409680 83 
1410159 64 
1410775 61 
1410906 150 
1410906 68 
1410906 65
1410977 92 
1411380 90 
1411614 90 
1412440 103 
1412440 101 
1412958 100 
1412958 2
1412958 1522
1412958 11
1414958 25 
1415048 75 
1415450 72 
1415450 70 
1416064 80 
1416317 250 
1417170 76 
1418156 76 
1418278 83 
1418409 64 
1418771 256 
1418902 61 
1419022 151 
1419022 69 
1419092 93 
1420556 103 
1420556 101 
1421360 100 
1421360 2
1421360 1522
1421360 10
1423362 25 
1423440 75 
1423841 72 
1423841 70 
1424447 80 
1424567 83 
1425033 64 
1425408 256 
1425539 61 
1425660 150 
1425660 68 
1425660 65
1425730 92 
1426177 90 
1427191 103 
1427191 101 
1427697 100 
1427697 2
1427697 1522
1427697 11
1429699 25 
1430167 75 
1430413 73 
1430720 72 
1430720 70 
1431324 80 
1431444 83 
1432057 64 
1432539 256 
1432763 61 
1432896 153 
1432896 68 
1432896 65
1432970 92 
1433414 90 
1434426 103 
1434426 101 
1434936 100 
1434936 2
1434936 1522
1434936 10
1436937 25 
1437021 75 
1437424 72 
1437424 70 
1438254 80 
1438374 83 
1438747 64 
1438976 256 
1439187 61 
1439320 150 
1439320 68 
1439320 65
1439392 92 
1439846 90 
1440852 103 
1440852 101 
1441359 100 
1441359 2
1441359 1522
1441359 10
1443359 25 
1443581 75 
1443897 73 
1444201 72 
1444201 70 
1444905 80 
1445025 83 
1445266 64 
1445520 61 
1445651 150 
1445651 68 
1445651 65
1445720 92 
1446314 90 
1447181 103 
1447181 101 
1447696 100 
1447696 2
1447696 1522
1447696 10
1449694 25 
1450092 75 
1450442 73 
1450747 72 
1450747 70 
1451357 80 
1451475 250 
1452195 76 
1452328 83 
1452448 64 
1452690 256 
1452808 61 
1452928 150 
1452928 68 
1452928 65
1453000 92 
1453445 90 
1454457 103 
1454457 101 
1454972 100 
1454972 2
1454972 1522
1454972 11
1456969 25 
1457041 75 
1457446 72 
1457446 70 
1458059 80 
1458179 83 
1458539 64 
1458794 256 
1458912 61 
1459034 151 
1459034 69 
1459102 93 
1460562 103 
1460562 101 
1461370 100 
1461370 2
1461370 1522
1461370 11
1463371 25 
1463456 75 
1463860 72 
1463860 70 
1464456 80 
1464576 83 
1465522 64 
1465777 256 
1465896 61 
1466029 151 
1466029 69 
1466101 93 
1466847 91 
1466923 91 
1467566 103 
1467566 101 
1468384 100 
1468384 2
1468384 1522
1468384 11
1470383 25 
1470460 75 
1470865 72 
1470865 70 
1471467 80 
1471587 83 
1471946 64 
1472441 61 
1472573 153 
1472573 68 
1472573 65
1472643 92 
1473204 90 
1474104 103 
1474104 101 
1474612 100 
1474612 2
1474612 1522
1474612 10
1476612 25 
1476738 75 
1477376 73 
1477706 72 
1477706 70 
1478304 80 
1478424 83 
1478890 64 
1479266 256 
1479383 61 
1479516 150 
1479516 68 
1479516 65
1479587 92 
1480074 90 
1481048 103 
1481048 101 
1481556 100 
1481556 2
1481556 1522
1481556 11
1483555 25 
1483628 75 
1483951 73 
1484253 72 
1484253 70 
1484821 80 
1484941 83 
1485061 64 
1485316 256 
1485447 61 
1485581 151 
1485581 69 
1485649 93 
1486407 91 
1486598 91 
1486844 91 
1487110 103 
1487110 101 
1487918 100 
1487918 2
1487918 1522
1487918 10
1489919 25 
1489998 75 
1490400 72 
1490400 70 
1490992 80 
1491112 83 
1491351 64 
1491593 256 
1491725 61 
1491858 150 
1491858 68 
1491858 65
1491928 92 
1492405 90 
1493392 103 
1493392 101 
1493898 100 
1493898 2
1493898 1522
1493898 11
1495896 25 
1495974 75 
1496136 73 
1496471 72 
1496471 70 
1497056 80 
1497176 83 
1497309 64 
1497551 256 
1497682 61 
1497802 151 
1497802 69 
1497877 93 
1498650 91 
1499023 91 
1499334 103 
1499334 101 
1500142 100 
1500142 2
1500142 1522
1500142 10
1502141 25 
1502222 75 
1502629 72 
1502629 70 
1503213 80 
1503333 83 
1503453 64 
1503815 61 
1503946 150 
1503946 68 
1503946 65
1504017 92 
1504708 90 
1505474 103 
1505474 101 
1505986 100 
1505986 2
1505986 1522
1505986 11
1507986 25 
1508077 75 
1508293 73 
1508598 72 
1508598 70 
1509184 80 
1509304 83 
1509424 64 
1509679 256 
1509810 61 
1509930 151 
1509930 69 
1510000 93 
1510664 91 
1511004 91 
1511265 91 
1511464 103 
1511464 101 
1512269 100 
1512269 2
1512269 1522
1512269 10
1514269 25 
1514353 75 
1514756 72 
1514756 70 
1515341 80 
1515461 83 
1515821 64 
1515943 62 
1516074 150 
1516074 68 
1516074 65
1516144 92 
1516798 90 
1517613 103 
1517613 101 
1518127 100 
1518127 2
1518127 1522
1518127 11
1520126 25 
1520450 75 
1520558 73 
1520963 72 
1520963 70 
1521579 80 
1521700 83 
1521818 64 
1522181 256 
1522298 61 
1522431 151 
1522431 69 
1522501 93 
1523158 91 
1523729 91 
1523961 103 
1523961 101 
1524770 100 
1524770 2
1524770 1522
1524770 10
1526770 25 
1526856 75 
1527259 72 
1527259 70 
1527856 80 
1528096 250 
1529668 76 
1529788 83 
1530028 64 
1530284 256 
1530521 61 
1530655 150 
1530655 68 
1530655 65
1530725 92 
1531174 90 
1532183 103 
1532183 101 
1532695 100 
1532695 2
1532695 1522
1532695 11
1534694 25 
1534766 75 
1535172 72 
1535172 70 
1535774 80 
1535892 83 
1536012 64 
1536375 256 
1536493 61 
1536612 151 
1536612 69 
1536683 93 
1537846 91 
1538103 91 
1538144 103 
1538144 101 
1538952 100 
1538952 2
1538952 1522
1538952 11
1540951 25 
1541148 75 
1541550 72 
1541550 70 
1542156 80 
1542276 83 
1542636 64 
1542878 256 
1543009 61 
1543143 151 
1543143 69 
1543215 93 
1544673 103 
1544673 101 
1545482 100 
1545482 2
1545482 1522
1545482 11
1547483 25 
1547569 75 
1547975 72 
1547975 70 
1548940 80 
1549140 83 
1550513 64 
1551101 256 
1551299 63 
1551499 152 
1551499 69 
1551569 93 
1553028 103 
1553028 101 
1553839 100 
1553839 2
1553839 1522
1553839 11
1555838 25 
1555921 75 
1556148 73 
1556562 73 
1556939 72 
1556939 70 
1558430 71 
1558563 80 
1558696 83 
1560135 64 
1560871 256 
1561002 61 
1561135 151 
1561135 69 
1561204 93 
1562264 91 
1562664 103 
1562664 101 
1563474 100 
1563474 2
1563474 1522
1563474 10
1565473 25 
1565558 75 
1565962 72 
1565962 70 
1566573 80 
1566693 83 
1570891 64 
1571759 61 
1571890 150 
1571890 68 
1571890 65
1571957 92 
1572412 90 
1573423 103 
1573423 101 
1573930 100 
1573930 2
1573930 1522
1573930 11
1575930 25 
1576008 75 
1576410 72 
1576410 70 
1577022 80 
1577142 83 
1577501 64 
1577997 256 
1578128 61 
1578261 151 
1578261 69 
1578330 93 
1578934 91 
1579413 91 
1579793 103 
1579793 101 
1580601 100 
1580601 2
1580601 1522
1580601 10
1582601 25 
1582679 75 
1583081 72 
1583081 70 
1583699 80 
1583819 83 
1584765 64 
1585127 256 
1585258 61 
1585391 150 
1585391 68 
1585391 65
1585464 92 
1585865 90 
1586920 103 
1586920 101 
1587430 100 
1587430 2
1587430 1522
1587430 10
1589430 25 
1589522 75 
1589737 73 
1590074 72 
1590074 70 
1590682 80 
1590802 83 
1590922 64 
1591418 62 
1591549 150 
1591549 68 
1591549 65
1591621 92 
1592075 90 
1593077 103 
1593077 101 
1593588 100 
1593588 2
1593588 1522
1593588 10
1595587 25 
1596101 75 
1596502 72 
1596502 70 
1597120 80 
1597253 250 
1598119 76 
1598852 76 
1598972 83 
1599092 64 
1599347 256 
1599479 61 
1599612 150 
1599612 68 
1599612 65
1599683 92 
1600116 90 
1601146 103 
1601146 101 
1601649 100 
1601649 2
1601649 1522
1601649 10
1603652 25 
1603742 75 
1604147 72 
1604147 70 
1604756 80 
1604876 83 
1605236 64 
1605731 256 
1605863 61 
1605996 150 
1605996 68 
1605996 65
1606066 92 
1606461 90 
1607528 103 
1607528 101 
1608035 100 
1608035 2
1608035 1522
1608035 11
1610035 25 
1610704 75 
1611105 72 
1611105 70 
1611727 80 
1611847 83 
1612686 64 
1612929 256 
1613060 63 
1613193 150 
1613193 68 
1613193 65
1613263 92 
1614722 103 
1614722 101 
1615233 100 
1615233 2
1615233 1522
1615233 10
1617229 25 
1617305 75 
1617712 72 
1617712 70 
1618324 80 
1618444 83 
1618804 64 
1619059 256 
1619190 63 
1619324 151 
1619324 69 
1619393 93 
1620337 91 
1620854 103 
1620854 101 
1621664 100 
1621664 2
1621664 1522
1621664 11
1623662 25 
1623802 75 
1624208 72 
1624208 70 
1624815 80 
1624935 83 
1625907 64 
1626269 256 
1626401 61 
1626534 153 
1626534 68 
1626534 65
1626605 92 
1627003 90 
1628066 103 
1628066 101 
1628572 100 
1628572 2
1628572 1522
1628572 11
1630573 25 
1630650 75 
1631057 72 
1631057 70 
1631678 80 
1631798 83 
1632051 64 
1632293 256 
1632426 61 
1632558 151 
1632558 69 
1632630 93 
1633190 91 
1633546 91 
1633979 91 
1634092 103 
1634092 101 
1634910 100 
1634910 2
1634910 1522
1634910 10
1636910 25 
1636994 75 
1637397 72 
1637397 70 
1637996 80 
1638116 83 
1639077 64 
1639450 256 
1639582 61 
1639715 150 
1639715 68 
1639715 65
1639786 92 
1640234 90 
1641252 103 
1641252 101 
1641767 100 
1641767 2
1641767 1522
1641767 11
1643768 25 
1643853 75 
1644256 72 
1644256 70 
1644873 80 
1645126 250 
1645899 76 
1646659 76 
1646779 83 
1647258 64 
1649324 61 
1649459 151 
1649459 69 
1649528 93 
1650165 91 
1650526 91 
1650991 103 
1650991 101 
1651809 100 
1651809 2
1651809 1522
1651809 10
1653809 25 
1653893 75 
1654296 72 
1654296 70 
1654895 80 
1655015 83 
1655615 64 
1655976 256 
1656108 61 
1656241 150 
1656241 68 
1656241 65
1656315 92 
1656766 90 
1657775 103 
1657775 101 
1658279 100 
1658279 2
1658279 1522
1658279 10
1660281 25 
1660371 75 
1660774 72 
1660774 70 
1661692 80 
1661959 250 
1662692 76 
1662825 83 
1663065 64 
1663440 256 
1663571 61 
1663705 150 
1663705 68 
1663705 65
1663789 92 
1664195 90 
1665248 103 
1665248 101 
1665756 100 
1665756 2
1665756 1522
1665756 10
1667756 25 
1667836 75 
1668238 72 
1668238 70 
1668849 80 
1668969 83 
1669102 64 
1669478 256 
1669609 61 
1669742 150 
1669742 68 
1669742 65
1669816 92 
1670314 90 
1671272 103 
1671272 101 
1671780 100 
1671780 2
1671780 1522
1671780 11
1673780 25 
1673854 75 
1674265 72 
1674265 70 
1674873 80 
1674993 83 
1675953 64 
1676448 256 
1676579 63 
1676712 150 
1676712 68 
1676712 65
1676783 92 
1677290 90 
1678245 103 
1678245 101 
1678753 100 
1678753 2
1678753 1522
1678753 10
1680752 25 
1680842 75 
1681248 72 
1681248 70 
1681843 80 
1681963 83 
1682203 64 
1682459 256 
1682590 63 
1682723 151 
1682723 69 
1682792 93 
1684095 91 
1684258 103 
1684258 101 
1685074 100 
1685074 2
1685074 1522
1685074 10
1687073 25 
1687154 75 
1687335 73 
1687741 72 
1687741 70 
1688347 80 
1688467 83 
1689080 64 
1689696 256 
1689827 61 
1689960 150 
1689960 68 
1689960 65
1690033 92 
1690409 90 
1691489 103 
1691489 101 
1692003 100 
1692003 2
1692003 1522
1692003 11
1694002 25 
1694085 75 
1694492 72 
1694492 70 
1695105 80 
1695238 83 
1695731 64 
1695986 256 
1696117 62 
1696237 151 
1696237 69 
1696308 93 
1697293 91 
1697770 103 
1697770 101 
1698578 100 
1698578 2
1698578 1522
1698578 10
1700578 25 
1700656 75 
1701057 72 
1701057 70 
1701648 80 
1701782 83 
1702981 64 
1704676 256 
1704807 61 
1704940 150 
1704940 68 
1704940 65
1705009 92 
1705445 90 
1706475 103 
1706475 101 
1706994 100 
1706994 2
1706994 1522
1706994 11
1708992 25 
1709429 75 
1709886 73 
1710187 72 
1710187 70 
1710805 80 
1710924 83 
1711164 64 
1714418 256 
1714670 61 
1714803 151 
1714803 69 
1714874 93 
1716337 103 
1716337 101 
1717141 100 
1717141 2
1717141 1522
1717141 11
1719142 25 
1719225 75 
1719542 73 
1719846 72 
1719846 70 
1720454 80 
1720587 83 
1721187 64 
1721563 256 
1721680 61 
1721813 151 
1721813 69 
1721884 93 
1722238 91 
1723343 103 
1723343 101 
1724151 100 
1724151 2
1724151 1522
1724151 10
1726153 25 
1726236 75 
1726876 73 
1727201 72 
1727201 70 
1727811 80 
1727944 83 
1728424 64 
1728920 256 
1729050 61 
1729183 150 
1729183 68 
1729183 65
1729266 92 
1729689 90 
1730725 103 
1730725 101 
1731236 100 
1731236 2
1731236 1522
1731236 10
1733238 25 
1733326 75 
1733729 72 
1733729 70 
1734341 80 
1734474 83 
1734714 64 
1735090 256 
1735208 61 
1735341 150 
1735341 68 
1735341 65
1735414 92 
1735820 90 
1736869 103 
1736869 101 
1737379 100 
1737379 2
1737379 1522
1737379 11
1739381 25 
1739465 75 
1739866 72 
1739866 70 
1740485 80 
1740605 83 
1741325 64 
1741940 256 
1742071 63 
1742204 152 
1742204 69 
1742273 93 
1743667 91 
1743735 103 
1743735 101 
1744544 100 
1744544 2
1744544 1522
1744544 11
1746543 25 
1746629 75 
1747034 72 
1747034 70 
1747642 80 
1747762 83 
1748602 64 
1749217 256 
1749481 61 
1749615 151 
1749615 69 
1749685 93 
1750443 91 
1750864 91 
1751146 103 
1751146 101 
1751954 100 
1751954 2
1751954 1522
1751954 10
1753953 25 
1754033 75 
1754436 72 
1754436 70 
1755052 80 
1755172 83 
1756012 64 
1756520 256 
1756638 62 
1756772 151 
1756772 69 
1756841 93 
1757671 91 
1758307 103 
1758307 101 
1759127 100 
1759127 2
1759127 1522
1759127 10
1761129 25 
1761207 75 
1761587 73 
1761891 72 
1761891 70 
1762796 80 
1762916 83 
1763875 64 
1764130 256 
1764262 61 
1764395 150 
1764395 68 
1764395 65
1764461 92 
1764863 90 
1765930 103 
1765930 101 
1766449 100 
1766449 2
1766449 1522
1766449 11
1768447 25 
1768538 75 
1768945 72 
1768945 70 
1769553 80 
1769686 83 
1770779 64 
1771394 256 
1771525 62 
1771659 151 
1771659 69 
1771730 93 
1772330 91 
1773191 103 
1773191 101 
1773996 100 
1773996 2
1773996 1522
1773996 11
1775998 25 
1776083 75 
1776176 73 
1776581 72 
1776581 70 
1777190 80 
1777310 83 
1777909 64 
1778282 256 
1778417 61 
1778549 151 
1778549 69 
1778617 93 
1779528 91 
1779823 91 
1780082 103 
1780082 101 
1780887 100 
1780887 2
1780887 1522
1780887 10
1782892 25 
1782967 75 
1783573 73 
1783878 72 
1783878 70 
1784493 80 
1784613 83 
1785319 64 
1785932 61 
1786066 150 
1786066 68 
1786066 65
1786139 92 
1786654 90 
1787595 103 
1787595 101 
1788104 100 
1788104 2
1788104 1522
1788104 10
1790106 25 
1790196 75 
1790603 72 
1790603 70 
1791197 80 
1791317 83 
1791677 64 
1792172 61 
1792303 150 
1792303 68 
1792303 65
1792374 92 
1793835 103 
1793835 101 
1794341 100 
1794341 2
1794341 1522
1794341 11
1796343 25 
1796432 75 
1796839 72 
1796839 70 
1797461 80 
1797594 83 
1798207 64 
1798343 256 
1798461 61 
1798594 151 
1798594 69 
1798663 93 
1799433 91 
1799820 91 
1800124 103 
1800124 101 
1800937 100 
1800937 2
1800937 1522
1800937 11
1802935 25 
1803017 75 
1803420 72 
1803420 70 
1804018 80 
1804138 83 
1804618 64 
1805113 256 
1805231 61 
1805364 151 
1805364 69 
1805436 93 
1806897 103 
1806897 101 
1807703 100 
1807703 2
1807703 1522
1807703 11
1809703 25 
1809783 75 
1810185 72 
1810185 70 
1810775 80 
1810895 83 
1811135 64 
1811750 256 
1811868 61 
1812003 153 
1812003 68 
1812003 65
1812072 92 
1812501 90 
1813529 103 
1813529 101 
1814041 100 
1814041 2
1814041 1522
1814041 10
1816041 25 
1816126 75 
1816378 73 
1816705 72 
1816705 70 
1817319 80 
1817439 83 
1818279 64 
1818654 256 
1818785 61 
1818918 150 
1818918 68 
1818918 65
1818990 92 
1819390 90 
1820447 103 
1820447 101 
1820959 100 
1820959 2
1820959 1522
1820959 10
1822959 25 
1823036 75 
1823441 72 
1823441 70 
1824063 80 
1824183 83 
1824556 64 
1825171 256 
1825302 61 
1825436 150 
1825436 68 
1825436 65
1825511 92 
1825900 90 
1826965 103 
1826965 101 
1827473 100 
1827473 2
1827473 1522
1827473 11
1829476 25 
1831205 75 
1831607 72 
1831607 70 
1832206 80 
1832326 83 
1832806 64 
1833541 256 
1833672 63 
1833805 150 
1833805 68 
1833805 65
1833876 92 
1834360 90 
1835339 103 
1835339 101 
1835857 100 
1835857 2
1835857 1522
1835857 10
1837858 25 
1837935 75 
1838339 72 
1838339 70 
1838937 80 
1839056 83 
1839656 64 
1840512 256 
1840642 61 
1840776 150 
1840776 68 
1840776 65
1840846 92 
1841237 90 
1842305 103 
1842305 101 
1842814 100 
1842814 2
1842814 1522
1842814 10
1844815 25 
1844900 75 
1845306 72 
1845306 70 
1845907 80 
1846027 83 
1848186 64 
1848455 256 
1848586 61 
1848719 150 
1848719 68 
1848719 65
1848788 92 
1849132 90 
1850253 103 
1850253 101 
1850757 100 
1850757 2
1850757 1522
1850757 11
1852758 25 
1852831 75 
1853233 72 
1853233 70 
1853837 80 
1853957 83 
1854796 64 
1855052 256 
1855183 63 
1855316 150 
1855316 68 
1855316 65
1855387 92 
1855908 90 
1856845 103 
1856845 101 
1857356 100 
1857356 2
1857356 1522
1857356 10
1859355 25 
1859428 75 
1859831 72 
1859831 70 
1860447 80 
1860567 83 
1861287 64 
1861545 256 
1861674 63 
1861807 151 
1861807 69 
1861877 93 
1862803 91 
1863336 103 
1863336 101 
1864145 100 
1864145 2
1864145 1522
1864145 11
1866146 25 
1866225 75 
1866631 72 
1866631 70 
1867511 80 
1867698 83 
1869057 64 
1869563 61 
1869697 151 
1869697 69 
1869765 93 
1871230 103 
1871230 101 
1872036 100 
1872036 2
1872036 1522
1872036 11
1874037 25 
1874115 75 
1874631 73 
1874897 73 
1875058 73 
1875360 72 
1875360 70 
1875964 80 
1876094 83 
1878373 64 
1878748 256 
1878999 63 
1879133 150 
1879133 68 
1879133 65
1879205 92 
1879756 90 
1880665 103 
1880665 101 
1881171 100 
1881171 2
1881171 1522
1881171 11
1883171 25 
1883244 75 
1883650 72 
1883650 70 
1884264 80 
1884384 83 
1885703 64 
1885959 256 
1886090 63 
1886223 150 
1886223 68 
1886223 65
1886296 92 
1886878 90 
1887756 103 
1887756 101 
1888262 100 
1888262 2
1888262 1522
1888262 10
1890263 25 
1890348 75 
1890752 72 
1890752 70 
1891368 80 
1891487 83 
1891967 64 
1892343 256 
1892474 61 
1892607 152 
1892607 69 
1892679 93 
1893405 91 
1893720 91 
1894140 103 
1894140 101 
1894946 100 
1894946 2
1894946 1522
1894946 10
1896947 25 
1897025 75 
1897430 72 
1897430 70 
1898031 80 
1898151 83 
1900777 64 
1901632 256 
1901763 63 
1901896 151 
1901896 69 
1901965 93 
1902477 91 
1903427 103 
1903427 101 
1904235 100 
1904235 2
1904235 1522
1904235 10
1906236 25 
1906316 75 
1906721 72 
1906721 70 
1907334 80 
1907457 83 
1908880 64 
1909375 256 
1909506 61 
1909640 150 
1909640 68 
1909640 65
1909710 92 
1910126 90 
1911169 103 
1911169 101 
1911680 100 
1911680 2
1911680 1522
1911680 11
1913679 25 
1913764 75 
1914166 72 
1914166 70 
1914784 80 
1914904 83 
1916117 64 
1916506 256 
1916637 63 
1916770 150 
1916770 68 
1916770 65
1916853 92 
1917286 90 
1918315 103 
1918315 101 
1918823 100 
1918823 2
1918823 1522
1918823 10
1920822 25 
1920913 75 
1921314 72 
1921314 70 
1921914 80 
1922034 83 
1922394 64 
1922649 256 
1923274 63 
1923394 151 
1923394 69 
1923464 93 
1924927 103 
1924927 101 
1925733 100 
1925733 2
1925733 1522
1925733 11
1927732 25 
1927817 75 
1928218 72 
1928218 70 
1928592 250 
1934456 71 
1935175 71 
1935535 80 
1935655 83 
1936975 64 
1937473 61 
1937601 151 
1937601 69 
1937673 93 
1938317 91 
1938825 91 
1939136 103 
1939136 101 
1939940 100 
1939940 2
1939940 1522
1939940 10
1941940 25 
1942026 75 
1942498 73 
1942799 72 
1942799 70 
1943412 80 
1943532 83 
1944132 64 
1944745 61 
1944878 152 
1944878 69 
1944949 93 
1946409 103 
1946409 101 
1947217 100 
1947217 2
1947217 1522
1947217 11
1949218 25 
1949300 75 
1949706 72 
1949706 70 
1950302 80 
1950436 83 
1951382 64 
1951997 256 
1952128 61 
1952262 151 
1952262 69 
1952331 93 
1952970 91 
1953275 91 
1953345 91 
1953794 103 
1953794 101 
1954599 100 
1954599 2
1954599 1522
1954599 11
1956600 25 
1956679 75 
1957085 72 
1957085 70 
1957699 80 
1957819 83 
1958659 64 
1959034 61 
1959165 151 
1959165 69 
1959238 93 
1960343 91 
1960697 103 
1960697 101 
1961503 100 
1961503 2
1961503 1522
1961503 10
1963504 25 
1963583 75 
1963987 72 
1963987 70 
1964590 80 
1964723 83 
1966149 64 
1967110 256 
1967322 61 
1967455 150 
1967455 68 
1967455 65
1967525 92 
1967987 90 
1968985 103 
1968985 101 
1969495 100 
1969495 2
1969495 1522
1969495 11
1971495 25 
1971580 75 
1971986 72 
1971986 70 
1972599 80 
1972719 83 
1973572 64 
1973948 256 
1974079 61 
1974212 151 
1974212 69 
1974282 93 
1975518 91 
1975744 103 
1975744 101 
1976551 100 
1976551 2
1976551 1522
1976551 10
1978552 25 
1978630 75 
1979033 72 
1979033 70 
1979636 80 
1979770 83 
1980623 64 
1981958 256 
1982075 61 
1982209 150 
1982209 68 
1982209 65
1982281 92 
1982728 90 
1983740 103 
1983740 101 
1984248 100 
1984248 2
1984248 1522
1984248 11
1986249 25 
1987937 75 
1988338 72 
1988338 70 
1988953 80 
1989072 83 
1989672 64 
1990059 61 
1990192 151 
1990192 69 
1990263 93 
1990969 91 
1991722 103 
1991722 101 
1992532 100 
1992532 2
1992532 1522
1992532 10
1994532 25 
1994616 75 
1995019 72 
1995019 70 
1995616 80 
1995736 83 
1996216 64 
1996471 256 
1996589 61 
1996723 150 
1996723 68 
1996723 65
1996792 92 
1997268 90 
1998255 103 
1998255 101 
1998763 100 
1998763 2
1998763 1522
1998763 11
2000761 25 
2001386 75 
2001790 72 
2001790 70 
2002400 80 
2002533 83 
2002667 64 
2003162 256 
2003293 61 
2003426 151 
2003426 69 
2003498 93 
2004230 91 
2004959 103 
2004959 101 
2005766 100 
2005766 2
2005766 1522
2005766 10
2007767 25 
2007849 75 
2008254 72 
2008254 70 
2008864 80 
2008997 83 
2009477 64 
2009730 256 
2009866 61 
2009997 150 
2009997 68 
2009997 65
2010070 92 
2010585 90 
2011530 103 
2011530 101 
2012036 100 
2012036 2
2012036 1522
2012036 11
2014035 25 
2014126 75 
2014532 72 
2014532 70 
2015128 80 
2015248 83 
2016088 64 
2016356 62 
2016607 150 
2016607 68 
2016607 65
2016678 92 
2017254 90 
2018139 103 
2018139 101 
2018647 100 
2018647 2
2018647 1522
2018647 10
2020648 25 
2020737 75 
2021145 72 
2021145 70 
2021752 80 
2021872 83 
2022138 64 
2023473 256 
2023604 61 
2023738 150 
2023738 68 
2023738 65
2023811 92 
2025267 103 
2025267 101 
2025778 100 
2025778 2
2025778 1522
2025778 11
2027778 25 
2028703 75 
2029105 72 
2029105 70 
2029709 80 
2029828 83 
2030322 64 
2030816 256 
2030948 63 
2031081 152 
2031081 69 
2031157 93 
2031574 91 
2032203 91 
2032614 103 
2032614 101 
2033420 100 
2033420 2
2033420 1522
2033420 10
2035420 25 
2035502 75 
2035907 72 
2035907 70 
2036519 80 
2036639 83 
2037225 64 
2037719 256 
2037858 61 
2037985 150 
2037985 68 
2037985 65
2038052 92 
2038479 90 
2039518 103 
2039518 101 
2040025 100 
2040025 2
2040025 1522
2040025 11
2042025 25 
2044962 75 
2045426 73 
2045756 72 
2045756 70 
2046381 80 
2046515 83 
2047463 64 
2047716 256 
2047847 63 
2047981 150 
2047981 68 
2047981 65
2048056 92 
2049512 103 
2049512 101 
2050020 100 
2050020 2
2050020 1522
2050020 11
2052020 25 
2052105 75 
2052511 72 
2052511 70 
2053112 80 
2053232 83 
2053965 64 
2054233 63 
2054365 150 
2054365 68 
2054365 65
2054438 92 
2054939 90 
2055894 103 
2055894 101 
2056403 100 
2056403 2
2056403 1522
2056403 11
2058405 25 
2060536 75 
2060699 73 
2061099 72 
2061099 70 
2061695 80 
2061815 83 
2062055 64 
2062310 256 
2062428 63 
2062561 150 
2062561 68 
2062561 65
2062631 92 
2063175 90 
2064092 103 
2064092 101 
2064601 100 
2064601 2
2064601 1522
2064601 10
2066600 25 
2066686 75 
2067092 72 
2067092 70 
2068012 80 
2068212 83 
2068519 64 
2068895 256 
2069012 61 
2069145 150 
2069145 68 
2069145 65
2069216 92 
2069659 90 
2070678 103 
2070678 101 
2071185 100 
2071185 2
2071185 1522
2071185 11
2073185 25 
2073261 75 
2073666 72 
2073666 70 
2074263 80 
2074383 83 
2074743 64 
2075118 256 
2075236 63 
2075371 150 
2075371 68 
2075371 65
2075442 92 
2076902 103 
2076902 101 
2077408 100 
2077408 2
2077408 1522
2077408 11
2079409 25 
2079494 75 
2079897 72 
2079897 70 
2080514 80 
2080633 83 
2081113 64 
2081369 256 
2081500 63 
2081633 150 
2081633 68 
2081633 65
2081718 92 
2083179 103 
2083179 101 
2083688 100 
2083688 2
2083688 1522
2083688 10
2085686 25 
2085776 75 
2086187 72 
2086187 70 
2086804 80 
2086924 83 
2087284 64 
2087659 256 
2087777 61 
2087910 150 
2087910 68 
2087910 65
2087983 92 
2088404 90 
2089438 103 
2089438 101 
2089951 100 
2089951 2
2089951 1522
2089951 11
2091949 25 
2092027 75 
2092434 72 
2092434 70 
2093042 80 
2093161 83 
2093641 64 
2093896 256 
2094014 63 
2094148 150 
2094148 68 
2094148 65
2094217 92 
2095675 103 
2095675 101 
2096185 100 
2096185 2
2096185 1522
2096185 10
2098186 25 
2098272 75 
2098675 72 
2098675 70 
2099292 80 
2099425 83 
2099919 64 
2100174 256 
2100305 63 
2100438 151 
2100438 69 
2100507 93 
2101973 103 
2101973 101 
2102776 100 
2102776 2
2102776 1522
2102776 10
2104777 25 
2104856 75 
2105262 72 
2105262 70 
2105866 80 
2105983 83 
2106462 64 
2106851 61 
2106982 150 
2106982 68 
2106982 65
2107065 92 
2107473 90 
2108528 103 
2108528 101 
2109035 100 
2109035 2
2109035 1522
2109035 10
2111037 25 
2111125 75 
2111529 72 
2111529 70 
2112127 80 
2112247 83 
2112606 64 
2112851 61 
2112980 152 
2112980 69 
2113050 93 
2113654 91 
2114235 91 
2114509 103 
2114509 101 
2115318 100 
2115318 4
2115318 1522
2115318 11
2115318 78 
2117318 25 
2119957 75 
2120705 73 
2120818 73 
2121124 72 
2121124 70 
2121749 80 
2121869 83 
2123429 64 
2123672 63 
2123802 151 
2123802 69 
2123872 93 
2125333 103 
2125333 101 
2126141 100 
2126141 4
2126141 1522
2126141 10
2128140 25 
2128219 75 
2128482 73 
2128783 72 
2128783 70 
2129399 80 
2129519 83 
2130121 64 
2130495 61 
2130625 151 
2130625 69 
2130696 93 
2131854 91 
2132096 91 
2132156 103 
2132156 101 
2132964 100 
2132964 4
2132964 1522
2132964 10
2134965 25 
2135045 75 
2135553 73 
2135854 72 
2135854 70 
2136463 80 
2136583 83 
2138742 64 
2139851 61 
2139968 151 
2139968 69 
2140033 93 
2141500 103 
2141500 101 
2142308 100 
2142308 4
2142308 1522
2142308 10
2144307 25 
2144386 75 
2144791 72 
2144791 70 
2145406 80 
2145526 83 
2146485 64 
2146981 256 
2147472 62 
2147605 150 
2147605 68 
2147605 65
2147678 92 
2148168 90 
2149136 103 
2149136 101 
2149645 100 
2149645 4
2149645 1522
2149645 11
2151645 25 
2151739 75 
2152142 72 
2152142 70 
2152763 80 
2152896 83 
2153269 64 
2153407 256 
2153536 63 
2153656 151 
2153656 69 
2153725 93 
2154970 91 
2155187 103 
2155187 101 
2155996 100 
2155996 4
2155996 1522
2155996 10
2157994 25 
2158074 75 
2158478 72 
2158478 70 
2159093 80 
2159213 83 
2159573 64 
2159695 256 
2159826 62 
2159946 150 
2159946 68 
2159946 65
2160017 92 
2160502 90 
2161482 103 
2161482 101 
2161999 100 
2161999 4
2161999 1522
2161999 11
2164000 25 
2164084 75 
2164488 72 
2164488 70 
2165104 80 
2165224 83 
2165944 64 
2166666 256 
2166783 62 
2166917 151 
2166917 69 
2166985 93 
2168448 103 
2168448 101 
2169256 100 
2169256 4
2169256 1522
2169256 11
2171256 25 
2171334 75 
2171739 72 
2171739 70 
2172808 80 
2173341 76 
2173607 83 
2173887 64 
2174196 256 
2174473 62 
2174753 153 
2174753 68 
2174753 65
2174840 92 
2175434 90 
2176301 103 
2176301 101 
2176806 100 
2176806 4
2176806 1522
2176806 11
2178805 25 
2178966 75 
2179367 72 
2179367 70 
2180324 80 
2180604 250 
2181419 76 
2182497 76 
2182778 83 
2183056 64 
2183952 62 
2184083 151 
2184083 69 
2184151 93 
2185143 91 
2185615 103 
2185615 101 
2186422 100 
2186422 4
2186422 1522
2186422 10
2188421 25 
2188501 75 
2188902 72 
2188902 70 
2190000 80 
2190280 250 
2190840 76 
2191106 83 
2191360 64 
2191615 256 
2191879 62 
2192146 150 
2192146 68 
2192146 65
2192218 92 
2192701 90 
2193676 103 
2193676 101 
2194185 100 
2194185 4
2194185 1522
2194185 10
2196186 25 
2196275 75 
2196677 72 
2196677 70 
2197570 80 
2197704 83 
2197823 64 
2198079 256 
2198210 62 
2198343 150 
2198343 68 
2198343 65
2198415 92 
2198892 90 
2199872 103 
2199872 101 
2200380 100 
2200380 4
2200380 1522
2200380 10
2202384 25 
2202468 75 
2202872 72 
2202872 70 
2203474 80 
2203594 83 
2204554 64 
2204690 256 
2204820 62 
2204954 150 
2204954 68 
2204954 65
2205024 92 
2206488 103 
2206488 101 
2206993 100 
2206993 4
2206993 1522
2206993 11
2208994 25 
2209083 75 
2209489 72 
2209489 70 
2210085 80 
2210205 83 
2210445 64 
2211900 256 
2212032 62 
2212164 151 
2212164 69 
2212234 93 
2213118 91 
2213698 103 
2213698 101 
2214503 100 
2214503 4
2214503 1522
2214503 10
2216504 25 
2216582 75 
2216992 72 
2216992 70 
2217588 80 
2217708 83 
2218068 64 
2218561 62 
2218695 150 
2218695 68 
2218695 65
2218765 92 
2219201 90 
2220226 103 
2220226 101 
2220732 100 
2220732 4
2220732 1522
2220732 11
2222734 25 
2222819 75 
2223221 72 
2223221 70 
2223839 80 
2223962 83 
2224679 64 
2225174 256 
2225305 62 
2225438 151 
2225438 69 
2225508 93 
2226967 103 
2226967 101 
2227776 100 
2227776 4
2227776 1522
2227776 10
2229778 25 
2229889 75 
2230300 72 
2230300 70 
2230916 80 
2231036 83 
2231396 64 
2231651 256 
2231782 62 
2231916 150 
2231916 68 
2231916 65
2231990 92 
2232495 90 
2233444 103 
2233444 101 
2233955 100 
2233955 4
2233955 1522
2233955 11
2235955 25 
2236040 75 
2236445 72 
2236445 70 
2237060 80 
2237180 83 
2237673 64 
2237928 256 
2238060 63 
2238193 151 
2238193 69 
2238261 93 
2239723 103 
2239723 101 
2240534 100 
2240534 4
2240534 1522
2240534 11
2242533 25 
2242616 75 
2243018 72 
2243018 70 
2243632 80 
2243751 83 
2246749 64 
2248442 62 
2248575 153 
2248575 68 
2248575 65
2248648 92 
2249203 90 
2250103 103 
2250103 101 
2250615 100 
2250615 4
2250615 1522
2250615 10
2252615 25 
2252700 75 
2253103 72 
2253103 70 
2253706 80 
2253826 83 
2254668 64 
2254935 62 
2255066 150 
2255066 68 
2255066 65
2255139 92 
2255650 90 
2256593 103 
2256593 101 
2257103 100 
2257103 4
2257103 1522
2257103 11
2259105 25 
2259178 75 
2259585 72 
2259585 70 
2260197 80 
2260317 83 
2261397 64 
2261652 256 
2261783 63 
2261916 151 
2261916 69 
2261987 93 
2263120 91 
2263449 103 
2263449 101 
2264254 100 
2264254 4
2264254 1522
2264254 10
2266255 25 
2266336 75 
2266739 72 
2266739 70 
2267354 80 
2267487 83 
2267727 64 
2267982 256 
2268113 62 
2268247 150 
2268247 68 
2268247 65
2268318 92 
2268759 90 
2269778 103 
2269778 101 
2269823 102 
