0 100 
0 6
0 1523
0 10
1993 25 
2182 75 
2493 73 
2800 72 
2800 70 
3839 80 
3972 250 
4359 76 
4492 83 
5465 64 
5721 256 
5852 62 
5985 151 
5985 69 
6055 93 
7517 103 
7517 101 
8325 100 
8325 6
8325 1523
8325 10
10325 25 
10403 75 
10808 72 
10808 70 
11423 80 
11543 83 
12022 64 
12904 256 
13157 62 
13289 153 
13289 68 
13289 65
13372 92 
14833 103 
14833 101 
15341 100 
15341 6
15341 1523
15341 11
17341 25 
17419 75 
17827 72 
17827 70 
18433 80 
18553 83 
19046 64 
19302 256 
19433 61 
19566 150 
19566 68 
19566 65
19637 92 
20036 90 
21098 103 
21098 101 
21605 100 
21605 6
21605 1523
21605 11
23605 25 
23684 75 
24087 72 
24087 70 
24697 80 
24817 83 
24937 64 
25193 256 
25324 61 
25457 150 
25457 68 
25457 65
25528 92 
25956 90 
26990 103 
26990 101 
27495 100 
27495 6
27495 1523
27495 10
29497 25 
29574 75 
29979 72 
29979 70 
30588 80 
30708 83 
30948 64 
31083 256 
31348 62 
31481 151 
31481 69 
31553 93 
33012 103 
33012 101 
33819 100 
33819 6
33819 1523
33819 10
35821 25 
35901 75 
36303 72 
36303 70 
36919 80 
37052 83 
37785 64 
38041 256 
38305 63 
38438 150 
38438 68 
38438 65
38520 92 
39980 103 
39980 101 
40494 100 
40494 6
40494 1523
40494 11
42491 25 
42580 75 
42982 72 
42982 70 
43583 80 
43703 83 
43836 64 
44091 256 
44222 61 
44356 150 
44356 68 
44356 65
44427 92 
44798 90 
45889 103 
45889 101 
46394 100 
46394 6
46394 1523
46394 11
48394 25 
48470 75 
48877 72 
48877 70 
49500 80 
49767 250 
50540 76 
50660 83 
50899 64 
51155 256 
51286 61 
51419 150 
51419 68 
51419 65
51490 92 
51923 90 
52950 103 
52950 101 
53460 100 
53460 6
53460 1523
53460 10
55458 25 
55531 75 
55936 72 
55936 70 
56550 80 
56684 83 
56924 64 
57179 256 
57443 63 
57577 150 
57577 68 
57577 65
57659 92 
59123 103 
59123 101 
59629 100 
59629 6
59629 1523
59629 11
61630 25 
61720 75 
62124 72 
62124 70 
62748 80 
62869 83 
66466 76 
70784 64 
71040 256 
71171 61 
71304 150 
71304 68 
71304 65
71376 92 
71843 90 
72835 103 
72835 101 
73342 100 
73342 6
73342 1523
73342 10
75342 25 
75416 75 
75820 72 
75820 70 
76435 80 
76556 83 
77035 64 
77424 256 
77675 63 
77808 150 
77808 68 
77808 65
77878 92 
79339 103 
79339 101 
79846 100 
79846 6
79846 1523
79846 10
81847 25 
81938 75 
82341 72 
82341 70 
82953 80 
83086 83 
83566 64 
83701 256 
83832 63 
83966 150 
83966 68 
83966 65
84037 92 
85495 103 
85495 101 
86004 100 
86004 6
86004 1523
86004 10
88005 25 
88181 75 
88584 72 
88584 70 
89203 80 
89323 83 
90163 64 
90552 61 
90683 151 
90683 69 
90764 93 
92226 103 
92226 101 
93035 100 
93035 6
93035 1523
93035 10
95035 25 
102759 75 
103160 72 
103160 70 
104037 80 
104237 83 
104970 64 
105652 256 
105783 63 
105916 152 
105916 69 
105983 93 
107445 103 
107445 101 
108255 100 
108255 6
108255 1523
108255 11
110257 25 
110335 75 
110736 72 
110736 70 
111354 80 
111474 83 
111954 64 
112209 256 
112460 61 
112594 150 
112594 68 
112594 65
112665 92 
113081 90 
114133 103 
114133 101 
114647 100 
114647 6
114647 1523
114647 11
116646 25 
116984 75 
117384 72 
117384 70 
118006 80 
118125 83 
118378 64 
118513 256 
118644 61 
118778 150 
118778 68 
118778 65
118851 92 
120309 103 
120309 101 
120816 100 
120816 6
120816 1523
120816 11
122817 25 
124231 75 
124417 73 
124817 72 
124817 70 
125428 80 
125548 83 
125801 64 
126057 256 
126188 61 
126321 150 
126321 68 
126321 65
126391 92 
126899 90 
127858 103 
127858 101 
128374 100 
128374 6
128374 1523
128374 11
130374 25 
130460 75 
130862 72 
130862 70 
131466 80 
131826 250 
132492 76 
133638 76 
134678 76 
134811 83 
135184 64 
135307 256 
135437 61 
135571 150 
135571 68 
135571 65
135643 92 
136233 90 
137102 103 
137102 101 
137609 100 
137609 6
137609 1523
137609 11
139611 25 
142140 75 
142263 73 
142595 72 
142595 70 
143207 80 
143341 83 
143581 64 
143849 61 
143981 150 
143981 68 
143981 65
144050 92 
144501 90 
145509 103 
145509 101 
146016 100 
146016 6
146016 1523
146016 10
148021 25 
148110 75 
148513 72 
148513 70 
149138 80 
149258 83 
149618 64 
149874 256 
150005 63 
150138 150 
150138 68 
150138 65
150212 92 
151671 103 
151671 101 
152178 100 
152178 6
152178 1523
152178 11
154177 25 
154507 75 
154912 72 
154912 70 
155522 80 
156029 250 
157562 76 
157695 83 
157948 64 
158190 256 
158321 61 
158454 152 
158454 69 
158523 93 
159146 91 
159992 103 
159992 101 
160809 100 
160809 5
160809 1523
160809 10
160809 78 
162808 25 
162890 75 
163298 72 
163298 70 
163906 80 
164026 83 
165358 64 
165627 61 
165758 151 
165758 69 
165827 93 
167290 103 
167290 101 
168095 100 
168095 5
168095 1523
168095 10
170101 25 
170194 75 
170597 72 
170597 70 
171209 80 
171329 83 
172169 64 
172558 256 
172688 63 
172822 150 
172822 68 
172822 65
172897 92 
173401 90 
174354 103 
174354 101 
174861 100 
174861 5
174861 1523
174861 10
176862 25 
176947 75 
177353 72 
177353 70 
177953 80 
178073 83 
178313 64 
178448 256 
178579 63 
178713 150 
178713 68 
178713 65
178801 92 
180260 103 
180260 101 
180765 100 
180765 5
180765 1523
180765 11
182766 25 
182851 75 
183251 72 
183251 70 
183870 80 
183991 83 
184590 64 
184979 61 
185110 151 
185110 69 
185181 93 
186474 91 
186643 103 
186643 101 
187462 100 
187462 5
187462 1523
187462 11
189463 25 
189541 75 
189942 72 
189942 70 
190561 80 
190681 83 
191880 64 
192869 256 
193000 62 
193133 150 
193133 68 
193133 65
193204 92 
193636 90 
194661 103 
194661 101 
195171 100 
195171 5
195171 1523
195171 10
197172 25 
197245 75 
197645 72 
197645 70 
198264 80 
198398 83 
199717 64 
200679 256 
200810 62 
200943 151 
200943 69 
201015 93 
201484 91 
202474 103 
202474 101 
203283 100 
203283 5
203283 1523
203283 11
205281 25 
205366 75 
205775 72 
205775 70 
206701 80 
206821 83 
207434 64 
207649 256 
207980 62 
208180 150 
208180 68 
208180 65
208251 92 
208665 90 
208702 90 
209714 103 
209714 101 
210220 100 
210220 5
210220 1523
210220 11
212219 25 
212292 75 
212697 72 
212697 70 
213458 80 
213591 83 
213725 64 
213993 62 
214124 150 
214124 68 
214124 65
214199 92 
215241 90 
215654 103 
215654 101 
216165 100 
216165 5
216165 1523
216165 10
218163 25 
218241 75 
218647 72 
218647 70 
219269 80 
219389 83 
219511 64 
219764 256 
219882 63 
220015 150 
220015 68 
220015 65
220084 92 
221548 103 
221548 101 
222053 100 
222053 5
222053 1523
222053 10
224055 25 
224140 75 
224544 72 
224544 70 
225160 80 
225280 83 
225641 64 
226015 256 
226146 63 
226279 150 
226279 68 
226279 65
226371 92 
227823 103 
227823 101 
228333 100 
228333 5
228333 1523
228333 11
230332 25 
230418 75 
230822 72 
230822 70 
231437 80 
231557 83 
231810 64 
231932 256 
232197 62 
232330 150 
232330 68 
232330 65
232403 92 
233407 90 
233858 103 
233858 101 
234368 100 
234368 5
234368 1523
234368 10
236370 25 
236442 75 
236845 72 
236845 70 
237461 80 
237581 83 
237941 64 
238074 256 
238210 63 
238341 150 
238341 68 
238341 65
238427 92 
239886 103 
239886 101 
240392 100 
240392 5
240392 1523
240392 10
242394 25 
242479 75 
242885 72 
242885 70 
243499 80 
243619 83 
243752 64 
244007 256 
244138 63 
244272 150 
244272 68 
244272 65
244358 92 
245816 103 
245816 101 
246324 100 
246324 5
246324 1523
246324 11
248323 25 
248403 75 
248811 72 
248811 70 
249430 80 
249550 83 
249803 64 
249939 256 
250069 62 
250203 150 
250203 68 
250203 65
250275 92 
251733 103 
251733 101 
252240 100 
252240 5
252240 1523
252240 10
254243 25 
254328 75 
254729 72 
254729 70 
255347 80 
255467 83 
255707 64 
256080 63 
256213 150 
256213 68 
256213 65
256282 92 
257745 103 
257745 101 
258254 100 
258254 5
258254 1523
258254 11
260252 25 
260338 75 
260745 72 
260745 70 
261358 80 
261478 83 
261598 64 
261871 256 
262131 62 
262264 150 
262264 68 
262264 65
262335 92 
263651 90 
263795 103 
263795 101 
264303 100 
264303 5
264303 1523
264303 11
266305 25 
266437 75 
266842 72 
266842 70 
267449 80 
267582 83 
267702 64 
267837 256 
268089 62 
268222 150 
268222 68 
268222 65
268293 92 
268783 90 
269542 90 
269751 103 
269751 101 
270262 100 
270262 5
270262 1523
270262 10
272261 25 
272409 75 
272810 72 
272810 70 
273420 80 
273540 83 
273793 64 
274062 63 
274193 150 
274193 68 
274193 65
274262 92 
275722 103 
275722 101 
276233 100 
276233 5
276233 1523
276233 11
278233 25 
278310 75 
278721 72 
278721 70 
279337 80 
279457 83 
279697 64 
279832 62 
279964 152 
279964 69 
280034 93 
281162 91 
281496 103 
281496 101 
282309 100 
282309 5
282309 1523
282309 10
284309 25 
284382 75 
284786 72 
284786 70 
285401 80 
285521 83 
287947 64 
288202 256 
288333 63 
288453 150 
288453 68 
288453 65
288523 92 
289987 103 
289987 101 
290491 100 
290491 2
290491 1523
290491 10
290491 78 
292492 25 
292570 75 
292973 72 
292973 70 
293571 80 
293691 83 
293811 64 
294067 256 
294198 63 
294331 151 
294331 69 
294399 93 
295410 91 
295868 103 
295868 101 
296683 100 
296683 2
296683 1523
296683 11
298683 25 
298763 75 
299167 72 
299167 70 
299782 80 
299902 83 
300262 64 
300518 256 
300648 62 
300781 151 
300781 69 
300854 93 
302313 103 
302313 101 
303122 100 
303122 2
303122 1523
303122 11
305120 25 
305413 75 
305814 72 
305814 70 
306432 80 
306552 83 
307392 64 
309126 61 
309500 151 
309500 69 
309580 93 
310242 91 
311041 103 
311041 101 
311849 100 
311849 2
311849 1523
311849 11
313850 25 
313940 75 
314347 72 
314347 70 
315202 80 
315389 83 
317028 64 
317417 256 
317548 63 
317668 150 
317668 68 
317668 65
317755 92 
318287 90 
319215 103 
319215 101 
319721 100 
319721 2
319721 1523
319721 10
321721 25 
321811 75 
322216 72 
322216 70 
322826 80 
322946 83 
323785 64 
324640 256 
324771 62 
324905 151 
324905 69 
324977 93 
326434 103 
326434 101 
327244 100 
327244 2
327244 1523
327244 11
329245 25 
329322 75 
329729 72 
329729 70 
330329 80 
330449 83 
332608 64 
332864 256 
332995 63 
333128 150 
333128 68 
333128 65
333198 92 
334658 103 
334658 101 
335168 100 
335168 2
335168 1523
335168 11
337168 25 
337253 75 
337660 72 
337660 70 
338272 80 
338392 83 
338872 64 
339259 63 
339392 152 
339392 69 
339463 93 
340926 103 
340926 101 
341732 100 
341732 2
341732 1523
341732 10
343732 25 
343810 75 
344216 72 
344216 70 
344830 80 
344950 83 
345909 64 
347244 256 
347375 62 
347508 151 
347508 69 
347577 93 
349037 103 
349037 101 
349846 100 
349846 2
349846 1523
349846 10
351847 25 
351932 75 
352334 72 
352334 70 
352946 80 
353066 83 
353906 64 
354522 256 
354652 61 
354785 150 
354785 68 
354785 65
354873 92 
355334 90 
356327 103 
356327 101 
356836 100 
356836 2
356836 1523
356836 10
358840 25 
358929 75 
359335 72 
359335 70 
359943 80 
360063 83 
360543 64 
360812 256 
363862 63 
363995 151 
363995 69 
364070 93 
364538 91 
364874 91 
365527 103 
365527 101 
366333 100 
366333 2
366333 1523
366333 11
368335 25 
368415 75 
368815 72 
368815 70 
369433 80 
369566 83 
369926 64 
371263 256 
371392 61 
371525 151 
371525 69 
371592 93 
372312 91 
373058 103 
373058 101 
373864 100 
373864 2
373864 1523
373864 10
375866 25 
375948 75 
376349 72 
376349 70 
376963 80 
377083 83 
377563 64 
378777 256 
378909 62 
379042 151 
379042 69 
379119 93 
379757 91 
380571 103 
380571 101 
381382 100 
381382 2
381382 1523
381382 10
383381 25 
383460 75 
383863 72 
383863 70 
384466 80 
384586 83 
386625 64 
387374 61 
387761 150 
387761 68 
387761 65
387831 92 
388291 90 
389288 103 
389288 101 
389797 100 
389797 2
389797 1523
389797 11
391797 25 
391888 75 
392292 72 
392292 70 
392889 80 
393023 83 
393742 64 
394118 256 
394624 63 
394755 150 
394755 68 
394755 65
394829 92 
396287 103 
396287 101 
396793 100 
396793 2
396793 1523
396793 10
398796 25 
398880 75 
399283 72 
399283 70 
399900 80 
400020 83 
400993 64 
401849 256 
401979 61 
402112 150 
402112 68 
402112 65
402180 92 
402624 90 
403644 103 
403644 101 
404151 100 
404151 2
404151 1523
404151 11
406152 25 
406242 75 
406648 72 
406648 70 
407270 80 
407390 83 
407750 64 
409085 256 
409216 61 
409349 151 
409349 69 
409418 93 
410882 103 
410882 101 
411688 100 
411688 2
411688 1523
411688 11
413689 25 
413769 75 
414169 72 
414169 70 
414894 80 
415107 83 
417146 64 
418015 61 
418146 151 
418146 69 
418231 93 
419315 91 
419690 103 
419690 101 
420499 100 
420499 2
420499 1523
420499 11
422497 25 
422584 75 
422997 72 
422997 70 
423610 80 
423743 83 
424849 64 
425958 256 
426089 61 
426222 151 
426222 69 
426288 93 
427752 103 
427752 101 
428562 100 
428562 2
428562 1523
428562 10
430561 25 
430647 75 
431050 72 
431050 70 
431673 80 
431793 83 
433472 64 
433981 61 
434112 152 
434112 69 
434196 93 
435659 103 
435659 101 
436465 100 
436465 2
436465 1523
436465 10
438464 25 
438544 75 
438947 72 
438947 70 
439563 80 
439683 83 
440763 64 
441018 256 
441282 63 
441416 151 
441416 69 
441484 93 
442370 91 
442950 103 
442950 101 
443768 100 
443768 2
443768 1523
443768 11
445768 25 
445849 75 
446254 72 
446254 70 
446867 80 
446987 83 
448306 64 
448442 256 
449319 61 
449452 151 
449452 69 
449522 93 
450982 103 
450982 101 
451790 100 
451790 2
451790 1523
451790 10
453791 25 
453870 75 
454273 72 
454273 70 
454877 80 
454997 83 
455836 64 
456705 256 
456836 63 
456969 151 
456969 69 
457038 93 
458503 103 
458503 101 
459308 100 
459308 2
459308 1523
459308 11
461307 25 
461388 75 
461791 72 
461791 70 
462394 80 
462514 83 
463233 64 
464688 256 
464819 61 
464941 151 
464941 69 
465010 93 
466231 91 
466472 103 
466472 101 
467276 100 
467276 2
467276 1523
467276 10
469279 25 
469357 75 
469764 72 
469764 70 
470377 80 
470497 83 
471816 64 
472072 256 
472563 63 
472683 151 
472683 69 
472754 93 
474212 103 
474212 101 
475024 100 
475024 2
475024 1523
475024 10
477021 25 
477101 75 
477505 72 
477505 70 
478107 80 
478227 83 
480026 76 
480386 64 
480773 256 
480908 62 
481039 151 
481039 69 
481109 93 
481730 91 
482349 91 
482573 103 
482573 101 
483391 100 
483391 2
483391 1523
483391 11
485392 25 
485471 75 
485876 72 
485876 70 
486490 80 
486610 83 
490568 64 
492143 256 
492274 61 
492408 151 
492408 69 
492493 93 
493518 91 
493951 103 
493951 101 
494761 100 
494761 2
494761 1523
494761 11
496760 25 
496839 75 
497242 72 
497242 70 
497859 80 
497979 83 
500138 64 
500273 256 
500404 62 
500538 151 
500538 69 
500610 93 
501351 91 
501687 91 
502074 103 
502074 101 
502891 100 
502891 2
502891 1523
502891 11
504890 25 
504971 75 
505378 72 
505378 70 
506002 80 
506122 83 
507201 64 
507470 63 
507601 150 
507601 68 
507601 65
507672 92 
509130 103 
509130 101 
509640 100 
509640 2
509640 1523
509640 10
511641 25 
511726 75 
512130 72 
512130 70 
512746 80 
512879 83 
513492 64 
514347 256 
515065 61 
515278 152 
515278 69 
515349 93 
515900 91 
516505 91 
516809 103 
516809 101 
517619 100 
517619 2
517619 1523
517619 10
519619 25 
519696 75 
520101 72 
520101 70 
520903 80 
521022 83 
522224 64 
525596 256 
525727 62 
525860 151 
525860 69 
525932 93 
526637 91 
527391 103 
527391 101 
528198 100 
528198 2
528198 1523
528198 11
530200 25 
530278 75 
530680 72 
530680 70 
531298 80 
531418 83 
561166 252 
563580 256 
564111 63 
564244 150 
564244 68 
564244 65
564318 92 
564796 90 
565778 103 
565778 101 
566285 100 
566285 2
566285 1523
566285 11
568283 25 
568370 75 
568772 72 
568772 70 
569389 80 
569509 83 
569762 64 
570017 256 
570148 63 
570282 150 
570282 68 
570282 65
570352 92 
571814 103 
571814 101 
572319 100 
572319 2
572319 1523
572319 10
574320 25 
574624 75 
575029 72 
575029 70 
575669 80 
575786 83 
577465 64 
577961 61 
578092 150 
578092 68 
578092 65
578163 92 
578589 90 
579622 103 
579622 101 
580131 100 
580131 2
580131 1523
580131 10
582132 25 
582221 75 
582625 72 
582625 70 
583236 80 
583356 83 
583836 64 
584345 61 
584479 150 
584479 68 
584479 65
584548 92 
584942 90 
586006 103 
586006 101 
586516 100 
586516 2
586516 1523
586516 11
588515 25 
588605 75 
589007 72 
589007 70 
589620 80 
589740 83 
596591 64 
596966 256 
597097 61 
597217 151 
597217 69 
597287 93 
598101 91 
598578 91 
598750 103 
598750 101 
599556 100 
599556 2
599556 1523
599556 10
601556 25 
601642 75 
602015 73 
602322 72 
602322 70 
602935 80 
603055 83 
604497 64 
605827 61 
605947 152 
605947 69 
606018 93 
607055 91 
607479 103 
607479 101 
608300 100 
608300 2
608300 1523
608300 11
610298 25 
610384 75 
610698 73 
611006 72 
611006 70 
611611 80 
611731 83 
612331 64 
612586 256 
612717 63 
612851 150 
612851 68 
612851 65
612922 92 
614382 103 
614382 101 
614890 100 
614890 2
614890 1523
614890 10
616891 25 
616969 75 
617372 72 
617372 70 
617982 80 
618102 83 
618342 64 
620823 256 
620954 63 
621167 151 
621167 69 
621239 93 
621925 91 
622703 103 
622703 101 
623520 100 
623520 2
623520 1523
623520 11
625521 25 
625598 75 
626001 72 
626001 70 
626765 80 
626898 83 
655286 252 
655542 256 
655673 63 
655806 150 
655806 68 
655806 65
655890 92 
657352 103 
657352 101 
657859 100 
657859 2
657859 1523
657859 10
659861 25 
659949 75 
660355 72 
660355 70 
660950 80 
661070 83 
662630 64 
663952 256 
664082 61 
664216 150 
664216 68 
664216 65
664281 92 
664746 90 
665750 103 
665750 101 
666259 100 
666259 2
666259 1523
666259 11
668256 25 
668341 75 
668747 72 
668747 70 
669360 80 
669480 83 
670080 64 
670828 256 
670960 63 
671093 150 
671093 68 
671093 65
671179 92 
672638 103 
672638 101 
673145 100 
673145 2
673145 1523
673145 11
675145 25 
675303 75 
675704 72 
675704 70 
676317 80 
676437 83 
677170 64 
677425 256 
677557 63 
677690 150 
677690 68 
677690 65
677761 92 
679224 103 
679224 101 
679731 100 
679731 2
679731 1523
679731 11
681730 25 
683587 75 
683705 73 
684112 72 
684112 70 
684727 80 
684847 83 
685447 64 
685702 256 
686862 63 
686980 150 
686980 68 
686980 65
687053 92 
688510 103 
688510 101 
689018 100 
689018 2
689018 1523
689018 10
691018 25 
691104 75 
691509 72 
691509 70 
692124 80 
692244 83 
693205 64 
693459 256 
693710 63 
693843 151 
693843 69 
693911 93 
694522 91 
695318 91 
695374 103 
695374 101 
696181 100 
696181 2
696181 1523
696181 11
698183 25 
698262 75 
698666 72 
698666 70 
699281 80 
699401 83 
700374 64 
700760 63 
700894 152 
700894 69 
700965 93 
701966 91 
702430 103 
702430 101 
703247 100 
703247 2
703247 1523
703247 10
705246 25 
715316 254 
725745 75 
726156 72 
726156 70 
727083 80 
727216 83 
733067 64 
733322 256 
733453 63 
733587 151 
733587 69 
733655 93 
734204 91 
735119 103 
735119 101 
735931 100 
735931 2
735931 1523
735931 10
737929 25 
738005 75 
738407 72 
738407 70 
738998 80 
739118 83 
740557 64 
741172 256 
741303 62 
741423 151 
741423 69 
741492 93 
742058 91 
742385 91 
742616 91 
742954 103 
742954 101 
743761 100 
743761 2
743761 1523
743761 10
745760 25 
745841 75 
746246 72 
746246 70 
746861 80 
746981 83 
748061 64 
748556 256 
748687 61 
748820 150 
748820 68 
748820 65
748894 92 
750350 103 
750350 101 
750860 100 
750860 2
750860 1523
750860 11
752860 25 
752932 75 
753337 72 
753337 70 
753951 80 
754085 83 
754458 64 
755326 61 
755457 151 
755457 69 
755528 93 
756987 103 
756987 101 
757801 100 
757801 2
757801 1523
757801 10
759799 25 
760241 75 
760648 72 
760648 70 
761268 80 
761402 83 
762121 64 
762497 62 
762628 151 
762628 69 
762704 93 
763366 91 
763865 91 
764162 103 
764162 101 
764967 100 
764967 2
764967 1523
764967 11
766967 25 
767046 75 
767450 72 
767450 70 
768065 80 
768185 83 
769638 64 
770265 61 
770411 151 
770411 69 
770483 93 
771305 91 
771909 91 
771939 103 
771939 101 
772750 100 
772750 2
772750 1523
772750 11
774750 25 
774829 75 
775234 72 
775234 70 
775849 80 
775969 83 
776809 64 
777064 256 
778608 255 
780247 61 
780380 151 
780380 69 
780449 93 
781913 103 
781913 101 
782720 100 
782720 2
782720 1523
782720 11
784720 25 
794330 75 
794793 254 
808763 73 
809094 72 
809094 70 
809715 250 
810077 71 
811767 71 
811887 80 
812020 83 
820044 252 
821017 256 
838436 62 
838569 153 
838569 68 
838569 65
838642 92 
840097 103 
840097 101 
840607 100 
840607 2
840607 1523
840607 10
842609 25 
842687 75 
843090 72 
843090 70 
843700 80 
843820 83 
853163 64 
853283 252 
853526 256 
853656 61 
853790 150 
853790 68 
853790 65
853862 92 
855155 90 
855322 103 
855322 101 
855829 100 
855829 2
855829 1523
855829 10
857828 25 
858969 75 
859075 73 
859241 73 
859643 72 
859643 70 
860267 80 
860400 83 
861120 64 
861375 256 
861506 61 
861640 150 
861640 68 
861640 65
861711 92 
863173 103 
863173 101 
863680 100 
863680 2
863680 1523
863680 10
865680 25 
867488 75 
870231 73 
870383 73 
870830 73 
871096 73 
871399 72 
871399 70 
872009 80 
872129 83 
872608 64 
872866 256 
872995 61 
873128 150 
873128 68 
873128 65
873201 92 
874659 103 
874659 101 
875167 100 
875167 2
875167 1523
875167 10
877168 25 
878666 75 
878832 73 
879135 72 
879135 70 
879752 80 
879872 83 
880592 64 
880845 61 
880978 150 
880978 68 
880978 65
881048 92 
882510 103 
882510 101 
883016 100 
883016 2
883016 1523
883016 11
885018 25 
894245 75 
895096 254 
902561 73 
902863 72 
902863 70 
904795 250 
906941 71 
907314 80 
907434 83 
908393 64 
908782 61 
908913 151 
908913 69 
908984 93 
910445 103 
910445 101 
911253 100 
911253 2
911253 1523
911253 11
913254 25 
913331 75 
913734 72 
913734 70 
914338 80 
914457 83 
916976 76 
917456 76 
917829 76 
918442 76 
919055 76 
919549 76 
921228 76 
922081 76 
923400 76 
924013 76 
924373 76 
925453 76 
932437 252 
932572 255 
934971 256 
935489 62 
935622 151 
935622 69 
935693 93 
936485 91 
937155 103 
937155 101 
937961 100 
937961 2
937961 1523
937961 10
939960 25 
942901 75 
943303 72 
943303 70 
943685 250 
944047 71 
986376 71 
986734 80 
986854 83 
987454 252 
988067 61 
988200 150 
988200 68 
988200 65
988284 92 
989747 103 
989747 101 
990254 100 
990254 2
990254 1523
990254 10
992252 25 
992343 75 
992749 72 
992749 70 
993371 80 
993493 83 
993851 64 
994107 256 
994237 61 
994371 152 
994371 69 
994456 93 
995203 91 
995914 103 
995914 101 
996724 100 
996724 2
996724 1523
996724 11
998722 25 
1001621 75 
1002024 72 
1002024 70 
1002634 80 
1002767 83 
1004940 64 
1005422 256 
1006207 62 
1006979 151 
1006979 69 
1007058 93 
1007587 91 
1008121 91 
1008524 103 
1008524 101 
1009331 100 
1009331 2
1009331 1523
1009331 11
1011331 25 
1011410 75 
1011813 72 
1011813 70 
1012416 80 
1012536 83 
1014695 64 
1015175 62 
1015446 151 
1015446 69 
1015691 91 
1015704 93 
1016345 91 
1016969 103 
1016969 101 
1017782 100 
1017782 2
1017782 1523
1017782 10
1019781 25 
1029854 254 
1047730 75 
1048020 73 
1048321 72 
1048321 70 
1049454 80 
1049721 83 
1052133 64 
1054505 256 
1054772 61 
1055398 150 
1055398 68 
1055398 65
1055706 90 
1055715 92 
1056944 103 
1056944 101 
1057450 100 
1057450 2
1057450 1523
1057450 10
1059451 25 
1061781 75 
1062184 72 
1062184 70 
1062782 80 
1062902 83 
1064115 64 
1064371 256 
1064501 61 
1064634 150 
1064634 68 
1064634 65
1064711 92 
1065870 90 
1066164 103 
1066164 101 
1066675 100 
1066675 2
1066675 1523
1066675 11
1068674 25 
1070091 75 
1070497 72 
1070497 70 
1071112 80 
1071232 83 
1071472 64 
1071846 256 
1073700 61 
1073831 151 
1073831 69 
1073901 93 
1074636 91 
1075051 91 
1075362 103 
1075362 101 
1076173 100 
1076173 2
1076173 1523
1076173 11
1078172 25 
1078249 75 
1078653 72 
1078653 70 
1079268 80 
1079388 83 
1106337 76 
1117026 252 
1117282 256 
1117412 61 
1117546 151 
1117546 69 
1117617 93 
1119080 103 
1119080 101 
1119884 100 
1119884 2
1119884 1523
1119884 11
1121885 25 
1124235 75 
1124639 72 
1124639 70 
1125249 80 
1125369 83 
1126209 64 
1126451 256 
1126582 61 
1126715 151 
1126715 69 
1126788 93 
1127410 91 
1127917 91 
1128244 103 
1128244 101 
1129053 100 
1129053 2
1129053 1523
1129053 10
1131053 25 
1141126 254 
1142540 75 
1143363 73 
1143669 73 
1144035 73 
1144338 72 
1144338 70 
1144947 80 
1145081 83 
1150785 64 
1151040 256 
1151172 61 
1151305 150 
1151305 68 
1151305 65
1151377 92 
1152809 90 
1152832 103 
1152832 101 
1153345 100 
1153345 2
1153345 1523
1153345 11
1155343 25 
1155416 75 
1155823 72 
1155823 70 
1156436 80 
1156556 83 
1157276 76 
1157875 64 
1159355 61 
1162435 151 
1162435 69 
1163403 91 
1163417 93 
1163936 91 
1163963 103 
1163963 101 
1164772 100 
1164772 2
1164772 1523
1164772 10
1166772 25 
1171441 75 
1172610 73 
1172959 72 
1172959 70 
1173216 250 
1173576 71 
1174069 71 
1174551 71 
1175161 71 
1175537 80 
1175668 83 
1176509 64 
1177001 61 
1177134 150 
1177134 68 
1177134 65
1177219 92 
1178677 103 
1178677 101 
1179185 100 
1179185 2
1179185 1523
1179185 10
1181187 25 
1182654 75 
1183263 73 
1183650 73 
1183955 72 
1183955 70 
1184571 80 
1184704 83 
1186144 64 
1186399 256 
1186530 61 
1186663 150 
1186663 68 
1186663 65
1186749 92 
1188208 103 
1188208 101 
1188716 100 
1188716 2
1188716 1523
1188716 10
1190716 25 
1191395 75 
1191800 72 
1191800 70 
1192421 250 
1192783 71 
1192901 80 
1193036 83 
1193167 64 
1197048 256 
1201950 252 
1209187 255 
1213252 61 
1213625 150 
1213625 68 
1213625 65
1213839 90 
1213853 92 
1215169 103 
1215169 101 
1215679 100 
1215679 2
1215679 1523
1215679 10
1217678 25 
1217756 75 
1218843 73 
1219290 73 
1219595 72 
1219595 70 
1220209 80 
1220329 83 
1221049 64 
1221425 256 
1221555 61 
1221689 152 
1221689 69 
1221760 93 
1223224 103 
1223224 101 
1224042 100 
1224042 2
1224042 1523
1224042 11
1226042 25 
1226121 75 
1226525 72 
1226525 70 
1227140 80 
1227260 83 
1228472 64 
1228741 61 
1228872 151 
1228872 69 
1228943 93 
1229642 91 
1230338 91 
1230403 103 
1230403 101 
1231211 100 
1231211 2
1231211 1523
1231211 10
1233212 25 
1233290 75 
1233697 72 
1233697 70 
1234310 80 
1234443 83 
1235989 64 
1236256 61 
1236389 150 
1236389 68 
1236389 65
1236462 92 
1237918 103 
1237918 101 
1238427 100 
1238427 2
1238427 1523
1238427 11
1240428 25 
1240514 75 
1240918 72 
1240918 70 
1242493 71 
1242866 80 
1243000 83 
1243959 64 
1244334 256 
1244466 255 
1250330 61 
1250530 151 
1250530 69 
1250601 93 
1251363 91 
1252064 103 
1252064 101 
1252870 100 
1252870 2
1252870 1523
1252870 11
1254869 25 
1254948 75 
1255355 72 
1255355 70 
1256114 80 
1256234 83 
1269069 252 
1287316 256 
1287568 62 
1287701 151 
1287701 69 
1287770 93 
1288353 91 
1288916 91 
1289233 103 
1289233 101 
1290039 100 
1290039 2
1290039 1523
1290039 11
1292040 25 
1295772 75 
1296349 73 
1296651 72 
1296651 70 
1297257 80 
1297377 83 
1298818 64 
1300149 256 
1306800 252 
1315036 61 
1315169 151 
1315169 69 
1315239 93 
1316700 103 
1316700 101 
1317508 100 
1317508 2
1317508 1523
1317508 10
1319508 25 
1319587 75 
1319991 72 
1319991 70 
1320607 80 
1320727 83 
1321687 64 
1321955 61 
1322087 150 
1322087 68 
1322087 65
1322161 92 
1323617 103 
1323617 101 
1324126 100 
1324126 2
1324126 1523
1324126 11
1326125 25 
1326198 75 
1326602 72 
1326602 70 
1327218 80 
1327338 83 
1328537 64 
1329165 61 
1329297 151 
1329297 69 
1329363 93 
1330830 103 
1330830 101 
1331637 100 
1331637 2
1331637 1523
1331637 11
1333636 25 
1333794 75 
1333995 73 
1334296 72 
1334296 70 
1334908 80 
1335028 83 
1336361 64 
1337083 61 
1337214 151 
1337214 69 
1337272 93 
1337883 91 
1338519 91 
1338747 103 
1338747 101 
1339553 100 
1339553 2
1339553 1523
1339553 11
1341552 25 
1341632 75 
1342035 72 
1342035 70 
1342651 80 
1342771 83 
1364989 252 
1365244 256 
1365375 61 
1365508 153 
1365508 68 
1365508 65
1365580 92 
1367041 103 
1367041 101 
1367547 100 
1367547 2
1367547 1523
1367547 10
1369550 25 
1369633 75 
1370041 72 
1370041 70 
1370653 80 
1370773 83 
1371732 64 
1372001 256 
1372132 61 
1372266 150 
1372266 68 
1372266 65
1372339 92 
1373795 103 
1373795 101 
1374305 100 
1374305 2
1374305 1523
1374305 11
1376306 25 
1376390 75 
1376797 72 
1376797 70 
1377410 80 
1377530 83 
1378130 64 
1378385 256 
1378516 61 
1378649 151 
1378649 69 
1378721 93 
1379494 91 
1380183 103 
1380183 101 
1380987 100 
1380987 2
1380987 1523
1380987 10
1382989 25 
1383068 75 
1383475 72 
1383475 70 
1384087 80 
1384207 83 
1386486 64 
1386862 256 
1386993 61 
1387126 150 
1387126 68 
1387126 65
1387199 92 
1388659 103 
1388659 101 
1389166 100 
1389166 2
1389166 1523
1389166 10
1391164 25 
1391765 75 
1392170 72 
1392170 70 
1392790 80 
1392924 83 
1393896 64 
1394031 256 
1394150 61 
1394283 150 
1394283 68 
1394283 65
1394355 92 
1395816 103 
1395816 101 
1396321 100 
1396321 2
1396321 1523
1396321 10
1398322 25 
1398407 75 
1398814 72 
1398814 70 
1399427 80 
1399561 83 
1400041 64 
1400175 256 
1400307 62 
1400440 151 
1400440 69 
1400510 93 
1401171 91 
1401960 91 
1401975 103 
1401975 101 
1402793 100 
1402793 2
1402793 1523
1402793 11
1404793 25 
1404873 75 
1405274 72 
1405274 70 
1405891 80 
1406025 83 
1406998 64 
1407267 62 
1407397 151 
1407397 69 
1407467 93 
1408083 91 
1408926 103 
1408926 101 
1409737 100 
1409737 2
1409737 1523
1409737 11
1411736 25 
1411817 75 
1412222 72 
1412222 70 
1412835 80 
1412955 83 
1413555 64 
1413824 61 
1413955 151 
1413955 69 
1414025 93 
1415489 103 
1415489 101 
1416294 100 
1416294 2
1416294 1523
1416294 10
1418298 25 
1418373 75 
1418777 72 
1418777 70 
1419392 80 
1419512 83 
1421192 64 
1421328 256 
1428935 252 
1431761 61 
1431894 150 
1431894 68 
1431894 65
1431968 92 
1433429 103 
1433429 101 
1433946 100 
1433946 2
1433946 1523
1433946 11
1435947 25 
1436021 75 
1436421 72 
1436421 70 
1437038 80 
1437172 83 
1437545 64 
1437814 61 
1437945 151 
1437945 69 
1438016 93 
1439476 103 
1439476 101 
1440283 100 
1440283 2
1440283 1523
1440283 10
1442285 25 
1442364 75 
1442770 72 
1442770 70 
1443382 80 
1443502 83 
1443982 64 
1444251 61 
1444382 150 
1444382 68 
1444382 65
1444456 92 
1445914 103 
1445914 101 
1446420 100 
1446420 2
1446420 1523
1446420 10
1448421 25 
1448506 75 
1448909 72 
1448909 70 
1449513 80 
1449633 83 
1450353 64 
1450608 256 
1450743 61 
1450873 150 
1450873 68 
1450873 65
1450946 92 
1452406 103 
1452406 101 
1452911 100 
1452911 2
1452911 1523
1452911 11
1454912 25 
1455644 75 
1456046 72 
1456046 70 
1456950 80 
1457083 83 
1457443 64 
1457699 256 
1457830 61 
1457963 151 
1457963 69 
1458034 93 
1459497 103 
1459497 101 
1460302 100 
1460302 2
1460302 1523
1460302 11
1462302 25 
1462381 75 
1462785 72 
1462785 70 
1463401 80 
1463521 83 
1464240 64 
1464376 256 
1464507 61 
1464640 153 
1464640 68 
1464640 65
1464712 92 
1466171 103 
1466171 101 
1466680 100 
1466680 2
1466680 1523
1466680 10
1468681 25 
1478761 254 
1489911 75 
1490314 72 
1490314 70 
1490936 80 
1491069 83 
1491789 76 
1495387 64 
1495762 256 
1495894 62 
1496027 151 
1496027 69 
1496099 93 
1496681 91 
1497367 91 
1497560 103 
1497560 101 
1498385 100 
1498385 2
1498385 1523
1498385 11
1500384 25 
1500464 75 
1500866 72 
1500866 70 
1501478 80 
1501598 83 
1502091 64 
1502478 61 
1502611 151 
1502611 69 
1502681 93 
1503270 91 
1504141 103 
1504141 101 
1504949 100 
1504949 2
1504949 1523
1504949 10
1506950 25 
1517023 254 
1536362 75 
1536772 72 
1536772 70 
1537036 250 
1542048 71 
1542301 71 
1542661 80 
1542796 83 
1544367 64 
1544636 256 
1544767 61 
1544900 150 
1544900 68 
1544900 65
1544975 92 
1546432 103 
1546432 101 
1546939 100 
1546939 2
1546939 1523
1546939 11
1548939 25 
1549012 75 
1549415 72 
1549415 70 
1550031 80 
1550151 83 
1550751 64 
1551006 256 
1551137 62 
1551270 151 
1551270 69 
1551340 93 
1551951 91 
1552704 91 
1552804 103 
1552804 101 
1553623 100 
1553623 2
1553623 1523
1553623 10
1555623 25 
1555708 75 
1556112 72 
1556112 70 
1556921 250 
1564891 71 
1565131 71 
1565385 71 
1565505 80 
1565638 83 
1567330 252 
1568186 256 
1568317 62 
1568450 151 
1568450 69 
1568521 93 
1569980 103 
1569980 101 
1570793 100 
1570793 2
1570793 1523
1570793 10
1572792 25 
1572868 75 
1573275 72 
1573275 70 
1573888 250 
1574010 71 
1574128 80 
1574261 83 
1575020 64 
1575407 62 
1575540 151 
1575540 69 
1575604 93 
1576294 91 
1577065 103 
1577065 101 
1577880 100 
1577880 2
1577880 1523
1577880 11
1579880 25 
1580509 75 
1580915 72 
1580915 70 
1581524 80 
1581644 83 
1582124 64 
1582497 61 
1582631 153 
1582631 68 
1582631 65
1582704 92 
1583485 90 
1584158 103 
1584158 101 
1584671 100 
1584671 2
1584671 1523
1584671 11
1586670 25 
1586756 75 
1587162 72 
1587162 70 
1587775 80 
1587895 83 
1626132 252 
1626254 256 
1626386 61 
1626519 151 
1626519 69 
1626588 93 
1627533 91 
1628049 103 
1628049 101 
1628858 100 
1628858 2
1628858 1523
1628858 10
1630858 25 
1630937 75 
1631343 72 
1631343 70 
1631930 80 
1632050 83 
1632530 64 
1632772 256 
1632903 61 
1633036 150 
1633036 68 
1633036 65
1633110 92 
1633837 90 
1634473 90 
1634567 103 
1634567 101 
1635076 100 
1635076 2
1635076 1523
1635076 11
1637075 25 
1637153 75 
1637556 72 
1637556 70 
1638154 80 
1638274 83 
1639114 64 
1639382 61 
1639513 151 
1639513 69 
1639585 93 
1640453 91 
1640956 91 
1641048 103 
1641048 101 
1641865 100 
1641865 2
1641865 1523
1641865 10
1643867 25 
1653938 254 
1667535 75 
1667969 73 
1668263 73 
1668570 72 
1668570 70 
1669474 80 
1669607 83 
1672846 64 
1674179 256 
1674315 62 
1674445 151 
1674445 69 
1674516 93 
1675978 103 
1675978 101 
1676784 100 
1676784 2
1676784 1523
1676784 11
1678785 25 
1678877 75 
1679283 72 
1679283 70 
1679910 80 
1680030 83 
1681229 64 
1681496 61 
1681629 151 
1681629 69 
1681699 93 
1682443 91 
1683164 103 
1683164 101 
1683969 100 
1683969 2
1683969 1523
1683969 10
1685968 25 
1686047 75 
1686450 72 
1686450 70 
1687054 80 
1687173 83 
1691132 64 
1691388 256 
1691518 61 
1691652 150 
1691652 68 
1691652 65
1691736 92 
1692904 90 
1693195 103 
1693195 101 
1693705 100 
1693705 2
1693705 1523
1693705 11
1695705 25 
1695790 75 
1696195 72 
1696195 70 
1696810 80 
1696930 83 
1697409 64 
1697649 61 
1697782 151 
1697782 69 
1697853 93 
1698667 91 
1699310 103 
1699310 101 
1700120 100 
1700120 2
1700120 1523
1700120 10
1702121 25 
1704338 75 
1704741 72 
1704741 70 
1705353 80 
1705472 83 
1706206 64 
1706339 256 
1706475 62 
1706605 151 
1706605 69 
1706683 93 
1707453 91 
1708134 103 
1708134 101 
1708946 100 
1708946 2
1708946 1523
1708946 11
1710946 25 
1711024 75 
1711427 72 
1711427 70 
1712043 80 
1712163 83 
1721159 64 
1721415 256 
1721546 61 
1721679 252 
1721679 69 
1721749 93 
1722436 91 
1722924 91 
1723209 103 
1723209 101 
1724017 100 
1724017 2
1724017 1523
1724017 10
1726020 25 
1727947 75 
1728281 73 
1728593 72 
1728593 70 
1729209 80 
1729329 83 
1729716 64 
1729838 256 
1729969 61 
1730355 153 
1730355 68 
1730355 65
1730441 92 
1731897 103 
1731897 101 
1732409 100 
1732409 2
1732409 1523
1732409 11
1734409 25 
1744490 254 
1752033 75 
1752202 73 
1754042 73 
1754344 72 
1754344 70 
1754958 80 
1755078 83 
1755558 64 
1755693 256 
1755825 61 
1755958 151 
1755958 69 
1756029 93 
1756575 91 
1757493 103 
1757493 101 
1758311 100 
1758311 2
1758311 1523
1758311 10
1760311 25 
1761837 75 
1762244 72 
1762244 70 
1762862 80 
1762982 83 
1763582 64 
1763837 256 
1763968 61 
1764101 150 
1764101 68 
1764101 65
1764173 92 
1765631 103 
1765631 101 
1766140 100 
1766140 2
1766140 1523
1766140 10
1768141 25 
1768219 75 
1769281 73 
1769584 72 
1769584 70 
1770485 80 
1770618 83 
1772671 76 
1776749 64 
1776885 61 
1777016 150 
1777016 68 
1777016 65
1777092 92 
1778545 103 
1778545 101 
1779054 100 
1779054 2
1779054 1523
1779054 11
1781056 25 
1781697 75 
1782099 72 
1782099 70 
1782707 80 
1782827 83 
1786665 76 
1789304 64 
1789440 61 
1789944 151 
1789944 69 
1790312 91 
1790324 93 
1790961 91 
1791475 103 
1791475 101 
1792283 100 
1792283 2
1792283 1523
1792283 10
1794282 25 
1804356 254 
1814820 75 
1815585 73 
1815889 72 
1815889 70 
1816506 80 
1816626 83 
1820571 64 
1820707 256 
1820837 61 
1820971 150 
1820971 68 
1820971 65
1821044 92 
1822505 103 
1822505 101 
1823010 100 
1823010 2
1823010 1523
1823010 11
1825011 25 
1825100 75 
1825503 72 
1825503 70 
1826115 80 
1826249 83 
1827221 76 
1829501 76 
1829980 76 
1830342 76 
1831673 76 
1832393 76 
1833952 76 
1834912 76 
1835511 76 
1836364 76 
1837099 76 
1837590 76 
1838084 76 
1838457 76 
1839776 76 
1841216 76 
1841709 76 
1843868 76 
1844108 252 
1844243 256 
1844374 62 
1844508 151 
1844508 69 
1844860 91 
1844875 93 
1845134 91 
1845600 91 
1845992 91 
1846039 103 
1846039 101 
1846846 100 
1846846 2
1846846 1523
1846846 10
1848846 25 
1848931 75 
1849339 72 
1849339 70 
1849959 80 
1850079 83 
1851038 64 
1851520 256 
1851651 61 
1851784 150 
1851784 68 
1851784 65
1851857 92 
1853315 103 
1853315 101 
1853823 100 
1853823 2
1853823 1523
1853823 11
1855823 25 
1856591 75 
1858988 73 
1860357 73 
1860662 72 
1860662 70 
1861261 80 
1861380 83 
1862580 64 
1862955 256 
1863220 255 
1868711 62 
1868831 151 
1868831 69 
1868902 93 
1870363 103 
1870363 101 
1871168 100 
1871168 2
1871168 1523
1871168 10
1873169 25 
1873249 75 
1873651 72 
1873651 70 
1874642 80 
1874841 83 
1875681 64 
1875937 256 
1877680 61 
1877814 150 
1877814 68 
1877814 65
1877883 92 
1879347 103 
1879347 101 
1879853 100 
1879853 2
1879853 1523
1879853 10
1881854 25 
1882243 75 
1882650 72 
1882650 70 
1883265 80 
1883385 83 
1884104 64 
1884373 61 
1884504 150 
1884504 68 
1884504 65
1884574 92 
1886007 90 
1886034 103 
1886034 101 
1886544 100 
1886544 2
1886544 1523
1886544 11
1888545 25 
1888622 75 
1889027 72 
1889027 70 
1889635 80 
1889755 83 
1890595 64 
1890730 256 
1890861 61 
1890995 151 
1890995 69 
1891063 93 
1891834 91 
1892165 91 
1892529 103 
1892529 101 
1893335 100 
1893335 2
1893335 1523
1893335 11
1895334 25 
1895413 75 
1895817 72 
1895817 70 
1896419 80 
1896539 83 
1897619 64 
1898247 62 
1898378 151 
1898378 69 
1898452 93 
1899908 103 
1899908 101 
1900717 100 
1900717 2
1900717 1523
1900717 11
1902716 25 
1902801 75 
1903204 72 
1903204 70 
1903816 80 
1903936 83 
1904178 76 
1904656 76 
1904776 64 
1905031 256 
1905162 61 
1906672 151 
1906672 69 
1953728 91 
1953743 93 
1953743 103 
1953743 101 
1954562 100 
1954562 2
1954562 1523
1954562 10
1956563 25 
1956640 75 
1957043 72 
1957043 70 
1957660 80 
1957780 83 
1959100 64 
1959355 256 
1959606 63 
1959739 153 
1959739 68 
1959739 65
1959809 92 
1961269 103 
1961269 101 
1961778 100 
1961778 2
1961778 1523
1961778 10
1963778 25 
1964074 75 
1964478 72 
1964478 70 
1965084 80 
1965204 83 
1966523 64 
1966780 256 
1966910 61 
1967043 150 
1967043 68 
1967043 65
1967117 92 
1968570 103 
1968570 101 
1969081 100 
1969081 2
1969081 1523
1969081 11
1971080 25 
1981148 254 
1983583 75 
1984286 73 
1984409 73 
1984711 72 
1984711 70 
1985248 250 
1985728 71 
1986088 71 
1986448 80 
1986581 83 
1987061 64 
1987320 61 
1987448 151 
1987448 69 
1987520 93 
1988979 103 
1988979 101 
1989785 100 
1989785 2
1989785 1523
1989785 10
1991787 25 
1991875 75 
2001859 254 
2016631 73 
2016959 72 
2016959 70 
2017582 80 
2017715 83 
2019528 64 
2019663 256 
2019794 61 
2019927 150 
2019927 68 
2019927 65
2020000 92 
2021460 103 
2021460 101 
2021965 100 
2021965 2
2021965 1523
2021965 10
2023967 25 
2024040 75 
2024447 72 
2024447 70 
2025058 80 
2025178 83 
2025658 64 
2025795 256 
2025925 61 
2026060 150 
2026060 68 
2026060 65
2026131 92 
2027592 103 
2027592 101 
2028098 100 
2028098 2
2028098 1523
2028098 11
2030098 25 
2040165 254 
2041644 75 
2042258 73 
2050411 73 
2050716 72 
2050716 70 
2051341 80 
2051463 83 
2052540 64 
2052678 256 
2052807 61 
2052940 151 
2052940 69 
2053012 93 
2053854 91 
2054452 91 
2054473 103 
2054473 101 
2055280 100 
2055280 2
2055280 1523
2055280 11
2057279 25 
2057364 75 
2057776 72 
2057776 70 
2058391 80 
2058524 83 
2058644 64 
2067177 256 
2067934 252 
2075680 61 
2075814 151 
2075814 69 
2075901 93 
2077362 103 
2077362 101 
2078177 100 
2078177 2
2078177 1523
2078177 10
2080176 25 
2080255 75 
2080659 72 
2080659 70 
2081275 80 
2081395 83 
2082954 64 
2083076 256 
2083207 61 
2083341 152 
2083341 69 
2083412 93 
2084031 91 
2084785 91 
2084870 103 
2084870 101 
2085681 100 
2085681 2
2085681 1523
2085681 10
2087682 25 
2087758 75 
2088161 72 
2088161 70 
2089072 80 
2089272 83 
2089978 64 
2090180 256 
2090378 61 
2090578 150 
2090578 68 
2090578 65
2090647 92 
2091228 90 
2091734 90 
2092110 103 
2092110 101 
2092616 100 
2092616 2
2092616 1523
2092616 11
2094617 25 
2094703 75 
2095104 72 
2095104 70 
2095935 80 
2096135 83 
2096748 64 
2096951 256 
2097148 61 
2097348 151 
2097348 69 
2097420 93 
2097714 91 
2098034 91 
2098350 91 
2098875 103 
2098875 101 
2099687 100 
2099687 2
2099687 1523
2099687 10
2101687 25 
2111760 254 
2138704 75 
2139000 73 
2139308 72 
2139308 70 
2140037 80 
2140157 83 
2140877 64 
2141012 256 
2141143 61 
2141276 150 
2141276 68 
2141276 65
2141349 92 
2142806 103 
2142806 101 
2143315 100 
2143315 2
2143315 1523
2143315 11
2145316 25 
2145388 75 
2145797 72 
2145797 70 
2146394 80 
2146514 83 
2146994 64 
2147129 256 
2147247 61 
2147367 151 
2147367 69 
2147438 93 
2148884 91 
2148899 103 
2148899 101 
2149706 100 
2149706 2
2149706 1523
2149706 11
2151706 25 
2154144 75 
2154550 72 
2154550 70 
2154804 250 
2164667 71 
2165160 71 
2182952 71 
2183192 71 
2183312 80 
2183432 83 
2184152 76 
2186791 76 
2187510 252 
2188488 256 
2195960 61 
2196093 151 
2196093 69 
2197203 91 
2197217 93 
2197623 103 
2197623 101 
2198432 100 
2198432 2
2198432 1523
2198432 10
2200431 25 
2203741 75 
2204143 72 
2204143 70 
2204743 80 
2204863 83 
2205343 64 
2205600 61 
2205729 150 
2205729 68 
2205729 65
2205807 92 
2206624 90 
2207260 103 
2207260 101 
2207767 100 
2207767 2
2207767 1523
2207767 10
2209768 25 
2209841 75 
2210242 72 
2210242 70 
2210847 80 
2210967 83 
2211207 64 
2212300 256 
2220497 252 
2224855 62 
2224988 151 
2224988 69 
2225052 93 
2226521 103 
2226521 101 
2227328 100 
2227328 2
2227328 1523
2227328 11
2229328 25 
2239398 254 
2254217 75 
2254619 72 
2254619 70 
2255562 80 
2255695 83 
2256428 76 
2257988 76 
2258707 64 
2258842 256 
2258974 61 
2259107 151 
2259107 69 
2259178 93 
2260639 103 
2260639 101 
2261447 100 
2261447 2
2261447 1523
2261447 10
2263447 25 
2272467 75 
2273532 254 
2275540 73 
2276738 73 
2277072 73 
2277355 73 
2277800 73 
2278290 73 
2282449 73 
2285421 73 
2285722 72 
2285722 70 
2286322 80 
2286442 83 
2287642 64 
2295932 252 
2296414 256 
2327201 255 
2377764 61 
2378031 150 
2378031 68 
2378031 65
2384870 90 
2384887 92 
2384887 103 
2384887 101 
2385401 100 
2385401 2
2385401 1523
2385401 10
2387400 25 
2397467 254 
2404836 75 
2405242 72 
2405242 70 
2405872 80 
2406005 83 
2409604 64 
2412378 256 
2412509 255 
2415482 252 
2428692 62 
2432328 150 
2432328 68 
2432328 65
2432401 92 
2433858 103 
2433858 101 
2434367 100 
2434367 2
2434367 1523
2434367 11
2436366 25 
2446434 254 
2467317 75 
2468060 73 
2468369 72 
2468369 70 
2468926 250 
2473231 71 
2474568 71 
2476736 71 
2477216 71 
2477456 80 
2477576 250 
2478324 76 
2478455 83 
2478575 64 
2478828 252 
2479323 256 
2479455 61 
2480108 151 
2480108 69 
2480190 93 
2481158 91 
2481651 103 
2481651 101 
2482460 100 
2482460 2
2482460 1523
2482460 10
2484460 25 
2494535 254 
2499909 75 
2500321 72 
2500321 70 
2500819 71 
2501192 80 
2501326 250 
2525435 76 
2527088 76 
2527221 83 
2529634 252 
2529902 61 
2530034 150 
2530034 68 
2530034 65
2530105 92 
2531572 103 
2531572 101 
2532085 100 
2532085 2
2532085 1523
2532085 11
2534086 25 
2534165 75 
2534568 72 
2534568 70 
2535178 80 
2535298 83 
2536258 64 
2536393 256 
2536524 61 
2536657 151 
2536657 69 
2536728 93 
2538189 103 
2538189 101 
2538997 100 
2538997 2
2538997 1523
2538997 11
2540996 25 
2541077 75 
2541481 72 
2541481 70 
2542095 80 
2542228 83 
2547866 76 
2556982 252 
2559170 62 
2559301 153 
2559301 68 
2559301 65
2559385 92 
2560435 90 
2560844 103 
2560844 101 
2561359 100 
2561359 2
2561359 1523
2561359 11
2563357 25 
2565353 75 
2565754 72 
2565754 70 
2566365 71 
2566618 80 
2566738 83 
2572602 64 
2574924 256 
2575894 252 
2590235 61 
2590368 151 
2590368 69 
2590442 93 
2591899 103 
2591899 101 
2592707 100 
2592707 2
2592707 1523
2592707 10
2594711 25 
2594792 75 
2595529 73 
2595862 72 
2595862 70 
2596472 80 
2596592 83 
2604269 64 
2604525 256 
2604656 61 
2604789 152 
2604789 69 
2604861 93 
2606320 103 
2606320 101 
2607127 100 
2607127 2
2607127 1523
2607127 10
2609127 25 
2609831 75 
2610449 73 
2610754 72 
2610754 70 
2611373 80 
2611506 83 
2612839 64 
2613108 61 
2613239 150 
2613239 68 
2613239 65
2613309 92 
2614110 90 
2614593 90 
2614769 103 
2614769 101 
2615278 100 
2615278 2
2615278 1523
2615278 11
2617277 25 
2618011 75 
2618415 72 
2618415 70 
2619036 80 
2619156 83 
2619636 64 
2619772 256 
2619903 61 
2620036 151 
2620036 69 
2620105 93 
2621068 91 
2621569 103 
2621569 101 
2622379 100 
2622379 2
2622379 1523
2622379 11
2624376 25 
2626829 75 
2627304 73 
2628876 73 
2629182 72 
2629182 70 
2629805 80 
2629938 83 
2631138 64 
2631393 256 
2631524 61 
2631658 151 
2631658 69 
2631739 93 
2633204 103 
2633204 101 
2634009 100 
2634009 2
2634009 1523
2634009 10
2636010 25 
2636896 75 
2644117 73 
2644404 73 
2644705 72 
2644705 70 
2645318 80 
2645438 83 
2646158 76 
2646651 64 
2646774 256 
2646904 61 
2647038 150 
2647038 68 
2647038 65
2647123 92 
2648585 103 
2648585 101 
2649090 100 
2649090 2
2649090 1523
2649090 11
2651091 25 
2661172 254 
2662095 75 
2662499 72 
2662499 70 
2662991 250 
2664790 71 
2665150 80 
2665283 83 
2665777 64 
2666032 62 
2666163 150 
2666163 68 
2666163 65
2666246 92 
2667710 103 
2667710 101 
2668214 100 
2668214 2
2668214 1523
2668214 10
2670218 25 
2670306 75 
2670707 72 
2670707 70 
2671668 80 
2671867 83 
2673480 64 
2673735 256 
2674386 61 
2681090 252 
2689567 150 
2689567 68 
2689567 65
2689639 92 
2690497 90 
2691103 103 
2691103 101 
2691618 100 
2691618 2
2691618 1523
2691618 10
2693619 25 
2693704 75 
2694106 72 
2694106 70 
2694724 250 
2699163 71 
2700482 71 
2700602 80 
2700735 83 
2701228 64 
2701364 256 
2701495 61 
2701628 150 
2701628 68 
2701628 65
2701697 92 
2703161 103 
2703161 101 
2703668 100 
2703668 2
2703668 1523
2703668 11
2705667 25 
2705742 75 
2706148 72 
2706148 70 
2706759 80 
2706879 83 
2707719 64 
2707855 256 
2707986 61 
2708119 151 
2708119 69 
2708195 93 
2709653 103 
2709653 101 
2710459 100 
2710459 2
2710459 1523
2710459 11
2712459 25 
2712542 75 
2712947 72 
2712947 70 
2713556 80 
2713676 83 
2714156 64 
2714278 256 
2714409 61 
2714543 151 
2714543 69 
2715647 91 
2715662 93 
2716077 103 
2716077 101 
2716882 100 
2716882 2
2716882 1523
2716882 10
2718882 25 
2728957 254 
2737915 75 
2739044 73 
2739345 72 
2739345 70 
2739959 80 
2740092 83 
2740332 64 
2740601 61 
2740732 150 
2740732 68 
2740732 65
2740805 92 
2742264 103 
2742264 101 
2742770 100 
2742770 2
2742770 1523
2742770 10
2744771 25 
2744843 75 
2745246 72 
2745246 70 
2745863 80 
2745996 83 
2746716 64 
2746852 256 
2746982 61 
2747116 152 
2747116 69 
2747185 93 
2747861 91 
2748550 91 
2748647 103 
2748647 101 
2749469 100 
2749469 2
2749469 1523
2749469 10
2751468 25 
2751549 75 
2751955 72 
2751955 70 
2752567 250 
2773372 71 
2776623 71 
2800853 71 
2801226 80 
2801346 83 
2802333 252 
2802588 256 
2802719 63 
2802852 151 
2802852 69 
2802923 93 
2804390 103 
2804390 101 
2805203 100 
2805203 2
2805203 1523
2805203 11
2807204 25 
2807284 75 
2807692 72 
2807692 70 
2808185 71 
2809863 250 
2811076 71 
2833026 71 
2834586 71 
2834706 80 
2834839 83 
2840130 252 
2840399 61 
2840530 151 
2840530 69 
2840601 93 
2842060 103 
2842060 101 
2842868 100 
2842868 2
2842868 1523
2842868 10
2844869 25 
2845369 75 
2845927 73 
2846261 72 
2846261 70 
2846887 80 
2847007 83 
2847620 64 
2849555 256 
2849686 62 
2856510 252 
2864587 255 
2889469 151 
2889469 69 
2891539 91 
2891552 93 
2891552 103 
2891552 101 
2892370 100 
2892370 2
2892370 1523
2892370 10
2894369 25 
2894447 75 
2894851 72 
2894851 70 
2895467 80 
2895600 83 
2906036 252 
2907728 256 
2912753 61 
2912886 150 
2912886 68 
2912886 65
2912960 92 
2913704 90 
2914420 103 
2914420 101 
2914925 100 
2914925 2
2914925 1523
2914925 11
2916926 25 
2917016 75 
2917422 72 
2917422 70 
2918031 80 
2918164 83 
2923215 64 
2924070 256 
2924202 61 
2924335 151 
2924335 69 
2924404 93 
2925395 91 
2925867 103 
2925867 101 
2926672 100 
2926672 2
2926672 1523
2926672 11
2928674 25 
2928758 75 
2929132 73 
2929437 72 
2929437 70 
2930052 80 
2930172 83 
2930892 64 
2931025 256 
2931162 61 
2931292 151 
2931292 69 
2931360 93 
2932823 103 
2932823 101 
2933629 100 
2933629 2
2933629 1523
2933629 11
2935631 25 
2935710 75 
2943775 73 
2945255 73 
2945557 72 
2945557 70 
2946179 80 
2946312 83 
2947165 64 
2947300 256 
2947418 61 
2947552 151 
2947552 69 
2947622 93 
2949085 103 
2949085 101 
2949891 100 
2949891 2
2949891 1523
2949891 11
2951890 25 
2951972 75 
2952382 72 
2952382 70 
2953003 80 
2953136 83 
2953629 64 
2953898 61 
2954029 151 
2954029 69 
2954099 93 
2954700 91 
2955558 103 
2955558 101 
2956369 100 
2956369 2
2956369 1523
2956369 10
2958369 25 
2961369 75 
2962092 73 
2962395 72 
2962395 70 
2963025 80 
2963145 83 
2963865 64 
2964001 256 
2964131 63 
2964265 153 
2964265 68 
2964265 65
2964337 92 
2965795 103 
2965795 101 
2966307 100 
2966307 2
2966307 1523
2966307 11
2968305 25 
2968390 75 
2968795 72 
2968795 70 
2969396 80 
2969529 83 
2969782 64 
2969918 256 
2970049 63 
2970182 150 
2970182 68 
2970182 65
2970252 92 
2971715 103 
2971715 101 
2972221 100 
2972221 2
2972221 1523
2972221 10
2974222 25 
2974308 75 
2974712 72 
2974712 70 
2975580 80 
2975780 250 
2978925 76 
2979045 83 
2979405 64 
2979792 63 
2979925 151 
2979925 69 
2980002 93 
2981456 103 
2981456 101 
2982265 100 
2982265 2
2982265 1523
2982265 11
2984264 25 
2984945 75 
2985347 72 
2985347 70 
2985962 80 
2986096 83 
2986229 64 
2986724 256 
2986855 62 
2986989 151 
2986989 69 
2987074 93 
2988536 103 
2988536 101 
2989342 100 
2989342 2
2989342 1523
2989342 10
2991340 25 
2991420 75 
2991821 72 
2991821 70 
2992440 80 
2992560 83 
2993039 64 
2993175 256 
2993306 63 
2993439 151 
2993439 69 
2993507 93 
2994971 103 
2994971 101 
2995778 100 
2995778 2
2995778 1523
2995778 10
2997779 25 
2997858 75 
2998263 72 
2998263 70 
2998877 80 
2999010 83 
2999490 64 
2999625 256 
2999757 61 
2999890 150 
2999890 68 
2999890 65
2999962 92 
3001022 90 
3001416 103 
3001416 101 
3001928 100 
3001928 2
3001928 1523
3001928 11
3003930 25 
3004718 75 
3004905 73 
3005205 72 
3005205 70 
3005821 80 
3005941 83 
3006420 64 
3006676 256 
3006927 63 
3007060 150 
3007060 68 
3007060 65
3007137 92 
3008592 103 
3008592 101 
3009100 100 
3009100 2
3009100 1523
3009100 11
3011100 25 
3011172 75 
3011578 72 
3011578 70 
3012205 80 
3012325 83 
3012698 64 
3012967 63 
3013098 150 
3013098 68 
3013098 65
3013181 92 
3014642 103 
3014642 101 
3015151 100 
3015151 2
3015151 1523
3015151 10
3017151 25 
3017236 75 
3017641 72 
3017641 70 
3018255 80 
3018375 83 
3018615 64 
3018871 256 
3019002 61 
3019135 150 
3019135 68 
3019135 65
3019206 92 
3019741 90 
3020669 103 
3020669 101 
3021173 100 
3021173 2
3021173 1523
3021173 11
3023174 25 
3031015 75 
3031422 72 
3031422 70 
3032156 250 
3049429 71 
3050642 71 
3050762 80 
3050882 83 
3054480 252 
3054736 256 
3054867 61 
3055000 151 
3055000 69 
3055070 93 
3056531 103 
3056531 101 
3057338 100 
3057338 2
3057338 1523
3057338 11
3059340 25 
3059674 75 
3060080 72 
3060080 70 
3060691 80 
3060811 83 
3061411 64 
3061786 256 
3061917 63 
3062050 150 
3062050 68 
3062050 65
3062122 92 
3063389 90 
3063583 103 
3063583 101 
3064088 100 
3064088 2
3064088 1523
3064088 11
3066089 25 
3066162 75 
3066569 72 
3066569 70 
3067182 80 
3067302 83 
3067661 64 
3067917 256 
3068048 63 
3068181 150 
3068181 68 
3068181 65
3068254 92 
3069715 103 
3069715 101 
3070219 100 
3070219 2
3070219 1523
3070219 10
3072221 25 
3072306 75 
3072708 72 
3072708 70 
3073312 80 
3073432 83 
3073912 64 
3074048 256 
3074179 61 
3074312 150 
3074312 68 
3074312 65
3074384 92 
3075350 90 
3075841 103 
3075841 101 
3076351 100 
3076351 2
3076351 1523
3076351 10
3078351 25 
3078437 75 
3078838 72 
3078838 70 
3079763 80 
3079883 83 
3080136 64 
3080391 256 
3080523 61 
3080656 150 
3080656 68 
3080656 65
3080727 92 
3081393 90 
3082140 90 
3082184 103 
3082184 101 
3082696 100 
3082696 2
3082696 1523
3082696 11
3084696 25 
3084780 75 
3085185 72 
3085185 70 
3085800 80 
3085922 83 
3086280 64 
3086535 256 
3086667 63 
3086800 150 
3086800 68 
3086800 65
3086870 92 
3088331 103 
3088331 101 
3088840 100 
3088840 2
3088840 1523
3088840 10
3090838 25 
3090925 75 
3091244 73 
3091556 73 
3100917 254 
3107711 73 
3108014 72 
3108014 70 
3108271 250 
3109846 71 
3127770 71 
3128129 80 
3128729 250 
3129502 76 
3129622 83 
3129875 252 
3129998 256 
3130129 61 
3130262 150 
3130262 68 
3130262 65
3130346 92 
3131804 103 
3131804 101 
3132316 100 
3132316 2
3132316 1523
3132316 10
3134314 25 
3134401 75 
3134806 72 
3134806 70 
3135420 80 
3135540 83 
3135900 64 
3136035 256 
3136166 63 
3136299 151 
3136299 69 
3136374 93 
3137831 103 
3137831 101 
3138639 100 
3138639 2
3138639 1523
3138639 11
3140639 25 
3140724 75 
3141306 73 
3141609 72 
3141609 70 
3142230 80 
3142603 76 
3142723 250 
3144045 76 
3145056 76 
3145189 83 
3145802 76 
3146055 64 
3146190 256 
3146322 61 
3146455 151 
3146455 69 
3146525 93 
3147989 103 
3147989 101 
3148795 100 
3148795 2
3148795 1523
3148795 10
3150795 25 
3151318 75 
3151724 72 
3151724 70 
3152346 80 
3152479 83 
3152959 64 
3153095 256 
3153226 61 
3153359 150 
3153359 68 
3153359 65
3153435 92 
3154071 90 
3154743 90 
3154895 103 
3154895 101 
3155415 100 
3155415 2
3155415 1523
3155415 11
3157412 25 
3167492 254 
3172378 75 
3172575 73 
3172784 73 
3173086 72 
3173086 70 
3173710 80 
3173830 83 
3174670 64 
3174925 256 
3175696 61 
3175829 153 
3175829 68 
3175829 65
3175903 92 
3176715 90 
3177231 90 
3177358 103 
3177358 101 
3177873 100 
3177873 2
3177873 1523
3177873 11
3179871 25 
3179954 75 
3180359 72 
3180359 70 
3181307 80 
3181520 83 
3182000 64 
3182136 256 
3182267 61 
3182400 151 
3182400 69 
3182467 93 
3183935 103 
3183935 101 
3184754 100 
3184754 2
3184754 1523
3184754 11
3186753 25 
3186850 75 
3187033 73 
3187438 72 
3187438 70 
3188051 80 
3188171 83 
3188304 64 
3188560 256 
3188824 255 
3190357 61 
3190490 151 
3190490 69 
3190564 93 
3192021 103 
3192021 101 
3192829 100 
3192829 2
3192829 1523
3192829 11
3194831 25 
3195025 75 
3195314 73 
3195636 72 
3195636 70 
3196248 80 
3196367 83 
3196967 64 
3197223 256 
3197354 63 
3197487 152 
3197487 69 
3197572 93 
3199029 103 
3199029 101 
3199841 100 
3199841 2
3199841 1523
3199841 11
3201839 25 
3201918 75 
3202324 72 
3202324 70 
3202938 80 
3203071 83 
3203551 64 
3203689 256 
3203818 61 
3203951 151 
3203951 69 
3204021 93 
3205159 91 
3205481 103 
3205481 101 
3206288 100 
3206288 2
3206288 1523
3206288 11
3208290 25 
3218364 254 
3264897 75 
3276182 73 
3276487 72 
3276487 70 
3277107 71 
3277467 80 
3277587 83 
3278666 64 
3279522 256 
3285130 255 
3286743 252 
3302443 61 
3302576 151 
3302576 69 
3302644 93 
3303627 91 
3304108 103 
3304108 101 
3304916 100 
3304916 2
3304916 1523
3304916 10
3306917 25 
3306994 75 
3307398 72 
3307398 70 
3308001 80 
3308121 83 
3309800 64 
3314733 256 
3317570 252 
3320942 62 
3321075 151 
3321075 69 
3321144 93 
3322606 103 
3322606 101 
3323417 100 
3323417 2
3323417 1523
3323417 10
3325416 25 
3325685 75 
3326091 72 
3326091 70 
3326713 80 
3326833 83 
3327086 64 
3327459 63 
3327596 151 
3327596 69 
3327677 93 
3329078 91 
3329135 103 
3329135 101 
3329945 100 
3329945 2
3329945 1523
3329945 10
3331945 25 
3332027 75 
3332429 72 
3332429 70 
3333043 80 
3333177 83 
3333310 64 
3337045 256 
3337175 62 
3337295 151 
3337295 69 
3337367 93 
3338827 103 
3338827 101 
3339633 100 
3339633 2
3339633 1523
3339633 10
3341634 25 
3351708 254 
3396582 75 
3397075 73 
3397379 72 
3397379 70 
3398336 80 
3398456 83 
3398816 64 
3405547 256 
3405680 255 
3407652 61 
3407785 252 
3410507 150 
3410507 68 
3410507 65
3410588 92 
3412050 103 
3412050 101 
3412558 100 
3412558 2
3412558 1523
3412558 10
3414558 25 
3414643 75 
3415050 72 
3415050 70 
3415662 80 
3415782 83 
3416382 64 
3421928 256 
3422059 62 
3422193 151 
3422193 69 
3422262 93 
3423153 91 
3423730 103 
3423730 101 
3424546 100 
3424546 2
3424546 1523
3424546 10
3426546 25 
3426624 75 
3427025 72 
3427025 70 
3427631 80 
3427750 83 
3452100 252 
3453675 256 
3453806 62 
3453940 151 
3453940 69 
3468643 91 
3468655 93 
3468655 103 
3468655 101 
3469472 100 
3469472 2
3469472 1523
3469472 10
3471472 25 
3473984 75 
3474388 72 
3474388 70 
3474997 80 
3475131 83 
3476210 64 
3476346 256 
3476477 61 
3476610 150 
3476610 68 
3476610 65
3476683 92 
3478139 103 
3478139 101 
3478650 100 
3478650 2
3478650 1523
3478650 11
3480650 25 
3480735 75 
3481140 72 
3481140 70 
3481755 80 
3481874 83 
3482607 64 
3482863 256 
3482994 61 
3483127 151 
3483127 69 
3483199 93 
3484658 103 
3484658 101 
3485467 100 
3485467 2
3485467 1523
3485467 11
3487466 25 
3488011 75 
3488415 72 
3488415 70 
3489031 80 
3489151 83 
3490231 64 
3490607 256 
3490858 63 
3490991 150 
3490991 68 
3490991 65
3491064 92 
3492524 103 
3492524 101 
3493030 100 
3493030 2
3493030 1523
3493030 10
3495030 25 
3495107 75 
3495513 72 
3495513 70 
3496122 80 
3496242 83 
3496735 64 
3496991 256 
3497121 63 
3497255 151 
3497255 69 
3497324 93 
3498785 103 
3498785 101 
3499593 100 
3499593 2
3499593 1523
3499593 11
3501594 25 
3503342 75 
3505688 73 
3506298 73 
3506582 73 
3506883 72 
3506883 70 
3507424 250 
3515820 71 
3516435 71 
3516567 80 
3516700 83 
3517913 252 
3518168 62 
3518299 151 
3518299 69 
3518383 93 
3519089 91 
3519575 91 
3519844 103 
3519844 101 
3520650 100 
3520650 2
3520650 1523
3520650 10
3522651 25 
3522737 75 
3523139 72 
3523139 70 
3523750 80 
3523883 83 
3524243 64 
3524379 62 
3524510 152 
3524510 69 
3524595 93 
3525568 91 
3526054 103 
3526054 101 
3526862 100 
3526862 2
3526862 1523
3526862 10
3528864 25 
3534048 75 
3538938 254 
3546531 73 
3546834 72 
3546834 70 
3548180 71 
3548553 80 
3548673 83 
3548926 64 
3549315 255 
3549446 256 
3552978 62 
3553111 151 
3553111 69 
3553180 93 
3554645 103 
3554645 101 
3555451 100 
3555451 2
3555451 1523
3555451 11
3557450 25 
3558560 75 
3559889 73 
3560191 72 
3560191 70 
3560788 80 
3560908 83 
3561268 64 
3561403 256 
3561534 61 
3561668 151 
3561668 69 
3561736 93 
3563198 103 
3563198 101 
3564006 100 
3564006 2
3564006 1523
3564006 11
3566007 25 
3566086 75 
3566492 72 
3566492 70 
3567105 80 
3567225 83 
3567359 64 
3567736 256 
3568505 63 
3568638 150 
3568638 68 
3568638 65
3580848 90 
3580861 92 
3580861 103 
3580861 101 
3581376 100 
3581376 2
3581376 1523
3581376 10
3583380 25 
3583452 75 
3583861 72 
3583861 70 
3584471 80 
3584591 83 
3585071 64 
3585324 61 
3585458 150 
3585458 68 
3585458 65
3585532 92 
3586436 90 
3586990 103 
3586990 101 
3587497 100 
3587497 2
3587497 1523
3587497 10
3589498 25 
3590734 75 
3591139 72 
3591139 70 
3591748 80 
3591868 83 
3595640 64 
3595775 61 
3595907 152 
3595907 69 
3595978 93 
3596178 91 
3597440 103 
3597440 101 
3598246 100 
3598246 2
3598246 1523
3598246 11
3600245 25 
3600729 75 
3601134 72 
3601134 70 
3601744 80 
3601864 83 
3602344 64 
3602480 62 
3602610 151 
3602610 69 
3602693 93 
3604157 103 
3604157 101 
3604963 100 
3604963 2
3604963 1523
3604963 11
3606963 25 
3607048 75 
3607452 72 
3607452 70 
3608381 80 
3608515 250 
3609661 76 
3609794 83 
3610167 64 
3610303 256 
3610687 61 
3610820 151 
3610820 69 
3610887 93 
3611374 91 
3612017 91 
3612321 91 
3612350 103 
3612350 101 
3613159 100 
3613159 2
3613159 1523
3613159 11
3615161 25 
3615401 75 
3615803 72 
3615803 70 
3616418 80 
3616538 83 
3617258 64 
3617380 256 
3617511 63 
3617644 150 
3617644 68 
3617644 65
3617717 92 
3619179 103 
3619179 101 
3619697 100 
3619697 2
3619697 1523
3619697 10
3621696 25 
3621769 75 
3629920 73 
3630249 72 
3630249 70 
3630865 80 
3630985 83 
3631705 64 
3631840 256 
3631971 61 
3632105 150 
3632105 68 
3632105 65
3632175 92 
3633635 103 
3633635 101 
3634144 100 
3634144 2
3634144 1523
3634144 11
3636143 25 
3636229 75 
3636631 72 
3636631 70 
3637009 250 
3638449 71 
3638811 71 
3643007 71 
3643380 80 
3643513 83 
3644353 64 
3644608 61 
3644739 151 
3644739 69 
3644815 93 
3646273 103 
3646273 101 
3647079 100 
3647079 2
3647079 1523
3647079 10
3649080 25 
3649158 75 
3649561 72 
3649561 70 
3650177 80 
3650297 83 
3650657 64 
3650793 256 
3650924 63 
3651057 151 
3651057 69 
3651128 93 
3652305 91 
3652586 103 
3652586 101 
3653397 100 
3653397 2
3653397 1523
3653397 10
3655397 25 
3665469 254 
3671124 75 
3671522 72 
3671522 70 
3672141 80 
3672261 83 
3673101 64 
3673237 256 
3673368 61 
3673501 150 
3673501 68 
3673501 65
3673592 92 
3675044 103 
3675044 101 
3675554 100 
3675554 2
3675554 1523
3675554 11
3677553 25 
3680819 75 
3681224 72 
3681224 70 
3681844 80 
3681977 83 
3683083 64 
3683939 256 
3684070 61 
3684203 151 
3684203 69 
3684274 93 
3685736 103 
3685736 101 
3686554 100 
3686554 2
3686554 1523
3686554 10
3688556 25 
3688635 75 
3689039 72 
3689039 70 
3689654 80 
3689774 83 
3690254 64 
3690376 256 
3690507 61 
3690640 152 
3690640 69 
3690713 93 
3691312 91 
3692176 103 
3692176 101 
3692993 100 
3692993 2
3692993 1523
3692993 11
3694993 25 
3705063 254 
3709732 75 
3710135 72 
3710135 70 
3710818 250 
3711591 71 
3711991 80 
3712191 83 
3712711 64 
3712913 256 
3713111 63 
3713311 150 
3713311 68 
3713311 65
3713387 92 
3714841 103 
3714841 101 
3715350 100 
3715350 2
3715350 1523
3715350 11
3717350 25 
3722137 75 
3722539 72 
3722539 70 
3723426 80 
3723626 83 
3723946 64 
3724148 256 
3724359 63 
3724559 150 
3724559 68 
3724559 65
3724632 92 
3726085 103 
3726085 101 
3726597 100 
3726597 2
3726597 1523
3726597 11
3728599 25 
3728672 75 
3729073 72 
3729073 70 
3729810 80 
3729930 83 
3730184 64 
3730439 256 
3730570 63 
3730703 150 
3730703 68 
3730703 65
3730779 92 
3732236 103 
3732236 101 
3732748 100 
3732748 2
3732748 1523
3732748 10
3734747 25 
3734830 75 
3735236 72 
3735236 70 
3735848 80 
3735968 83 
3736328 64 
3736596 256 
3736728 61 
3736861 150 
3736861 68 
3736861 65
3736932 92 
3737705 90 
3738395 103 
3738395 101 
3738901 100 
3738901 2
3738901 1523
3738901 10
3740899 25 
3740972 75 
3741378 72 
3741378 70 
3741992 80 
3742125 83 
3742259 64 
3742527 256 
3742658 61 
3742792 150 
3742792 68 
3742792 65
3742876 92 
3743397 90 
3744236 90 
3744336 103 
3744336 101 
3744845 100 
3744845 2
3744845 1523
3744845 11
3746844 25 
3746916 75 
3747319 72 
3747319 70 
3747936 80 
3748056 83 
3748416 64 
3748551 62 
3748683 150 
3748683 68 
3748683 65
3748768 92 
3750226 103 
3750226 101 
3750736 100 
3750736 2
3750736 1523
3750736 10
3752736 25 
3756502 75 
3756903 72 
3756903 70 
3757519 80 
3757639 83 
3759798 64 
3759933 256 
3760064 61 
3760198 150 
3760198 68 
3760198 65
3760269 92 
3761728 103 
3761728 101 
3762238 100 
3762238 2
3762238 1523
3762238 11
3764237 25 
3764323 75 
3764729 72 
3764729 70 
3767848 71 
3768581 250 
3770394 71 
3770527 80 
3770647 83 
3771007 64 
3771262 256 
3771873 255 
3774978 252 
3775498 61 
3775631 151 
3775631 69 
3775831 91 
3775845 93 
3775977 91 
3777163 103 
3777163 101 
3777972 100 
3777972 2
3777972 1523
3777972 10
3779970 25 
3790044 254 
3797930 75 
3798335 72 
3798335 70 
3798955 80 
3799075 83 
3799794 64 
3799930 256 
3800061 61 
3800194 150 
3800194 68 
3800194 65
3800265 92 
3801726 103 
3801726 101 
3802232 100 
3802232 2
3802232 1523
3802232 10
3804233 25 
3804306 75 
3804713 72 
3804713 70 
3805312 80 
3805432 83 
3805792 64 
3806048 63 
3806178 151 
3806178 69 
3806250 93 
3807714 103 
3807714 101 
3808529 100 
3808529 2
3808529 1523
3808529 10
3810532 25 
3817265 75 
3817513 73 
3817835 72 
3817835 70 
3818453 80 
3818573 83 
3819055 64 
3819909 256 
3820039 61 
3820173 150 
3820173 68 
3820173 65
3820246 92 
3821702 103 
3821702 101 
3822211 100 
3822211 2
3822211 1523
3822211 11
3824212 25 
3824297 75 
3824700 72 
3824700 70 
3825317 80 
3825437 83 
3825810 64 
3825946 256 
3826197 63 
3826330 150 
3826330 68 
3826330 65
3849299 90 
3849311 92 
3849311 103 
3849311 101 
3849827 100 
3849827 2
3849827 1523
3849827 11
3851827 25 
3851917 75 
3852319 72 
3852319 70 
3853225 80 
3853359 250 
3853867 76 
3853998 83 
3854838 64 
3854971 256 
3855107 61 
3855238 151 
3855238 69 
3855310 93 
3855875 91 
3856769 103 
3856769 101 
3857578 100 
3857578 2
3857578 1523
3857578 11
3859577 25 
3863118 75 
3863431 73 
3863733 72 
3863733 70 
3864341 80 
3864461 83 
3866620 64 
3866876 61 
3867006 151 
3867006 69 
3867077 93 
3868537 103 
3868537 101 
3869344 100 
3869344 2
3869344 1523
3869344 11
3871344 25 
3876041 75 
3876178 73 
3876582 72 
3876582 70 
3877189 80 
3877309 83 
3877789 64 
3877924 256 
3878055 61 
3878188 151 
3878188 69 
3878258 93 
3878731 91 
3879721 103 
3879721 101 
3880527 100 
3880527 2
3880527 1523
3880527 11
3882526 25 
3882611 75 
3883013 72 
3883013 70 
3883626 80 
3883759 83 
3884359 64 
3884615 62 
3884746 150 
3884746 68 
3884746 65
3884840 92 
3886014 90 
3886292 103 
3886292 101 
3886799 100 
3886799 2
3886799 1523
3886799 10
3888799 25 
3888883 75 
3889286 72 
3889286 70 
3889903 80 
3890037 83 
3890157 64 
3890412 256 
3890665 63 
3890796 151 
3890796 69 
3890869 93 
3892325 103 
3892325 101 
3893135 100 
3893135 2
3893135 1523
3893135 10
3895134 25 
3895214 75 
3895618 72 
3895618 70 
3896234 80 
3896354 83 
3896714 64 
3896970 256 
3897100 61 
3897234 150 
3897234 68 
3897234 65
3897305 92 
3898084 90 
3898203 90 
3898524 90 
3898767 103 
3898767 101 
3899271 100 
3899271 2
3899271 1523
3899271 10
3901273 25 
3901345 75 
3901754 72 
3901754 70 
3902365 80 
3902485 83 
3903084 64 
3903220 256 
3903351 61 
3903484 152 
3903484 69 
3903555 93 
3905014 103 
3905014 101 
3905824 100 
3905824 2
3905824 1523
3905824 11
3907823 25 
3907903 75 
3908304 72 
3908304 70 
3908922 80 
3909042 83 
3909642 64 
3909777 256 
3909908 63 
3910042 150 
3910042 68 
3910042 65
3910112 92 
3911575 103 
3911575 101 
3912080 100 
3912080 2
3912080 1523
3912080 11
3914081 25 
3914166 75 
3914573 72 
3914573 70 
3915186 80 
3915306 83 
3915666 64 
3915921 256 
3916056 63 
3916186 150 
3916186 68 
3916186 65
3916258 92 
3917380 90 
3917715 103 
3917715 101 
3918226 100 
3918226 2
3918226 1523
3918226 10
3920226 25 
3921941 75 
3922345 72 
3922345 70 
3922956 80 
3923089 83 
3923569 64 
3923693 256 
3923824 61 
3923956 150 
3923956 68 
3923956 65
3924030 92 
3925488 103 
3925488 101 
3925994 100 
3925994 2
3925994 1523
3925994 11
3927996 25 
3930668 75 
3934966 73 
3935269 72 
3935269 70 
3935884 80 
3936004 83 
3936244 64 
3936513 62 
3937137 255 
3939069 150 
3939069 68 
3939069 65
3949061 90 
3949076 92 
3949076 103 
3949076 101 
3949598 100 
3949598 2
3949598 1523
3949598 10
3951600 25 
3951684 75 
3952085 72 
3952085 70 
3952704 80 
3952824 83 
3958581 64 
3958837 256 
3958968 61 
3959101 150 
3959101 68 
3959101 65
3959173 92 
3959828 90 
3960492 90 
3960630 103 
3960630 101 
3961138 100 
3961138 2
3961138 1523
3961138 11
3963141 25 
3963226 75 
3963632 72 
3963632 70 
3964246 80 
3964366 83 
3964845 64 
3965101 256 
3965232 63 
3965365 150 
3965365 68 
3965365 65
3965438 92 
3966899 103 
3966899 101 
3967404 100 
3967404 2
3967404 1523
3967404 10
3969403 25 
3969477 75 
3969881 72 
3969881 70 
3970496 80 
3970630 83 
3971243 64 
3971378 256 
3971629 63 
3971762 153 
3971762 68 
3971762 65
3971833 92 
3973293 103 
3973293 101 
3973802 100 
3973802 2
3973802 1523
3973802 11
3975801 25 
3975888 75 
3976289 72 
3976289 70 
3976907 80 
3977027 83 
3977267 64 
3977522 256 
3977640 63 
3977773 150 
3977773 68 
3977773 65
3977846 92 
3979307 103 
3979307 101 
3979813 100 
3979813 2
3979813 1523
3979813 10
3981813 25 
3981885 75 
3982292 72 
3982292 70 
3982904 80 
3983038 83 
3983291 64 
3983546 256 
3983664 63 
3983797 151 
3983797 69 
3983868 93 
3985332 103 
3985332 101 
3986138 100 
3986138 2
3986138 1523
3986138 10
3988137 25 
3988216 75 
3988455 73 
3988784 72 
3988784 70 
3989395 80 
3989515 83 
3989995 64 
3990130 256 
3990262 61 
3990395 150 
3990395 68 
3990395 65
3990620 90 
3990632 92 
3991113 90 
3991929 103 
3991929 101 
3992433 100 
3992433 2
3992433 1523
3992433 10
3994433 25 
3994506 75 
3994913 72 
3994913 70 
3995526 80 
3995646 83 
3996845 64 
3996981 256 
3997112 61 
3997245 150 
3997245 68 
3997245 65
3997318 92 
3997802 90 
3998621 90 
3998777 103 
3998777 101 
3999285 100 
3999285 2
3999285 1523
3999285 11
4001283 25 
4001357 75 
4001762 72 
4001762 70 
4002363 80 
4002483 83 
4002843 64 
4003099 256 
4003229 61 
4003362 151 
4003362 69 
4003437 93 
4003970 91 
4004398 91 
4004894 103 
4004894 101 
4005702 100 
4005702 2
4005702 1523
4005702 10
4007702 25 
4007781 75 
4008185 72 
4008185 70 
4008787 80 
4008907 83 
4014545 64 
4014680 256 
4014811 61 
4014944 152 
4014944 69 
4015016 93 
4015549 91 
4016473 103 
4016473 101 
4017283 100 
4017283 2
4017283 1523
4017283 11
4019284 25 
4019369 75 
4019771 72 
4019771 70 
4020382 80 
4020502 83 
4051304 252 
4055236 256 
4059179 61 
4059312 151 
4059312 69 
4059381 93 
4060846 103 
4060846 101 
4061653 100 
4061653 2
4061653 1523
4061653 11
4063651 25 
4063730 75 
4064137 72 
4064137 70 
4064750 80 
4064870 83 
4065230 64 
4065487 256 
4065616 61 
4065750 151 
4065750 69 
4065820 93 
4066246 91 
4067111 91 
4067288 103 
4067288 101 
4068101 100 
4068101 2
4068101 1523
4068101 10
4070102 25 
4070679 75 
4070906 73 
4071208 72 
4071208 70 
4071814 80 
4071947 83 
4072427 64 
4072802 256 
4072933 61 
4073067 150 
4073067 68 
4073067 65
4073140 92 
4073549 90 
4073679 90 
4074282 90 
4074597 103 
4074597 101 
4075110 100 
4075110 2
4075110 1523
4075110 11
4077108 25 
4078258 75 
4078392 73 
4078446 73 
4078765 72 
4078765 70 
4079384 80 
4079504 83 
4079984 64 
4080239 256 
4080370 63 
4080503 150 
4080503 68 
4080503 65
4080575 92 
4082035 103 
4082035 101 
4082544 100 
4082544 2
4082544 1523
4082544 11
4084543 25 
4084629 75 
4085033 72 
4085033 70 
4085635 80 
4085755 83 
4085888 64 
4086277 256 
4086408 61 
4086541 151 
4086541 69 
4086611 93 
4088077 103 
4088077 101 
4088893 100 
4088893 2
4088893 1523
4088893 10
4090894 25 
4099416 75 
4099822 72 
4099822 70 
4100442 80 
4101188 76 
4101321 250 
4110800 76 
4110931 83 
4111171 252 
4111547 256 
4111677 63 
4111810 151 
4111810 69 
4111881 93 
4112662 91 
4113129 91 
4113342 103 
4113342 101 
4114149 100 
4114149 2
4114149 1523
4114149 10
4116149 25 
4116234 75 
4117836 73 
4118545 73 
4118846 72 
4118846 70 
4119460 80 
4119594 83 
4121047 64 
4121315 256 
4121446 61 
4121580 150 
4121580 68 
4121580 65
4121648 92 
4123111 103 
4123111 101 
4123618 100 
4123618 2
4123618 1523
4123618 11
4125618 25 
4125691 75 
4126093 72 
4126093 70 
4126711 80 
4126844 83 
4127337 64 
4127593 256 
4127724 61 
4127857 151 
4127857 69 
4127931 93 
4128413 91 
4128599 91 
4129385 103 
4129385 101 
4130194 100 
4130194 2
4130194 1523
4130194 10
4132197 25 
4132275 75 
4132678 72 
4132678 70 
4133295 80 
4133428 83 
4133668 64 
4133801 256 
4133936 63 
4134068 151 
4134068 69 
4134143 93 
4135601 103 
4135601 101 
4136407 100 
4136407 2
4136407 1523
4136407 10
4138406 25 
4138486 75 
4138892 72 
4138892 70 
4139505 80 
4139639 83 
4140012 64 
4140147 256 
4140278 61 
4140412 150 
4140412 68 
4140412 65
4140483 92 
4141068 90 
4141625 90 
4141942 103 
4141942 101 
4142450 100 
4142450 2
4142450 1523
4142450 11
4144451 25 
4145259 75 
4145660 72 
4145660 70 
4146276 80 
4146396 83 
4146756 64 
4147025 256 
4147156 63 
4147289 152 
4147289 69 
4147359 93 
4148818 103 
4148818 101 
4149629 100 
4149629 2
4149629 1523
4149629 10
4151627 25 
4151707 75 
4152110 72 
4152110 70 
4152713 80 
4153100 83 
4153433 64 
4153635 256 
4153835 61 
4154033 150 
4154033 68 
4154033 65
4154237 90 
4154250 92 
4154645 90 
4154836 90 
4155400 90 
4155575 103 
4155575 101 
4156086 100 
4156086 2
4156086 1523
4156086 11
4158085 25 
4158610 75 
4159827 73 
4160170 72 
4160170 70 
4161523 250 
4166068 71 
4166427 80 
4166561 83 
4167760 64 
4167882 256 
4168013 61 
4168147 151 
4168147 69 
4168215 93 
4168725 91 
4169679 103 
4169679 101 
4170491 100 
4170491 2
4170491 1523
4170491 11
4172489 25 
4172564 75 
4172968 72 
4172968 70 
4173584 80 
4173704 83 
4174064 64 
4174320 256 
4174451 63 
4174584 150 
4174584 68 
4174584 65
4174657 92 
4176111 103 
4176111 101 
4176622 100 
4176622 2
4176622 1523
4176622 10
4178623 25 
4178709 75 
4179115 72 
4179115 70 
4179729 80 
4179848 83 
4180088 64 
4180344 256 
4180475 63 
4180608 151 
4180608 69 
4180681 93 
4182141 103 
4182141 101 
4182947 100 
4182947 2
4182947 1523
4182947 10
4184947 25 
4185026 75 
4185431 72 
4185431 70 
4186046 80 
4186166 83 
4186419 64 
4186675 256 
4187194 255 
4187325 61 
4187459 150 
4187459 68 
4187459 65
4187529 92 
4188136 90 
4188988 103 
4188988 101 
4189497 100 
4189497 2
4189497 1523
4189497 11
4191498 25 
4191584 75 
4191989 72 
4191989 70 
4192590 80 
4192710 83 
4195962 64 
4196097 62 
4196228 151 
4196228 69 
4196317 93 
4197774 103 
4197774 101 
4198581 100 
4198581 2
4198581 1523
4198581 10
4200580 25 
4200665 75 
4201067 72 
4201067 70 
4201679 80 
4201813 83 
4203265 64 
4203535 256 
4203665 61 
4203798 152 
4203798 69 
4203887 93 
4205343 103 
4205343 101 
4206151 100 
4206151 2
4206151 1523
4206151 11
4208151 25 
4208235 75 
4208640 72 
4208640 70 
4209263 80 
4209383 83 
4209743 64 
4209878 256 
4210009 63 
4210142 150 
4210142 68 
4210142 65
4210212 92 
4211673 103 
4211673 101 
4212182 100 
4212182 2
4212182 1523
4212182 11
4214183 25 
4214254 75 
4214658 72 
4214658 70 
4215274 80 
4215394 83 
4216113 64 
4216369 63 
4216500 150 
4216500 68 
4216500 65
4216572 92 
4218032 103 
4218032 101 
4218538 100 
4218538 2
4218538 1523
4218538 11
4220538 25 
4220611 75 
4221013 72 
4221013 70 
4221618 80 
4221738 83 
4221977 64 
4222111 256 
4222247 63 
4222377 150 
4222377 68 
4222377 65
4222448 92 
4223912 103 
4223912 101 
4224416 100 
4224416 2
4224416 1523
4224416 10
4226417 25 
4226488 75 
4226893 72 
4226893 70 
4227495 80 
4227615 83 
4228095 64 
4228230 256 
4228362 61 
4228495 150 
4228495 68 
4228495 65
4228565 92 
4229167 90 
4229905 90 
4230027 103 
4230027 101 
4230535 100 
4230535 2
4230535 1523
4230535 10
4232533 25 
4232607 75 
4233013 72 
4233013 70 
4233626 80 
4233746 83 
4233999 64 
4234135 256 
4234266 61 
4234399 150 
4234399 68 
4234399 65
4234475 92 
4235090 90 
4235928 103 
4235928 101 
4236439 100 
4236439 2
4236439 1523
4236439 11
4238439 25 
4238524 75 
4238927 72 
4238927 70 
4239543 80 
4239663 83 
4239917 64 
4240052 256 
4240183 61 
4240316 151 
4240316 69 
4240386 93 
4240948 91 
4241848 103 
4241848 101 
4242655 100 
4242655 2
4242655 1523
4242655 10
4244657 25 
4248448 75 
4248854 72 
4248854 70 
4249473 80 
4249606 83 
4250086 64 
4250221 256 
4250352 61 
4250486 150 
4250486 68 
4250486 65
4250559 92 
4251685 90 
4252018 103 
4252018 101 
4252529 100 
4252529 2
4252529 1523
4252529 11
4254527 25 
4254610 75 
4255016 72 
4255016 70 
4255630 80 
4255763 83 
4256137 64 
4256405 256 
4256536 63 
4256670 150 
4256670 68 
4256670 65
4256738 92 
4258011 90 
4258201 103 
4258201 101 
4258708 100 
4258708 2
4258708 1523
4258708 10
4260709 25 
4260781 75 
4264252 73 
4264556 72 
4264556 70 
4265453 80 
4265586 83 
4265946 64 
4266081 256 
4266212 61 
4266346 150 
4266346 68 
4266346 65
4266416 92 
4266943 90 
4267879 103 
4267879 101 
4268385 100 
4268385 2
4268385 1523
4268385 10
4270384 25 
4270457 75 
4270863 72 
4270863 70 
4271477 80 
4271610 83 
4272210 64 
4272345 256 
4272476 62 
4272610 151 
4272610 69 
4272681 93 
4273419 91 
4274139 103 
4274139 101 
4274949 100 
4274949 2
4274949 1523
4274949 11
4276950 25 
4279294 75 
4279507 73 
4279810 72 
4279810 70 
4280420 80 
4280540 83 
4281379 64 
4281649 63 
4281779 150 
4281779 68 
4281779 65
4281852 92 
4282769 90 
4283192 90 
4283313 103 
4283313 101 
4283820 100 
4283820 2
4283820 1523
4283820 10
4285818 25 
4285890 75 
4286296 72 
4286296 70 
4286897 80 
4287030 83 
4287283 64 
4287419 256 
4287550 61 
4287683 150 
4287683 68 
4287683 65
4287759 92 
4288484 90 
4289214 103 
4289214 101 
4289721 100 
4289721 2
4289721 1523
4289721 11
4291722 25 
4291795 75 
4292199 72 
4292199 70 
4292801 80 
4292921 83 
4293281 64 
4293550 61 
4293681 151 
4293681 69 
4293752 93 
4295213 103 
4295213 101 
4296020 100 
4296020 2
4296020 1523
4296020 10
4298020 25 
4298101 75 
4298508 72 
4298508 70 
4299118 80 
4299238 83 
4299478 64 
4299614 256 
4300120 63 
4300251 151 
4300251 69 
4300322 93 
4300941 91 
4301363 91 
4301786 103 
4301786 101 
4302591 100 
4302591 2
4302591 1523
4302591 11
4304591 25 
4304670 75 
4305076 72 
4305076 70 
4305689 80 
4305809 83 
4306289 64 
4306424 256 
4306555 61 
4306689 153 
4306689 68 
4306689 65
4306762 92 
4307362 90 
4307954 90 
4308222 103 
4308222 101 
4308727 100 
4308727 2
4308727 1523
4308727 11
4310729 25 
4310814 75 
4311218 72 
4311218 70 
4311833 80 
4311953 83 
4312313 64 
4312581 256 
4312713 63 
4312846 150 
4312846 68 
4312846 65
4312915 92 
4314384 103 
4314384 101 
4314435 102 
