0 100 
0 5
0 1525
0 10
1993 25 
3869 75 
4276 72 
4276 70 
5305 80 
5505 83 
5705 64 
5907 256 
6293 62 
7051 151 
7051 69 
7120 93 
8583 103 
8583 101 
9389 100 
9389 5
9389 1525
9389 10
11391 25 
11469 75 
11874 72 
11874 70 
12702 80 
12889 83 
13448 64 
13823 256 
14022 62 
14235 151 
14235 69 
14306 93 
14730 91 
15767 103 
15767 101 
16575 100 
16575 5
16575 1525
16575 10
18575 25 
18657 75 
19062 72 
19062 70 
19819 80 
19939 83 
20179 64 
20420 256 
20539 63 
20659 150 
20659 68 
20659 65
20734 92 
22191 103 
22191 101 
22698 100 
22698 5
22698 1525
22698 11
24698 25 
25270 75 
25676 72 
25676 70 
26283 80 
26403 83 
26763 64 
26884 256 
27123 62 
27243 152 
27243 69 
27313 93 
27766 91 
28774 103 
28774 101 
29580 100 
29580 5
29580 1525
29580 10
31581 25 
31665 75 
32068 72 
32068 70 
32640 80 
32760 83 
32880 64 
33122 256 
33253 63 
33387 150 
33387 68 
33387 65
33456 92 
34919 103 
34919 101 
35426 100 
35426 5
35426 1525
35426 11
37426 25 
37504 75 
37694 73 
38030 72 
38030 70 
38611 80 
38731 83 
39317 64 
39559 256 
39677 61 
39811 151 
39811 69 
39884 93 
40417 91 
41343 103 
41343 101 
42148 100 
42148 5
42148 1525
42148 11
44148 25 
44233 75 
44636 72 
44636 70 
45222 80 
45343 83 
45701 64 
46063 256 
46181 63 
46301 151 
46301 69 
46368 93 
47831 103 
47831 101 
48639 100 
48639 5
48639 1525
48639 11
50640 25 
50719 75 
51123 72 
51123 70 
51712 80 
51832 83 
52499 64 
52980 256 
53098 61 
53231 151 
53231 69 
53299 93 
54764 103 
54764 101 
55572 100 
55572 5
55572 1525
55572 11
57572 25 
57649 75 
58054 72 
58054 70 
58643 80 
58762 83 
60175 64 
60417 256 
60535 62 
60655 150 
60655 68 
60655 65
60725 92 
61124 90 
62184 103 
62184 101 
62695 100 
62695 5
62695 1525
62695 10
64693 25 
65453 75 
65860 72 
65860 70 
66453 80 
66572 83 
66932 64 
67067 62 
67186 150 
67186 68 
67186 65
67256 92 
68718 103 
68718 101 
69225 100 
69225 5
69225 1525
69225 10
71224 25 
71303 75 
71707 72 
71707 70 
72303 80 
72423 83 
72543 64 
72798 256 
72916 63 
73050 150 
73050 68 
73050 65
73118 92 
74577 103 
74577 101 
75091 100 
75091 5
75091 1525
75091 10
77088 25 
77161 75 
77568 72 
77568 70 
78154 80 
78274 83 
78514 64 
78756 63 
78887 152 
78887 69 
78967 93 
80435 103 
80435 101 
81239 100 
81239 5
81239 1525
81239 11
83241 25 
83318 75 
83723 72 
83723 70 
84298 80 
84418 83 
88923 64 
89764 61 
90003 150 
90003 68 
90003 65
90073 92 
91534 103 
91534 101 
92042 100 
92042 5
92042 1525
92042 11
94041 25 
94113 75 
94518 72 
94518 70 
95120 80 
95240 83 
95600 64 
96788 256 
96920 62 
97039 150 
97039 68 
97039 65
97108 92 
97566 90 
98568 103 
98568 101 
99084 100 
99084 5
99084 1525
99084 11
101082 25 
101168 75 
101576 72 
101576 70 
102144 80 
102264 83 
102984 64 
103692 256 
103810 63 
103930 151 
103930 69 
103996 93 
105463 103 
105463 101 
106268 100 
106268 5
106268 1525
106268 10
108268 25 
108352 75 
108757 72 
108757 70 
109328 80 
109447 83 
109687 64 
109809 256 
109941 62 
110061 151 
110061 69 
110128 93 
111477 91 
111590 103 
111590 101 
112399 100 
112399 5
112399 1525
112399 10
114399 25 
114478 75 
114881 72 
114881 70 
115472 80 
115592 83 
116165 64 
117004 61 
117124 151 
117124 69 
117192 93 
118657 103 
118657 101 
119464 100 
119464 5
119464 1525
119464 11
121464 25 
121543 75 
121947 72 
121947 70 
122789 80 
122975 83 
124028 64 
124230 256 
124414 62 
124614 150 
124614 68 
124614 65
124686 92 
125146 90 
126142 103 
126142 101 
126652 100 
126652 5
126652 1525
126652 11
128653 25 
128732 75 
129139 72 
129139 70 
129892 80 
130079 83 
130265 64 
130467 256 
130585 62 
130785 150 
130785 68 
130785 65
130856 92 
132319 103 
132319 101 
132823 100 
132823 5
132823 1525
132823 10
134823 25 
134896 75 
135298 72 
135298 70 
136063 80 
136249 83 
137076 64 
137454 256 
137649 63 
137849 150 
137849 68 
137849 65
137923 92 
139381 103 
139381 101 
139887 100 
139887 5
139887 1525
139887 11
141888 25 
141960 75 
142365 72 
142365 70 
143113 80 
143300 83 
144712 64 
145034 256 
145219 62 
145339 150 
145339 68 
145339 65
145407 92 
146604 90 
146870 103 
146870 101 
147377 100 
147377 5
147377 1525
147377 10
149377 25 
149450 75 
149851 72 
149851 70 
150577 80 
150697 83 
152656 64 
152897 256 
153269 63 
153402 152 
153402 69 
153470 93 
154934 103 
154934 101 
155741 100 
155741 5
155741 1525
155741 10
157742 25 
157824 75 
159218 73 
159621 72 
159621 70 
160199 80 
160319 83 
161159 64 
161880 61 
162012 151 
162012 69 
162080 93 
162465 91 
163547 103 
163547 101 
164350 100 
164350 5
164350 1525
164350 11
166351 25 
166429 75 
166835 72 
166835 70 
167423 80 
167543 83 
168449 64 
168691 256 
168809 62 
168929 150 
168929 68 
168929 65
169000 92 
170462 103 
170462 101 
170968 100 
170968 5
170968 1525
170968 11
172968 25 
173040 75 
173444 72 
173444 70 
174007 80 
174260 250 
174980 76 
175819 76 
175939 83 
176179 64 
176421 256 
176539 62 
176659 150 
176659 68 
176659 65
176735 92 
178190 103 
178190 101 
178699 100 
178699 5
178699 1525
178699 10
180699 25 
180772 75 
181173 72 
181173 70 
181737 80 
181857 83 
182097 64 
182338 256 
182456 63 
182576 150 
182576 68 
182576 65
182651 92 
184105 103 
184105 101 
184617 100 
184617 5
184617 1525
184617 10
186617 25 
186687 75 
187091 72 
187091 70 
187681 80 
187801 83 
188162 64 
188402 256 
188520 63 
188654 150 
188654 68 
188654 65
188725 92 
190186 103 
190186 101 
190696 100 
190696 5
190696 1525
190696 11
192695 25 
192778 75 
193185 72 
193185 70 
193785 80 
193905 83 
194478 64 
194600 256 
194718 62 
194838 150 
194838 68 
194838 65
194908 92 
196372 103 
196372 101 
196877 100 
196877 5
196877 1525
196877 11
198877 25 
198954 75 
199361 72 
199361 70 
199942 80 
200062 83 
202435 64 
204715 256 
204834 61 
204967 151 
204967 69 
205031 93 
206502 103 
206502 101 
207319 100 
207319 5
207319 1525
207319 10
209318 25 
209398 75 
209805 72 
209805 70 
210378 80 
210498 83 
211071 64 
212645 256 
212764 61 
212883 151 
212883 69 
212947 93 
213694 91 
214415 103 
214415 101 
215222 100 
215222 5
215222 1525
215222 11
217222 25 
217303 75 
217706 72 
217706 70 
218294 80 
218414 83 
218654 64 
218776 256 
218894 62 
219014 150 
219014 68 
219014 65
219088 92 
220543 103 
220543 101 
221053 100 
221053 5
221053 1525
221053 11
223053 25 
223127 75 
223534 72 
223534 70 
224132 80 
224252 83 
224372 64 
224614 256 
224852 62 
224985 150 
224985 68 
224985 65
225054 92 
226515 103 
226515 101 
227024 100 
227024 5
227024 1525
227024 11
229023 25 
229096 75 
229503 72 
229503 70 
230089 80 
230209 83 
230329 64 
230571 256 
230689 62 
230809 150 
230809 68 
230809 65
230878 92 
232337 103 
232337 101 
232848 100 
232848 5
232848 1525
232848 11
234850 25 
234933 75 
235334 72 
235334 70 
235914 80 
236033 83 
236153 64 
236275 256 
236513 62 
236633 150 
236633 68 
236633 65
236706 92 
237814 90 
238166 103 
238166 101 
238673 100 
238673 5
238673 1525
238673 11
240672 25 
240744 75 
241151 72 
241151 70 
241724 80 
241844 83 
242084 64 
242326 62 
242444 150 
242444 68 
242444 65
242520 92 
243978 103 
243978 101 
244486 100 
244486 5
244486 1525
244486 10
246484 25 
246557 75 
246960 72 
246960 70 
247549 80 
247669 83 
247908 76 
248495 64 
248736 256 
248868 63 
248988 150 
248988 68 
248988 65
249060 92 
250516 103 
250516 101 
251026 100 
251026 5
251026 1525
251026 10
253026 25 
253104 75 
253509 72 
253509 70 
254412 80 
254612 250 
256720 76 
256840 83 
257504 64 
257826 256 
257944 63 
258064 150 
258064 68 
258064 65
258135 92 
259594 103 
259594 101 
260103 100 
260103 6
260103 1525
260103 10
260103 78 
262102 25 
262175 75 
262581 72 
262581 70 
263155 80 
263275 83 
263515 64 
263877 256 
264715 63 
264835 150 
264835 68 
264835 65
264904 92 
266362 103 
266362 101 
266873 100 
266873 6
266873 1525
266873 10
268873 25 
268947 75 
269349 72 
269349 70 
269926 80 
270046 83 
273657 64 
274139 256 
274257 62 
274377 151 
274377 69 
274453 93 
275086 91 
275911 103 
275911 101 
276715 100 
276715 6
276715 1525
276715 10
278717 25 
278795 75 
278998 73 
279299 72 
279299 70 
279868 80 
279988 83 
280575 64 
281296 256 
281414 61 
281534 153 
281534 68 
281534 65
281601 92 
281976 90 
283067 103 
283067 101 
283575 100 
283575 6
283575 1525
283575 10
285574 25 
285645 75 
286051 72 
286051 70 
286639 80 
286759 83 
286892 64 
287133 256 
287252 61 
287385 151 
287385 69 
287456 93 
288307 91 
288862 91 
288915 103 
288915 101 
289725 100 
289725 6
289725 1525
289725 11
291725 25 
291807 75 
292210 72 
292210 70 
292796 80 
292916 83 
293156 64 
293277 256 
293396 62 
293516 151 
293516 69 
293582 93 
295047 103 
295047 101 
295853 100 
295853 6
295853 1525
295853 10
297854 25 
297938 75 
298345 72 
298345 70 
298913 80 
299035 83 
300393 64 
300888 256 
301019 61 
301140 151 
301140 69 
301207 93 
302669 103 
302669 101 
303478 100 
303478 6
303478 1525
303478 10
305479 25 
305557 75 
305876 73 
306182 72 
306182 70 
306777 80 
306897 83 
308149 64 
308764 256 
308882 63 
309002 150 
309002 68 
309002 65
309072 92 
309608 90 
310531 103 
310531 101 
311042 100 
311042 6
311042 1525
311042 11
313042 25 
313132 75 
313536 72 
313536 70 
314094 80 
314213 83 
314573 64 
314948 256 
315066 62 
315200 151 
315200 69 
315268 93 
316358 91 
316686 91 
316735 103 
316735 101 
317552 100 
317552 6
317552 1525
317552 11
319551 25 
319631 75 
320035 72 
320035 70 
320611 80 
320731 83 
327048 64 
327410 256 
327528 63 
327661 151 
327661 69 
327732 93 
328157 91 
328218 91 
329195 103 
329195 101 
330002 100 
330002 6
330002 1525
330002 11
332000 25 
332079 75 
332481 72 
332481 70 
333059 80 
333179 83 
333858 64 
334473 256 
334605 61 
334725 150 
334725 68 
334725 65
334794 92 
335156 90 
336255 103 
336255 101 
336763 100 
336763 6
336763 1525
336763 11
338764 25 
338836 75 
339236 72 
339236 70 
339803 80 
339923 83 
340043 64 
340297 256 
340429 61 
340562 150 
340562 68 
340562 65
340632 92 
340985 90 
342092 103 
342092 101 
342600 100 
342600 6
342600 1525
342600 10
344602 25 
344674 75 
345077 72 
345077 70 
345640 80 
345760 83 
346560 64 
347041 256 
347160 63 
347279 152 
347279 69 
347347 93 
348811 103 
348811 101 
349619 100 
349619 6
349619 1525
349619 10
351618 25 
353006 75 
353162 73 
353563 72 
353563 70 
354490 80 
354676 83 
354863 64 
355064 256 
356062 61 
356262 151 
356262 69 
356329 93 
356732 91 
357796 103 
357796 101 
358603 100 
358603 6
358603 1525
358603 11
360601 25 
360680 75 
361083 72 
361083 70 
361820 80 
361940 83 
362500 64 
363074 256 
363259 61 
363379 150 
363379 68 
363379 65
363449 92 
363840 90 
364911 103 
364911 101 
365417 100 
365417 6
365417 1525
365417 11
367417 25 
367497 75 
367905 72 
367905 70 
368657 80 
368857 250 
369550 76 
370430 76 
371311 76 
371509 83 
371629 64 
371817 256 
372002 61 
372202 150 
372202 68 
372202 65
372272 92 
372637 90 
373733 103 
373733 101 
374240 100 
374240 6
374240 1525
374240 10
376241 25 
376318 75 
376720 72 
376720 70 
377480 80 
377667 83 
378546 64 
378748 256 
378866 63 
379066 150 
379066 68 
379066 65
379135 92 
380595 103 
380595 101 
381104 100 
381104 6
381104 1525
381104 10
383105 25 
383182 75 
383589 72 
383589 70 
384384 80 
384570 83 
385250 64 
385758 256 
385943 63 
386143 150 
386143 68 
386143 65
386212 92 
387672 103 
387672 101 
388181 100 
388181 6
388181 1525
388181 10
390185 25 
390272 75 
390457 73 
390519 73 
390824 72 
390824 70 
391567 80 
391754 83 
392247 64 
392755 256 
392940 61 
393140 151 
393140 69 
393207 93 
393563 91 
394236 91 
394670 103 
394670 101 
395479 100 
395479 6
395479 1525
395479 10
397479 25 
397557 75 
397962 72 
397962 70 
398711 80 
398897 83 
399457 64 
400019 256 
400217 61 
400337 151 
400337 69 
400403 93 
400816 91 
401870 103 
401870 101 
402676 100 
402676 6
402676 1525
402676 11
404675 25 
404754 75 
405157 72 
405157 70 
405895 80 
406081 83 
406961 64 
407522 256 
408013 61 
408213 150 
408213 68 
408213 65
408277 92 
408754 90 
409744 103 
409744 101 
410252 100 
410252 6
410252 1525
410252 11
412252 25 
412329 75 
412735 72 
412735 70 
413518 80 
413704 83 
414078 64 
414386 256 
414504 61 
414704 152 
414704 69 
414776 93 
415147 91 
415827 91 
416213 91 
416232 103 
416232 101 
417043 100 
417043 6
417043 1525
417043 11
419043 25 
419122 75 
419524 72 
419524 70 
420262 80 
420382 83 
420941 64 
421130 256 
421328 61 
421528 150 
421528 68 
421528 65
421597 92 
422051 90 
423062 103 
423062 101 
423579 100 
423579 6
423579 1525
423579 10
425582 25 
425658 75 
426066 72 
426066 70 
426805 80 
426992 83 
427179 64 
427434 256 
427552 63 
427685 150 
427685 68 
427685 65
427756 92 
429219 103 
429219 101 
429729 100 
429729 6
429729 1525
429729 11
431728 25 
431810 75 
432215 72 
432215 70 
432790 80 
432910 83 
433256 64 
433751 256 
433869 61 
433989 150 
433989 68 
433989 65
434062 92 
434433 90 
435518 103 
435518 101 
436030 100 
436030 6
436030 1525
436030 10
438028 25 
438105 75 
438509 72 
438509 70 
439107 80 
439227 83 
439920 64 
440175 256 
440293 63 
440413 150 
440413 68 
440413 65
440487 92 
441943 103 
441943 101 
442453 100 
442453 6
442453 1525
442453 11
444454 25 
444524 75 
444931 72 
444931 70 
445504 80 
445624 83 
447397 64 
447758 256 
447876 62 
447996 151 
447996 69 
448072 93 
448717 91 
449534 103 
449534 101 
450349 100 
450349 6
450349 1525
450349 11
452349 25 
452432 75 
452835 72 
452835 70 
453394 80 
453527 83 
453994 64 
454609 61 
454727 150 
454727 68 
454727 65
454797 92 
455228 90 
456259 103 
456259 101 
456766 100 
456766 6
456766 1525
456766 10
458765 25 
458838 75 
459240 72 
459240 70 
459818 80 
459938 83 
460418 64 
462219 256 
462337 63 
462457 150 
462457 68 
462457 65
462527 92 
463991 103 
463991 101 
464509 100 
464509 6
464509 1525
464509 10
466509 25 
466881 75 
467283 72 
467283 70 
467855 80 
467975 83 
468095 64 
468700 256 
468828 63 
468948 150 
468948 68 
468948 65
469018 92 
470482 103 
470482 101 
470986 100 
470986 6
470986 1525
470986 11
472986 25 
473060 75 
473462 72 
473462 70 
474052 80 
474172 83 
474292 64 
474653 256 
474892 61 
475013 150 
475013 68 
475013 65
475081 92 
475563 90 
476543 103 
476543 101 
477052 100 
477052 6
477052 1525
477052 11
479052 25 
479141 75 
479542 72 
479542 70 
480116 80 
480236 83 
480702 64 
480824 256 
480942 61 
481062 152 
481062 69 
481130 93 
482013 91 
482316 91 
482593 103 
482593 101 
483400 100 
483400 6
483400 1525
483400 10
485401 25 
485480 75 
485885 72 
485885 70 
486447 80 
486567 83 
486913 64 
487168 256 
487406 63 
487526 150 
487526 68 
487526 65
487599 92 
489059 103 
489059 101 
489564 100 
489564 6
489564 1525
489564 10
491564 25 
491637 75 
492042 72 
492042 70 
492617 80 
492737 83 
492977 64 
493219 63 
493350 150 
493350 68 
493350 65
493419 92 
494882 103 
494882 101 
495388 100 
495388 4
495388 1525
495388 11
495388 78 
497390 25 
497461 75 
497864 72 
497864 70 
498428 80 
498548 83 
499028 64 
499509 256 
499628 61 
499748 150 
499748 68 
499748 65
499830 92 
500245 90 
501294 103 
501294 101 
501805 100 
501805 4
501805 1525
501805 10
503804 25 
503890 75 
504292 72 
504292 70 
504892 80 
505012 83 
505479 64 
505720 256 
505838 63 
505958 151 
505958 69 
506029 93 
507488 103 
507488 101 
508298 100 
508298 4
508298 1525
508298 11
510299 25 
510376 75 
510783 72 
510783 70 
511356 80 
511476 83 
511929 64 
512531 256 
512649 61 
512782 150 
512782 68 
512782 65
512851 92 
513228 90 
514315 103 
514315 101 
514821 100 
514821 4
514821 1525
514821 10
516822 25 
516898 75 
517300 72 
517300 70 
517887 80 
518007 83 
518473 64 
519701 256 
519819 63 
519952 151 
519952 69 
520019 93 
521486 103 
521486 101 
522291 100 
522291 4
522291 1525
522291 11
524291 25 
524378 75 
524779 72 
524779 70 
525377 80 
525497 83 
525977 64 
526750 61 
526869 150 
526869 68 
526869 65
526938 92 
527442 90 
528404 103 
528404 101 
528921 100 
528921 4
528921 1525
528921 11
530922 25 
530998 75 
531400 72 
531400 70 
532121 80 
532240 83 
532361 64 
532722 256 
532840 61 
532974 150 
532974 68 
532974 65
533045 92 
533494 90 
534507 103 
534507 101 
535011 100 
535011 4
535011 1525
535011 10
537012 25 
537089 75 
537494 72 
537494 70 
538091 80 
538211 83 
538571 64 
538826 63 
538958 151 
538958 69 
539028 93 
540492 103 
540492 101 
541296 100 
541296 4
541296 1525
541296 11
543298 25 
543375 75 
543782 72 
543782 70 
544355 80 
544475 83 
544835 64 
545077 256 
545195 61 
545315 150 
545315 68 
545315 65
545387 92 
545822 90 
546846 103 
546846 101 
547355 100 
547355 4
547355 1525
547355 10
549353 25 
549432 75 
549837 72 
549837 70 
550420 80 
550539 83 
551566 64 
551941 256 
552179 62 
552299 152 
552299 69 
552368 93 
552788 91 
553833 103 
553833 101 
554638 100 
554638 4
554638 1525
554638 10
556639 25 
556718 75 
557121 72 
557121 70 
557696 80 
557816 83 
558269 64 
559364 61 
559482 151 
559482 69 
559548 93 
560148 91 
561015 103 
561015 101 
561827 100 
561827 4
561827 1525
561827 10
563826 25 
565262 75 
565667 72 
565667 70 
566239 80 
566359 83 
566839 64 
567321 256 
567439 61 
567559 151 
567559 69 
567627 93 
568533 91 
568896 91 
569094 103 
569094 101 
569912 100 
569912 4
569912 1525
569912 10
571910 25 
571994 75 
572396 72 
572396 70 
572970 80 
573090 83 
573663 64 
574264 256 
574383 61 
574504 151 
574504 69 
574574 93 
575004 91 
575903 91 
576031 103 
576031 101 
576842 100 
576842 4
576842 1525
576842 11
578842 25 
578925 75 
579336 72 
579336 70 
579900 80 
580020 83 
580700 64 
581061 256 
581180 61 
581313 150 
581313 68 
581313 65
581382 92 
581842 90 
582842 103 
582842 101 
583353 100 
583353 4
583353 1525
583353 10
585352 25 
585584 75 
585988 72 
585988 70 
586564 80 
586684 83 
587750 64 
587992 256 
588110 63 
588230 151 
588230 69 
588305 93 
589760 103 
589760 101 
590570 100 
590570 4
590570 1525
590570 10
592568 25 
592647 75 
593050 72 
593050 70 
593628 80 
593748 83 
594427 64 
595029 256 
595147 61 
595280 153 
595280 68 
595280 65
595354 92 
595800 90 
596811 103 
596811 101 
597318 100 
597318 4
597318 1525
597318 11
599323 25 
599409 75 
599813 72 
599813 70 
600425 80 
600545 83 
602837 64 
603199 256 
603317 61 
603450 150 
603450 68 
603450 65
603533 92 
603907 90 
604996 103 
604996 101 
605502 100 
605502 4
605502 1525
605502 11
607502 25 
607576 75 
607982 72 
607982 70 
608581 80 
608941 250 
609647 76 
610487 76 
610607 83 
610727 64 
610982 256 
611100 61 
611220 150 
611220 68 
611220 65
611289 92 
611732 90 
612750 103 
612750 101 
613258 100 
613258 4
613258 1525
613258 10
615259 25 
615331 75 
615737 72 
615737 70 
616313 80 
616431 83 
617124 64 
619658 256 
619776 61 
619910 151 
619910 69 
619982 93 
620349 91 
621024 91 
621343 91 
621444 103 
621444 101 
622252 100 
622252 4
622252 1525
622252 11
624250 25 
624329 75 
624730 72 
624730 70 
625294 80 
625414 83 
625854 64 
626096 256 
626214 61 
626334 150 
626334 68 
626334 65
626405 92 
626845 90 
627864 103 
627864 101 
628377 100 
628377 4
628377 1525
628377 11
630379 25 
630463 75 
630867 72 
630867 70 
631452 80 
631571 83 
632105 64 
632413 256 
632611 61 
632811 150 
632811 68 
632811 65
632879 92 
633302 90 
634340 103 
634340 101 
634850 100 
634850 4
634850 1525
634850 11
636851 25 
637950 75 
638354 72 
638354 70 
639102 80 
639288 250 
639995 76 
641940 76 
642167 83 
642354 64 
642555 256 
642753 61 
642873 150 
642873 68 
642873 65
642944 92 
643445 90 
644401 103 
644401 101 
644913 100 
644913 4
644913 1525
644913 10
646912 25 
646989 75 
647394 72 
647394 70 
648151 80 
648338 83 
648711 64 
648899 256 
649217 63 
649417 153 
649417 68 
649417 65
649488 92 
650946 103 
650946 101 
651455 100 
651455 4
651455 1525
651455 11
653458 25 
653541 75 
653944 72 
653944 70 
654802 80 
654988 83 
655361 64 
655683 61 
655881 150 
655881 68 
655881 65
655952 92 
656372 90 
657415 103 
657415 101 
657934 100 
657934 4
657934 1525
657934 10
659934 25 
660007 75 
660413 72 
660413 70 
661175 80 
661372 83 
662025 64 
662267 256 
662385 63 
662625 151 
662625 69 
662696 93 
664154 103 
664154 101 
664963 100 
664963 4
664963 1525
664963 10
666963 25 
667044 75 
667449 72 
667449 70 
668023 80 
668143 83 
668489 64 
669569 61 
669702 151 
669702 69 
669769 93 
670321 91 
670879 91 
671054 91 
671236 103 
671236 101 
672054 100 
672054 4
672054 1525
672054 10
674054 25 
674133 75 
674534 72 
674534 70 
675100 80 
675219 83 
675793 64 
676159 256 
676286 61 
676419 151 
676419 69 
676489 93 
677266 91 
677952 103 
677952 101 
678757 100 
678757 4
678757 1525
678757 11
680759 25 
680838 75 
681240 72 
681240 70 
681817 80 
681937 83 
682165 64 
682405 256 
682523 61 
682656 150 
682656 68 
682656 65
682726 92 
683312 90 
684186 103 
684186 101 
684697 100 
684697 4
684697 1525
684697 11
686697 25 
686767 75 
687168 72 
687168 70 
687867 250 
688440 71 
688560 80 
688680 83 
689147 64 
689269 256 
689387 61 
689520 150 
689520 68 
689520 65
689590 92 
690345 90 
691053 103 
691053 101 
691557 100 
691557 4
691557 1525
691557 10
693558 25 
693631 75 
694036 72 
694036 70 
694625 80 
694744 83 
695104 64 
695346 256 
695478 63 
695611 151 
695611 69 
695683 93 
697144 103 
697144 101 
697948 100 
697948 4
697948 1525
697948 11
699951 25 
700030 75 
700437 72 
700437 70 
701022 80 
701142 250 
701875 76 
702714 76 
703674 76 
703794 83 
704039 64 
704289 256 
704407 61 
704527 150 
704527 68 
704527 65
704596 92 
705114 90 
706057 103 
706057 101 
706564 100 
706564 4
706564 1525
706564 10
708566 25 
708638 75 
709042 72 
709042 70 
709618 80 
709738 83 
710085 64 
712965 256 
713083 61 
713203 151 
713203 69 
713273 93 
713678 91 
714739 103 
714739 101 
715560 100 
715560 4
715560 1525
715560 11
717559 25 
717636 75 
718037 72 
718037 70 
718628 80 
718748 83 
718988 64 
719227 61 
719361 150 
719361 68 
719361 65
719433 92 
719861 90 
720889 103 
720889 101 
721398 100 
721398 4
721398 1525
721398 10
723400 25 
723794 75 
724200 72 
724200 70 
724772 80 
724892 83 
726251 64 
726493 256 
726611 63 
726744 151 
726744 69 
726816 93 
728277 103 
728277 101 
729082 100 
729082 4
729082 1525
729082 10
731084 25 
731162 75 
731565 72 
731565 70 
732155 80 
732275 83 
732848 64 
733210 256 
733328 61 
733461 151 
733461 69 
733536 93 
734851 91 
734993 103 
734993 101 
735800 100 
735800 4
735800 1525
735800 10
737800 25 
737884 75 
738291 72 
738291 70 
738859 80 
738979 83 
739792 64 
740753 61 
740871 151 
740871 69 
740935 93 
741747 91 
742394 91 
742405 103 
742405 101 
743210 100 
743210 4
743210 1525
743210 10
745212 25 
745289 75 
745692 72 
745692 70 
746269 80 
746389 83 
746869 64 
747470 256 
747589 61 
747709 151 
747709 69 
747777 93 
748453 91 
749236 103 
749236 101 
750048 100 
750048 4
750048 1525
750048 11
752048 25 
752145 75 
752684 73 
752990 72 
752990 70 
753559 80 
753679 83 
754039 64 
754174 256 
754292 61 
754426 150 
754426 68 
754426 65
754495 92 
755022 90 
755954 103 
755954 101 
756466 100 
756466 4
756466 1525
756466 11
758464 25 
758537 75 
758942 72 
758942 70 
759544 80 
759663 250 
760383 76 
761289 76 
762209 76 
763209 76 
763395 83 
763584 64 
763903 61 
764102 152 
764102 69 
764173 93 
765635 103 
765635 101 
766442 100 
766442 4
766442 1525
766442 11
768441 25 
768526 75 
768894 73 
769198 72 
769198 70 
769952 80 
770139 250 
771713 76 
771912 83 
772111 64 
772420 61 
772618 150 
772618 68 
772618 65
772687 92 
773130 90 
774147 103 
774147 101 
774655 100 
774655 4
774655 1525
774655 11
776658 25 
776729 75 
777131 72 
777131 70 
777869 80 
778069 250 
779295 76 
780175 76 
781361 76 
782374 76 
782560 83 
782747 64 
782948 256 
783067 61 
783267 150 
783267 68 
783267 65
783342 92 
784799 103 
784799 101 
785307 100 
785307 4
785307 1525
785307 10
787307 25 
787473 75 
787880 72 
787880 70 
788585 80 
788704 83 
789771 76 
789877 64 
790239 256 
790359 63 
790477 151 
790477 69 
790545 93 
792008 103 
792008 101 
792816 100 
792816 4
792816 1525
792816 11
794816 25 
794894 75 
795297 72 
795297 70 
795861 80 
795981 83 
798487 64 
799088 256 
799207 61 
799327 150 
799327 68 
799327 65
799396 92 
799801 90 
800855 103 
800855 101 
801366 100 
801366 4
801366 1525
801366 11
803365 25 
803444 75 
803847 72 
803847 70 
804431 80 
804551 83 
804671 64 
805033 256 
805151 61 
805271 150 
805271 68 
805271 65
805339 92 
805768 90 
806804 103 
806804 101 
807314 100 
807314 4
807314 1525
807314 10
809312 25 
809400 75 
809806 72 
809806 70 
810388 80 
810508 83 
810748 64 
812188 63 
812321 151 
812321 69 
812394 93 
813010 91 
813857 103 
813857 101 
814674 100 
814674 4
814674 1525
814674 10
816673 25 
816757 75 
817159 72 
817159 70 
817745 80 
817865 83 
818465 64 
820131 61 
820251 151 
820251 69 
820318 93 
820816 91 
821285 91 
821783 103 
821783 101 
822589 100 
822589 4
822589 1525
822589 11
824590 25 
825150 75 
825554 72 
825554 70 
826168 80 
826290 83 
826528 64 
826770 256 
826888 61 
827008 150 
827008 68 
827008 65
827079 92 
827553 90 
828538 103 
828538 101 
829048 100 
829048 4
829048 1525
829048 10
831050 25 
831510 75 
831910 72 
831910 70 
832739 71 
832859 80 
832979 83 
833685 64 
834405 63 
834525 151 
834525 69 
834594 93 
836059 103 
836059 101 
836868 100 
836868 4
836868 1525
836868 10
838867 25 
838943 75 
839344 72 
839344 70 
839909 80 
840029 83 
840829 64 
841670 256 
841788 61 
841908 153 
841908 68 
841908 65
841979 92 
842440 90 
843435 103 
843435 101 
843948 100 
843948 4
843948 1525
843948 11
845947 25 
846228 75 
846679 73 
847017 72 
847017 70 
847599 80 
847719 83 
848292 64 
848774 256 
848892 61 
849012 150 
849012 68 
849012 65
849081 92 
849489 90 
850542 103 
850542 101 
851052 100 
851052 4
851052 1525
851052 11
853051 25 
853123 75 
853526 72 
853526 70 
854117 80 
854237 83 
854356 64 
854718 61 
854850 150 
854850 68 
854850 65
854920 92 
856148 90 
856384 103 
856384 101 
856888 100 
856888 4
856888 1525
856888 10
858889 25 
858978 75 
859382 72 
859382 70 
859954 80 
860074 83 
860527 64 
860889 256 
861020 63 
861140 151 
861140 69 
861214 93 
862669 103 
862669 101 
863479 100 
863479 4
863479 1525
863479 10
865481 25 
865564 75 
865948 73 
866249 72 
866249 70 
866818 80 
866938 83 
867831 64 
868910 61 
869030 151 
869030 69 
869093 93 
869560 91 
870561 103 
870561 101 
871368 100 
871368 4
871368 1525
871368 10
873368 25 
873452 75 
873859 72 
873859 70 
874428 80 
874548 83 
876600 64 
877082 256 
877200 62 
877320 150 
877320 68 
877320 65
877389 92 
877820 90 
878852 103 
878852 101 
879359 100 
879359 4
879359 1525
879359 11
881359 25 
881437 75 
881839 72 
881839 70 
882438 80 
882558 83 
882798 64 
882919 256 
883037 61 
883157 150 
883157 68 
883157 65
883227 92 
883669 90 
884690 103 
884690 101 
885196 100 
885196 4
885196 1525
885196 11
887197 25 
887271 75 
887672 72 
887672 70 
888355 80 
888555 250 
889235 76 
890114 76 
891074 76 
893047 76 
893233 83 
893420 64 
893741 61 
893939 150 
893939 68 
893939 65
894009 92 
894428 90 
895472 103 
895472 101 
895978 100 
895978 4
895978 1525
895978 10
897978 25 
898050 75 
898454 72 
898454 70 
899217 80 
899417 83 
900270 64 
901032 256 
901230 62 
901350 150 
901350 68 
901350 65
901421 92 
901836 90 
902880 103 
902880 101 
903390 100 
903390 4
903390 1525
903390 10
905388 25 
905467 75 
905869 72 
905869 70 
906614 80 
907107 250 
907814 76 
908693 76 
908813 83 
909013 64 
909413 256 
909613 62 
909746 150 
909746 68 
909746 65
909818 92 
910222 90 
911273 103 
911273 101 
911786 100 
911786 4
911786 1525
911786 11
913785 25 
913857 75 
914261 72 
914261 70 
914944 80 
915130 83 
915504 64 
915696 256 
915890 61 
916090 152 
916090 69 
916158 93 
916666 91 
917619 103 
917619 101 
918430 100 
918430 4
918430 1525
918430 11
920430 25 
920514 75 
920915 72 
920915 70 
921688 80 
921874 83 
922061 64 
922941 61 
923140 150 
923140 68 
923140 65
923210 92 
923671 90 
924671 103 
924671 101 
925180 100 
925180 4
925180 1525
925180 11
927179 25 
927252 75 
927654 72 
927654 70 
928405 80 
928605 83 
929178 64 
929566 256 
929764 61 
929884 150 
929884 68 
929884 65
929953 92 
930409 90 
931415 103 
931415 101 
931923 100 
931923 4
931923 1525
931923 10
933926 25 
934013 75 
934419 72 
934419 70 
935215 80 
935402 83 
935588 64 
935910 256 
936108 62 
936308 150 
936308 68 
936308 65
936377 92 
936807 90 
937838 103 
937838 101 
938345 100 
938345 4
938345 1525
938345 10
940349 25 
940423 75 
940825 72 
940825 70 
941573 80 
941759 250 
942572 76 
943667 76 
945144 76 
946011 76 
946197 83 
946397 64 
946585 256 
946704 62 
946904 152 
946904 69 
946972 93 
947445 91 
948432 103 
948432 101 
949244 100 
949244 4
949244 1525
949244 11
951244 25 
951321 75 
951726 72 
951726 70 
952421 80 
952621 83 
952808 64 
953009 256 
953194 61 
953314 150 
953314 68 
953314 65
953383 92 
953754 90 
954843 103 
954843 101 
955355 100 
955355 4
955355 1525
955355 10
957352 25 
957430 75 
957831 72 
957831 70 
958579 80 
958765 83 
959072 64 
959766 256 
959951 61 
960085 151 
960085 69 
960153 93 
961621 103 
961621 101 
962436 100 
962436 4
962436 1525
962436 11
964438 25 
964515 75 
964920 72 
964920 70 
965482 80 
965602 83 
966082 64 
966564 256 
966682 61 
966802 150 
966802 68 
966802 65
966871 92 
967256 90 
968330 103 
968330 101 
968843 100 
968843 4
968843 1525
968843 11
970845 25 
970931 75 
971332 72 
971332 70 
971920 80 
972040 83 
973212 64 
973467 256 
973586 61 
973719 150 
973719 68 
973719 65
973789 92 
974209 90 
975247 103 
975247 101 
975758 100 
975758 4
975758 1525
975758 11
977757 25 
977830 75 
978237 72 
978237 70 
978837 80 
978957 83 
979076 64 
979318 256 
979436 61 
979570 150 
979570 68 
979570 65
979639 92 
981101 103 
981101 101 
981608 100 
981608 4
981608 1525
981608 11
983609 25 
983682 75 
984087 72 
984087 70 
984661 80 
984781 83 
985021 64 
985141 256 
985262 61 
985394 150 
985394 68 
985394 65
985466 92 
985914 90 
986924 103 
986924 101 
987433 100 
987433 2
987433 1525
987433 10
987433 78 
989433 25 
989509 75 
989645 73 
989950 72 
989950 70 
990538 80 
990658 83 
991138 64 
992339 256 
992471 62 
992591 151 
992591 69 
992664 93 
993145 91 
994121 103 
994121 101 
994931 100 
994931 2
994931 1525
994931 10
996933 25 
997015 75 
997422 72 
997422 70 
998002 80 
998122 83 
998362 64 
1001016 256 
1001480 62 
1001600 151 
1001600 69 
1001663 93 
1002126 91 
1003040 91 
1003131 103 
1003131 101 
1003940 100 
1003940 2
1003940 1525
1003940 10
1005939 25 
1006018 75 
1006421 72 
1006421 70 
1006985 80 
1007105 83 
1007678 64 
1009838 256 
1009970 61 
1010092 152 
1010092 69 
1010163 93 
1010615 91 
1011291 91 
1011622 103 
1011622 101 
1012428 100 
1012428 2
1012428 1525
1012428 11
1014428 25 
1014508 75 
1014913 72 
1014913 70 
1015488 80 
1015609 83 
1015847 64 
1016089 256 
1016207 61 
1016341 151 
1016341 69 
1016413 93 
1016790 91 
1017212 91 
1017778 91 
1017874 103 
1017874 101 
1018679 100 
1018679 2
1018679 1525
1018679 11
1020679 25 
1020758 75 
1021076 73 
1021381 72 
1021381 70 
1021965 80 
1022085 83 
1022445 64 
1022700 61 
1022818 151 
1022818 69 
1022886 93 
1023783 91 
1024157 91 
1024349 103 
1024349 101 
1025158 100 
1025158 2
1025158 1525
1025158 10
1027158 25 
1027240 75 
1027649 73 
1027953 72 
1027953 70 
1028549 80 
1028669 83 
1030121 64 
1030363 256 
1030481 63 
1030615 151 
1030615 69 
1030682 93 
1032145 103 
1032145 101 
1032954 100 
1032954 2
1032954 1525
1032954 10
1034955 25 
1035034 75 
1035436 72 
1035436 70 
1036026 80 
1036146 83 
1038225 64 
1039053 256 
1039184 63 
1039304 151 
1039304 69 
1039368 93 
1040838 103 
1040838 101 
1041645 100 
1041645 2
1041645 1525
1041645 10
1043643 25 
1044594 75 
1044999 72 
1044999 70 
1046035 71 
1046274 80 
1046394 83 
1046874 64 
1048555 256 
1048674 61 
1049035 150 
1049035 68 
1049035 65
1049105 92 
1049597 90 
1050561 103 
1050561 101 
1051071 100 
1051071 2
1051071 1525
1051071 11
1053071 25 
1053144 75 
1053548 72 
1053548 70 
1054138 80 
1054258 83 
1055204 64 
1055925 256 
1056057 61 
1056177 151 
1056177 69 
1056246 93 
1056606 91 
1057188 91 
1057709 103 
1057709 101 
1058516 100 
1058516 2
1058516 1525
1058516 11
1060515 25 
1060594 75 
1060995 72 
1060995 70 
1061988 80 
1062174 250 
1062868 76 
1063560 76 
1063760 83 
1063880 64 
1064082 256 
1064280 61 
1064480 151 
1064480 69 
1064548 93 
1064932 91 
1066019 103 
1066019 101 
1066834 100 
1066834 2
1066834 1525
1066834 10
1068833 25 
1068911 75 
1069311 72 
1069311 70 
1070091 80 
1070278 83 
1072090 64 
1073398 256 
1073596 61 
1073796 150 
1073796 68 
1073796 65
1073865 92 
1074308 90 
1075323 103 
1075323 101 
1075834 100 
1075834 2
1075834 1525
1075834 11
1077834 25 
1077925 75 
1078378 73 
1078682 72 
1078682 70 
1079434 80 
1079740 250 
1081500 76 
1082646 76 
1082846 83 
1082965 64 
1083167 256 
1083365 61 
1083552 151 
1083552 69 
1083618 93 
1085021 91 
1085085 103 
1085085 101 
1085889 100 
1085889 2
1085889 1525
1085889 10
1087893 25 
1087974 75 
1088313 73 
1088615 72 
1088615 70 
1089403 80 
1089616 83 
1090109 64 
1090604 256 
1090802 61 
1091002 150 
1091002 68 
1091002 65
1091074 92 
1091484 90 
1092541 103 
1092541 101 
1093053 100 
1093053 2
1093053 1525
1093053 11
1095059 25 
1095134 75 
1095537 72 
1095537 70 
1096306 80 
1096493 250 
1097373 76 
1098119 76 
1098920 76 
1099039 83 
1099239 64 
1099467 256 
1099652 61 
1099838 151 
1099838 69 
1099908 93 
1100408 91 
1101373 103 
1101373 101 
1102178 100 
1102178 2
1102178 1525
1102178 10
1104178 25 
1104256 75 
1104659 72 
1104659 70 
1105356 80 
1105543 83 
1105916 64 
1106889 61 
1107009 152 
1107009 69 
1107076 93 
1107452 91 
1107811 91 
1108332 91 
1108538 103 
1108538 101 
1109348 100 
1109348 2
1109348 1525
1109348 11
1111347 25 
1111427 75 
1111830 72 
1111830 70 
1112593 80 
1112780 83 
1112966 64 
1113167 256 
1113366 61 
1113499 151 
1113499 69 
1113567 93 
1115029 103 
1115029 101 
1115837 100 
1115837 2
1115837 1525
1115837 11
1117838 25 
1117917 75 
1118321 72 
1118321 70 
1118897 80 
1119017 83 
1119257 64 
1119498 256 
1119630 61 
1119750 151 
1119750 69 
1119820 93 
1120454 91 
1121232 91 
1121282 103 
1121282 101 
1122088 100 
1122088 2
1122088 1525
1122088 10
1124088 25 
1124172 75 
1124580 72 
1124580 70 
1125174 80 
1125294 83 
1127013 64 
1127261 256 
1127387 62 
1127520 151 
1127520 69 
1127589 93 
1129052 103 
1129052 101 
1129858 100 
1129858 2
1129858 1525
1129858 10
1131860 25 
1131937 75 
1132344 72 
1132344 70 
1132931 80 
1133051 83 
1133637 64 
1134837 256 
1135210 63 
1135330 151 
1135330 69 
1135400 93 
1136858 103 
1136858 101 
1137669 100 
1137669 2
1137669 1525
1137669 11
1139669 25 
1140315 75 
1140717 72 
1140717 70 
1141314 80 
1141434 83 
1141794 64 
1142395 256 
1142647 61 
1142767 151 
1142767 69 
1142837 93 
1143500 91 
1143885 91 
1144303 103 
1144303 101 
1145117 100 
1145117 2
1145117 1525
1145117 10
1147118 25 
1147202 75 
1147609 72 
1147609 70 
1148204 80 
1148324 83 
1149630 64 
1150233 256 
1150363 61 
1150497 150 
1150497 68 
1150497 65
1150567 92 
1151011 90 
1152029 103 
1152029 101 
1152536 100 
1152536 2
1152536 1525
1152536 11
1154536 25 
1154614 75 
1154869 73 
1155037 73 
1155338 72 
1155338 70 
1155921 80 
1157121 250 
1157960 76 
1158920 76 
1159040 83 
1159160 64 
1159401 256 
1159520 61 
1159640 151 
1159640 69 
1159709 93 
1160353 91 
1160689 91 
1161169 103 
1161169 101 
1161977 100 
1161977 2
1161977 1525
1161977 11
1163979 25 
1164057 75 
1164462 72 
1164462 70 
1165077 80 
1165197 83 
1165557 64 
1166638 256 
1167958 61 
1168076 151 
1168076 69 
1168146 93 
1168721 91 
1169413 91 
1169605 103 
1169605 101 
1170413 100 
1170413 2
1170413 1525
1170413 11
1172415 25 
1172495 75 
1172899 72 
1172899 70 
1173474 80 
1173594 83 
1173953 64 
1174675 256 
1174913 61 
1175033 151 
1175033 69 
1175094 93 
1175515 91 
1176562 103 
1176562 101 
1177372 100 
1177372 2
1177372 1525
1177372 10
1179375 25 
1179457 75 
1179745 73 
1180050 72 
1180050 70 
1180617 80 
1180737 83 
1181297 64 
1182018 61 
1182137 150 
1182137 68 
1182137 65
1182209 92 
1182733 90 
1183669 103 
1183669 101 
1184174 100 
1184174 2
1184174 1525
1184174 10
1186175 25 
1186254 75 
1186660 72 
1186660 70 
1187241 80 
1187361 83 
1187961 64 
1188322 256 
1188454 61 
1188587 150 
1188587 68 
1188587 65
1188656 92 
1189053 90 
1190115 103 
1190115 101 
1190625 100 
1190625 2
1190625 1525
1190625 10
1192626 25 
1192704 75 
1193108 72 
1193108 70 
1193692 80 
1193812 250 
1195384 76 
1195504 83 
1195984 64 
1196226 256 
1196344 61 
1196464 152 
1196464 69 
1196533 93 
1197122 91 
1197473 91 
1197659 91 
1197993 103 
1197993 101 
1198802 100 
1198802 2
1198802 1525
1198802 10
1200803 25 
1200881 75 
1201284 72 
1201284 70 
1201848 80 
1201968 83 
1202435 64 
1202694 256 
1202821 61 
1202941 150 
1202941 68 
1202941 65
1203013 92 
1203455 90 
1204469 103 
1204469 101 
1204979 100 
1204979 2
1204979 1525
1204979 10
1206979 25 
1207057 75 
1207462 72 
1207462 70 
1208045 80 
1208166 250 
1208898 76 
1209032 83 
1209152 64 
1209393 256 
1209512 61 
1209632 150 
1209632 68 
1209632 65
1209708 92 
1210091 90 
1211165 103 
1211165 101 
1211672 100 
1211672 2
1211672 1525
1211672 11
1213671 25 
1213743 75 
1214152 72 
1214152 70 
1215136 80 
1215322 83 
1215815 64 
1217562 63 
1217681 150 
1217681 68 
1217681 65
1217753 92 
1219215 103 
1219215 101 
1219720 100 
1219720 2
1219720 1525
1219720 11
1221722 25 
1221799 75 
1222204 72 
1222204 70 
1222959 80 
1223146 83 
1223332 64 
1223534 256 
1223652 63 
1223852 150 
1223852 68 
1223852 65
1223924 92 
1224614 90 
1225384 103 
1225384 101 
1225891 100 
1225891 2
1225891 1525
1225891 11
1227891 25 
1227964 75 
1228372 72 
1228372 70 
1229116 80 
1229303 83 
1229490 64 
1229798 256 
1229996 63 
1230196 150 
1230196 68 
1230196 65
1230265 92 
1231730 103 
1231730 101 
1232238 100 
1232238 2
1232238 1525
1232238 10
1234237 25 
1234307 75 
1234711 72 
1234711 70 
1235474 80 
1235594 83 
1236833 64 
1237035 256 
1237153 61 
1237353 150 
1237353 68 
1237353 65
1237425 92 
1237860 90 
1238884 103 
1238884 101 
1239392 100 
1239392 2
1239392 1525
1239392 10
1241394 25 
1241482 75 
1241887 72 
1241887 70 
1242644 80 
1242831 83 
1242951 64 
1244019 256 
1244137 61 
1244337 150 
1244337 68 
1244337 65
1244408 92 
1244805 90 
1245864 103 
1245864 101 
1246374 100 
1246374 2
1246374 1525
1246374 11
1248376 25 
1248452 75 
1248858 72 
1248858 70 
1249601 80 
1249721 83 
1250094 64 
1250296 256 
1250494 63 
1250614 150 
1250614 68 
1250614 65
1250685 92 
1252148 103 
1252148 101 
1252665 100 
1252665 2
1252665 1525
1252665 11
1254666 25 
1254740 75 
1255143 72 
1255143 70 
1255905 80 
1256092 83 
1257065 64 
1257453 256 
1257638 61 
1257838 151 
1257838 69 
1257908 93 
1258315 91 
1258387 91 
1258712 91 
1259155 91 
1259372 103 
1259372 101 
1260179 100 
1260179 2
1260179 1525
1260179 10
1262178 25 
1262255 75 
1262657 72 
1262657 70 
1263369 80 
1263488 83 
1264501 64 
1264743 256 
1264861 63 
1264981 151 
1264981 69 
1265049 93 
1265555 91 
1265903 91 
1266368 91 
1266515 103 
1266515 101 
1267320 100 
1267320 2
1267320 1525
1267320 11
1269319 25 
1269399 75 
1269803 72 
1269803 70 
1270366 80 
1270486 83 
1270952 64 
1272033 61 
1272151 151 
1272151 69 
1272216 93 
1272778 91 
1273181 91 
1273654 91 
1273683 103 
1273683 101 
1274489 100 
1274489 2
1274489 1525
1274489 10
1276492 25 
1276570 75 
1276971 72 
1276971 70 
1277549 80 
1277669 83 
1278242 64 
1278724 256 
1278844 61 
1278962 150 
1278962 68 
1278962 65
1279031 92 
1279464 90 
1280495 103 
1280495 101 
1281001 100 
1281001 2
1281001 1525
1281001 11
1283001 25 
1283073 75 
1283476 72 
1283476 70 
1284040 80 
1284160 83 
1284746 64 
1285001 256 
1285119 61 
1285239 151 
1285239 69 
1285306 93 
1286771 103 
1286771 101 
1287577 100 
1287577 2
1287577 1525
1287577 11
1289579 25 
1289663 75 
1290066 72 
1290066 70 
1290650 80 
1290770 83 
1291370 64 
1291971 256 
1292090 61 
1292210 153 
1292210 68 
1292210 65
1292274 92 
1292697 90 
1293744 103 
1293744 101 
1294248 100 
1294248 2
1294248 1525
1294248 10
1296250 25 
1296321 75 
1296728 72 
1296728 70 
1297327 80 
1297447 83 
1298247 64 
1298862 61 
1298980 150 
1298980 68 
1298980 65
1299052 92 
1299454 90 
1300509 103 
1300509 101 
1301020 100 
1301020 2
1301020 1525
1301020 10
1303018 25 
1303091 75 
1303496 72 
1303496 70 
1304071 80 
1304191 83 
1304778 64 
1305035 256 
1305151 61 
1305284 150 
1305284 68 
1305284 65
1305356 92 
1305741 90 
1306812 103 
1306812 101 
1307323 100 
1307323 2
1307323 1525
1307323 11
1309323 25 
1309395 75 
1309799 72 
1309799 70 
1310375 80 
1310495 83 
1311095 64 
1311336 256 
1311455 61 
1311575 153 
1311575 68 
1311575 65
1311645 92 
1312073 90 
1313102 103 
1313102 101 
1313615 100 
1313615 2
1313615 1525
1313615 10
1315614 25 
1315690 75 
1316096 72 
1316096 70 
1316679 80 
1316799 83 
1317372 64 
1319413 256 
1319545 61 
1319665 150 
1319665 68 
1319665 65
1319734 92 
1320111 90 
1321199 103 
1321199 101 
1321717 100 
1321717 2
1321717 1525
1321717 11
1323717 25 
1323794 75 
1324202 72 
1324202 70 
1324796 80 
1324916 83 
1325382 64 
1325744 256 
1325862 61 
1325982 151 
1325982 69 
1326049 93 
1326482 91 
1327027 91 
1327259 91 
1327511 103 
1327511 101 
1328321 100 
1328321 2
1328321 1525
1328321 10
1330321 25 
1330547 75 
1330950 72 
1330950 70 
1331513 80 
1331633 83 
1332206 64 
1332687 256 
1332806 61 
1332926 150 
1332926 68 
1332926 65
1332998 92 
1333440 90 
1334458 103 
1334458 101 
1334966 100 
1334966 2
1334966 1525
1334966 10
1336965 25 
1337041 75 
1337443 72 
1337443 70 
1338017 80 
1338137 83 
1338723 64 
1338978 61 
1339110 150 
1339110 68 
1339110 65
1339179 92 
1340638 103 
1340638 101 
1341148 100 
1341148 2
1341148 1525
1341148 11
1343149 25 
1343222 75 
1343624 72 
1343624 70 
1344227 80 
1344347 83 
1345040 64 
1345535 61 
1345667 151 
1345667 69 
1345739 93 
1347197 103 
1347197 101 
1348004 100 
1348004 2
1348004 1525
1348004 11
1350006 25 
1350089 75 
1350490 72 
1350490 70 
1351064 80 
1351185 83 
1351771 64 
1352732 256 
1352850 61 
1352984 151 
1352984 69 
1353052 93 
1354517 103 
1354517 101 
1355322 100 
1355322 2
1355322 1525
1355322 11
1357323 25 
1357401 75 
1357852 73 
1358157 72 
1358157 70 
1358741 80 
1358875 83 
1359114 64 
1359716 256 
1359834 61 
1359967 151 
1359967 69 
1360036 93 
1361309 91 
1361499 103 
1361499 101 
1362305 100 
1362305 2
1362305 1525
1362305 10
1364306 25 
1364391 75 
1364794 72 
1364794 70 
1365645 80 
1365831 83 
1366018 64 
1366526 256 
1366725 61 
1366938 150 
1366938 68 
1366938 65
1367007 92 
1367433 90 
1368470 103 
1368470 101 
1368976 100 
1368976 2
1368976 1525
1368976 10
1370977 25 
1371562 75 
1371968 72 
1371968 70 
1372722 80 
1372922 83 
1373044 64 
1373363 256 
1373748 61 
1373948 150 
1373948 68 
1373948 65
1374015 92 
1374466 90 
1375477 103 
1375477 101 
1375986 100 
1375986 2
1375986 1525
1375986 11
1377988 25 
1378064 75 
1378470 72 
1378470 70 
1379173 80 
1379292 83 
1379652 64 
1380014 256 
1380132 61 
1380252 151 
1380252 69 
1380319 93 
1381432 91 
1381786 103 
1381786 101 
1382589 100 
1382589 2
1382589 1525
1382589 11
1384593 25 
1384674 75 
1385076 72 
1385076 70 
1385690 80 
1385810 83 
1386289 64 
1386891 256 
1387009 61 
1387142 153 
1387142 68 
1387142 65
1387213 92 
1387652 90 
1388671 103 
1388671 101 
1389181 100 
1389181 2
1389181 1525
1389181 10
1391182 25 
1391253 75 
1391655 72 
1391655 70 
1392220 80 
1392340 83 
1392700 64 
1392942 256 
1393060 61 
1393180 150 
1393180 68 
1393180 65
1393250 92 
1393675 90 
1394711 103 
1394711 101 
1395219 100 
1395219 2
1395219 1525
1395219 11
1397223 25 
1397297 75 
1397420 73 
1397757 72 
1397757 70 
1398351 80 
1398471 83 
1398591 64 
1398846 256 
1398964 61 
1399097 151 
1399097 69 
1399166 93 
1399889 91 
1400419 91 
1400627 103 
1400627 101 
1401435 100 
1401435 2
1401435 1525
1401435 10
1403436 25 
1403517 75 
1403920 72 
1403920 70 
1404495 80 
1404615 83 
1404855 64 
1405110 256 
1405228 61 
1405361 150 
1405361 68 
1405361 65
1405433 92 
1405847 90 
1406892 103 
1406892 101 
1407400 100 
1407400 2
1407400 1525
1407400 10
1409401 25 
1409477 75 
1409880 72 
1409880 70 
1410452 80 
1410692 250 
1411412 76 
1412252 76 
1412372 83 
1412612 64 
1412746 256 
1412865 61 
1412985 150 
1412985 68 
1412985 65
1413054 92 
1413491 90 
1414516 103 
1414516 101 
1415024 100 
1415024 2
1415024 1525
1415024 11
1417023 25 
1417096 75 
1417507 72 
1417507 70 
1418102 80 
1418222 83 
1419049 64 
1419652 61 
1419769 151 
1419769 69 
1419836 93 
1421299 103 
1421299 101 
1422109 100 
1422109 2
1422109 1525
1422109 11
1424107 25 
1424186 75 
1424595 72 
1424595 70 
1425193 80 
1425313 83 
1425899 64 
1426261 256 
1426499 61 
1426632 151 
1426632 69 
1426700 93 
1427248 91 
1427481 91 
1428055 91 
1428167 103 
1428167 101 
1428972 100 
1428972 2
1428972 1525
1428972 10
1430971 25 
1431054 75 
1431458 72 
1431458 70 
1432043 80 
1432163 83 
1432630 64 
1433351 256 
1433469 61 
1433591 150 
1433591 68 
1433591 65
1433656 92 
1434092 90 
1435118 103 
1435118 101 
1435627 100 
1435627 2
1435627 1525
1435627 10
1437632 25 
1437718 75 
1438121 72 
1438121 70 
1438694 80 
1438814 83 
1439294 64 
1439428 256 
1439560 61 
1439680 152 
1439680 69 
1439751 93 
1441012 91 
1441213 103 
1441213 101 
1442019 100 
1442019 2
1442019 1525
1442019 10
1444020 25 
1444101 75 
1444505 72 
1444505 70 
1445091 80 
1445211 83 
1445571 64 
1445945 256 
1446064 61 
1446197 150 
1446197 68 
1446197 65
1446271 92 
1446695 90 
1447728 103 
1447728 101 
1448236 100 
1448236 2
1448236 1525
1448236 10
1450237 25 
1450311 75 
1450715 72 
1450715 70 
1451302 80 
1451435 83 
1451688 64 
1452529 61 
1452661 150 
1452661 68 
1452661 65
1452731 92 
1453161 90 
1454189 103 
1454189 101 
1454702 100 
1454702 2
1454702 1525
1454702 11
1456704 25 
1456779 75 
1457184 72 
1457184 70 
1457752 80 
1457872 83 
1458459 64 
1458719 256 
1458845 63 
1458978 150 
1458978 68 
1458978 65
1459049 92 
1460509 103 
1460509 101 
1461017 100 
1461017 2
1461017 1525
1461017 10
1463018 25 
1463091 75 
1463497 72 
1463497 70 
1464083 80 
1464203 83 
1464669 64 
1465031 256 
1465162 63 
1465402 151 
1465402 69 
1465471 93 
1466662 91 
1466935 103 
1466935 101 
1467740 100 
1467740 2
1467740 1525
1467740 10
1469741 25 
1469822 75 
1470224 72 
1470224 70 
1470800 80 
1470920 83 
1471040 64 
1471655 256 
1471773 61 
1471906 150 
1471906 68 
1471906 65
1471974 92 
1472365 90 
1473438 103 
1473438 101 
1473946 100 
1473946 2
1473946 1525
1473946 11
1475945 25 
1476532 75 
1476933 72 
1476933 70 
1477504 80 
1477624 83 
1478077 64 
1478678 61 
1479063 151 
1479063 69 
1479144 93 
1480608 103 
1480608 101 
1481414 100 
1481414 2
1481414 1525
1481414 11
1483417 25 
1483496 75 
1483897 72 
1483897 70 
1484874 250 
1485275 71 
1485394 80 
1485580 83 
1486127 64 
1486330 256 
1486527 61 
1486647 151 
1486647 69 
1486717 93 
1487581 91 
1487927 91 
1488171 91 
1488184 103 
1488184 101 
1488998 100 
1488998 2
1488998 1525
1488998 11
1491000 25 
1491174 75 
1491579 72 
1491579 70 
1492351 80 
1492471 83 
1492844 64 
1493219 256 
1493337 61 
1493537 151 
1493537 69 
1493608 93 
1495068 103 
1495068 101 
1495875 100 
1495875 2
1495875 1525
1495875 11
1497880 25 
1497963 75 
1498368 72 
1498368 70 
1499121 80 
1499241 83 
1499614 64 
1499991 256 
1500187 61 
1500307 151 
1500307 69 
1500372 93 
1501838 103 
1501838 101 
1502647 100 
1502647 2
1502647 1525
1502647 11
1504646 25 
1504732 75 
1505137 72 
1505137 70 
1505865 80 
1505985 83 
1506545 64 
1508346 256 
1509785 61 
1509903 151 
1509903 69 
1509971 93 
1510567 91 
1511437 103 
1511437 101 
1512241 100 
1512241 2
1512241 1525
1512241 11
1514243 25 
1514324 75 
1514725 72 
1514725 70 
1515301 80 
1515421 83 
1515901 64 
1516262 256 
1516381 61 
1516501 151 
1516501 69 
1516568 93 
1518030 103 
1518030 101 
1518838 100 
1518838 2
1518838 1525
1518838 11
1520841 25 
1521260 75 
1521671 72 
1521671 70 
1522271 80 
1522391 83 
1522751 64 
1523113 256 
1523231 61 
1523351 151 
1523351 69 
1523419 93 
1524887 103 
1524887 101 
1525708 100 
1525708 2
1525708 1525
1525708 10
1527707 25 
1527788 75 
1528196 72 
1528196 70 
1528775 80 
1528895 83 
1529255 64 
1529630 256 
1529748 61 
1529868 150 
1529868 68 
1529868 65
1529938 92 
1530408 90 
1531402 103 
1531402 101 
1531906 100 
1531906 2
1531906 1525
1531906 10
1533907 25 
1533984 75 
1534387 72 
1534387 70 
1534961 80 
1535199 76 
1535319 83 
1536585 64 
1536827 256 
1537065 61 
1537198 150 
1537198 68 
1537198 65
1537267 92 
1538728 103 
1538728 101 
1539236 100 
1539236 2
1539236 1525
1539236 10
1541239 25 
1541504 75 
1541912 72 
1541912 70 
1542503 80 
1542623 83 
1547061 64 
1547182 256 
1547301 61 
1547434 150 
1547434 68 
1547434 65
1547501 92 
1548967 103 
1548967 101 
1549472 100 
1549472 2
1549472 1525
1549472 11
1551473 25 
1555853 75 
1556259 72 
1556259 70 
1556843 80 
1556963 83 
1557083 64 
1557445 256 
1557563 61 
1557683 151 
1557683 69 
1557750 93 
1559217 103 
1559217 101 
1560021 100 
1560021 2
1560021 1525
1560021 10
1562022 25 
1562105 75 
1562509 72 
1562509 70 
1563094 80 
1563214 83 
1563334 64 
1563589 256 
1563707 61 
1563827 152 
1563827 69 
1563893 93 
1565358 103 
1565358 101 
1566165 100 
1566165 2
1566165 1525
1566165 11
1568167 25 
1568249 75 
1568652 72 
1568652 70 
1569238 80 
1569358 83 
1569598 64 
1569839 256 
1569958 61 
1570078 151 
1570078 69 
1570146 93 
1571058 91 
1571607 103 
1571607 101 
1572419 100 
1572419 2
1572419 1525
1572419 10
1574418 25 
1574495 75 
1574898 72 
1574898 70 
1575462 80 
1575582 83 
1575822 64 
1575943 256 
1576062 61 
1576182 150 
1576182 68 
1576182 65
1576249 92 
1576823 90 
1577709 103 
1577709 101 
1578220 100 
1578220 2
1578220 1525
1578220 11
1580220 25 
1580293 75 
1580699 72 
1580699 70 
1581300 80 
1581659 250 
1582379 76 
1583219 76 
1583339 83 
1583579 64 
1583820 256 
1583952 61 
1584072 151 
1584072 69 
1584143 93 
1584719 91 
1585172 91 
1585602 91 
1585602 103 
1585602 101 
1586412 100 
1586412 2
1586412 1525
1586412 11
1588412 25 
1588491 75 
1588898 72 
1588898 70 
1589469 80 
1589589 83 
1589829 64 
1590071 256 
1590189 61 
1590322 151 
1590322 69 
1590390 93 
1591309 91 
1591665 91 
1591852 103 
1591852 101 
1592662 100 
1592662 2
1592662 1525
1592662 11
1594662 25 
1594740 75 
1595143 73 
1595444 72 
1595444 70 
1596000 80 
1596120 83 
1596586 64 
1596841 61 
1596960 153 
1596960 68 
1596960 65
1597029 92 
1597440 90 
1598493 103 
1598493 101 
1599000 100 
1599000 2
1599000 1525
1599000 10
1600998 25 
1601077 75 
1601479 72 
1601479 70 
1602064 80 
1602184 83 
1602424 64 
1602665 256 
1602784 61 
1602904 150 
1602904 68 
1602904 65
1602973 92 
1604433 103 
1604433 101 
1604942 100 
1604942 2
1604942 1525
1604942 10
1606942 25 
1607019 75 
1607426 72 
1607426 70 
1608635 250 
1609021 71 
1609208 80 
1609328 83 
1609887 64 
1610011 256 
1610207 61 
1610327 150 
1610327 68 
1610327 65
1610398 92 
1610936 90 
1611856 103 
1611856 101 
1612365 100 
1612365 2
1612365 1525
1612365 10
1614367 25 
1614456 75 
1614858 72 
1614858 70 
1615605 80 
1615791 250 
1616698 76 
1617764 76 
1619043 76 
1619230 83 
1619430 64 
1619617 256 
1619738 61 
1619950 150 
1619950 68 
1619950 65
1620017 92 
1620518 90 
1621478 103 
1621478 101 
1621988 100 
1621988 2
1621988 1525
1621988 10
1623988 25 
1624065 75 
1624468 72 
1624468 70 
1625227 80 
1625414 83 
1625601 64 
1625855 256 
1625974 61 
1626107 150 
1626107 68 
1626107 65
1626181 92 
1626664 90 
1627639 103 
1627639 101 
1628147 100 
1628147 2
1628147 1525
1628147 11
1630145 25 
1630218 75 
1630622 72 
1630622 70 
1631212 80 
1631332 83 
1631678 64 
1633479 256 
1633597 61 
1633717 151 
1633717 69 
1633781 93 
1634251 91 
1634940 91 
1635248 103 
1635248 101 
1636057 100 
1636057 2
1636057 1525
1636057 10
1638055 25 
1638140 75 
1638548 72 
1638548 70 
1639142 80 
1639261 83 
1639621 64 
1639983 61 
1640101 150 
1640101 68 
1640101 65
1640173 92 
1641630 103 
1641630 101 
1642140 100 
1642140 2
1642140 1525
1642140 11
1644141 25 
1644217 75 
1644622 72 
1644622 70 
1645192 80 
1645312 83 
1645672 64 
1646993 256 
1647231 63 
1647365 150 
1647365 68 
1647365 65
1647436 92 
1648898 103 
1648898 101 
1649403 100 
1649403 2
1649403 1525
1649403 11
1651403 25 
1651477 75 
1651881 72 
1651881 70 
1652469 80 
1652589 250 
1653442 76 
1653562 83 
1653802 64 
1654403 63 
1654522 152 
1654522 69 
1654590 93 
1655255 91 
1655502 91 
1656056 103 
1656056 101 
1656876 100 
1656876 2
1656876 1525
1656876 11
1658875 25 
1658954 75 
1659397 73 
1659703 72 
1659703 70 
1660279 80 
1660399 83 
1660759 64 
1661480 256 
1661599 61 
1661719 151 
1661719 69 
1661789 93 
1662354 91 
1662940 91 
1663250 103 
1663250 101 
1664058 100 
1664058 2
1664058 1525
1664058 10
1666059 25 
1666141 75 
1666542 72 
1666542 70 
1667156 80 
1667276 83 
1667760 64 
1668131 256 
1668249 61 
1668382 150 
1668382 68 
1668382 65
1668456 92 
1668874 90 
1669911 103 
1669911 101 
1670423 100 
1670423 2
1670423 1525
1670423 10
1672422 25 
1672498 75 
1672901 72 
1672901 70 
1673500 80 
1673620 83 
1674087 64 
1674568 256 
1674686 61 
1674820 150 
1674820 68 
1674820 65
1674887 92 
1675296 90 
1676348 103 
1676348 101 
1676857 100 
1676857 2
1676857 1525
1676857 11
1678860 25 
1678931 75 
1679334 72 
1679334 70 
1679911 80 
1680031 83 
1680151 64 
1681232 256 
1681350 63 
1681483 150 
1681483 68 
1681483 65
1681556 92 
1683016 103 
1683016 101 
1683521 100 
1683521 2
1683521 1525
1683521 10
1685521 25 
1685595 75 
1685997 72 
1685997 70 
1686575 80 
1686695 83 
1687654 64 
1688016 256 
1688134 61 
1688267 150 
1688267 68 
1688267 65
1688338 92 
1688743 90 
1689796 103 
1689796 101 
1690306 100 
1690306 2
1690306 1525
1690306 10
1692305 25 
1692378 75 
1692782 72 
1692782 70 
1693345 80 
1693465 83 
1693825 64 
1694200 62 
1694318 150 
1694318 68 
1694318 65
1694401 92 
1695866 103 
1695866 101 
1696385 100 
1696385 2
1696385 1525
1696385 10
1698383 25 
1698456 75 
1698860 72 
1698860 70 
1699449 80 
1699571 83 
1699809 64 
1700051 256 
1700302 61 
1700422 150 
1700422 68 
1700422 65
1700491 92 
1700956 90 
1701960 103 
1701960 101 
1702477 100 
1702477 2
1702477 1525
1702477 11
1704477 25 
1704549 75 
1704956 72 
1704956 70 
1705527 80 
1705660 83 
1706260 64 
1706981 256 
1707099 63 
1707219 150 
1707219 68 
1707219 65
1707288 92 
1708752 103 
1708752 101 
1709260 100 
1709260 2
1709260 1525
1709260 11
1711258 25 
1711337 75 
1711745 72 
1711745 70 
1712324 80 
1712444 83 
1712923 64 
1713285 256 
1713403 63 
1713523 150 
1713523 68 
1713523 65
1713597 92 
1715054 103 
1715054 101 
1715567 100 
1715567 2
1715567 1525
1715567 10
1717565 25 
1717647 75 
1718051 72 
1718051 70 
1718601 80 
1718721 83 
1719441 76 
1719787 64 
1720387 61 
1720520 150 
1720520 68 
1720520 65
1720594 92 
1720992 90 
1722053 103 
1722053 101 
1722558 100 
1722558 2
1722558 1525
1722558 11
1724559 25 
1724631 75 
1725033 72 
1725033 70 
1726038 80 
1726224 83 
1726891 64 
1727266 256 
1727384 63 
1727584 150 
1727584 68 
1727584 65
1727653 92 
1729113 103 
1729113 101 
1729623 100 
1729623 1
1729623 1525
1729623 11
1729623 78 
1731623 25 
1731695 75 
1732102 72 
1732102 70 
1732862 80 
1733048 83 
1733621 64 
1734569 61 
1734754 151 
1734754 69 
1734822 93 
1735347 91 
1736288 103 
1736288 101 
1737094 100 
1737094 1
1737094 1525
1737094 10
1739094 25 
1739172 75 
1739576 72 
1739576 70 
1740312 80 
1740498 83 
1740805 64 
1741195 256 
1741391 61 
1741511 152 
1741511 69 
1741581 93 
1742193 91 
1743044 103 
1743044 101 
1743849 100 
1743849 1
1743849 1525
1743849 10
1745849 25 
1745929 75 
1746235 73 
1746542 72 
1746542 70 
1747282 80 
1747469 83 
1747962 64 
1748350 256 
1748548 61 
1748735 150 
1748735 68 
1748735 65
1748804 92 
1749319 90 
1750272 103 
1750272 101 
1750786 100 
1750786 1
1750786 1525
1750786 10
1752786 25 
1752866 75 
1753266 72 
1753266 70 
1754029 80 
1754213 83 
1754706 64 
1754909 256 
1755105 61 
1755225 150 
1755225 68 
1755225 65
1755297 92 
1755705 90 
1756754 103 
1756754 101 
1757265 100 
1757265 1
1757265 1525
1757265 10
1759266 25 
1759336 75 
1759739 72 
1759739 70 
1760463 80 
1760583 83 
1760823 64 
1761078 256 
1761196 61 
1761329 150 
1761329 68 
1761329 65
1761403 92 
1761827 90 
1762859 103 
1762859 101 
1763368 100 
1763368 1
1763368 1525
1763368 11
1765368 25 
1765445 75 
1765851 72 
1765851 70 
1766407 80 
1766527 83 
1767367 64 
1767729 256 
1767847 63 
1767967 151 
1767967 69 
1768036 93 
1768585 91 
1769497 103 
1769497 101 
1770307 100 
1770307 1
1770307 1525
1770307 11
1772305 25 
1772390 75 
1772795 72 
1772795 70 
1773379 80 
1773498 83 
1774084 64 
1774565 256 
1774684 63 
1774804 151 
1774804 69 
1774871 93 
1775563 91 
1775979 91 
1776128 91 
1776335 103 
1776335 101 
1777144 100 
1777144 1
1777144 1525
1777144 11
1779144 25 
1779221 75 
1779625 72 
1779625 70 
1780215 80 
1780335 83 
1780814 64 
1781296 256 
1781414 61 
1781534 151 
1781534 69 
1781601 93 
1783068 103 
1783068 101 
1783874 100 
1783874 1
1783874 1525
1783874 10
1785873 25 
1788249 75 
1788655 72 
1788655 70 
1789224 80 
1789344 83 
1790184 76 
1790424 64 
1790678 62 
1790797 151 
1790797 69 
1790866 93 
1791621 91 
1792083 91 
1792326 103 
1792326 101 
1793136 100 
1793136 1
1793136 1525
1793136 11
1795137 25 
1795214 75 
1795618 72 
1795618 70 
1796168 80 
1796288 83 
1796994 64 
1797596 61 
1797714 151 
1797714 69 
1797783 93 
1798595 91 
1799245 103 
1799245 101 
1800052 100 
1800052 1
1800052 1525
1800052 11
1802054 25 
1802136 75 
1802542 72 
1802542 70 
1803125 80 
1803245 83 
1804045 64 
1804286 256 
1804884 63 
1805004 151 
1805004 69 
1805069 93 
1805778 91 
1805973 91 
1806279 91 
1806536 103 
1806536 101 
1807343 100 
1807343 1
1807343 1525
1807343 10
1809343 25 
1809544 75 
1809909 73 
1810237 72 
1810237 70 
1810588 250 
1810817 71 
1811161 80 
1811281 83 
1811961 64 
1812327 256 
1812441 61 
1812561 150 
1812561 68 
1812561 65
1812632 92 
1813103 90 
1814091 103 
1814091 101 
1814599 100 
1814599 1
1814599 1525
1814599 11
1816600 25 
1816672 75 
1817075 72 
1817075 70 
1817640 80 
1817759 83 
1818678 64 
1819280 256 
1819638 63 
1819758 151 
1819758 69 
1819829 93 
1820220 91 
1820402 91 
1820889 91 
1821289 103 
1821289 101 
1822096 100 
1822096 1
1822096 1525
1822096 10
1824096 25 
1824175 75 
1824579 72 
1824579 70 
1825156 80 
1825275 83 
1825729 64 
1826210 256 
1826328 61 
1826448 150 
1826448 68 
1826448 65
1826517 92 
1826915 90 
1827976 103 
1827976 101 
1828486 100 
1828486 1
1828486 1525
1828486 10
1830488 25 
1830564 75 
1830966 72 
1830966 70 
1831566 80 
1831686 83 
1832019 64 
1832261 256 
1832379 61 
1832512 150 
1832512 68 
1832512 65
1832586 92 
1833130 90 
1834041 103 
1834041 101 
1834552 100 
1834552 1
1834552 1525
1834552 11
1836551 25 
1836628 75 
1837029 72 
1837029 70 
1837604 80 
1837723 83 
1837963 64 
1838218 256 
1838337 61 
1838470 151 
1838470 69 
1838535 93 
1839679 91 
1840000 103 
1840000 101 
1840809 100 
1840809 1
1840809 1525
1840809 10
1842809 25 
1842887 75 
1843294 72 
1843294 70 
1843868 80 
1843987 83 
1844427 64 
1844669 256 
1844787 61 
1844907 150 
1844907 68 
1844907 65
1844976 92 
1845408 90 
1846436 103 
1846436 101 
1846946 100 
1846946 1
1846946 1525
1846946 11
1848947 25 
1849022 75 
1849426 72 
1849426 70 
1849985 80 
1850105 83 
1850465 64 
1850720 256 
1850838 61 
1850958 153 
1850958 68 
1850958 65
1851029 92 
1851467 90 
1852491 103 
1852491 101 
1852997 100 
1852997 1
1852997 1525
1852997 10
1854996 25 
1855075 75 
1855480 72 
1855480 70 
1856062 80 
1856182 83 
1856542 64 
1856784 256 
1856902 61 
1857022 150 
1857022 68 
1857022 65
1857092 92 
1857558 90 
1858553 103 
1858553 101 
1859060 100 
1859060 1
1859060 1525
1859060 10
1861062 25 
1861141 75 
1861549 72 
1861549 70 
1862380 80 
1862580 250 
1863448 76 
1864365 76 
1865420 76 
1866311 76 
1866511 83 
1866698 64 
1867084 61 
1867204 150 
1867204 68 
1867204 65
1867275 92 
1868738 103 
1868738 101 
1869242 100 
1869242 1
1869242 1525
1869242 11
1871244 25 
1871320 75 
1871720 72 
1871720 70 
1872482 80 
1872669 83 
1873588 64 
1873979 256 
1874175 63 
1874295 151 
1874295 69 
1874365 93 
1874925 91 
1875197 91 
1875619 91 
1875826 103 
1875826 101 
1876634 100 
1876634 1
1876634 1525
1876634 10
1878633 25 
1879612 75 
1879799 73 
1880122 72 
1880122 70 
1880878 80 
1881065 83 
1881572 64 
1881773 256 
1881891 61 
1882091 150 
1882091 68 
1882091 65
1882163 92 
1882564 90 
1883622 103 
1883622 101 
1884129 100 
1884129 1
1884129 1525
1884129 11
1886130 25 
1886207 75 
1886609 72 
1886609 70 
1887369 80 
1887569 250 
1889341 76 
1889528 83 
1890090 64 
1890289 62 
1890488 151 
1890488 69 
1890559 93 
1891052 91 
1892020 103 
1892020 101 
1892828 100 
1892828 1
1892828 1525
1892828 10
1894826 25 
1894910 75 
1895316 72 
1895316 70 
1896072 80 
1896272 83 
1896462 64 
1896660 256 
1896872 61 
1897085 150 
1897085 68 
1897085 65
1897152 92 
1898617 103 
1898617 101 
1899122 100 
1899122 1
1899122 1525
1899122 11
1901123 25 
1901203 75 
1901442 73 
1901765 72 
1901765 70 
1902509 80 
1902696 83 
1903002 64 
1903204 256 
1903322 61 
1903522 151 
1903522 69 
1903590 93 
1904129 91 
1904422 91 
1905051 103 
1905051 101 
1905863 100 
1905863 1
1905863 1525
1905863 11
1907862 25 
1907956 75 
1908359 72 
1908359 70 
1909120 80 
1909320 83 
1909506 64 
1909885 61 
1910079 151 
1910079 69 
1910146 93 
1910723 91 
1911056 91 
1911612 103 
1911612 101 
1912419 100 
1912419 1
1912419 1525
1912419 10
1914419 25 
1914497 75 
1914900 72 
1914900 70 
1915637 80 
1915823 83 
1916010 64 
1916398 256 
1916583 61 
1916783 150 
1916783 68 
1916783 65
1916852 92 
1918315 103 
1918315 101 
1918823 100 
1918823 1
1918823 1525
1918823 11
1920823 25 
1920912 75 
1921315 72 
1921315 70 
1922074 80 
1922274 83 
1922474 64 
1922675 256 
1922877 61 
1923074 153 
1923074 68 
1923074 65
1923141 92 
1924607 103 
1924607 101 
1925112 100 
1925112 1
1925112 1525
1925112 10
1927112 25 
1927191 75 
1927599 72 
1927599 70 
1928338 71 
1928685 250 
1929259 71 
1929378 80 
1929498 83 
1930577 64 
1930819 256 
1931057 61 
1931177 150 
1931177 68 
1931177 65
1931246 92 
1932711 103 
1932711 101 
1933218 100 
1933218 1
1933218 1525
1933218 10
1935216 25 
1935294 75 
1935696 72 
1935696 70 
1936268 80 
1936388 83 
1936628 64 
1936750 256 
1936870 61 
1936988 152 
1936988 69 
1937056 93 
1937712 91 
1938518 103 
1938518 101 
1939325 100 
1939325 1
1939325 1525
1939325 10
1941327 25 
1941410 75 
1941693 73 
1941993 72 
1941993 70 
1942572 80 
1942705 83 
1943065 64 
1944266 62 
1944385 151 
1944385 69 
1944447 93 
1945520 91 
1945825 91 
1945918 103 
1945918 101 
1946740 100 
1946740 1
1946740 1525
1946740 11
1948738 25 
1948857 75 
1949156 73 
1949501 72 
1949501 70 
1950995 250 
1951342 71 
1951675 80 
1951795 83 
1952261 64 
1952983 256 
1953101 61 
1953221 151 
1953221 69 
1953289 93 
1954754 103 
1954754 101 
1955561 100 
1955561 1
1955561 1525
1955561 10
1957560 25 
1958880 75 
1959286 72 
1959286 70 
1959858 80 
1959978 83 
1960338 64 
1960699 256 
1960831 61 
1960951 150 
1960951 68 
1960951 65
1961022 92 
1962484 103 
1962484 101 
1962991 100 
1962991 1
1962991 1525
1962991 11
1964991 25 
1965067 75 
1965472 72 
1965472 70 
1966042 80 
1966162 83 
1966762 64 
1967002 256 
1967123 61 
1967243 151 
1967243 69 
1967311 93 
1967831 91 
1968773 103 
1968773 101 
1969580 100 
1969580 1
1969580 1525
1969580 11
1971581 25 
1971661 75 
1972061 72 
1972061 70 
1972653 80 
1972773 83 
1973825 64 
1974080 256 
1974438 62 
1974558 150 
1974558 68 
1974558 65
1974629 92 
1975108 90 
1976086 103 
1976086 101 
1976599 100 
1976599 1
1976599 1525
1976599 11
1978598 25 
1978669 75 
1979072 72 
1979072 70 
1979636 80 
1979756 83 
1979996 64 
1980118 256 
1980236 62 
1980356 150 
1980356 68 
1980356 65
1980429 92 
1981889 103 
1981889 101 
1982394 100 
1982394 1
1982394 1525
1982394 10
1984395 25 
1984472 75 
1984874 72 
1984874 70 
1985461 80 
1985580 83 
1986273 64 
1986515 256 
1986633 62 
1986753 151 
1986753 69 
1986824 93 
1987764 91 
1988246 91 
1988281 103 
1988281 101 
1989093 100 
1989093 1
1989093 1525
1989093 11
1991092 25 
1991171 75 
1991572 72 
1991572 70 
1992124 80 
1992244 83 
1992497 64 
1992859 62 
1992991 150 
1992991 68 
1992991 65
1993061 92 
1993616 90 
1994521 103 
1994521 101 
1995032 100 
1995032 1
1995032 1525
1995032 10
1997030 25 
1997108 75 
1997510 72 
1997510 70 
1998122 80 
1998601 250 
1998976 76 
1999334 76 
1999454 83 
1999694 64 
2000068 62 
2000187 151 
2000187 69 
2000254 93 
2000787 91 
2001500 91 
2001716 103 
2001716 101 
2002526 100 
2002526 1
2002526 1525
2002526 11
2004527 25 
2004605 75 
2005007 72 
2005007 70 
2005585 80 
2005705 83 
2006185 64 
2006560 256 
2006798 62 
2006918 150 
2006918 68 
2006918 65
2006989 92 
2008305 90 
2008454 103 
2008454 101 
2008968 100 
2008968 1
2008968 1525
2008968 11
2010970 25 
2011047 75 
2011452 72 
2011452 70 
2012049 80 
2012169 83 
2012516 64 
2012757 256 
2012995 62 
2013115 150 
2013115 68 
2013115 65
2013183 92 
2014645 103 
2014645 101 
2015153 100 
2015153 1
2015153 1525
2015153 11
2017154 25 
2017228 75 
2017629 72 
2017629 70 
2018207 80 
2018326 83 
2019726 64 
2019861 62 
2019979 150 
2019979 68 
2019979 65
2020050 92 
2021510 103 
2021510 101 
2022019 100 
2022019 1
2022019 1525
2022019 10
2024018 25 
2024090 75 
2024492 72 
2024492 70 
2025057 80 
2025177 83 
2029882 64 
2030241 62 
2030361 153 
2030361 68 
2030361 65
2030443 92 
2031788 90 
2031912 103 
2031912 101 
2032426 100 
2032426 1
2032426 1525
2032426 10
2034427 25 
2034499 75 
2034909 72 
2034909 70 
2035479 80 
2035612 83 
2035852 64 
2035987 256 
2036105 62 
2036226 151 
2036226 69 
2036298 93 
2036854 91 
2037337 91 
2037470 91 
2037759 103 
2037759 101 
2038570 100 
2038570 1
2038570 1525
2038570 10
2040569 25 
2040643 75 
2041045 72 
2041045 70 
2041610 80 
2041730 83 
2042063 64 
2042318 256 
2042436 62 
2042569 151 
2042569 69 
2042641 93 
2043243 91 
2044099 103 
2044099 101 
2044911 100 
2044911 1
2044911 1525
2044911 10
2046908 25 
2046987 75 
2047390 72 
2047390 70 
2047621 250 
2047860 71 
2048194 80 
2048314 83 
2048993 64 
2049367 62 
2049500 151 
2049500 69 
2049567 93 
2050180 91 
2050686 91 
2051030 103 
2051030 101 
2051839 100 
2051839 1
2051839 1525
2051839 11
2053839 25 
2053922 75 
2054329 72 
2054329 70 
2054897 80 
2055018 83 
2055497 64 
2055739 256 
2055870 62 
2056004 150 
2056004 68 
2056004 65
2056071 92 
2057530 90 
2057539 103 
2057539 101 
2058057 100 
2058057 1
2058057 1525
2058057 11
2060055 25 
2060280 75 
2060684 72 
2060684 70 
2061281 80 
2061401 83 
2061881 64 
2062003 256 
2062121 62 
2062254 150 
2062254 68 
2062254 65
2062329 92 
2063560 90 
2063785 103 
2063785 101 
2064294 100 
2064294 1
2064294 1525
2064294 11
2066294 25 
2066372 75 
2066776 72 
2066776 70 
2067372 80 
2067492 83 
2067852 64 
2067987 256 
2068105 62 
2068225 150 
2068225 68 
2068225 65
2068296 92 
2069755 103 
2069755 101 
2070264 100 
2070264 1
2070264 1525
2070264 10
2072265 25 
2072341 75 
2072742 72 
2072742 70 
2073343 80 
2073463 83 
2073703 64 
2073944 256 
2074063 62 
2074196 151 
2074196 69 
2074265 93 
2075082 91 
2075729 103 
2075729 101 
2076536 100 
2076536 1
2076536 1525
2076536 11
2078536 25 
2078613 75 
2079014 72 
2079014 70 
2079607 80 
2079727 83 
2080087 64 
2080328 62 
2080447 150 
2080447 68 
2080447 65
2080518 92 
2081679 90 
2081920 90 
2081977 103 
2081977 101 
2082486 100 
2082486 1
2082486 1525
2082486 10
2084485 25 
2084557 75 
2084962 72 
2084962 70 
2085524 80 
2085644 83 
2086004 64 
2086126 256 
2086244 62 
2086364 151 
2086364 69 
2086431 93 
2086969 91 
2087604 91 
2087893 103 
2087893 101 
2088704 100 
2088704 1
2088704 1525
2088704 10
2090703 25 
2090786 75 
2091190 72 
2091190 70 
2091775 80 
2091895 83 
2092388 64 
2092630 256 
2092761 62 
2092881 153 
2092881 68 
2092881 65
2092951 92 
2094416 103 
2094416 101 
2094935 100 
2094935 1
2094935 1525
2094935 11
2096934 25 
2097023 75 
2097326 73 
2097631 72 
2097631 70 
2098106 71 
2098346 71 
2098705 80 
2098825 83 
2099305 64 
2099545 62 
2099665 150 
2099665 68 
2099665 65
2099733 92 
2101193 103 
2101193 101 
2101705 100 
2101705 1
2101705 1525
2101705 10
2103705 25 
2103776 75 
2104181 72 
2104181 70 
2104756 80 
2104876 83 
2105116 64 
2105358 62 
2105476 151 
2105476 69 
2105550 93 
2106088 91 
2107010 103 
2107010 101 
2107821 100 
2107821 1
2107821 1525
2107821 11
2109819 25 
2109893 75 
2110300 72 
2110300 70 
2111140 71 
2111260 80 
2111380 83 
2111620 64 
2111755 256 
2111873 62 
2111993 150 
2111993 68 
2111993 65
2112063 92 
2113394 90 
2113522 103 
2113522 101 
2114033 100 
2114033 1
2114033 1525
2114033 11
2116032 25 
2116109 75 
2116510 72 
2116510 70 
2117084 80 
2117204 83 
2117551 64 
2117672 256 
2117791 62 
2117924 150 
2117924 68 
2117924 65
2118002 92 
2119458 103 
2119458 101 
2119962 100 
2119962 1
2119962 1525
2119962 10
2121963 25 
2122035 75 
2122439 72 
2122439 70 
2123015 80 
2123135 83 
2123721 64 
2123856 256 
2123975 62 
2124108 151 
2124108 69 
2124175 93 
2125639 103 
2125639 101 
2126448 100 
2126448 1
2126448 1525
2126448 10
2128447 25 
2128530 75 
2128937 72 
2128937 70 
2129932 80 
2130119 83 
2130785 64 
2130987 256 
2131372 63 
2131571 151 
2131571 69 
2131640 93 
2132499 91 
2133103 103 
2133103 101 
2133910 100 
2133910 1
2133910 1525
2133910 11
2135911 25 
2135989 75 
2136394 72 
2136394 70 
2137142 80 
2137329 83 
2137702 64 
2137904 256 
2138022 62 
2138222 150 
2138222 68 
2138222 65
2138293 92 
2138833 90 
2139755 103 
2139755 101 
2140262 100 
2140262 1
2140262 1525
2140262 11
2142261 25 
2142339 75 
2142744 72 
2142744 70 
2143500 80 
2143700 83 
2144006 64 
2144208 256 
2144406 62 
2144596 152 
2144596 69 
2144660 93 
2145472 91 
2146124 103 
2146124 101 
2146932 100 
2146932 1
2146932 1525
2146932 11
2148932 25 
2149010 75 
2149411 72 
2149411 70 
2150124 80 
2150244 83 
2150590 64 
2150845 62 
2150977 150 
2150977 68 
2150977 65
2151045 92 
2152509 103 
2152509 101 
2153016 100 
2153016 1
2153016 1525
2153016 11
2155016 25 
2155087 75 
2155492 72 
2155492 70 
2156081 80 
2156441 250 
2157280 76 
2157642 76 
2158360 76 
2158480 83 
2158720 64 
2158961 256 
2159320 62 
2159440 150 
2159440 68 
2159440 65
2159505 92 
2160972 103 
2160972 101 
2161477 100 
2161477 1
2161477 1525
2161477 10
2163478 25 
2163557 75 
2163702 73 
2164038 72 
2164038 70 
2164597 80 
2164717 83 
2165184 64 
2165785 256 
2165903 63 
2166037 151 
2166037 69 
2166110 93 
2167283 91 
2167567 103 
2167567 101 
2168375 100 
2168375 1
2168375 1525
2168375 11
2170376 25 
2170454 75 
2170857 72 
2170857 70 
2171461 80 
2171581 83 
2172287 64 
2172529 256 
2172661 62 
2172781 150 
2172781 68 
2172781 65
2172856 92 
2174310 103 
2174310 101 
2174819 100 
2174819 1
2174819 1525
2174819 10
2176819 25 
2177295 75 
2177534 73 
2177835 72 
2177835 70 
2178405 80 
2178525 83 
2178978 64 
2179219 256 
2179351 61 
2179484 150 
2179484 68 
2179484 65
2179551 92 
2181016 103 
2181016 101 
2181523 100 
2181523 1
2181523 1525
2181523 10
2183522 25 
2183595 75 
2184000 72 
2184000 70 
2184575 80 
2184696 83 
2185055 76 
2185415 64 
2185775 61 
2185895 150 
2185895 68 
2185895 65
2185964 92 
2186434 90 
2187426 103 
2187426 101 
2187933 100 
2187933 1
2187933 1525
2187933 10
2189937 25 
2190024 75 
2190435 72 
2190435 70 
2191026 80 
2191146 83 
2191613 64 
2191974 256 
2192092 61 
2192212 150 
2192212 68 
2192212 65
2192282 92 
2192747 90 
2193742 103 
2193742 101 
2194256 100 
2194256 1
2194256 1525
2194256 11
2196253 25 
2196364 75 
2196774 72 
2196774 70 
2197370 80 
2197490 83 
2197730 64 
2197971 256 
2198090 61 
2198223 151 
2198223 69 
2198290 93 
2199033 91 
2199531 91 
2199756 103 
2199756 101 
2200560 100 
2200560 1
2200560 1525
2200560 10
2202561 25 
2211532 75 
2211703 73 
2212037 72 
2212037 70 
2212617 80 
2212737 83 
2215762 64 
2215897 256 
2216015 61 
2216149 152 
2216149 69 
2216215 93 
2216926 91 
2217257 91 
2217377 91 
2217647 91 
2217682 103 
2217682 101 
2218488 100 
2218488 1
2218488 1525
2218488 11
2220488 25 
2220568 75 
2220975 72 
2220975 70 
2221560 80 
2221680 83 
2222146 64 
2222388 256 
2222519 62 
2222639 150 
2222639 68 
2222639 65
2222710 92 
2223290 90 
2224166 103 
2224166 101 
2224678 100 
2224678 1
2224678 1525
2224678 10
2226678 25 
2226750 75 
2227154 72 
2227154 70 
2227717 80 
2227837 83 
2228077 64 
2228319 62 
2228450 151 
2228450 69 
2228518 93 
2229074 91 
2229965 91 
2229981 103 
2229981 101 
2230792 100 
2230792 1
2230792 1525
2230792 11
2232791 25 
2232872 75 
2233275 72 
2233275 70 
2233848 80 
2233968 83 
2234328 64 
2234449 256 
2234569 62 
2234687 150 
2234687 68 
2234687 65
2234752 92 
2236215 103 
2236215 101 
2236727 100 
2236727 1
2236727 1525
2236727 10
2238726 25 
2238803 75 
2239205 72 
2239205 70 
2239779 80 
2239912 83 
2240272 64 
2240527 256 
2240645 62 
2240765 151 
2240765 69 
2240833 93 
2242297 103 
2242297 101 
2243103 100 
2243103 1
2243103 1525
2243103 11
2245105 25 
2245182 75 
2245587 72 
2245587 70 
2246149 80 
2246269 83 
2246629 64 
2246751 256 
2246869 62 
2247002 150 
2247002 68 
2247002 65
2247071 92 
2248535 103 
2248535 101 
2249040 100 
2249040 1
2249040 1525
2249040 10
2251040 25 
2251126 75 
2251529 72 
2251529 70 
2252427 80 
2252613 83 
2252906 64 
2253468 256 
2253653 62 
2253853 151 
2253853 69 
2253921 93 
2255387 103 
2255387 101 
2256191 100 
2256191 1
2256191 1525
2256191 10
2258193 25 
2258270 75 
2258675 72 
2258675 70 
2259424 80 
2259624 83 
2260130 76 
2260903 76 
2262129 76 
2263368 76 
2264288 76 
2268446 76 
2268553 64 
2268794 256 
2268913 63 
2269033 252 
2269033 69 
2269105 93 
2269599 91 
2270565 103 
2270565 101 
2271373 100 
2271373 1
2271373 1525
2271373 11
2273373 25 
2273857 75 
2274005 73 
2274310 72 
2274310 70 
2274924 80 
2275044 83 
2275390 64 
2275512 256 
2275643 62 
2275763 150 
2275763 68 
2275763 65
2275832 92 
2277132 90 
2277297 103 
2277297 101 
2277803 100 
2277803 1
2277803 1525
2277803 11
2279802 25 
2279874 75 
2280277 72 
2280277 70 
2280854 80 
2280974 83 
2281574 64 
2281696 256 
2281814 62 
2281947 150 
2281947 68 
2281947 65
2282016 92 
2283479 103 
2283479 101 
2283987 100 
2283987 1
2283987 1525
2283987 10
2285986 25 
2286058 75 
2286461 72 
2286461 70 
2287038 80 
2287158 83 
2287865 64 
2288226 61 
2288358 150 
2288358 68 
2288358 65
2288430 92 
2289889 103 
2289889 101 
2290398 100 
2290398 1
2290398 1525
2290398 11
2292399 25 
2292469 75 
2292874 72 
2292874 70 
2293476 80 
2293596 83 
2294062 64 
2294305 61 
2294422 151 
2294422 69 
2294484 93 
2295185 91 
2295839 91 
2295951 103 
2295951 101 
2296762 100 
2296762 1
2296762 1525
2296762 11
2298762 25 
2299395 75 
2299800 72 
2299800 70 
2300366 80 
2300499 83 
2300859 64 
2301101 62 
2301219 150 
2301219 68 
2301219 65
2301291 92 
2302753 103 
2302753 101 
2303258 100 
2303258 1
2303258 1525
2303258 11
2305259 25 
2305458 75 
2305864 72 
2305864 70 
2306457 80 
2306577 83 
2306937 64 
2307058 256 
2307176 62 
2307296 152 
2307296 69 
2307364 93 
2308825 103 
2308825 101 
2309636 100 
2309636 1
2309636 1525
2309636 10
2311637 25 
2311720 75 
2312122 73 
2313129 73 
2313431 72 
2313431 70 
2314014 80 
2314134 83 
2315040 64 
2315281 256 
2315400 61 
2315533 150 
2315533 68 
2315533 65
2315607 92 
2316086 90 
2317061 103 
2317061 101 
2317573 100 
2317573 1
2317573 1525
2317573 10
2319576 25 
2319662 75 
2320066 72 
2320066 70 
2320664 80 
2320784 83 
2321024 64 
2321159 256 
2321397 61 
2321517 150 
2321517 68 
2321517 65
2321586 92 
2323045 103 
2323045 101 
2323555 100 
2323555 1
2323555 1525
2323555 11
2325557 25 
2327154 75 
2331270 73 
2331570 72 
2331570 70 
2332272 71 
2332392 250 
2332732 71 
2332965 71 
2333325 80 
2333445 83 
2335631 64 
2335872 256 
2335991 62 
2336111 150 
2336111 68 
2336111 65
2336183 92 
2337640 103 
2337640 101 
2338152 100 
2338152 1
2338152 1525
2338152 10
2340151 25 
2340222 75 
2340624 72 
2340624 70 
2341189 80 
2341309 83 
2341548 64 
2341790 256 
2341908 61 
2342028 150 
2342028 68 
2342028 65
2342096 92 
2342599 90 
2343562 103 
2343562 101 
2344068 100 
2344068 1
2344068 1525
2344068 10
2346068 25 
2346210 75 
2346611 72 
2346611 70 
2347199 80 
2347319 83 
2347666 64 
2347921 61 
2348039 150 
2348039 68 
2348039 65
2348108 92 
2349449 90 
2349575 103 
2349575 101 
2349624 102 
