0 100 
0 5
0 1530
0 10
1994 25 
2095 75 
2501 72 
2501 70 
3613 80 
3813 83 
4212 64 
4428 256 
4639 62 
4839 151 
4839 69 
4909 93 
6373 103 
6373 101 
7178 100 
7178 5
7178 1530
7178 11
9179 25 
9257 75 
9658 72 
9658 70 
10410 80 
10530 83 
15088 64 
15461 63 
15594 151 
15594 69 
15667 93 
17125 103 
17125 101 
17932 100 
17932 5
17932 1530
17932 10
19934 25 
20012 75 
20414 72 
20414 70 
21005 80 
21125 83 
21485 64 
21621 256 
21872 62 
22005 151 
22005 69 
22074 93 
23539 103 
23539 101 
24344 100 
24344 5
24344 1530
24344 11
26345 25 
26423 75 
26829 72 
26829 70 
27456 80 
27576 83 
28056 64 
28311 256 
28442 61 
28575 151 
28575 69 
28656 93 
30122 103 
30122 101 
30928 100 
30928 5
30928 1530
30928 11
32929 25 
33011 75 
33415 72 
33415 70 
34026 80 
34146 83 
34626 64 
34882 256 
35013 63 
35146 151 
35146 69 
35221 93 
36678 103 
36678 101 
37484 100 
37484 5
37484 1530
37484 10
39485 25 
39884 75 
40056 73 
40361 72 
40361 70 
40984 80 
41103 83 
41343 64 
41479 256 
41610 62 
41743 153 
41743 68 
41743 65
41816 92 
42276 90 
43272 103 
43272 101 
43783 100 
43783 5
43783 1530
43783 11
45782 25 
45874 75 
46276 72 
46276 70 
46874 80 
47009 83 
47381 64 
47650 63 
47781 151 
47781 69 
47850 93 
49310 103 
49310 101 
50118 100 
50118 5
50118 1530
50118 10
52120 25 
52199 75 
52605 72 
52605 70 
53205 80 
53325 83 
53445 64 
53580 256 
53711 62 
53845 151 
53845 69 
53914 93 
55378 103 
55378 101 
56184 100 
56184 5
56184 1530
56184 11
58185 25 
58264 75 
58670 72 
58670 70 
59282 80 
59402 83 
91855 252 
92110 256 
92242 62 
92375 150 
92375 68 
92375 65
92446 92 
92980 90 
93909 103 
93909 101 
94429 100 
94429 5
94429 1530
94429 10
96427 25 
96500 75 
96905 72 
96905 70 
97506 80 
97626 83 
97999 64 
98242 256 
98359 62 
98493 151 
98493 69 
98568 93 
100025 103 
100025 101 
100831 100 
100831 5
100831 1530
100831 11
102832 25 
102912 75 
103316 72 
103316 70 
103917 80 
104050 83 
104650 64 
104786 256 
104916 62 
105050 152 
105050 69 
105120 93 
106089 91 
106583 103 
106583 101 
107390 100 
107390 5
107390 1530
107390 11
109390 25 
109469 75 
109877 72 
109877 70 
110821 80 
111021 83 
111994 64 
112209 256 
112340 62 
112553 150 
112553 68 
112553 65
112627 92 
113029 90 
114087 103 
114087 101 
114592 100 
114592 5
114592 1530
114592 10
116593 25 
116681 75 
117085 72 
117085 70 
117898 80 
118111 83 
118817 64 
119219 256 
119337 63 
119550 150 
119550 68 
119550 65
119622 92 
121083 103 
121083 101 
121590 100 
121590 5
121590 1530
121590 10
123590 25 
123680 75 
124084 72 
124084 70 
124881 250 
125375 71 
125561 80 
125761 83 
126187 64 
126310 256 
126707 63 
126907 150 
126907 68 
126907 65
126995 92 
128448 103 
128448 101 
128959 100 
128959 5
128959 1530
128959 10
130959 25 
131045 75 
131446 72 
131446 70 
132225 80 
132425 83 
132625 64 
132827 256 
133025 63 
133225 150 
133225 68 
133225 65
133301 92 
134757 103 
134757 101 
135263 100 
135263 5
135263 1530
135263 10
137264 25 
137338 75 
137745 72 
137745 70 
138502 80 
138702 250 
139622 76 
139822 83 
140075 64 
140290 256 
140821 63 
140955 150 
140955 68 
140955 65
141031 92 
141479 90 
142487 103 
142487 101 
142993 100 
142993 5
142993 1530
142993 11
144994 25 
145079 75 
145483 72 
145483 70 
146299 80 
146499 83 
146712 64 
146848 256 
146965 62 
147099 150 
147099 68 
147099 65
147170 92 
147671 90 
148630 103 
148630 101 
149137 100 
149137 5
149137 1530
149137 11
151137 25 
151215 75 
151622 72 
151622 70 
152230 80 
152350 83 
152483 64 
152725 62 
152856 150 
152856 68 
152856 65
152928 92 
154386 103 
154386 101 
154895 100 
154895 5
154895 1530
154895 11
156895 25 
156986 75 
157391 72 
157391 70 
157987 80 
158227 250 
159094 76 
161773 76 
161906 83 
162146 64 
162401 256 
162532 62 
162652 150 
162652 68 
162652 65
162721 92 
164185 103 
164185 101 
164690 100 
164690 5
164690 1530
164690 10
166691 25 
166777 75 
167182 72 
167182 70 
167797 80 
167917 83 
168276 64 
168412 256 
168530 63 
168663 150 
168663 68 
168663 65
168737 92 
170196 103 
170196 101 
170706 100 
170706 5
170706 1530
170706 10
172703 25 
172787 75 
173189 72 
173189 70 
173807 80 
173941 83 
174061 64 
174321 256 
174447 63 
174581 150 
174581 68 
174581 65
174657 92 
176112 103 
176112 101 
176619 100 
176619 5
176619 1530
176619 10
178620 25 
178710 75 
179117 72 
179117 70 
179740 80 
179858 83 
180098 64 
180367 63 
180498 150 
180498 68 
180498 65
180568 92 
182030 103 
182030 101 
182537 100 
182537 5
182537 1530
182537 10
184538 25 
184623 75 
185030 72 
185030 70 
185602 80 
185722 83 
185842 64 
186097 256 
186229 63 
186349 150 
186349 68 
186349 65
186432 92 
187895 103 
187895 101 
188402 100 
188402 5
188402 1530
188402 11
190403 25 
190487 75 
190894 72 
190894 70 
191493 80 
191613 83 
191853 64 
191988 256 
192120 62 
192253 150 
192253 68 
192253 65
192327 92 
193780 103 
193780 101 
194292 100 
194292 5
194292 1530
194292 11
196292 25 
196380 75 
196783 72 
196783 70 
197371 80 
197491 83 
197624 64 
197759 256 
197891 62 
198024 152 
198024 69 
198106 93 
199206 91 
199513 91 
199573 103 
199573 101 
200388 100 
200388 5
200388 1530
200388 11
202390 25 
202469 75 
202874 72 
202874 70 
203475 80 
203595 83 
204195 64 
205290 256 
205421 61 
205554 151 
205554 69 
205627 93 
207086 103 
207086 101 
207892 100 
207892 5
207892 1530
207892 10
209892 25 
209972 75 
210374 72 
210374 70 
210992 80 
211125 83 
211365 64 
211501 256 
211618 62 
211751 151 
211751 69 
211821 93 
212406 91 
212574 91 
213286 103 
213286 101 
214091 100 
214091 5
214091 1530
214091 11
216091 25 
216174 75 
216580 72 
216580 70 
217176 80 
217296 83 
225679 64 
226279 62 
226412 150 
226412 68 
226412 65
226493 92 
226982 90 
227955 103 
227955 101 
228465 100 
228465 4
228465 1530
228465 10
228465 78 
230466 25 
230554 75 
230957 72 
230957 70 
231556 80 
231676 83 
232143 64 
232278 256 
232649 62 
232783 150 
232783 68 
232783 65
232856 92 
234311 103 
234311 101 
234822 100 
234822 4
234822 1530
234822 11
236821 25 
236900 75 
237516 73 
237819 72 
237819 70 
238433 80 
238567 83 
238927 64 
239062 256 
239193 62 
239326 151 
239326 69 
239396 93 
240858 103 
240858 101 
241663 100 
241663 4
241663 1530
241663 11
243665 25 
243744 75 
244146 72 
244146 70 
244753 80 
244884 83 
245004 64 
245366 256 
245497 62 
245630 151 
245630 69 
245699 93 
247160 103 
247160 101 
247969 100 
247969 4
247969 1530
247969 10
249970 25 
250048 75 
252618 73 
252949 72 
252949 70 
253840 80 
254040 83 
254733 64 
255146 63 
255360 151 
255360 69 
255432 93 
256889 103 
256889 101 
257698 100 
257698 4
257698 1530
257698 10
259700 25 
259778 75 
260180 72 
260180 70 
260944 80 
261144 83 
266475 64 
267210 256 
267408 61 
267541 151 
267541 69 
267607 93 
269072 103 
269072 101 
269880 100 
269880 4
269880 1530
269880 11
271880 25 
271959 75 
272363 72 
272363 70 
273152 80 
273352 83 
274245 64 
274847 256 
275058 62 
275191 153 
275191 68 
275191 65
275262 92 
275697 90 
276720 103 
276720 101 
277229 100 
277229 4
277229 1530
277229 10
279231 25 
279316 75 
279717 72 
279717 70 
280509 80 
280709 250 
281562 76 
283295 76 
283495 83 
283708 64 
283914 256 
284334 63 
284467 151 
284467 69 
284538 93 
284991 91 
285997 103 
285997 101 
286808 100 
286808 4
286808 1530
286808 11
288807 25 
288885 75 
289288 72 
289288 70 
290038 80 
290158 83 
290518 64 
290773 62 
290905 151 
290905 69 
290977 93 
292438 103 
292438 101 
293243 100 
293243 4
293243 1530
293243 10
295243 25 
295324 75 
295727 72 
295727 70 
296329 80 
296449 83 
297169 64 
297544 256 
297675 61 
297809 151 
297809 69 
297872 93 
298358 91 
299339 103 
299339 101 
300148 100 
300148 4
300148 1530
300148 11
302149 25 
302233 75 
302640 72 
302640 70 
303246 80 
303379 83 
303739 64 
303994 256 
304112 62 
304246 151 
304246 69 
304331 93 
304920 91 
305790 103 
305790 101 
306597 100 
306597 4
306597 1530
306597 11
308598 25 
309136 75 
309542 72 
309542 70 
310150 80 
310270 83 
312042 64 
312895 61 
313029 150 
313029 68 
313029 65
313102 92 
313521 90 
314559 103 
314559 101 
315067 100 
315067 4
315067 1530
315067 10
317068 25 
317512 75 
317755 73 
318060 72 
318060 70 
318680 80 
318799 83 
318933 64 
319188 256 
319319 61 
319453 151 
319453 69 
319525 93 
319868 91 
320607 91 
320987 103 
320987 101 
321792 100 
321792 4
321792 1530
321792 10
323792 25 
323877 75 
324283 72 
324283 70 
324877 80 
324997 83 
325370 64 
325745 61 
325877 151 
325877 69 
325948 93 
326588 91 
326893 91 
327294 91 
327404 103 
327404 101 
328216 100 
328216 4
328216 1530
328216 10
330216 25 
330295 75 
330697 72 
330697 70 
331314 80 
331448 83 
332407 64 
332649 256 
332767 61 
332900 151 
332900 69 
332970 93 
333485 91 
333925 91 
334432 103 
334432 101 
335238 100 
335238 4
335238 1530
335238 10
337238 25 
337318 75 
337720 72 
337720 70 
338338 80 
338471 83 
338964 64 
339342 256 
339458 61 
339591 151 
339591 69 
339660 93 
340651 91 
341121 103 
341121 101 
341934 100 
341934 4
341934 1530
341934 10
343933 25 
344009 75 
344412 72 
344412 70 
345028 80 
345148 83 
346348 64 
346963 256 
347094 61 
347228 151 
347228 69 
347293 93 
348760 103 
348760 101 
349566 100 
349566 4
349566 1530
349566 11
351567 25 
351646 75 
352048 72 
352048 70 
352652 80 
352772 83 
353611 64 
353733 256 
353865 61 
353998 150 
353998 68 
353998 65
354071 92 
354631 90 
355526 103 
355526 101 
356041 100 
356041 4
356041 1530
356041 10
358040 25 
358128 75 
358530 72 
358530 70 
359129 80 
359249 83 
359502 64 
359625 256 
359756 61 
359889 151 
359889 69 
359962 93 
360436 91 
361423 103 
361423 101 
362233 100 
362233 4
362233 1530
362233 11
364231 25 
364307 75 
364712 72 
364712 70 
365313 80 
365433 83 
366619 64 
366886 61 
367019 150 
367019 68 
367019 65
367097 92 
367487 90 
368547 103 
368547 101 
369059 100 
369059 4
369059 1530
369059 11
371060 25 
371149 75 
371556 72 
371556 70 
372150 80 
372270 83 
372510 64 
372765 256 
372883 61 
373017 150 
373017 68 
373017 65
373089 92 
374544 103 
374544 101 
375057 100 
375057 4
375057 1530
375057 11
377055 25 
377146 75 
377550 72 
377550 70 
378163 80 
378281 250 
379374 76 
379507 83 
379627 64 
379882 256 
380000 61 
380134 150 
380134 68 
380134 65
380206 92 
380662 90 
381663 103 
381663 101 
382171 100 
382171 4
382171 1530
382171 11
384171 25 
384263 75 
384594 73 
384898 72 
384898 70 
385491 80 
385611 83 
385731 64 
385987 256 
386104 61 
386238 152 
386238 69 
386308 93 
387769 103 
387769 101 
388578 100 
388578 4
388578 1530
388578 10
390577 25 
390656 75 
391061 72 
391061 70 
392115 80 
392315 83 
395780 64 
396009 62 
396140 150 
396140 68 
396140 65
396209 92 
396716 90 
397667 103 
397667 101 
398178 100 
398178 4
398178 1530
398178 10
400182 25 
400265 75 
400375 73 
400707 72 
400707 70 
401485 80 
401685 83 
402391 64 
402606 256 
402817 61 
402951 151 
402951 69 
403020 93 
403493 91 
404485 103 
404485 101 
405289 100 
405289 4
405289 1530
405289 11
407290 25 
407368 75 
407770 72 
407770 70 
408535 80 
408735 83 
408855 64 
409176 256 
409388 61 
409588 150 
409588 68 
409588 65
409671 92 
410283 90 
411134 103 
411134 101 
411642 100 
411642 4
411642 1530
411642 10
413641 25 
413715 75 
414118 72 
414118 70 
414919 80 
415039 83 
415239 64 
416522 256 
416771 62 
416905 150 
416905 68 
416905 65
416974 92 
417383 90 
418434 103 
418434 101 
418943 100 
418943 4
418943 1530
418943 11
420945 25 
421029 75 
421431 72 
421431 70 
422222 80 
422422 83 
422729 64 
423262 61 
423475 150 
423475 68 
423475 65
423545 92 
423983 90 
425006 103 
425006 101 
425516 100 
425516 4
425516 1530
425516 11
427514 25 
427593 75 
427998 72 
427998 70 
428753 80 
428873 83 
428993 64 
429262 61 
429393 150 
429393 68 
429393 65
429465 92 
430797 90 
430925 103 
430925 101 
431430 100 
431430 4
431430 1530
431430 10
433433 25 
433517 75 
433923 72 
433923 70 
434524 80 
434644 83 
435124 64 
435259 256 
435392 62 
435510 150 
435510 68 
435510 65
435595 92 
436171 90 
437054 103 
437054 101 
437563 100 
437563 4
437563 1530
437563 11
439564 25 
439648 75 
440054 72 
440054 70 
440641 80 
440761 83 
441241 64 
441736 256 
441868 61 
442001 152 
442001 69 
442070 93 
443534 103 
443534 101 
444339 100 
444339 4
444339 1530
444339 11
446341 25 
446419 75 
446823 72 
446823 70 
447425 80 
447545 83 
448278 76 
448638 64 
449493 256 
449611 61 
449744 150 
449744 68 
449744 65
449818 92 
450228 90 
450542 90 
451273 103 
451273 101 
451783 100 
451783 4
451783 1530
451783 10
453783 25 
453869 75 
454275 72 
454275 70 
454889 80 
455009 83 
455608 64 
455746 256 
455875 62 
455995 150 
455995 68 
455995 65
456066 92 
456643 90 
457526 103 
457526 101 
458033 100 
458033 4
458033 1530
458033 11
460034 25 
460106 75 
460513 72 
460513 70 
461126 80 
461259 83 
461499 64 
461754 256 
461873 61 
462006 150 
462006 68 
462006 65
462077 92 
462572 90 
463535 103 
463535 101 
464044 100 
464044 4
464044 1530
464044 11
466046 25 
466131 75 
466531 72 
466531 70 
467137 80 
467257 83 
467737 64 
467873 256 
468003 61 
468136 150 
468136 68 
468136 65
468209 92 
469666 103 
469666 101 
470176 100 
470176 4
470176 1530
470176 11
472176 25 
472261 75 
472667 72 
472667 70 
473281 80 
473401 83 
473761 64 
473896 256 
474027 62 
474161 151 
474161 69 
474246 93 
474792 91 
475423 91 
475707 103 
475707 101 
476513 100 
476513 4
476513 1530
476513 11
478514 25 
478592 75 
479000 72 
479000 70 
479612 80 
479731 83 
485969 64 
486822 61 
486955 150 
486955 68 
486955 65
487033 92 
487453 90 
488492 103 
488492 101 
489009 100 
489009 3
489009 1530
489009 10
489009 78 
491007 25 
491093 75 
491498 72 
491498 70 
492100 80 
492220 83 
492459 64 
492728 62 
492859 152 
492859 69 
492926 93 
494160 91 
494391 103 
494391 101 
495199 100 
495199 3
495199 1530
495199 10
497198 25 
497277 75 
497683 72 
497683 70 
498284 80 
498404 83 
499243 64 
499619 63 
499752 151 
499752 69 
499820 93 
500697 91 
501279 103 
501279 101 
502088 100 
502088 3
502088 1530
502088 10
504089 25 
504168 75 
504569 72 
504569 70 
505178 80 
505307 83 
505787 64 
506283 256 
506414 61 
506547 151 
506547 69 
506621 93 
507148 91 
508081 103 
508081 101 
508890 100 
508890 3
508890 1530
508890 11
510889 25 
510965 75 
511368 72 
511368 70 
511985 80 
512105 83 
513064 64 
513187 256 
513317 61 
513451 151 
513451 69 
513525 93 
514350 91 
514984 103 
514984 101 
515791 100 
515791 3
515791 1530
515791 10
517789 25 
517869 75 
518270 72 
518270 70 
518862 80 
518982 83 
519701 64 
520196 256 
520315 61 
520448 151 
520448 69 
520516 93 
521976 103 
521976 101 
522787 100 
522787 3
522787 1530
522787 10
524788 25 
524866 75 
525273 72 
525273 70 
525872 80 
525992 83 
527058 64 
527794 256 
527924 61 
528045 151 
528045 69 
528112 93 
529574 103 
529574 101 
530385 100 
530385 3
530385 1530
530385 10
532384 25 
532462 75 
532863 72 
532863 70 
533882 80 
534082 83 
535388 64 
535924 256 
536334 61 
536468 153 
536468 68 
536468 65
536537 92 
537193 90 
537994 103 
537994 101 
538506 100 
538506 3
538506 1530
538506 11
540507 25 
540897 75 
541299 72 
541299 70 
542078 80 
542278 83 
543931 64 
544144 256 
544266 61 
544491 151 
544491 69 
544565 93 
545460 91 
546024 103 
546024 101 
546831 100 
546831 3
546831 1530
546831 10
548829 25 
548909 75 
549316 72 
549316 70 
550105 80 
550302 83 
550502 64 
550837 256 
551035 61 
551168 151 
551168 69 
551242 93 
552309 91 
552599 91 
552697 103 
552697 101 
553506 100 
553506 3
553506 1530
553506 11
555506 25 
555591 75 
555993 72 
555993 70 
556752 80 
556952 83 
557459 64 
557690 256 
557885 61 
558018 151 
558018 69 
558088 93 
558768 91 
558855 91 
559548 103 
559548 101 
560359 100 
560359 3
560359 1530
560359 11
562358 25 
562437 75 
562840 72 
562840 70 
563603 80 
563803 83 
564136 64 
564762 61 
564896 151 
564896 69 
564965 93 
566425 103 
566425 101 
567234 100 
567234 3
567234 1530
567234 11
569235 25 
569321 75 
569910 73 
570212 72 
570212 70 
570826 80 
570946 83 
571786 64 
572281 256 
572412 61 
572546 151 
572546 69 
572617 93 
574080 103 
574080 101 
574886 100 
574886 3
574886 1530
574886 11
576884 25 
576968 75 
577375 72 
577375 70 
577970 80 
578090 83 
579529 64 
579785 256 
579903 62 
580023 151 
580023 69 
580102 93 
580587 91 
581086 91 
581572 103 
581572 101 
582389 100 
582389 3
582389 1530
582389 10
584387 25 
584467 75 
584868 72 
584868 70 
585487 80 
585607 83 
586926 64 
587301 256 
587912 61 
588046 151 
588046 69 
588120 93 
588636 91 
589576 103 
589576 101 
590386 100 
590386 3
590386 1530
590386 10
592384 25 
592464 75 
592866 72 
592866 70 
593470 80 
593590 83 
598375 64 
598630 256 
598761 62 
598881 150 
598881 68 
598881 65
598953 92 
599381 90 
600414 103 
600414 101 
600920 100 
600920 3
600920 1530
600920 10
602921 25 
603240 75 
603646 72 
603646 70 
604252 80 
604372 83 
607971 64 
608093 256 
608224 62 
608357 150 
608357 68 
608357 65
608428 92 
608893 90 
609889 103 
609889 101 
610397 100 
610397 3
610397 1530
610397 11
612397 25 
612471 75 
612871 72 
612871 70 
613475 80 
613595 83 
614208 64 
614343 256 
614475 63 
614608 150 
614608 68 
614608 65
614680 92 
615237 90 
616140 103 
616140 101 
616647 100 
616647 3
616647 1530
616647 11
618648 25 
618732 75 
619138 72 
619138 70 
619752 80 
619872 83 
619992 64 
620248 256 
620379 63 
620512 150 
620512 68 
620512 65
620591 92 
622039 103 
622039 101 
622552 100 
622552 3
622552 1530
622552 10
624551 25 
624624 75 
625025 72 
625025 70 
625643 80 
625777 83 
626020 64 
626139 256 
626270 63 
626403 151 
626403 69 
626472 93 
627070 91 
627586 91 
627941 103 
627941 101 
628760 100 
628760 3
628760 1530
628760 10
630758 25 
630834 75 
631240 72 
631240 70 
631841 80 
631961 83 
632440 64 
632688 62 
632827 150 
632827 68 
632827 65
632899 92 
633342 90 
634361 103 
634361 101 
634867 100 
634867 3
634867 1530
634867 10
636866 25 
636946 75 
637352 72 
637352 70 
637971 80 
638105 83 
638224 64 
638481 256 
638611 62 
638744 150 
638744 68 
638744 65
638820 92 
639241 90 
640272 103 
640272 101 
640788 100 
640788 3
640788 1530
640788 11
642786 25 
643282 75 
643687 72 
643687 70 
644289 80 
644409 83 
644768 64 
645024 63 
645155 150 
645155 68 
645155 65
645225 92 
646112 90 
646683 103 
646683 101 
647192 100 
647192 3
647192 1530
647192 11
649193 25 
650486 75 
650897 72 
650897 70 
651512 80 
651646 83 
651779 64 
652034 256 
652165 63 
652299 150 
652299 68 
652299 65
652374 92 
653826 103 
653826 101 
654338 100 
654338 3
654338 1530
654338 10
656338 25 
657384 75 
657763 73 
658164 72 
658164 70 
658763 80 
658882 83 
659122 64 
659257 256 
659389 62 
659522 150 
659522 68 
659522 65
659595 92 
661059 103 
661059 101 
661575 100 
661575 3
661575 1530
661575 11
663574 25 
663647 75 
664054 72 
664054 70 
664973 80 
665173 250 
665946 76 
666079 83 
666439 64 
666681 256 
666799 63 
666919 152 
666919 69 
666989 93 
668452 103 
668452 101 
669259 100 
669259 3
669259 1530
669259 10
671258 25 
671337 75 
671741 72 
671741 70 
672343 80 
672463 83 
672583 64 
672717 256 
672852 62 
672983 150 
672983 68 
672983 65
673067 92 
673500 90 
674526 103 
674526 101 
675037 100 
675037 3
675037 1530
675037 11
677036 25 
677114 75 
677520 72 
677520 70 
678128 80 
678248 83 
678847 64 
679102 256 
679234 63 
679367 150 
679367 68 
679367 65
679439 92 
680900 103 
680900 101 
681405 100 
681405 3
681405 1530
681405 10
683406 25 
683996 75 
684397 72 
684397 70 
685018 80 
685138 83 
685378 64 
685647 62 
685778 152 
685778 69 
685847 93 
687312 103 
687312 101 
688130 100 
688130 3
688130 1530
688130 10
690130 25 
690209 75 
690616 72 
690616 70 
691215 80 
691335 83 
698772 64 
700587 256 
700838 252 
700971 151 
700971 69 
701042 93 
702500 103 
702500 101 
703310 100 
703310 3
703310 1530
703310 11
705311 25 
708899 75 
709301 72 
709301 70 
709914 80 
710034 83 
711713 64 
712689 256 
712926 61 
713060 151 
713060 69 
713129 93 
713675 91 
714594 103 
714594 101 
715397 100 
715397 3
715397 1530
715397 11
717398 25 
717478 75 
717882 72 
717882 70 
718484 80 
718604 83 
751737 252 
752005 256 
752136 63 
752270 150 
752270 68 
752270 65
752339 92 
753016 90 
753799 103 
753799 101 
754308 100 
754308 3
754308 1530
754308 11
756309 25 
756394 75 
756796 72 
756796 70 
759467 71 
759840 80 
759960 83 
760439 64 
760695 63 
760826 150 
760826 68 
760826 65
760895 92 
762357 103 
762357 101 
762865 100 
762865 3
762865 1530
762865 11
764865 25 
766441 75 
766842 72 
766842 70 
767703 80 
767903 83 
768103 64 
768438 256 
768636 63 
768769 150 
768769 68 
768769 65
768840 92 
769351 90 
770300 103 
770300 101 
770808 100 
770808 3
770808 1530
770808 10
772809 25 
775331 75 
775737 72 
775737 70 
776486 80 
776606 83 
777206 64 
777581 62 
777712 150 
777712 68 
777712 65
777796 92 
778291 90 
779260 103 
779260 101 
779779 100 
779779 1
779779 1530
779779 10
779779 78 
781777 25 
781850 75 
782254 72 
782254 70 
782870 80 
782990 83 
783230 64 
783365 256 
783497 62 
783630 151 
783630 69 
783700 93 
784770 91 
785162 103 
785162 101 
785969 100 
785969 1
785969 1530
785969 10
787969 25 
788164 75 
788391 73 
788731 72 
788731 70 
789347 80 
789481 83 
793426 76 
794972 64 
795333 256 
795465 62 
795598 151 
795598 69 
795670 93 
797131 103 
797131 101 
797937 100 
797937 1
797937 1530
797937 10
799938 25 
800020 75 
800422 72 
800422 70 
801036 80 
801156 83 
805940 64 
806196 256 
806327 63 
806460 151 
806460 69 
806530 93 
807993 103 
807993 101 
808798 100 
808798 1
808798 1530
808798 10
810798 25 
820872 254 
822537 75 
822942 72 
822942 70 
823546 80 
823666 83 
824266 64 
824399 256 
824652 61 
824772 150 
824772 68 
824772 65
824859 92 
825368 90 
826317 103 
826317 101 
826824 100 
826824 1
826824 1530
826824 10
828824 25 
828916 75 
829322 72 
829322 70 
829917 80 
830037 83 
830623 64 
830879 256 
831010 61 
831143 150 
831143 68 
831143 65
831231 92 
831635 90 
832682 103 
832682 101 
833198 100 
833198 1
833198 1530
833198 10
835196 25 
835418 75 
835822 72 
835822 70 
836434 80 
836554 83 
837634 64 
838370 256 
838500 61 
838633 150 
838633 68 
838633 65
838705 92 
839378 90 
840160 103 
840160 101 
840671 100 
840671 1
840671 1530
840671 11
842671 25 
843319 75 
843723 72 
843723 70 
844337 80 
844457 83 
844937 64 
845180 256 
845310 63 
845430 151 
845430 69 
845501 93 
846353 91 
846638 91 
846961 103 
846961 101 
847771 100 
847771 1
847771 1530
847771 10
849770 25 
849853 75 
850258 72 
850258 70 
850855 80 
851228 250 
852961 76 
853094 83 
853334 64 
853575 256 
853694 61 
853827 150 
853827 68 
853827 65
853897 92 
854290 90 
855354 103 
855354 101 
855867 100 
855867 1
855867 1530
855867 11
857866 25 
857956 75 
858358 72 
858358 70 
858971 80 
859105 83 
862330 64 
864385 61 
864649 153 
864649 68 
864649 65
864724 92 
865490 90 
866130 90 
866177 103 
866177 101 
866688 100 
866688 1
866688 1530
866688 11
868688 25 
868778 75 
869182 72 
869182 70 
869780 80 
869902 83 
870380 64 
870500 256 
870635 61 
870766 151 
870766 69 
870850 93 
871983 91 
872311 103 
872311 101 
873118 100 
873118 1
873118 1530
873118 11
875119 25 
875204 75 
875613 72 
875613 70 
876231 80 
876351 83 
877070 64 
877312 256 
877443 61 
877577 151 
877577 69 
877647 93 
879109 103 
879109 101 
879917 100 
879917 1
879917 1530
879917 11
881916 25 
881994 75 
882401 72 
882401 70 
883014 80 
883134 83 
883974 64 
884349 256 
884481 61 
884614 151 
884614 69 
884683 93 
885844 91 
886009 91 
886149 103 
886149 101 
886967 100 
886967 1
886967 1530
886967 11
888967 25 
889045 75 
889449 72 
889449 70 
890065 80 
890185 83 
890904 64 
891520 256 
891638 61 
891771 151 
891771 69 
891840 93 
892468 91 
892912 91 
893304 103 
893304 101 
894110 100 
894110 1
894110 1530
894110 10
896111 25 
896189 75 
896596 72 
896596 70 
897208 80 
897328 83 
898155 64 
898516 256 
898648 61 
898781 150 
898781 68 
898781 65
898853 92 
899349 90 
899604 90 
900319 103 
900319 101 
900834 100 
900834 1
900834 1530
900834 10
902833 25 
903269 75 
903549 73 
903868 72 
903868 70 
904472 80 
904594 83 
907431 64 
907792 256 
907911 63 
908044 151 
908044 69 
908114 93 
909578 103 
909578 101 
910384 100 
910384 1
910384 1530
910384 11
912383 25 
912462 75 
912866 72 
912866 70 
913482 80 
913601 83 
918280 64 
918537 256 
918666 61 
918799 151 
918799 69 
918866 93 
919413 91 
920331 103 
920331 101 
921138 100 
921138 1
921138 1530
921138 10
923139 25 
930857 75 
931259 72 
931259 70 
931874 80 
932007 83 
936565 76 
937045 76 
939805 64 
939939 61 
940070 150 
940070 68 
940070 65
940142 92 
940821 90 
941603 103 
941603 101 
942109 100 
942109 1
942109 1530
942109 11
944110 25 
945781 75 
946188 72 
946188 70 
946814 80 
946934 83 
947547 64 
947922 256 
948054 61 
948187 151 
948187 69 
948257 93 
949453 91 
949719 103 
949719 101 
950525 100 
950525 1
950525 1530
950525 10
952526 25 
954305 75 
954415 73 
954820 72 
954820 70 
955450 80 
955597 83 
956317 64 
956710 61 
956837 152 
956837 69 
956907 93 
958013 91 
958366 103 
958366 101 
959175 100 
959175 1
959175 1530
959175 11
961177 25 
961270 75 
961672 72 
961672 70 
962288 80 
962408 83 
963727 64 
964701 256 
964833 61 
964966 151 
964966 69 
965035 93 
965819 91 
966053 91 
966495 103 
966495 101 
967304 100 
967304 1
967304 1530
967304 10
969307 25 
969387 75 
969795 72 
969795 70 
970417 80 
970537 83 
974016 64 
975498 256 
975629 61 
975762 150 
975762 68 
975762 65
975835 92 
976278 90 
977296 103 
977296 101 
977813 100 
977813 1
977813 1530
977813 11
979816 25 
980394 75 
980800 72 
980800 70 
981879 80 
982079 83 
983185 64 
983321 256 
983549 63 
983745 151 
983745 69 
983817 93 
984800 91 
985280 103 
985280 101 
986097 100 
986097 1
986097 1530
986097 10
988099 25 
988176 75 
988578 72 
988578 70 
989343 80 
989529 83 
998019 64 
998515 256 
998646 61 
998779 152 
998779 69 
998844 93 
999352 91 
1000311 103 
1000311 101 
1001117 100 
1001117 1
1001117 1530
1001117 11
1003118 25 
1003199 75 
1003602 72 
1003602 70 
1004203 80 
1004323 83 
1070495 252 
1070751 256 
1070882 61 
1071015 151 
1071015 69 
1071088 93 
1072261 91 
1072552 103 
1072552 101 
1073369 100 
1073369 1
1073369 1530
1073369 11
1075369 25 
1085442 254 
1125942 75 
1126344 72 
1126344 70 
1127271 80 
1127484 83 
1128004 64 
1128206 256 
1128404 61 
1128617 151 
1128617 69 
1128686 93 
1129161 91 
1129679 91 
1129860 91 
1130150 103 
1130150 101 
1130958 100 
1130958 1
1130958 1530
1130958 11
1132957 25 
1133035 75 
1133436 72 
1133436 70 
1134202 80 
1134322 83 
1136014 64 
1136869 256 
1136987 61 
1137120 151 
1137120 69 
1137204 93 
1138125 91 
1138320 91 
1138668 103 
1138668 101 
1139472 100 
1139472 1
1139472 1530
1139472 10
1141472 25 
1141552 75 
1141958 72 
1141958 70 
1142558 80 
1142678 83 
1143638 64 
1144013 256 
1144144 61 
1144277 150 
1144277 68 
1144277 65
1144354 92 
1144760 90 
1145815 103 
1145815 101 
1146328 100 
1146328 1
1146328 1530
1146328 10
1148329 25 
1149245 75 
1149647 72 
1149647 70 
1150261 80 
1150381 83 
1150515 64 
1150783 61 
1150915 150 
1150915 68 
1150915 65
1150986 92 
1151425 90 
1152442 103 
1152442 101 
1152952 100 
1152952 1
1152952 1530
1152952 11
1154953 25 
1155032 75 
1155436 72 
1155436 70 
1156033 80 
1156153 83 
1156512 64 
1156767 256 
1156885 63 
1157019 151 
1157019 69 
1157096 93 
1158550 103 
1158550 101 
1159359 100 
1159359 1
1159359 1530
1159359 11
1161357 25 
1165672 75 
1165780 73 
1166198 73 
1166502 72 
1166502 70 
1167121 80 
1167241 83 
1167827 64 
1168070 256 
1168201 61 
1168334 151 
1168334 69 
1168405 93 
1169104 91 
1169864 103 
1169864 101 
1170674 100 
1170674 1
1170674 1530
1170674 10
1172673 25 
1172757 75 
1173086 73 
1173388 72 
1173388 70 
1173998 80 
1174118 83 
1175797 76 
1177943 64 
1178798 256 
1178929 61 
1179063 150 
1179063 68 
1179063 65
1179137 92 
1179580 90 
1180594 103 
1180594 101 
1181103 100 
1181103 1
1181103 1530
1181103 10
1183102 25 
1193170 254 
1195410 75 
1195815 72 
1195815 70 
1196429 80 
1196549 83 
1196908 64 
1197164 61 
1197295 150 
1197295 68 
1197295 65
1197364 92 
1197868 90 
1198825 103 
1198825 101 
1199335 100 
1199335 1
1199335 1530
1199335 11
1201335 25 
1205797 75 
1206204 72 
1206204 70 
1206811 80 
1206931 83 
1207877 64 
1208132 256 
1208251 63 
1208384 151 
1208384 69 
1208453 93 
1209915 103 
1209915 101 
1210722 100 
1210722 1
1210722 1530
1210722 11
1212723 25 
1212802 75 
1213204 72 
1213204 70 
1213821 80 
1213941 83 
1215367 64 
1215609 256 
1215727 61 
1215860 151 
1215860 69 
1215931 93 
1216501 91 
1216930 91 
1217391 103 
1217391 101 
1218198 100 
1218198 1
1218198 1530
1218198 10
1220200 25 
1221297 75 
1221697 72 
1221697 70 
1222313 80 
1222444 83 
1222804 64 
1223071 61 
1223204 150 
1223204 68 
1223204 65
1223273 92 
1223704 90 
1224733 103 
1224733 101 
1225244 100 
1225244 1
1225244 1530
1225244 11
1227243 25 
1237308 254 
1262798 75 
1263204 72 
1263204 70 
1264080 80 
1264280 83 
1265200 64 
1265615 256 
1265746 61 
1265946 151 
1265946 69 
1266018 93 
1266807 91 
1267478 103 
1267478 101 
1268284 100 
1268284 1
1268284 1530
1268284 10
1270286 25 
1272532 75 
1272937 72 
1272937 70 
1273733 80 
1273929 83 
1274436 76 
1281968 64 
1282168 61 
1282379 150 
1282379 68 
1282379 65
1282462 92 
1282957 90 
1283181 90 
1283923 103 
1283923 101 
1284432 100 
1284432 1
1284432 1530
1284432 10
1286432 25 
1286517 75 
1286923 72 
1286923 70 
1287697 80 
1287817 83 
1288190 64 
1288603 61 
1288803 150 
1288803 68 
1288803 65
1288872 92 
1289292 90 
1290340 103 
1290340 101 
1290855 100 
1290855 1
1290855 1530
1290855 10
1292860 25 
1300536 75 
1300652 73 
1301055 72 
1301055 70 
1301854 80 
1302051 83 
1302557 64 
1302799 256 
1302997 61 
1303197 150 
1303197 68 
1303197 65
1303272 92 
1303690 90 
1303772 90 
1304735 103 
1304735 101 
1305250 100 
1305250 1
1305250 1530
1305250 11
1307250 25 
1307674 75 
1307888 73 
1308192 72 
1308192 70 
1309021 80 
1309221 83 
1310141 64 
1310676 256 
1315925 62 
1316125 150 
1316125 68 
1316125 65
1316191 92 
1317652 103 
1317652 101 
1318162 100 
1318162 1
1318162 1530
1318162 11
1320165 25 
1320554 75 
1320954 72 
1320954 70 
1321736 80 
1321949 83 
1324441 64 
1324670 61 
1325407 153 
1325407 68 
1325407 65
1325484 92 
1326051 90 
1326942 103 
1326942 101 
1327454 100 
1327454 1
1327454 1530
1327454 10
1329453 25 
1329526 75 
1329927 72 
1329927 70 
1330719 80 
1330838 83 
1331052 64 
1331254 256 
1331452 61 
1331572 150 
1331572 68 
1331572 65
1331648 92 
1332175 90 
1332265 90 
1333103 103 
1333103 101 
1333612 100 
1333612 1
1333612 1530
1333612 11
1335611 25 
1335696 75 
1336100 72 
1336100 70 
1336916 80 
1337116 83 
1337316 64 
1337838 61 
1338049 153 
1338049 68 
1338049 65
1338119 92 
1338593 90 
1339577 103 
1339577 101 
1340089 100 
1340089 1
1340089 1530
1340089 10
1342087 25 
1342174 75 
1342575 72 
1342575 70 
1343340 80 
1343460 83 
1343820 64 
1344075 256 
1344206 61 
1344339 150 
1344339 68 
1344339 65
1344409 92 
1345872 103 
1345872 101 
1346378 100 
1346378 1
1346378 1530
1346378 11
1348378 25 
1350306 75 
1353772 73 
1354316 73 
1354620 72 
1354620 70 
1354868 250 
1356854 71 
1358149 71 
1359120 71 
1368782 71 
1369156 80 
1369889 76 
1370022 250 
1371235 76 
1371355 83 
1372074 252 
1372330 61 
1372461 151 
1372461 69 
1372531 93 
1373993 103 
1373993 101 
1374800 100 
1374800 1
1374800 1530
1374800 11
1376801 25 
1376879 75 
1377282 72 
1377282 70 
1377872 80 
1377992 83 
1378472 64 
1378592 256 
1378714 61 
1378845 151 
1378845 69 
1378913 93 
1379617 91 
1380172 91 
1380378 103 
1380378 101 
1381185 100 
1381185 1
1381185 1530
1381185 10
1383183 25 
1383268 75 
1383672 72 
1383672 70 
1384283 80 
1384403 83 
1384762 64 
1384897 256 
1385029 61 
1385162 150 
1385162 68 
1385162 65
1385232 92 
1386694 103 
1386694 101 
1387202 100 
1387202 1
1387202 1530
1387202 11
1389201 25 
1389287 75 
1389689 72 
1389689 70 
1390293 80 
1390413 83 
1390773 64 
1391030 256 
1391160 61 
1391293 151 
1391293 69 
1391360 93 
1392594 91 
1392826 103 
1392826 101 
1393631 100 
1393631 1
1393631 1530
1393631 10
1395633 25 
1396019 75 
1396291 73 
1396600 72 
1396600 70 
1397210 80 
1397330 83 
1397810 64 
1398053 61 
1398183 150 
1398183 68 
1398183 65
1398257 92 
1399566 90 
1399715 103 
1399715 101 
1400224 100 
1400224 1
1400224 1530
1400224 11
1402224 25 
1402540 75 
1402945 72 
1402945 70 
1403554 80 
1403674 83 
1404394 64 
1405007 256 
1406234 61 
1406367 151 
1406367 69 
1406437 93 
1406931 91 
1407897 103 
1407897 101 
1408706 100 
1408706 1
1408706 1530
1408706 10
1410706 25 
1410789 75 
1411192 72 
1411192 70 
1411791 80 
1411911 83 
1412631 64 
1412754 256 
1412884 61 
1413017 150 
1413017 68 
1413017 65
1413093 92 
1413588 90 
1414547 103 
1414547 101 
1415057 100 
1415057 1
1415057 1530
1415057 10
1417056 25 
1417142 75 
1417546 72 
1417546 70 
1418148 80 
1418268 83 
1418388 64 
1418761 61 
1418895 150 
1418895 68 
1418895 65
1418967 92 
1420426 103 
1420426 101 
1420934 100 
1420934 1
1420934 1530
1420934 11
1422934 25 
1423024 75 
1423398 73 
1423798 72 
1423798 70 
1424532 250 
1424905 71 
1425145 80 
1425279 83 
1425878 64 
1426132 61 
1426265 151 
1426265 69 
1426337 93 
1426931 91 
1427794 103 
1427794 101 
1428604 100 
1428604 1
1428604 1530
1428604 11
1430604 25 
1430683 75 
1431090 72 
1431090 70 
1431689 80 
1431809 83 
1432409 64 
1432784 256 
1432915 61 
1433049 151 
1433049 69 
1434083 91 
1434098 93 
1434309 91 
1434583 103 
1434583 101 
1435386 100 
1435386 1
1435386 1530
1435386 10
1437389 25 
1437472 75 
1437877 72 
1437877 70 
1438473 80 
1438593 83 
1439433 64 
1440035 256 
1440166 61 
1440299 150 
1440299 68 
1440299 65
1440371 92 
1440831 90 
1441828 103 
1441828 101 
1442342 100 
1442342 1
1442342 1530
1442342 10
1444341 25 
1444412 75 
1445266 73 
1445567 72 
1445567 70 
1446430 250 
1446636 71 
1449575 71 
1449802 80 
1450002 83 
1450881 64 
1451494 61 
1451627 150 
1451627 68 
1451627 65
1451699 92 
1452131 90 
1453160 103 
1453160 101 
1453665 100 
1453665 1
1453665 1530
1453665 10
1455666 25 
1465180 75 
1465581 72 
1465581 70 
1466384 80 
1466581 83 
1468820 64 
1469062 256 
1469193 61 
1469327 150 
1469327 68 
1469327 65
1469399 92 
1470857 103 
1470857 101 
1471364 100 
1471364 1
1471364 1530
1471364 10
1473365 25 
1483430 254 
1504255 75 
1504657 72 
1504657 70 
1505511 71 
1505751 80 
1505885 83 
1512002 64 
1512124 256 
1512255 61 
1512388 150 
1512388 68 
1512388 65
1512464 92 
1513922 103 
1513922 101 
1514429 100 
1514429 1
1514429 1530
1514429 11
1516428 25 
1516502 75 
1516909 72 
1516909 70 
1517506 80 
1517626 83 
1518106 64 
1518361 256 
1518493 63 
1518626 151 
1518626 69 
1518696 93 
1520152 103 
1520152 101 
1520968 100 
1520968 1
1520968 1530
1520968 11
1522965 25 
1523044 75 
1523447 72 
1523447 70 
1524063 80 
1524197 83 
1524677 64 
1524932 256 
1525196 61 
1525330 153 
1525330 68 
1525330 65
1525404 92 
1526862 103 
1526862 101 
1527367 100 
1527367 1
1527367 1530
1527367 10
1529368 25 
1529441 75 
1529918 73 
1530222 72 
1530222 70 
1530834 80 
1530967 250 
1532060 76 
1533300 76 
1533420 83 
1533659 64 
1533916 256 
1534046 61 
1534179 150 
1534179 68 
1534179 65
1534252 92 
1535711 103 
1535711 101 
1536218 100 
1536218 1
1536218 1530
1536218 11
1538219 25 
1541813 75 
1542213 72 
1542213 70 
1542829 80 
1542949 83 
1544628 76 
1546187 64 
1546563 61 
1547187 151 
1547187 69 
1547775 91 
1547789 93 
1548205 91 
1548550 91 
1548718 103 
1548718 101 
1549525 100 
1549525 1
1549525 1530
1549525 10
1551527 25 
1559083 75 
1559485 72 
1559485 70 
1560088 80 
1560208 83 
1564513 64 
1567285 61 
1567418 152 
1567418 69 
1567489 93 
1568134 91 
1568948 103 
1568948 101 
1569759 100 
1569759 1
1569759 1530
1569759 11
1571757 25 
1571838 75 
1572240 72 
1572240 70 
1572843 80 
1572963 83 
1573802 64 
1574058 256 
1574176 61 
1574309 151 
1574309 69 
1574386 93 
1574914 91 
1575446 91 
1575839 103 
1575839 101 
1576648 100 
1576648 1
1576648 1530
1576648 10
1578648 25 
1578727 75 
1579134 72 
1579134 70 
1579733 80 
1579853 83 
1580453 64 
1580589 256 
1580720 61 
1580853 150 
1580853 68 
1580853 65
1580923 92 
1582147 90 
1582387 103 
1582387 101 
1582892 100 
1582892 1
1582892 1530
1582892 11
1584893 25 
1587115 75 
1587322 73 
1587633 72 
1587633 70 
1588250 80 
1588370 83 
1589209 64 
1597859 252 
1599420 62 
1599552 150 
1599552 68 
1599552 65
1599626 92 
1600210 90 
1601082 90 
1601082 103 
1601082 101 
1601589 100 
1601589 1
1601589 1530
1601589 11
1603592 25 
1603677 75 
1604082 72 
1604082 70 
1604696 80 
1604816 83 
1605176 64 
1605442 62 
1605576 150 
1605576 68 
1605576 65
1605647 92 
1607109 103 
1607109 101 
1607614 100 
1607614 1
1607614 1530
1607614 11
1609614 25 
1609700 75 
1610102 72 
1610102 70 
1610707 80 
1610827 83 
1611187 64 
1611429 256 
1611560 62 
1611680 150 
1611680 68 
1611680 65
1611753 92 
1613209 103 
1613209 101 
1613718 100 
1613718 1
1613718 1530
1613718 10
1615718 25 
1615804 75 
1620589 73 
1620896 72 
1620896 70 
1621502 80 
1621622 83 
1621982 64 
1622115 256 
1622251 62 
1622382 151 
1622382 69 
1622451 93 
1623484 91 
1623916 103 
1623916 101 
1624720 100 
1624720 1
1624720 1530
1624720 10
1626721 25 
1628083 75 
1628489 72 
1628489 70 
1629099 80 
1629219 83 
1632098 64 
1632353 256 
1632484 62 
1632618 151 
1632618 69 
1632686 93 
1633079 91 
1633401 91 
1633944 91 
1634098 91 
1634146 103 
1634146 101 
1634955 100 
1634955 1
1634955 1530
1634955 11
1636958 25 
1647032 254 
1666438 75 
1666841 72 
1666841 70 
1667709 80 
1667923 83 
1668322 64 
1668660 256 
1668856 61 
1668976 151 
1668976 69 
1669048 93 
1670505 103 
1670505 101 
1671315 100 
1671315 1
1671315 1530
1671315 10
1673315 25 
1680994 75 
1681403 72 
1681403 70 
1682210 250 
1718755 71 
1718874 80 
1719008 83 
1722966 252 
1723101 256 
1723233 61 
1723366 150 
1723366 68 
1723366 65
1723437 92 
1724897 103 
1724897 101 
1725406 100 
1725406 1
1725406 1530
1725406 11
1727406 25 
1727491 75 
1727895 72 
1727895 70 
1728484 80 
1728604 83 
1728844 64 
1728979 256 
1729110 61 
1729244 153 
1729244 68 
1729244 65
1729319 92 
1730773 103 
1730773 101 
1731284 100 
1731284 1
1731284 1530
1731284 10
1733283 25 
1733355 75 
1733757 72 
1733757 70 
1734348 80 
1734468 83 
1734949 64 
1735070 256 
1735201 61 
1735334 150 
1735334 68 
1735334 65
1735406 92 
1736867 103 
1736867 101 
1737374 100 
1737374 1
1737374 1530
1737374 10
1739374 25 
1739452 75 
1739856 72 
1739856 70 
1740465 80 
1740585 83 
1741065 64 
1741201 256 
1741332 61 
1741465 150 
1741465 68 
1741465 65
1741549 92 
1742883 90 
1743013 103 
1743013 101 
1743529 100 
1743529 1
1743529 1530
1743529 10
1745531 25 
1755611 254 
1764096 75 
1809480 73 
1810956 73 
1811034 73 
1813626 73 
1813928 72 
1813928 70 
1814487 250 
1816273 71 
1816593 80 
1816820 83 
1817273 64 
1817414 256 
1817539 61 
1817673 150 
1817673 68 
1817673 65
1817760 92 
1818770 90 
1818938 90 
1819217 103 
1819217 101 
1819724 100 
1819724 1
1819724 1530
1819724 11
1821725 25 
1821800 75 
1822202 72 
1822202 70 
1822804 80 
1822924 83 
1823404 64 
1823659 256 
1823790 63 
1823923 151 
1823923 69 
1823996 93 
1825352 91 
1825460 103 
1825460 101 
1826274 100 
1826274 1
1826274 1530
1826274 11
1828277 25 
1838348 254 
1850776 75 
1879791 73 
1880098 72 
1880098 70 
1880713 80 
1880833 83 
1900811 252 
1902026 61 
1902157 151 
1902157 69 
1902232 93 
1903687 103 
1903687 101 
1904497 100 
1904497 1
1904497 1530
1904497 11
1906495 25 
1906577 75 
1906982 72 
1906982 70 
1907595 80 
1907715 83 
1908208 64 
1908463 256 
1908701 61 
1908834 151 
1908834 69 
1908906 93 
1910029 91 
1910327 91 
1910364 103 
1910364 101 
1911173 100 
1911173 1
1911173 1530
1911173 10
1913172 25 
1923247 254 
1951799 75 
1952209 72 
1952209 70 
1953082 80 
1953282 83 
1959548 64 
1959748 61 
1959946 150 
1959946 68 
1959946 65
1960016 92 
1960574 90 
1961480 103 
1961480 101 
1961986 100 
1961986 1
1961986 1530
1961986 11
1963985 25 
1964446 75 
1964847 72 
1964847 70 
1965637 80 
1965850 83 
1966930 64 
1967143 256 
1967476 63 
1967676 151 
1967676 69 
1967749 93 
1969205 103 
1969205 101 
1970014 100 
1970014 1
1970014 1530
1970014 10
1972019 25 
1972671 75 
1973078 72 
1973078 70 
1973834 80 
1973953 83 
1974793 64 
1975166 61 
1975299 150 
1975299 68 
1975299 65
1975372 92 
1976830 103 
1976830 101 
1977340 100 
1977340 1
1977340 1530
1977340 11
1979339 25 
1989406 254 
1999891 75 
2000298 72 
2000298 70 
2000915 80 
2001049 83 
2007406 64 
2007915 61 
2008046 151 
2008046 69 
2008118 93 
2009576 103 
2009576 101 
2010385 100 
2010385 1
2010385 1530
2010385 11
2012384 25 
2012469 75 
2012872 72 
2012872 70 
2013483 80 
2013604 83 
2014096 64 
2014352 256 
2014483 61 
2014616 151 
2014616 69 
2014686 93 
2015176 91 
2015850 91 
2016149 103 
2016149 101 
2016955 100 
2016955 1
2016955 1530
2016955 11
2018956 25 
2019034 75 
2019437 72 
2019437 70 
2020041 80 
2020160 83 
2020747 64 
2021002 256 
2021134 61 
2021267 153 
2021267 68 
2021267 65
2021349 92 
2022814 103 
2022814 101 
2023319 100 
2023319 1
2023319 1530
2023319 10
2025320 25 
2025405 75 
2025810 72 
2025810 70 
2026293 250 
2057038 71 
2058371 71 
2058611 80 
2059091 76 
2064022 250 
2067274 76 
2069460 76 
2069593 83 
2082667 252 
2093466 256 
2093663 62 
2093796 151 
2093796 69 
2097079 91 
2097094 93 
2097094 103 
2097094 101 
2097908 100 
2097908 1
2097908 1530
2097908 11
2099907 25 
2099991 75 
2100396 72 
2100396 70 
2101166 80 
2101286 83 
2101659 64 
2102286 61 
2102886 151 
2102886 69 
2159645 91 
2159658 93 
2159658 103 
2159658 101 
2160468 100 
2160468 1
2160468 1530
2160468 11
2162467 25 
2162547 75 
2162951 72 
2162951 70 
2163713 80 
2163926 83 
2164646 64 
2164888 256 
2165086 61 
2165286 151 
2165286 69 
2165360 93 
2166228 91 
2166820 103 
2166820 101 
2167624 100 
2167624 1
2167624 1530
2167624 10
2169624 25 
2169704 75 
2170107 72 
2170107 70 
2170883 80 
2171003 83 
2171577 64 
2171992 256 
2172203 61 
2172336 150 
2172336 68 
2172336 65
2172412 92 
2173301 90 
2173869 103 
2173869 101 
2174374 100 
2174374 1
2174374 1530
2174374 10
2176374 25 
2176461 75 
2176864 72 
2176864 70 
2177627 80 
2177747 83 
2177987 64 
2178120 256 
2178242 61 
2178374 150 
2178374 68 
2178374 65
2178445 92 
2179409 90 
2179891 90 
2179908 103 
2179908 101 
2180426 100 
2180426 1
2180426 1530
2180426 10
2182427 25 
2182512 75 
2182918 72 
2182918 70 
2183531 80 
2183651 83 
2184011 64 
2184133 256 
2184264 61 
2184398 150 
2184398 68 
2184398 65
2184470 92 
2185928 103 
2185928 101 
2186438 100 
2186438 1
2186438 1530
2186438 10
2188436 25 
2188510 75 
2188917 72 
2188917 70 
2189516 80 
2189636 83 
2189875 64 
2190011 256 
2190142 61 
2190275 150 
2190275 68 
2190275 65
2190351 92 
2191573 90 
2191810 103 
2191810 101 
2192313 100 
2192313 1
2192313 1530
2192313 10
2194314 25 
2194391 75 
2194798 72 
2194798 70 
2195393 80 
2195513 83 
2196219 64 
2196475 256 
2196606 61 
2196739 150 
2196739 68 
2196739 65
2196811 92 
2198115 90 
2198272 103 
2198272 101 
2198778 100 
2198778 1
2198778 1530
2198778 11
2200779 25 
2201135 75 
2201539 72 
2201539 70 
2202150 80 
2202270 83 
2202870 64 
2203126 256 
2203256 63 
2203390 151 
2203390 69 
2203459 93 
2204923 103 
2204923 101 
2205729 100 
2205729 1
2205729 1530
2205729 11
2207728 25 
2217800 254 
2221823 75 
2237682 73 
2237984 72 
2237984 70 
2238601 80 
2238722 83 
2239201 64 
2239323 256 
2239694 61 
2239828 151 
2239828 69 
2239899 93 
2240546 91 
2241361 103 
2241361 101 
2242166 100 
2242166 1
2242166 1530
2242166 11
2244168 25 
2244246 75 
2244651 72 
2244651 70 
2245265 80 
2245385 83 
2245878 64 
2246134 61 
2246265 151 
2246265 69 
2246334 93 
2246996 91 
2247759 91 
2247798 103 
2247798 101 
2248605 100 
2248605 1
2248605 1530
2248605 10
2250604 25 
2250683 75 
2251086 72 
2251086 70 
2251703 80 
2251836 83 
2252436 64 
2252691 256 
2252809 61 
2252944 152 
2252944 69 
2253013 93 
2254472 103 
2254472 101 
2255281 100 
2255281 1
2255281 1530
2255281 10
2257280 25 
2257360 75 
2257762 72 
2257762 70 
2258366 80 
2258486 83 
2258966 64 
2259101 256 
2259233 61 
2259366 150 
2259366 68 
2259366 65
2259438 92 
2259914 90 
2260896 103 
2260896 101 
2261406 100 
2261406 1
2261406 1530
2261406 11
2263405 25 
2263496 75 
2263896 72 
2263896 70 
2264511 80 
2264631 83 
2264871 64 
2265125 256 
2265244 63 
2265377 151 
2265377 69 
2265448 93 
2266909 103 
2266909 101 
2267716 100 
2267716 1
2267716 1530
2267716 10
2269716 25 
2269795 75 
2270199 72 
2270199 70 
2270815 80 
2270934 83 
2271294 64 
2271549 256 
2271681 61 
2271814 150 
2271814 68 
2271814 65
2271886 92 
2273344 103 
2273344 101 
2273854 100 
2273854 1
2273854 1530
2273854 11
2275854 25 
2275926 75 
2276332 72 
2276332 70 
2276932 80 
2277052 83 
2277638 64 
2277974 63 
2278185 151 
2278185 69 
2278258 93 
2279718 103 
2279718 101 
2280523 100 
2280523 1
2280523 1530
2280523 10
2282525 25 
2292599 254 
2326615 75 
2327021 72 
2327021 70 
2327857 80 
2328057 83 
2332175 76 
2333015 64 
2333388 256 
2337360 252 
2339401 61 
2339532 150 
2339532 68 
2339532 65
2339617 92 
2341079 103 
2341079 101 
2341586 100 
2341586 1
2341586 1530
2341586 10
2343586 25 
2343671 75 
2344074 72 
2344074 70 
2344677 80 
2344797 83 
2345276 64 
2345412 256 
2345543 61 
2345676 150 
2345676 68 
2345676 65
2345756 92 
2347143 90 
2347213 103 
2347213 101 
2347730 100 
2347730 1
2347730 1530
2347730 10
2349729 25 
2349801 75 
2350204 72 
2350204 70 
2350821 80 
2350941 83 
2351301 64 
2351441 256 
2351567 61 
2351700 150 
2351700 68 
2351700 65
2351785 92 
2353252 103 
2353252 101 
2353767 100 
2353767 1
2353767 1530
2353767 11
2355767 25 
2355852 75 
2356259 72 
2356259 70 
2356872 80 
2356991 83 
2357351 64 
2357612 62 
2357738 150 
2357738 68 
2357738 65
2357805 92 
2358127 90 
2358234 90 
2359270 103 
2359270 101 
2359777 100 
2359777 1
2359777 1530
2359777 11
2361778 25 
2361863 75 
2362269 72 
2362269 70 
2362882 80 
2363002 83 
2363482 64 
2363751 62 
2363882 150 
2363882 68 
2363882 65
2363970 92 
2365427 103 
2365427 101 
2365933 100 
2365933 1
2365933 1530
2365933 10
2367936 25 
2368020 75 
2368427 72 
2368427 70 
2369040 80 
2369160 83 
2369626 64 
2369988 63 
2370119 151 
2370119 69 
2370189 93 
2371650 103 
2371650 101 
2372457 100 
2372457 1
2372457 1530
2372457 11
2374459 25 
2374921 75 
2375325 72 
2375325 70 
2375943 80 
2376063 83 
2376530 64 
2376905 256 
2377756 255 
2379502 62 
2379635 150 
2379635 68 
2379635 65
2379707 92 
2381166 103 
2381166 101 
2381674 100 
2381674 1
2381674 1530
2381674 11
2383674 25 
2393743 254 
2394371 75 
2394774 72 
2394774 70 
2395389 80 
2395522 83 
2397681 64 
2397936 61 
2398067 153 
2398067 68 
2398067 65
2398141 92 
2399596 103 
2399596 101 
2400105 100 
2400105 1
2400105 1530
2400105 10
2402106 25 
2410076 75 
2410477 72 
2410477 70 
2411075 80 
2411195 83 
2411675 64 
2411797 256 
2411928 61 
2412062 150 
2412062 68 
2412062 65
2412144 92 
2413155 90 
2413609 103 
2413609 101 
2414115 100 
2414115 1
2414115 1530
2414115 11
2416113 25 
2416199 75 
2416603 72 
2416603 70 
2417206 80 
2417326 83 
2417686 64 
2417941 256 
2418072 61 
2418206 151 
2418206 69 
2418276 93 
2418870 91 
2419740 103 
2419740 101 
2420544 100 
2420544 1
2420544 1530
2420544 10
2422546 25 
2431282 75 
2431683 72 
2431683 70 
2432546 80 
2432746 83 
2433133 64 
2433559 61 
2433692 150 
2433692 68 
2433692 65
2433765 92 
2435222 103 
2435222 101 
2435736 100 
2435736 1
2435736 1530
2435736 10
2437734 25 
2447812 254 
2467623 75 
2476870 73 
2477213 72 
2477213 70 
2477994 80 
2478194 83 
2478713 64 
2478969 256 
2479100 61 
2479233 152 
2479233 69 
2479303 93 
2480762 103 
2480762 101 
2481571 100 
2481571 1
2481571 1530
2481571 11
2483572 25 
2493646 254 
2517298 75 
2517704 72 
2517704 70 
2518323 80 
2518457 83 
2518830 64 
2525680 256 
2527959 252 
2531331 61 
2531464 151 
2531464 69 
2531536 93 
2532994 103 
2532994 101 
2533804 100 
2533804 1
2533804 1530
2533804 11
2535804 25 
2535883 75 
2536284 72 
2536284 70 
2536902 80 
2537022 83 
2537502 64 
2537637 256 
2537769 61 
2537902 151 
2537902 69 
2537971 93 
2538885 91 
2539435 103 
2539435 101 
2540242 100 
2540242 1
2540242 1530
2540242 11
2542241 25 
2542324 75 
2542730 72 
2542730 70 
2543326 80 
2543446 83 
2543926 64 
2544181 256 
2544299 63 
2544432 151 
2544432 69 
2544501 93 
2545961 103 
2545961 101 
2546770 100 
2546770 1
2546770 1530
2546770 10
2548771 25 
2549417 75 
2549817 72 
2549817 70 
2550416 80 
2550536 83 
2551029 64 
2551405 256 
2551536 61 
2551669 150 
2551669 68 
2551669 65
2551742 92 
2553203 103 
2553203 101 
2553708 100 
2553708 1
2553708 1530
2553708 10
2555708 25 
2555794 75 
2556199 72 
2556199 70 
2556801 80 
2556920 83 
2557160 64 
2557416 256 
2557547 61 
2557680 150 
2557680 68 
2557680 65
2557750 92 
2559212 103 
2559212 101 
2559718 100 
2559718 1
2559718 1530
2559718 11
2561720 25 
2561793 75 
2562196 72 
2562196 70 
2562811 80 
2562931 83 
2563411 64 
2563666 256 
2563797 61 
2563931 151 
2563931 69 
2564004 93 
2565463 103 
2565463 101 
2566271 100 
2566271 1
2566271 1530
2566271 10
2568269 25 
2578341 254 
2635996 75 
2636168 73 
2636510 72 
2636510 70 
2637086 250 
2646363 71 
2646749 80 
2647149 76 
2647349 83 
2657998 76 
2660410 252 
2660772 256 
2660903 62 
2661423 151 
2661423 69 
2663052 91 
2663067 93 
2663067 103 
2663067 101 
2663882 100 
2663882 1
2663882 1530
2663882 11
2665883 25 
2675955 254 
2681995 75 
2682398 72 
2682398 70 
2682894 71 
2683267 80 
2683387 83 
2703445 252 
2719174 256 
2719305 62 
2719438 150 
2719438 68 
2719438 65
2719506 92 
2720969 103 
2720969 101 
2721478 100 
2721478 1
2721478 1530
2721478 10
2723479 25 
2723565 75 
2723967 72 
2723967 70 
2724569 80 
2724689 83 
2725636 64 
2725891 256 
2726022 62 
2726155 151 
2726155 69 
2726223 93 
2727685 103 
2727685 101 
2728494 100 
2728494 1
2728494 1530
2728494 10
2730495 25 
2735462 75 
2735869 72 
2735869 70 
2736484 80 
2736604 83 
2753121 252 
2753624 256 
2754943 62 
2755077 151 
2755077 69 
2755157 93 
2756622 103 
2756622 101 
2757429 100 
2757429 1
2757429 1530
2757429 11
2759428 25 
2759508 75 
2759912 72 
2759912 70 
2760528 80 
2760648 83 
2763166 64 
2770150 252 
2772671 256 
2772802 62 
2772936 150 
2772936 68 
2772936 65
2773007 92 
2773743 90 
2774465 103 
2774465 101 
2774974 100 
2774974 1
2774974 1530
2774974 11
2776974 25 
2785172 75 
2785574 72 
2785574 70 
2786197 80 
2786317 83 
2786796 64 
2786932 256 
2787063 61 
2787196 151 
2787196 69 
2787269 93 
2788731 103 
2788731 101 
2789540 100 
2789540 1
2789540 1530
2789540 10
2791537 25 
2797889 75 
2798294 72 
2798294 70 
2798898 80 
2799018 83 
2799498 64 
2799753 256 
2801324 61 
2801710 150 
2801710 68 
2801710 65
2801777 92 
2803239 103 
2803239 101 
2803750 100 
2803750 1
2803750 1530
2803750 11
2805749 25 
2805822 75 
2806225 72 
2806225 70 
2806828 80 
2806950 83 
2807428 64 
2807803 256 
2807934 62 
2808068 150 
2808068 68 
2808068 65
2808137 92 
2808657 90 
2808896 90 
2809597 103 
2809597 101 
2810105 100 
2810105 1
2810105 1530
2810105 10
2812106 25 
2812263 75 
2816362 73 
2816859 73 
2817190 73 
2817495 72 
2817495 70 
2818103 80 
2818223 83 
2820742 64 
2820864 256 
2820982 62 
2821115 153 
2821115 68 
2821115 65
2821753 90 
2821772 92 
2822644 103 
2822644 101 
2823155 100 
2823155 1
2823155 1530
2823155 11
2825155 25 
2825240 75 
2825648 72 
2825648 70 
2826246 80 
2826366 83 
2828046 64 
2828301 256 
2828432 62 
2828552 150 
2828552 68 
2828552 65
2828621 92 
2830084 103 
2830084 101 
2830591 100 
2830591 1
2830591 1530
2830591 10
2832590 25 
2841732 75 
2842135 72 
2842135 70 
2843013 80 
2843213 83 
2843772 64 
2843908 256 
2844039 61 
2844172 150 
2844172 68 
2844172 65
2844246 92 
2845705 103 
2845705 101 
2846210 100 
2846210 1
2846210 1530
2846210 10
2848212 25 
2851517 75 
2851923 72 
2851923 70 
2852529 80 
2852649 83 
2853608 64 
2853864 62 
2853995 151 
2853995 69 
2854068 93 
2855525 103 
2855525 101 
2856332 100 
2856332 1
2856332 1530
2856332 11
2858333 25 
2859504 75 
2859905 72 
2859905 70 
2860485 80 
2860605 83 
2862991 64 
2863126 256 
2863258 62 
2863391 150 
2863391 68 
2863391 65
2863458 92 
2864896 90 
2864925 103 
2864925 101 
2865429 100 
2865429 1
2865429 1530
2865429 10
2867429 25 
2871810 75 
2872299 73 
2872744 73 
2874328 73 
2874708 73 
2875314 73 
2875646 73 
2877499 254 
2877901 73 
2882688 73 
2882991 72 
2882991 70 
2883249 250 
2884089 71 
2886236 71 
2886354 80 
2886474 83 
2886954 64 
2887209 256 
2892527 61 
2892658 150 
2892658 68 
2892658 65
2892728 92 
2893398 90 
2894094 90 
2894195 103 
2894195 101 
2894711 100 
2894711 1
2894711 1530
2894711 11
2896710 25 
2896784 75 
2897189 72 
2897189 70 
2897790 80 
2897923 83 
2899002 64 
2899245 63 
2899376 151 
2899376 69 
2899446 93 
2900904 103 
2900904 101 
2901713 100 
2901713 1
2901713 1530
2901713 11
2903715 25 
2903793 75 
2904197 72 
2904197 70 
2904800 80 
2904920 83 
2905280 64 
2905415 256 
2905546 61 
2905680 151 
2905680 69 
2905749 93 
2906509 91 
2906938 91 
2907215 103 
2907215 101 
2908033 100 
2908033 1
2908033 1530
2908033 10
2910031 25 
2914362 75 
2914765 72 
2914765 70 
2915382 80 
2915515 83 
2916115 64 
2916250 256 
2916368 61 
2916502 150 
2916502 68 
2916502 65
2916575 92 
2918033 103 
2918033 101 
2918542 100 
2918542 1
2918542 1530
2918542 10
2920540 25 
2920619 75 
2921021 72 
2921021 70 
2921633 80 
2921753 83 
2922593 64 
2922728 256 
2922979 61 
2923112 152 
2923112 69 
2923185 93 
2924643 103 
2924643 101 
2925450 100 
2925450 1
2925450 1530
2925450 11
2927453 25 
2927536 75 
2928171 73 
2928471 72 
2928471 70 
2929083 80 
2929216 83 
2931016 64 
2934870 256 
2934987 62 
2935121 150 
2935121 68 
2935121 65
2935197 92 
2936388 90 
2936659 103 
2936659 101 
2937173 100 
2937173 1
2937173 1530
2937173 11
2939173 25 
2939246 75 
2939647 72 
2939647 70 
2940265 80 
2940385 83 
2940865 64 
2941000 256 
2941131 62 
2941265 150 
2941265 68 
2941265 65
2941348 92 
2942807 103 
2942807 101 
2943318 100 
2943318 1
2943318 1530
2943318 10
2945318 25 
2945389 75 
2945795 72 
2945795 70 
2946876 80 
2947075 83 
2947395 64 
2947597 256 
2947808 62 
2948025 151 
2948025 69 
2948092 93 
2948508 91 
2948673 91 
2949044 91 
2949558 103 
2949558 101 
2950372 100 
2950372 1
2950372 1530
2950372 10
2952375 25 
2952453 75 
2952854 72 
2952854 70 
2953633 80 
2953833 83 
2954219 64 
2954341 256 
2954552 61 
2954766 150 
2954766 68 
2954766 65
2954837 92 
2956298 103 
2956298 101 
2956803 100 
2956803 1
2956803 1530
2956803 11
2958805 25 
2958877 75 
2959279 72 
2959279 70 
2960097 80 
2960310 83 
2960510 64 
2960832 256 
2961030 63 
2961230 151 
2961230 69 
2961299 93 
2962588 91 
2962761 103 
2962761 101 
2963573 100 
2963573 1
2963573 1530
2963573 10
2965570 25 
2971048 75 
2971222 73 
2971628 72 
2971628 70 
2972425 80 
2972625 83 
2972838 64 
2973333 256 
2976663 62 
2976796 151 
2976796 69 
2976880 93 
2977249 91 
2977789 91 
2978343 103 
2978343 101 
2979149 100 
2979149 1
2979149 1530
2979149 11
2981148 25 
2982951 75 
2983356 72 
2983356 70 
2983966 80 
2984086 83 
2989004 64 
2992499 256 
2992630 62 
2992763 150 
2992763 68 
2992763 65
2992839 92 
2993474 90 
2994011 90 
2994290 103 
2994290 101 
2994805 100 
2994805 1
2994805 1530
2994805 11
2996804 25 
2996887 75 
2997288 72 
2997288 70 
2997881 80 
2998001 83 
2998120 64 
3001268 256 
3001519 61 
3001652 151 
3001652 69 
3001721 93 
3003183 103 
3003183 101 
3003990 100 
3003990 1
3003990 1530
3003990 11
3005991 25 
3006988 75 
3007388 72 
3007388 70 
3007996 80 
3008116 83 
3008476 64 
3008612 256 
3011023 62 
3011142 152 
3011142 69 
3011211 93 
3011679 91 
3012392 91 
3012472 91 
3012679 103 
3012679 101 
3013494 100 
3013494 1
3013494 1530
3013494 10
3015495 25 
3015573 75 
3015977 72 
3015977 70 
3016579 80 
3016699 83 
3017286 64 
3017541 63 
3017672 151 
3017672 69 
3017749 93 
3019206 103 
3019206 101 
3020010 100 
3020010 1
3020010 1530
3020010 11
3022011 25 
3022090 75 
3022492 73 
3022794 72 
3022794 70 
3023403 80 
3023523 83 
3023990 64 
3024258 61 
3024390 151 
3024390 69 
3024458 93 
3024934 91 
3025923 103 
3025923 101 
3026732 100 
3026732 1
3026732 1530
3026732 11
3028729 25 
3028829 75 
3029246 73 
3029551 72 
3029551 70 
3030160 250 
3030283 71 
3030400 80 
3030520 83 
3031120 64 
3031375 256 
3031506 61 
3031640 151 
3031640 69 
3031710 93 
3033174 103 
3033174 101 
3033979 100 
3033979 1
3033979 1530
3033979 10
3035979 25 
3036058 75 
3036461 72 
3036461 70 
3037051 80 
3037171 83 
3037650 64 
3038010 61 
3038144 150 
3038144 68 
3038144 65
3038220 92 
3038972 90 
3039473 90 
3039682 103 
3039682 101 
3040197 100 
3040197 1
3040197 1530
3040197 10
3042196 25 
3042282 75 
3042688 72 
3042688 70 
3043301 80 
3043421 83 
3043901 64 
3044037 256 
3044168 61 
3044301 150 
3044301 68 
3044301 65
3044375 92 
3044932 90 
3045255 90 
3045829 103 
3045829 101 
3046339 100 
3046339 1
3046339 1530
3046339 10
3048340 25 
3048426 75 
3048831 72 
3048831 70 
3049445 80 
3049579 83 
3049939 64 
3050074 256 
3050205 61 
3050339 150 
3050339 68 
3050339 65
3050407 92 
3051173 90 
3051680 90 
3051870 103 
3051870 101 
3052382 100 
3052382 1
3052382 1530
3052382 10
3054380 25 
3054463 75 
3054870 72 
3054870 70 
3055483 80 
3055603 83 
3056083 64 
3056338 63 
3056469 151 
3056469 69 
3056542 93 
3058001 103 
3058001 101 
3058808 100 
3058808 1
3058808 1530
3058808 10
3060808 25 
3060887 75 
3061291 72 
3061291 70 
3061894 80 
3062013 83 
3063080 64 
3063215 256 
3063346 61 
3063480 150 
3063480 68 
3063480 65
3063560 92 
3064246 90 
3064821 90 
3065013 103 
3065013 101 
3065517 100 
3065517 1
3065517 1530
3065517 11
3067519 25 
3067593 75 
3067997 72 
3067997 70 
3068597 80 
3068717 83 
3069317 64 
3069452 256 
3070303 61 
3070437 151 
3070437 69 
3070658 91 
3070826 91 
3071187 91 
3071202 93 
3071703 91 
3071967 103 
3071967 101 
3072777 100 
3072777 1
3072777 1530
3072777 11
3074776 25 
3074855 75 
3078286 73 
3079508 73 
3079813 72 
3079813 70 
3080752 80 
3080952 83 
3082565 64 
3082767 256 
3082965 62 
3083098 150 
3083098 68 
3083098 65
3083171 92 
3083778 90 
3084444 90 
3084627 103 
3084627 101 
3085142 100 
3085142 1
3085142 1530
3085142 10
3087141 25 
3087223 75 
3087628 72 
3087628 70 
3088402 80 
3088602 83 
3088989 64 
3089324 62 
3089535 151 
3089535 69 
3089606 93 
3090077 91 
3090675 91 
3091070 103 
3091070 101 
3091873 100 
3091873 1
3091873 1530
3091873 11
3093874 25 
3093953 75 
3094360 72 
3094360 70 
3095119 80 
3095239 83 
3095599 64 
3095735 256 
3095866 63 
3095999 151 
3095999 69 
3096069 93 
3097530 103 
3097530 101 
3098342 100 
3098342 1
3098342 1530
3098342 10
3100340 25 
3100705 75 
3101118 73 
3102874 73 
3103172 73 
3103473 72 
3103473 70 
3104089 80 
3104209 83 
3104702 64 
3104958 256 
3105715 61 
3105848 150 
3105848 68 
3105848 65
3105919 92 
3107014 90 
3107377 103 
3107377 101 
3107889 100 
3107889 1
3107889 1530
3107889 10
3109886 25 
3109960 75 
3110361 72 
3110361 70 
3110980 80 
3111113 83 
3111593 64 
3111848 61 
3111979 152 
3111979 69 
3112051 93 
3112651 91 
3113512 103 
3113512 101 
3114317 100 
3114317 1
3114317 1530
3114317 11
3116318 25 
3118567 75 
3118975 72 
3118975 70 
3119589 80 
3119711 83 
3120909 64 
3122244 256 
3122361 62 
3122495 150 
3122495 68 
3122495 65
3122568 92 
3123176 90 
3124033 103 
3124033 101 
3124547 100 
3124547 1
3124547 1530
3124547 11
3126547 25 
3126633 75 
3127039 72 
3127039 70 
3127639 80 
3127759 83 
3127999 64 
3128254 61 
3128385 151 
3128385 69 
3128457 93 
3129917 103 
3129917 101 
3130725 100 
3130725 1
3130725 1530
3130725 11
3132725 25 
3132804 75 
3133206 72 
3133206 70 
3133823 80 
3133956 83 
3134343 64 
3143352 252 
3149605 256 
3149737 62 
3149870 150 
3149870 68 
3149870 65
3149941 92 
3150654 90 
3150925 90 
3151401 103 
3151401 101 
3151912 100 
3151912 1
3151912 1530
3151912 11
3153911 25 
3153995 75 
3154401 72 
3154401 70 
3155001 80 
3155121 83 
3155960 64 
3156230 256 
3156480 61 
3156613 151 
3156613 69 
3156684 93 
3157253 91 
3157880 91 
3158144 103 
3158144 101 
3158954 100 
3158954 1
3158954 1530
3158954 11
3160952 25 
3161032 75 
3161437 72 
3161437 70 
3162051 80 
3162185 83 
3163864 64 
3163985 256 
3164717 255 
3170674 63 
3170795 151 
3170795 69 
3189250 91 
3189264 93 
3189264 103 
3189264 101 
3190073 100 
3190073 1
3190073 1530
3190073 11
3192073 25 
3192151 75 
3192557 72 
3192557 70 
3193158 80 
3193278 83 
3193638 64 
3193773 256 
3193891 61 
3194024 151 
3194024 69 
3194093 93 
3194753 91 
3195261 91 
3195556 103 
3195556 101 
3196364 100 
3196364 1
3196364 1530
3196364 10
3198364 25 
3198447 75 
3198854 72 
3198854 70 
3199715 80 
3199915 83 
3200502 64 
3200637 256 
3200848 61 
3201048 150 
3201048 68 
3201048 65
3201119 92 
3202111 90 
3202581 103 
3202581 101 
3203092 100 
3203092 1
3203092 1530
3203092 10
3205089 25 
3205173 75 
3205579 72 
3205579 70 
3206326 80 
3206446 83 
3206819 64 
3206954 256 
3207086 61 
3207219 152 
3207219 69 
3207289 93 
3207891 91 
3208439 91 
3208752 103 
3208752 101 
3209572 100 
3209572 1
3209572 1530
3209572 10
3211572 25 
3211650 75 
3212057 72 
3212057 70 
3212670 80 
3212790 83 
3213150 64 
3213285 256 
3213416 61 
3213550 150 
3213550 68 
3213550 65
3213620 92 
3215066 90 
3215077 103 
3215077 101 
3215590 100 
3215590 1
3215590 1530
3215590 11
3217588 25 
3217663 75 
3218068 72 
3218068 70 
3218667 80 
3218787 83 
3219387 64 
3219523 256 
3219654 61 
3219787 151 
3219787 69 
3219858 93 
3221320 103 
3221320 101 
3222125 100 
3222125 1
3222125 1530
3222125 10
3224125 25 
3232002 75 
3232409 72 
3232409 70 
3233021 80 
3233141 83 
3233621 64 
3233756 256 
3233874 61 
3234008 150 
3234008 68 
3234008 65
3234079 92 
3235540 103 
3235540 101 
3236052 100 
3236052 1
3236052 1530
3236052 10
3238050 25 
3238132 75 
3238538 72 
3238538 70 
3239139 80 
3239259 83 
3239978 64 
3240234 61 
3240365 150 
3240365 68 
3240365 65
3240440 92 
3241538 90 
3241898 103 
3241898 101 
3242402 100 
3242402 1
3242402 1530
3242402 11
3244404 25 
3244490 75 
3244896 72 
3244896 70 
3245496 80 
3245616 83 
3247628 64 
3247763 256 
3247882 61 
3248015 151 
3248015 69 
3248084 93 
3249547 103 
3249547 101 
3250354 100 
3250354 1
3250354 1530
3250354 10
3252354 25 
3252433 75 
3252834 72 
3252834 70 
3253453 80 
3253573 83 
3254052 64 
3254308 256 
3254546 62 
3254679 151 
3254679 69 
3254751 93 
3255657 91 
3256208 103 
3256208 101 
3257018 100 
3257018 1
3257018 1530
3257018 11
3259018 25 
3259097 75 
3259498 72 
3259498 70 
3260103 80 
3260223 83 
3260703 64 
3260839 256 
3260969 61 
3261103 151 
3261103 69 
3261185 93 
3262647 103 
3262647 101 
3263454 100 
3263454 1
3263454 1530
3263454 10
3265455 25 
3265536 75 
3265940 72 
3265940 70 
3266554 80 
3266687 83 
3267287 64 
3267408 256 
3267527 63 
3267660 153 
3267660 68 
3267660 65
3267735 92 
3268445 90 
3269189 103 
3269189 101 
3269701 100 
3269701 1
3269701 1530
3269701 10
3271700 25 
3271785 75 
3272191 72 
3272191 70 
3272791 80 
3272911 83 
3273271 64 
3273406 256 
3273537 63 
3273657 151 
3273657 69 
3273724 93 
3275191 103 
3275191 101 
3275998 100 
3275998 1
3275998 1530
3275998 11
3277996 25 
3281643 75 
3282044 72 
3282044 70 
3282654 80 
3282787 83 
3284693 64 
3285079 61 
3285213 151 
3285213 69 
3285285 93 
3286742 103 
3286742 101 
3287554 100 
3287554 1
3287554 1530
3287554 10
3289553 25 
3289955 75 
3291018 73 
3291588 73 
3292171 73 
3292343 73 
3292528 73 
3293251 73 
3293557 72 
3293557 70 
3294156 80 
3294289 83 
3295008 64 
3295264 256 
3295515 61 
3295648 150 
3295648 68 
3295648 65
3295720 92 
3297178 103 
3297178 101 
3297693 100 
3297693 1
3297693 1530
3297693 11
3299690 25 
3299773 75 
3300177 72 
3300177 70 
3300766 80 
3300886 83 
3301366 64 
3301608 61 
3301739 151 
3301739 69 
3301807 93 
3303272 103 
3303272 101 
3304078 100 
3304078 1
3304078 1530
3304078 11
3306079 25 
3306157 75 
3306563 72 
3306563 70 
3307603 80 
3307803 83 
3309511 64 
3309711 61 
3310058 151 
3310058 69 
3310127 93 
3310652 91 
3311194 91 
3311320 91 
3311584 103 
3311584 101 
3312393 100 
3312393 1
3312393 1530
3312393 10
3314395 25 
3314478 75 
3314881 72 
3314881 70 
3315640 80 
3315840 83 
3316346 64 
3316481 256 
3316599 61 
3316734 150 
3316734 68 
3316734 65
3316809 92 
3318019 90 
3318262 103 
3318262 101 
3318773 100 
3318773 1
3318773 1530
3318773 10
3320772 25 
3320844 75 
3321247 72 
3321247 70 
3321851 80 
3321970 83 
3322450 64 
3322705 61 
3322837 150 
3322837 68 
3322837 65
3322908 92 
3323827 90 
3324367 103 
3324367 101 
3324875 100 
3324875 1
3324875 1530
3324875 11
3326877 25 
3326961 75 
3327364 72 
3327364 70 
3327981 80 
3328101 83 
3328461 64 
3328597 256 
3328847 61 
3328981 151 
3328981 69 
3329049 93 
3330511 103 
3330511 101 
3331320 100 
3331320 1
3331320 1530
3331320 11
3333319 25 
3333399 75 
3333801 72 
3333801 70 
3334418 80 
3334538 83 
3335018 64 
3335274 256 
3335391 61 
3335525 151 
3335525 69 
3335596 93 
3337058 103 
3337058 101 
3337862 100 
3337862 1
3337862 1530
3337862 11
3339863 25 
3339943 75 
3340344 72 
3340344 70 
3340962 80 
3341082 83 
3341442 64 
3341577 256 
3341709 61 
3341842 153 
3341842 68 
3341842 65
3341912 92 
3343129 90 
3343262 90 
3343372 103 
3343372 101 
3343879 100 
3343879 1
3343879 1530
3343879 11
3345881 25 
3345967 75 
3346369 72 
3346369 70 
3346960 80 
3347080 83 
3347559 64 
3347695 256 
3347826 61 
3347959 151 
3347959 69 
3348029 93 
3348723 91 
3349490 103 
3349490 101 
3350301 100 
3350301 1
3350301 1530
3350301 11
3352300 25 
3352377 75 
3352783 72 
3352783 70 
3353397 80 
3353517 83 
3353997 64 
3354135 256 
3354263 61 
3354397 151 
3354397 69 
3354469 93 
3355930 103 
3355930 101 
3356734 100 
3356734 1
3356734 1530
3356734 10
3358735 25 
3365908 75 
3366314 72 
3366314 70 
3366925 80 
3367058 83 
3367178 64 
3367316 256 
3368044 61 
3368177 150 
3368177 68 
3368177 65
3390079 90 
3390094 92 
3390094 103 
3390094 101 
3390608 100 
3390608 1
3390608 1530
3390608 10
3392607 25 
3392681 75 
3393085 72 
3393085 70 
3393687 80 
3393807 83 
3394170 64 
3394300 256 
3394436 61 
3394566 150 
3394566 68 
3394566 65
3394644 92 
3396095 103 
3396095 101 
3396607 100 
3396607 1
3396607 1530
3396607 10
3398605 25 
3398691 75 
3399098 72 
3399098 70 
3399697 80 
3399817 83 
3400071 64 
3400206 256 
3400337 61 
3400472 150 
3400472 68 
3400472 65
3400542 92 
3401716 90 
3402003 103 
3402003 101 
3402511 100 
3402511 1
3402511 1530
3402511 10
3404510 25 
3404596 75 
3404999 72 
3404999 70 
3405615 80 
3405735 83 
3405975 64 
3406110 256 
3406228 61 
3406361 150 
3406361 68 
3406361 65
3406433 92 
3407895 103 
3407895 101 
3408399 100 
3408399 1
3408399 1530
3408399 11
3410401 25 
3410486 75 
3410893 72 
3410893 70 
3411493 80 
3411612 83 
3411972 64 
3412227 256 
3412359 61 
3412492 151 
3412492 69 
3412561 93 
3413378 91 
3413772 91 
3414024 103 
3414024 101 
3414831 100 
3414831 1
3414831 1530
3414831 11
3416832 25 
3416910 75 
3417313 72 
3417313 70 
3418183 80 
3418383 83 
3419516 64 
3420822 256 
3424354 61 
3424756 151 
3424756 69 
3424839 93 
3426295 103 
3426295 101 
3427105 100 
3427105 1
3427105 1530
3427105 10
3429106 25 
3429994 75 
3430085 73 
3430426 72 
3430426 70 
3431204 80 
3431404 83 
3432097 64 
3432299 256 
3432510 61 
3432644 150 
3432644 68 
3432644 65
3432714 92 
3434176 103 
3434176 101 
3434682 100 
3434682 1
3434682 1530
3434682 10
3436683 25 
3436768 75 
3437171 72 
3437171 70 
3437948 80 
3438148 83 
3438534 64 
3438737 256 
3438868 61 
3439067 150 
3439067 68 
3439067 65
3439142 92 
3439650 90 
3440598 103 
3440598 101 
3441107 100 
3441107 1
3441107 1530
3441107 10
3443107 25 
3443179 75 
3443584 72 
3443584 70 
3444359 80 
3444479 83 
3444665 64 
3444867 256 
3445065 61 
3445198 150 
3445198 68 
3445198 65
3445272 92 
3445725 90 
3446727 103 
3446727 101 
3447242 100 
3447242 1
3447242 1530
3447242 11
3449241 25 
3449312 75 
3449716 72 
3449716 70 
3450503 80 
3450703 83 
3451209 64 
3451424 63 
3451636 151 
3451636 69 
3451704 93 
3453167 103 
3453167 101 
3453975 100 
3453975 1
3453975 1530
3453975 10
3455974 25 
3456054 75 
3456459 72 
3456459 70 
3457047 250 
3461445 71 
3461858 80 
3461991 83 
3462897 64 
3463126 256 
3463324 61 
3463524 150 
3463524 68 
3463524 65
3463607 92 
3464145 90 
3465068 103 
3465068 101 
3465578 100 
3465578 1
3465578 1530
3465578 10
3467577 25 
3467662 75 
3468066 72 
3468066 70 
3468855 80 
3468975 83 
3469375 64 
3469577 256 
3469695 61 
3469894 150 
3469894 68 
3469894 65
3469973 92 
3471424 103 
3471424 101 
3471934 100 
3471934 1
3471934 1530
3471934 11
3473935 25 
3474019 75 
3474426 72 
3474426 70 
3475212 80 
3475412 83 
3475919 64 
3476121 256 
3477371 255 
3482089 61 
3482289 153 
3482289 68 
3482289 65
3482361 92 
3482818 90 
3483711 90 
3483819 103 
3483819 101 
3484327 100 
3484327 1
3484327 1530
3484327 11
3486329 25 
3486416 75 
3486822 72 
3486822 70 
3487580 80 
3487780 83 
3488273 64 
3488502 256 
3488713 63 
3488833 151 
3488833 69 
3488904 93 
3490370 103 
3490370 101 
3491184 100 
3491184 1
3491184 1530
3491184 10
3493185 25 
3498295 75 
3498666 73 
3498973 72 
3498973 70 
3499722 80 
3499842 250 
3519354 76 
3519473 83 
3525298 252 
3525433 256 
3525564 61 
3525698 150 
3525698 68 
3525698 65
3525770 92 
3527235 103 
3527235 101 
3527750 100 
3527750 1
3527750 1530
3527750 10
3529750 25 
3529824 75 
3530226 72 
3530226 70 
3530842 80 
3530962 83 
3531682 64 
3531817 256 
3531948 62 
3532082 151 
3532082 69 
3532164 93 
3532749 91 
3533624 103 
3533624 101 
3534435 100 
3534435 1
3534435 1530
3534435 11
3536434 25 
3536513 75 
3536920 72 
3536920 70 
3537533 80 
3537666 83 
3538026 64 
3538281 256 
3538412 61 
3538545 151 
3538545 69 
3538615 93 
3539144 91 
3539819 91 
3540076 103 
3540076 101 
3540885 100 
3540885 1
3540885 1530
3540885 11
3542884 25 
3542963 75 
3543369 72 
3543369 70 
3543983 80 
3544116 83 
3544490 64 
3544612 256 
3544743 61 
3544876 151 
3544876 69 
3544949 93 
3546407 103 
3546407 101 
3547215 100 
3547215 1
3547215 1530
3547215 10
3549215 25 
3549294 75 
3549699 72 
3549699 70 
3550314 80 
3550434 83 
3550794 64 
3550932 256 
3551060 61 
3551193 150 
3551193 68 
3551193 65
3551269 92 
3551930 90 
3552701 90 
3552724 103 
3552724 101 
3553233 100 
3553233 1
3553233 1530
3553233 11
3555232 25 
3555318 75 
3555723 72 
3555723 70 
3556325 80 
3556445 83 
3556818 64 
3556953 256 
3557084 61 
3557218 151 
3557218 69 
3557290 93 
3557758 91 
3558229 91 
3558582 91 
3558750 103 
3558750 101 
3559557 100 
3559557 1
3559557 1530
3559557 10
3561556 25 
3561636 75 
3562040 72 
3562040 70 
3562655 80 
3562775 83 
3563268 64 
3563404 256 
3563522 61 
3563655 150 
3563655 68 
3563655 65
3563745 92 
3564373 90 
3565199 103 
3565199 101 
3565707 100 
3565707 1
3565707 1530
3565707 10
3567708 25 
3567793 75 
3568195 72 
3568195 70 
3568786 80 
3568906 83 
3569266 64 
3569401 256 
3569532 61 
3569666 152 
3569666 69 
3569736 93 
3571200 103 
3571200 101 
3572004 100 
3572004 1
3572004 1530
3572004 11
3574006 25 
3574084 75 
3574491 72 
3574491 70 
3575103 80 
3575237 83 
3576196 64 
3576438 256 
3576556 62 
3576689 150 
3576689 68 
3576689 65
3576761 92 
3577591 90 
3578058 90 
3578223 103 
3578223 101 
3578729 100 
3578729 1
3578729 1530
3578729 11
3580728 25 
3580815 75 
3581219 72 
3581219 70 
3581821 80 
3581940 83 
3582540 64 
3582676 256 
3582807 61 
3583060 151 
3583060 69 
3610524 91 
3610538 93 
3610538 103 
3610538 101 
3611347 100 
3611347 1
3611347 1530
3611347 10
3613348 25 
3613429 75 
3613833 72 
3613833 70 
3614687 80 
3614886 83 
3615313 64 
3615435 256 
3615638 61 
3615833 150 
3615833 68 
3615833 65
3615904 92 
3616449 90 
3617362 103 
3617362 101 
3617872 100 
3617872 1
3617872 1530
3617872 11
3619871 25 
3619944 75 
3620349 72 
3620349 70 
3621111 80 
3621311 83 
3621710 64 
3622139 256 
3622270 62 
3622472 150 
3622472 68 
3622472 65
3622541 92 
3623703 90 
3624002 103 
3624002 101 
3624508 100 
3624508 1
3624508 1530
3624508 10
3626510 25 
3626582 75 
3626983 72 
3626983 70 
3627748 80 
3627934 83 
3628334 64 
3628536 256 
3628667 61 
3628867 150 
3628867 68 
3628867 65
3628942 92 
3629406 90 
3630094 90 
3630398 103 
3630398 101 
3630905 100 
3630905 1
3630905 1530
3630905 11
3632906 25 
3632992 75 
3633396 72 
3633396 70 
3634158 80 
3634278 83 
3634758 64 
3634893 256 
3635012 61 
3635145 153 
3635145 68 
3635145 65
3635216 92 
3636679 103 
3636679 101 
3637184 100 
3637184 1
3637184 1530
3637184 10
3639183 25 
3639269 75 
3639674 72 
3639674 70 
3640276 80 
3640409 83 
3640769 64 
3641011 256 
3641144 61 
3641275 150 
3641275 68 
3641275 65
3641345 92 
3642126 90 
3642565 90 
3642805 103 
3642805 101 
3643314 100 
3643314 1
3643314 1530
3643314 10
3645315 25 
3645400 75 
3645801 72 
3645801 70 
3646420 80 
3646540 83 
3650858 64 
3651113 256 
3652231 62 
3652351 151 
3652351 69 
3652420 93 
3653115 91 
3653469 91 
3653880 103 
3653880 101 
3654691 100 
3654691 1
3654691 1530
3654691 11
3656691 25 
3656769 75 
3657171 72 
3657171 70 
3657788 80 
3657908 83 
3658268 64 
3658510 256 
3658628 63 
3658761 151 
3658761 69 
3658832 93 
3659552 91 
3660015 91 
3660295 103 
3660295 101 
3661099 100 
3661099 1
3661099 1530
3661099 11
3663101 25 
3663181 75 
3663586 72 
3663586 70 
3664186 80 
3664306 83 
3664879 64 
3665139 256 
3665265 63 
3665399 151 
3665399 69 
3665462 93 
3666929 103 
3666929 101 
3667738 100 
3667738 1
3667738 1530
3667738 10
3669737 25 
3670315 75 
3670718 72 
3670718 70 
3671329 80 
3671449 83 
3671689 64 
3671931 256 
3672062 255 
3673915 62 
3674048 151 
3674048 69 
3674120 93 
3675578 103 
3675578 101 
3676388 100 
3676388 1
3676388 1530
3676388 11
3678386 25 
3679418 75 
3679822 72 
3679822 70 
3680072 250 
3680912 71 
3681272 80 
3681392 83 
3681872 64 
3682007 256 
3682258 61 
3682391 151 
3682391 69 
3682460 93 
3682710 91 
3682932 91 
3683398 91 
3683918 91 
3683918 103 
3683918 101 
3684731 100 
3684731 1
3684731 1530
3684731 10
3686730 25 
3696803 254 
3702963 75 
3703369 72 
3703369 70 
3703969 80 
3704089 83 
3704569 64 
3704837 61 
3704968 150 
3704968 68 
3704968 65
3705050 92 
3706516 103 
3706516 101 
3707022 100 
3707022 1
3707022 1530
3707022 11
3709021 25 
3709783 75 
3710189 72 
3710189 70 
3710446 250 
3714404 71 
3721122 71 
3721482 71 
3721721 80 
3721841 83 
3722454 252 
3722591 256 
3722708 61 
3722841 151 
3722841 69 
3722910 93 
3723408 91 
3723911 91 
3724371 103 
3724371 101 
3725180 100 
3725180 1
3725180 1530
3725180 10
3727181 25 
3727259 75 
3727665 72 
3727665 70 
3728279 80 
3728399 83 
3728998 64 
3729134 256 
3729265 61 
3729398 150 
3729398 68 
3729398 65
3729474 92 
3730931 103 
3730931 101 
3731438 100 
3731438 1
3731438 1530
3731438 10
3733437 25 
3733510 75 
3733915 72 
3733915 70 
3734796 80 
3734996 83 
3735502 64 
3735717 256 
3736049 61 
3736249 150 
3736249 68 
3736249 65
3736318 92 
3737231 90 
3737787 103 
3737787 101 
3738302 100 
3738302 1
3738302 1530
3738302 10
3740300 25 
3740373 75 
3740779 72 
3740779 70 
3741593 80 
3741793 83 
3742179 64 
3742394 256 
3742606 61 
3742726 150 
3742726 68 
3742726 65
3742800 92 
3743378 90 
3744113 90 
3744256 103 
3744256 101 
3744765 100 
3744765 1
3744765 1530
3744765 11
3746766 25 
3746855 75 
3747259 72 
3747259 70 
3747657 250 
3751349 71 
3751735 80 
3751935 83 
3752961 64 
3753163 256 
3753361 63 
3753588 151 
3753588 69 
3753657 93 
3755116 103 
3755116 101 
3755928 100 
3755928 1
3755928 1530
3755928 11
3757927 25 
3760454 75 
3761037 73 
3762072 73 
3762615 73 
3763147 73 
3763387 73 
3763654 73 
3763956 72 
3763956 70 
3764743 250 
3765185 71 
3765505 71 
3766025 71 
3766436 80 
3766636 83 
3768155 64 
3768384 61 
3768582 151 
3768582 69 
3768652 93 
3769496 91 
3769622 91 
3769886 91 
3770100 91 
3770115 103 
3770115 101 
3770935 100 
3770935 1
3770935 1530
3770935 10
3772935 25 
3773013 75 
3773415 72 
3773415 70 
3774232 80 
3774352 83 
3775192 64 
3775554 256 
3775672 63 
3775805 151 
3775805 69 
3775884 93 
3776374 91 
3776967 91 
3777337 103 
3777337 101 
3778145 100 
3778145 1
3778145 1530
3778145 11
3780143 25 
3780228 75 
3780633 72 
3780633 70 
3781230 80 
3781350 83 
3781949 64 
3782322 61 
3782456 151 
3782456 69 
3782527 93 
3783224 91 
3783665 91 
3783989 103 
3783989 101 
3784795 100 
3784795 1
3784795 1530
3784795 11
3786796 25 
3786874 75 
3787277 72 
3787277 70 
3787867 80 
3787987 83 
3788347 64 
3788482 256 
3788613 61 
3788746 153 
3788746 68 
3788746 65
3788815 92 
3789573 90 
3790167 90 
3790278 103 
3790278 101 
3790787 100 
3790787 1
3790787 1530
3790787 10
3792786 25 
3792871 75 
3793278 72 
3793278 70 
3793891 80 
3794024 83 
3794744 64 
3797291 61 
3797423 150 
3797423 68 
3797423 65
3797492 92 
3798445 90 
3798953 103 
3798953 101 
3799467 100 
3799467 1
3799467 1530
3799467 11
3801465 25 
3801547 75 
3801953 72 
3801953 70 
3802567 80 
3802687 83 
3803047 64 
3803316 61 
3803447 151 
3803447 69 
3803517 93 
3804979 103 
3804979 101 
3805787 100 
3805787 1
3805787 1530
3805787 11
3807787 25 
3807936 75 
3808340 72 
3808340 70 
3808938 80 
3809058 83 
3809551 64 
3809686 256 
3809804 61 
3809937 151 
3809937 69 
3810012 93 
3810562 91 
3811237 91 
3811467 103 
3811467 101 
3812277 100 
3812277 1
3812277 1530
3812277 10
3814277 25 
3814361 75 
3814768 72 
3814768 70 
3815375 80 
3815508 83 
3815868 64 
3816004 256 
3816135 61 
3816268 150 
3816268 68 
3816268 65
3816340 92 
3817110 90 
3817706 90 
3817801 103 
3817801 101 
3818308 100 
3818308 1
3818308 1530
3818308 11
3820308 25 
3820380 75 
3820782 72 
3820782 70 
3821359 80 
3821479 83 
3821839 64 
3822081 256 
3822199 61 
3822332 151 
3822332 69 
3822403 93 
3822862 91 
3823315 91 
3823862 103 
3823862 101 
3824670 100 
3824670 1
3824670 1530
3824670 10
3826671 25 
3826751 75 
3827154 72 
3827154 70 
3827770 80 
3827890 83 
3828250 64 
3828518 61 
3828649 152 
3828649 69 
3828723 93 
3829706 91 
3830181 103 
3830181 101 
3830987 100 
3830987 1
3830987 1530
3830987 11
3832989 25 
3833072 75 
3833477 72 
3833477 70 
3834087 80 
3834220 83 
3834820 64 
3834956 256 
3835087 61 
3835220 151 
3835220 69 
3835293 93 
3835997 91 
3836752 103 
3836752 101 
3837560 100 
3837560 1
3837560 1530
3837560 10
3839559 25 
3839641 75 
3840042 72 
3840042 70 
3840631 80 
3840751 83 
3843270 76 
3843630 64 
3843885 256 
3844016 63 
3844150 151 
3844150 69 
3844221 93 
3844931 91 
3845549 91 
3845680 103 
3845680 101 
3846488 100 
3846488 1
3846488 1530
3846488 11
3848489 25 
3848568 75 
3848971 72 
3848971 70 
3849587 80 
3849707 83 
3850427 64 
3859197 252 
3866635 256 
3868126 61 
3868260 151 
3868260 69 
3868331 93 
3869793 103 
3869793 101 
3870598 100 
3870598 1
3870598 1530
3870598 10
3872598 25 
3872707 75 
3873055 73 
3873356 72 
3873356 70 
3873964 80 
3874084 83 
3874817 64 
3874952 256 
3875083 61 
3875217 150 
3875217 68 
3875217 65
3875286 92 
3876700 90 
3876747 103 
3876747 101 
3877260 100 
3877260 1
3877260 1530
3877260 10
3879258 25 
3879342 75 
3879748 72 
3879748 70 
3880361 80 
3880854 250 
3881723 76 
3881854 83 
3882214 64 
3882336 256 
3882467 61 
3882600 150 
3882600 68 
3882600 65
3882678 92 
3884140 103 
3884140 101 
3884651 100 
3884651 1
3884651 1530
3884651 10
3886653 25 
3886738 75 
3887145 72 
3887145 70 
3887758 80 
3887891 83 
3888131 64 
3888264 256 
3888401 61 
3888531 150 
3888531 68 
3888531 65
3888617 92 
3890046 90 
3890077 103 
3890077 101 
3890583 100 
3890583 1
3890583 1530
3890583 11
3892583 25 
3892658 75 
3893064 72 
3893064 70 
3893675 80 
3893795 83 
3894275 64 
3894770 255 
3894901 256 
3903205 252 
3904098 62 
3904231 150 
3904231 68 
3904231 65
3904317 92 
3905775 103 
3905775 101 
3906284 100 
3906284 1
3906284 1530
3906284 10
3908282 25 
3916345 75 
3916752 72 
3916752 70 
3917345 80 
3917465 83 
3917838 64 
3918096 256 
3918212 61 
3918345 150 
3918345 68 
3918345 65
3918413 92 
3918955 90 
3919876 103 
3919876 101 
3920384 100 
3920384 1
3920384 1530
3920384 11
3922385 25 
3922470 75 
3922873 72 
3922873 70 
3923489 80 
3923609 83 
3923969 64 
3924103 256 
3924238 61 
3924369 151 
3924369 69 
3924444 93 
3925899 103 
3925899 101 
3926708 100 
3926708 1
3926708 1530
3926708 11
3928709 25 
3928790 75 
3929193 72 
3929193 70 
3929807 80 
3929927 83 
3930407 64 
3930662 61 
3930793 153 
3930793 68 
3930793 65
3932851 90 
3932865 92 
3932865 103 
3932865 101 
3933380 100 
3933380 1
3933380 1530
3933380 11
3935380 25 
3935465 75 
3935871 72 
3935871 70 
3936471 80 
3936591 83 
3936964 64 
3937206 256 
3937337 61 
3937470 151 
3937470 69 
3937541 93 
3939000 103 
3939000 101 
3939811 100 
3939811 1
3939811 1530
3939811 10
3941809 25 
3941888 75 
3942293 72 
3942293 70 
3942895 80 
3943015 83 
3943374 64 
3943632 256 
3943748 63 
3943881 151 
3943881 69 
3943953 93 
3944617 91 
3945410 103 
3945410 101 
3946220 100 
3946220 1
3946220 1530
3946220 10
3948220 25 
3952898 75 
3953304 72 
3953304 70 
3954037 71 
3954396 80 
3954516 83 
3955356 76 
3955476 64 
3955598 256 
3955716 61 
3955849 150 
3955849 68 
3955849 65
3955922 92 
3957381 103 
3957381 101 
3957887 100 
3957887 1
3957887 1530
3957887 11
3959889 25 
3959974 75 
3960378 72 
3960378 70 
3960994 80 
3961113 83 
3962206 64 
3962329 256 
3962460 61 
3962593 151 
3962593 69 
3962663 93 
3963394 91 
3963888 91 
3964127 103 
3964127 101 
3964933 100 
3964933 1
3964933 1530
3964933 11
3966931 25 
3969828 75 
3970232 72 
3970232 70 
3970829 80 
3970963 83 
3971338 64 
3971591 256 
3971722 62 
3971856 150 
3971856 68 
3971856 65
3971931 92 
3972680 90 
3973386 103 
3973386 101 
3973895 100 
3973895 1
3973895 1530
3973895 10
3975895 25 
3975969 75 
3976374 72 
3976374 70 
3977240 80 
3977440 83 
3977760 64 
3977975 256 
3978173 61 
3978306 150 
3978306 68 
3978306 65
3978378 92 
3978723 90 
3979354 90 
3979837 103 
3979837 101 
3980345 100 
3980345 1
3980345 1530
3980345 10
3982344 25 
3982422 75 
3982824 72 
3982824 70 
3983611 80 
3983731 83 
3984237 64 
3984466 256 
3984664 61 
3984877 152 
3984877 69 
3984944 93 
3985359 91 
3985750 91 
3986411 103 
3986411 101 
3987215 100 
3987215 1
3987215 1530
3987215 11
3989217 25 
3989295 75 
3989698 72 
3989698 70 
3990514 80 
3990714 83 
3991221 64 
3991422 256 
3991621 63 
3991821 151 
3991821 69 
3991889 93 
3992685 91 
3993088 91 
3993327 91 
3993349 103 
3993349 101 
3994159 100 
3994159 1
3994159 1530
3994159 11
3996159 25 
3996239 75 
3996643 72 
3996643 70 
3997432 80 
3997618 83 
3998138 64 
3998340 61 
3998551 151 
3998551 69 
3998621 93 
4000080 103 
4000080 101 
4000891 100 
4000891 1
4000891 1530
4000891 11
4002891 25 
4002969 75 
4003373 72 
4003373 70 
4004202 80 
4004402 83 
4004722 64 
4004847 256 
4004975 61 
4005108 151 
4005108 69 
4005182 93 
4006638 103 
4006638 101 
4007450 100 
4007450 1
4007450 1530
4007450 10
4009449 25 
4009528 75 
4009929 72 
4009929 70 
4010546 80 
4010679 83 
4011159 64 
4011414 256 
4011546 61 
4011679 150 
4011679 68 
4011679 65
4011764 92 
4012152 90 
4013224 103 
4013224 101 
4013266 102 
