0 100 
0 1
0 1552
0 10
1993 25 
3422 75 
3627 73 
3793 73 
4296 72 
4296 70 
5092 80 
5212 250 
5454 76 
5972 76 
6093 83 
6278 64 
6466 256 
6611 62 
6731 153 
6731 68 
6731 65
6814 92 
7423 90 
8259 103 
8259 101 
8771 100 
8771 1
8771 1552
8771 11
10771 25 
10823 75 
11432 72 
11432 70 
12262 80 
12382 83 
12862 64 
13051 256 
13115 63 
13182 151 
13182 69 
13264 93 
14716 103 
14716 101 
15622 100 
15622 1
15622 1552
15622 11
17621 25 
17667 75 
18271 72 
18271 70 
18793 80 
18860 83 
19113 64 
19382 61 
19459 151 
19459 69 
19540 93 
20994 103 
20994 101 
21911 100 
21911 1
21911 1552
21911 10
23911 25 
23958 75 
24561 72 
24561 70 
25110 80 
25177 83 
42290 252 
42492 256 
42556 61 
42623 150 
42623 68 
42623 65
42702 92 
44154 103 
44154 101 
44661 100 
44661 1
44661 1552
44661 11
46662 25 
46708 75 
47311 72 
47311 70 
47847 80 
47914 83 
48580 64 
48916 256 
48980 63 
49047 151 
49047 69 
49126 93 
50580 103 
50580 101 
51486 100 
51486 1
51486 1552
51486 11
53487 25 
53533 75 
54138 72 
54138 70 
54658 80 
54725 83 
55844 64 
56113 256 
56177 61 
56257 151 
56257 69 
56341 93 
57789 103 
57789 101 
58696 100 
58696 1
58696 1552
58696 10
60697 25 
60742 75 
61344 72 
61344 70 
61882 80 
61948 83 
62081 64 
62350 256 
62415 61 
62481 150 
62481 68 
62481 65
62570 92 
62981 90 
63008 90 
64008 103 
64008 101 
64521 100 
64521 1
64521 1552
64521 10
66522 25 
66579 75 
67185 72 
67185 70 
67706 80 
67773 83 
67839 64 
68042 61 
68119 150 
68119 68 
68119 65
68202 92 
69649 103 
69649 101 
70158 100 
70158 1
70158 1552
70158 11
72159 25 
72218 75 
72824 72 
72824 70 
73357 80 
73423 83 
73690 64 
73892 256 
73957 63 
74023 151 
74023 69 
74106 93 
75557 103 
75557 101 
76461 100 
76461 1
76461 1552
76461 10
78466 25 
78527 75 
79130 72 
79130 70 
79647 80 
79714 83 
79847 64 
80049 256 
80114 61 
80194 150 
80194 68 
80194 65
80279 92 
80914 90 
81726 103 
81726 101 
82232 100 
82232 1
82232 1552
82232 11
84234 25 
84284 75 
84887 72 
84887 70 
85392 80 
85458 83 
85951 64 
86951 256 
87021 62 
87098 150 
87098 68 
87098 65
87179 92 
88629 103 
88629 101 
89150 100 
89150 1
89150 1552
89150 11
91152 25 
91197 75 
91803 72 
91803 70 
92335 80 
92402 83 
92602 64 
92802 62 
92869 150 
92869 68 
92869 65
92951 92 
94400 103 
94400 101 
94908 100 
94908 1
94908 1552
94908 10
96907 25 
96971 75 
97576 72 
97576 70 
98093 80 
98160 83 
98360 64 
98629 256 
98693 61 
98760 150 
98760 68 
98760 65
98841 92 
100289 103 
100289 101 
100797 100 
100797 1
100797 1552
100797 11
102798 25 
102858 75 
103461 72 
103461 70 
103971 80 
104037 83 
104304 64 
104570 62 
104637 150 
104637 68 
104637 65
104717 92 
106166 103 
106166 101 
106675 100 
106675 1
106675 1552
106675 10
108677 25 
108727 75 
109336 72 
109336 70 
109875 80 
109941 83 
110141 64 
110610 61 
110674 150 
110674 68 
110674 65
110759 92 
112209 103 
112209 101 
112728 100 
112728 1
112728 1552
112728 11
114728 25 
114772 75 
115375 72 
115375 70 
116153 80 
116220 250 
116765 76 
116832 83 
117165 64 
117367 62 
117432 150 
117432 68 
117432 65
117514 92 
118968 103 
118968 101 
119485 100 
119485 1
119485 1552
119485 10
121484 25 
121535 75 
122139 72 
122139 70 
122643 80 
122709 83 
123149 64 
123417 256 
123482 61 
123549 150 
123549 68 
123549 65
123621 92 
125079 103 
125079 101 
125588 100 
125588 1
125588 1552
125588 10
127589 25 
127635 75 
128235 72 
128235 70 
128774 80 
128840 83 
129240 64 
129442 256 
129507 62 
129573 151 
129573 69 
129651 93 
131104 103 
131104 101 
132011 100 
132011 1
132011 1552
132011 10
134012 25 
134059 75 
134666 72 
134666 70 
135198 80 
135265 83 
136037 64 
136506 61 
136584 152 
136584 69 
136666 93 
138117 103 
138117 101 
139035 100 
139035 1
139035 1552
139035 11
141036 25 
141081 75 
141681 72 
141681 70 
142208 80 
142275 83 
142475 64 
142663 62 
142741 150 
142741 68 
142741 65
142829 92 
144273 103 
144273 101 
144779 100 
144779 1
144779 1552
144779 10
146781 25 
146825 75 
147432 72 
147432 70 
147952 80 
148019 83 
148445 64 
148978 61 
149058 150 
149058 68 
149058 65
149142 92 
150591 103 
150591 101 
151097 100 
151097 1
151097 1552
151097 10
153098 25 
153143 75 
153747 72 
153747 70 
154310 80 
154376 83 
154443 64 
154711 61 
154789 150 
154789 68 
154789 65
154863 92 
155506 90 
156319 103 
156319 101 
156829 100 
156829 1
156829 1552
156829 11
158828 25 
158874 75 
159480 72 
159480 70 
160014 80 
160080 83 
160147 64 
160296 256 
160360 62 
160440 150 
160440 68 
160440 65
160523 92 
161974 103 
161974 101 
162480 100 
162480 1
162480 1552
162480 10
164480 25 
164525 75 
165131 72 
165131 70 
165652 80 
165718 83 
165851 64 
166118 61 
166185 150 
166185 68 
166185 65
166267 92 
166900 90 
167715 103 
167715 101 
168224 100 
168224 1
168224 1552
168224 10
170224 25 
170276 75 
170878 72 
170878 70 
171382 80 
171449 250 
172848 76 
172915 83 
173048 64 
173317 256 
173382 61 
173462 150 
173462 68 
173462 65
173545 92 
174993 103 
174993 101 
175501 100 
175501 2
175501 1552
175501 11
175501 78 
177502 25 
177547 75 
178148 72 
178148 70 
178659 80 
178726 83 
178859 64 
179008 256 
179086 62 
179153 151 
179153 69 
179234 93 
180061 91 
180685 103 
180685 101 
181592 100 
181592 2
181592 1552
181592 10
183592 25 
183643 75 
184249 72 
184249 70 
184763 80 
184830 83 
185083 64 
185417 61 
185483 150 
185483 68 
185483 65
185563 92 
186279 90 
187012 103 
187012 101 
187521 100 
187521 2
187521 1552
187521 11
189522 25 
189568 75 
190171 72 
190171 70 
190681 80 
190748 83 
191641 64 
192040 62 
192107 151 
192107 69 
192190 93 
193229 91 
193639 103 
193639 101 
194547 100 
194547 2
194547 1552
194547 11
196547 25 
196592 75 
197198 72 
197198 70 
197705 80 
197771 83 
197958 64 
199171 63 
199237 152 
199237 69 
199320 93 
200210 91 
200770 103 
200770 101 
201677 100 
201677 2
201677 1552
201677 11
203677 25 
203722 75 
204326 72 
204326 70 
204848 80 
204915 83 
205781 64 
207247 62 
207327 151 
207327 69 
207408 93 
207806 91 
208858 103 
208858 101 
209768 100 
209768 2
209768 1552
209768 10
211767 25 
212933 75 
213538 72 
213538 70 
214058 80 
214124 83 
214818 64 
215219 256 
215284 61 
215364 150 
215364 68 
215364 65
215453 92 
216891 103 
216891 101 
217403 100 
217403 2
217403 1552
217403 10
219403 25 
219453 75 
220061 72 
220061 70 
220722 80 
220790 83 
220975 64 
221166 256 
221268 61 
221361 150 
221361 68 
221361 65
221443 92 
222889 103 
222889 101 
223399 100 
223399 2
223399 1552
223399 10
225400 25 
225447 75 
226052 72 
226052 70 
226719 80 
226786 83 
226986 64 
227588 256 
227652 61 
227719 150 
227719 68 
227719 65
227804 92 
229247 103 
229247 101 
229758 100 
229758 2
229758 1552
229758 10
231758 25 
231804 75 
232410 72 
232410 70 
232930 80 
232997 83 
233130 64 
233332 256 
233396 61 
233463 150 
233463 68 
233463 65
233548 92 
234992 103 
234992 101 
235502 100 
235502 2
235502 1552
235502 11
237503 25 
237552 75 
238155 72 
238155 70 
238661 80 
238728 83 
238928 64 
239394 63 
239461 150 
239461 68 
239461 65
239540 92 
240987 103 
240987 101 
241499 100 
241499 2
241499 1552
241499 11
243499 25 
243545 75 
244152 72 
244152 70 
244672 80 
244738 83 
244872 64 
245073 62 
245138 150 
245138 68 
245138 65
245220 92 
246668 103 
246668 101 
247179 100 
247179 2
247179 1552
247179 11
249178 25 
249223 75 
249830 72 
249830 70 
250349 80 
250416 83 
250483 64 
250765 63 
250842 152 
250842 69 
250928 93 
252375 103 
252375 101 
253281 100 
253281 2
253281 1552
253281 11
255283 25 
255328 75 
255933 72 
255933 70 
256454 80 
256520 83 
257520 64 
257919 61 
257986 151 
257986 69 
258067 93 
259517 103 
259517 101 
260426 100 
260426 2
260426 1552
260426 10
262425 25 
262472 75 
263078 72 
263078 70 
263597 80 
263664 83 
263797 64 
264064 61 
264130 150 
264130 68 
264130 65
264216 92 
265663 103 
265663 101 
266170 100 
266170 2
266170 1552
266170 11
268169 25 
268216 75 
268821 72 
268821 70 
269328 80 
269395 83 
269595 64 
269797 256 
269861 63 
269928 150 
269928 68 
269928 65
270008 92 
271455 103 
271455 101 
271968 100 
271968 2
271968 1552
271968 11
273966 25 
274013 75 
274614 72 
274614 70 
275139 80 
275206 250 
275474 76 
276072 76 
276139 83 
276525 64 
277340 61 
277405 151 
277405 69 
277482 93 
278937 103 
278937 101 
279842 100 
279842 2
279842 1552
279842 10
281845 25 
281890 75 
282490 72 
282490 70 
283002 80 
283069 83 
283202 64 
283404 256 
283470 61 
283535 152 
283535 69 
283613 93 
285065 103 
285065 101 
285975 100 
285975 2
285975 1552
285975 10
287974 25 
288021 75 
288627 72 
288627 70 
289146 80 
289213 83 
289346 64 
289615 61 
289680 150 
289680 68 
289680 65
289761 92 
291213 103 
291213 101 
291718 100 
291718 2
291718 1552
291718 10
293719 25 
293765 75 
294372 72 
294372 70 
294904 80 
294971 250 
295173 76 
296370 76 
296437 83 
296770 64 
296972 256 
297036 61 
297103 150 
297103 68 
297103 65
297183 92 
298634 103 
298634 101 
299143 100 
299143 2
299143 1552
299143 11
301143 25 
301188 75 
301793 72 
301793 70 
302328 80 
302394 83 
302634 64 
302904 63 
302981 150 
302981 68 
302981 65
303070 92 
304511 103 
304511 101 
305020 100 
305020 2
305020 1552
305020 11
307021 25 
307078 75 
307680 72 
307680 70 
308218 80 
308285 250 
308820 76 
308885 83 
309418 64 
310887 256 
310951 61 
311017 151 
311017 69 
311094 93 
312550 103 
312550 101 
313456 100 
313456 2
313456 1552
313456 11
315456 25 
315502 75 
316103 72 
316103 70 
316602 80 
316668 83 
317308 64 
318508 62 
318587 151 
318587 69 
318664 93 
319018 91 
320076 91 
320117 103 
320117 101 
321026 100 
321026 2
321026 1552
321026 10
323026 25 
323073 75 
323677 72 
323677 70 
324198 80 
324265 250 
325864 76 
325931 83 
327264 64 
327400 61 
327464 150 
327464 68 
327464 65
327547 90 
327567 92 
328057 90 
328993 103 
328993 101 
329502 100 
329502 2
329502 1552
329502 10
331504 25 
331549 75 
332156 72 
332156 70 
332688 80 
332755 83 
332821 64 
333088 61 
333155 150 
333155 68 
333155 65
333243 92 
334685 103 
334685 101 
335194 100 
335194 2
335194 1552
335194 11
337193 25 
337241 75 
337841 72 
337841 70 
338353 80 
338419 83 
338619 64 
338832 63 
338899 150 
338899 68 
338899 65
338972 92 
340431 103 
340431 101 
340937 100 
340937 2
340937 1552
340937 11
342938 25 
342984 75 
343587 72 
343587 70 
344097 80 
344163 83 
344230 64 
344497 63 
344577 150 
344577 68 
344577 65
344660 92 
346108 103 
346108 101 
346617 100 
346617 2
346617 1552
346617 10
348616 25 
348666 75 
349268 72 
349268 70 
349894 250 
350454 71 
350654 80 
350721 83 
351107 64 
351309 61 
351374 150 
351374 68 
351374 65
351453 92 
352905 103 
352905 101 
353414 100 
353414 2
353414 1552
353414 11
355412 25 
355463 75 
356067 72 
356067 70 
356572 80 
356638 83 
356771 64 
357105 63 
357171 150 
357171 68 
357171 65
357260 92 
358701 103 
358701 101 
359211 100 
359211 2
359211 1552
359211 11
361211 25 
361263 75 
361865 72 
361865 70 
362396 80 
362462 83 
362596 64 
362809 256 
362878 63 
362956 150 
362956 68 
362956 65
363038 92 
364488 103 
364488 101 
364993 100 
364993 2
364993 1552
364993 10
366995 25 
367040 75 
367650 72 
367650 70 
368207 80 
368273 83 
368407 64 
368676 61 
368753 150 
368753 68 
368753 65
368841 92 
370283 103 
370283 101 
370790 100 
370790 2
370790 1552
370790 10
372791 25 
374096 75 
374698 72 
374698 70 
375217 80 
375284 83 
375350 64 
375566 256 
375630 61 
375697 150 
375697 68 
375697 65
375775 92 
377179 90 
377228 103 
377228 101 
377735 100 
377735 2
377735 1552
377735 10
379736 25 
379781 75 
380389 72 
380389 70 
380908 80 
380975 83 
381108 64 
381309 61 
381375 150 
381375 68 
381375 65
381457 92 
382908 103 
382908 101 
383412 100 
383412 2
383412 1552
383412 11
385414 25 
385459 75 
386060 72 
386060 70 
386586 80 
386652 83 
386719 64 
387052 63 
387119 152 
387119 69 
387203 93 
388653 103 
388653 101 
389572 100 
389572 4
389572 1552
389572 11
389572 78 
391571 25 
391621 75 
392223 72 
392223 70 
392730 80 
392796 83 
393849 64 
394649 62 
394716 151 
394716 69 
394797 93 
395158 91 
396246 103 
396246 101 
397154 100 
397154 4
397154 1552
397154 10
399155 25 
399200 75 
399803 72 
399803 70 
400327 80 
400393 83 
401046 64 
401249 256 
401313 61 
401393 151 
401393 69 
401475 93 
402081 91 
402438 91 
402535 91 
402923 103 
402923 101 
403833 100 
403833 4
403833 1552
403833 10
405833 25 
405879 75 
406485 72 
406485 70 
406990 80 
407057 83 
407377 64 
407977 256 
408046 61 
408123 151 
408123 69 
408208 93 
409653 103 
409653 101 
410563 100 
410563 4
410563 1552
410563 10
412562 25 
412609 75 
413215 72 
413215 70 
413721 80 
413788 83 
415427 64 
417229 256 
417293 62 
417360 150 
417360 68 
417360 65
417437 92 
417881 90 
418887 103 
418887 101 
419399 100 
419399 4
419399 1552
419399 10
421398 25 
421444 75 
422048 72 
422048 70 
422584 80 
422651 83 
422784 64 
422985 256 
423050 62 
423117 152 
423117 69 
423198 93 
424076 91 
424647 103 
424647 101 
425555 100 
425555 4
425555 1552
425555 10
427557 25 
427602 75 
428205 72 
428205 70 
428888 80 
428955 83 
430381 64 
431114 62 
431194 150 
431194 68 
431194 65
431269 92 
431694 90 
432721 103 
432721 101 
433233 100 
433233 4
433233 1552
433233 11
435234 25 
435297 75 
435902 72 
435902 70 
436418 80 
436485 83 
436685 64 
436954 63 
437018 151 
437018 69 
437101 93 
437737 91 
437790 91 
437972 91 
438460 91 
438551 103 
438551 101 
439455 100 
439455 4
439455 1552
439455 11
441457 25 
441503 75 
442105 72 
442105 70 
442602 80 
442669 83 
443322 64 
443722 61 
443802 150 
443802 68 
443802 65
443884 92 
444358 90 
445330 103 
445330 101 
445841 100 
445841 4
445841 1552
445841 11
447840 25 
447887 75 
448488 72 
448488 70 
449013 80 
449079 83 
449213 64 
449479 61 
449546 150 
449546 68 
449546 65
449628 92 
451076 103 
451076 101 
451584 100 
451584 4
451584 1552
451584 11
453586 25 
453632 75 
454234 72 
454234 70 
454757 80 
454824 250 
455159 76 
455557 76 
456423 76 
456490 83 
456756 64 
456958 256 
457023 61 
457090 150 
457090 68 
457090 65
457179 92 
458622 103 
458622 101 
459130 100 
459130 4
459130 1552
459130 11
461128 25 
461542 75 
461705 73 
462305 72 
462305 70 
462821 80 
462887 83 
463020 64 
463289 256 
463353 61 
463420 150 
463420 68 
463420 65
463505 92 
464698 90 
464949 103 
464949 101 
465460 100 
465460 4
465460 1552
465460 10
467460 25 
467506 75 
468108 72 
468108 70 
468645 80 
468711 83 
468845 64 
468993 256 
469058 62 
469124 150 
469124 68 
469124 65
469210 92 
470656 103 
470656 101 
471162 100 
471162 4
471162 1552
471162 11
473164 25 
473210 75 
473814 72 
473814 70 
474349 80 
474416 83 
474549 64 
474818 61 
474895 150 
474895 68 
474895 65
474979 92 
476356 90 
476424 103 
476424 101 
476933 100 
476933 4
476933 1552
476933 10
478933 25 
478980 75 
479581 72 
479581 70 
480120 80 
480186 83 
480253 64 
480520 62 
480586 150 
480586 68 
480586 65
480669 92 
482116 103 
482116 101 
482624 100 
482624 4
482624 1552
482624 10
484626 25 
484676 75 
484851 73 
485353 72 
485353 70 
485904 80 
485971 83 
486037 64 
486239 256 
486304 62 
486371 150 
486371 68 
486371 65
486454 92 
487901 103 
487901 101 
488409 100 
488409 4
488409 1552
488409 10
490410 25 
490455 75 
491060 72 
491060 70 
491568 80 
491635 83 
491768 64 
491971 62 
492048 150 
492048 68 
492048 65
492134 92 
493583 103 
493583 101 
494087 100 
494087 4
494087 1552
494087 10
496092 25 
496152 75 
496756 72 
496756 70 
497259 80 
497326 83 
497459 64 
497606 256 
497674 62 
497752 150 
497752 68 
497752 65
497835 92 
499282 103 
499282 101 
499791 100 
499791 4
499791 1552
499791 11
501793 25 
501843 75 
502237 73 
502743 72 
502743 70 
503257 80 
503323 83 
503697 64 
503965 61 
504030 150 
504030 68 
504030 65
504113 92 
505564 103 
505564 101 
506067 100 
506067 4
506067 1552
506067 10
508069 25 
508115 75 
508719 72 
508719 70 
509254 80 
509321 250 
509774 76 
509841 83 
510174 64 
510309 256 
510374 62 
510440 150 
510440 68 
510440 65
510524 92 
511969 103 
511969 101 
512478 100 
512478 4
512478 1552
512478 11
514481 25 
514526 75 
515132 72 
515132 70 
515692 80 
515758 83 
515825 64 
516093 256 
516158 61 
516225 150 
516225 68 
516225 65
516306 92 
517755 103 
517755 101 
518263 100 
518263 4
518263 1552
518263 11
520264 25 
521394 75 
521998 72 
521998 70 
522529 80 
522595 250 
522797 76 
523195 76 
523262 83 
523395 64 
523597 61 
523662 152 
523662 69 
523743 93 
525193 103 
525193 101 
526101 100 
526101 6
526101 1552
526101 11
526101 78 
528101 25 
528147 75 
528752 72 
528752 70 
529486 80 
529553 83 
530992 64 
532007 62 
532085 151 
532085 69 
532168 93 
532537 91 
533621 103 
533621 101 
534535 100 
534535 6
534535 1552
534535 10
536538 25 
536584 75 
537191 72 
537191 70 
537696 80 
537762 83 
537962 64 
538098 256 
538162 62 
538229 151 
538229 69 
538309 93 
539486 91 
539763 103 
539763 101 
540682 100 
540682 6
540682 1552
540682 11
542681 25 
542727 75 
543334 72 
543334 70 
543853 80 
543920 83 
544213 76 
544746 64 
545015 63 
545093 151 
545093 69 
545166 93 
546084 91 
546623 103 
546623 101 
547530 100 
547530 6
547530 1552
547530 10
549532 25 
550384 75 
550700 73 
551204 72 
551204 70 
551756 80 
551823 83 
552530 64 
552798 256 
552876 62 
552943 151 
552943 69 
553025 93 
553496 91 
554475 103 
554475 101 
555382 100 
555382 6
555382 1552
555382 10
557382 25 
557428 75 
558031 72 
558031 70 
558540 80 
558607 83 
559593 64 
560129 61 
560206 151 
560206 69 
560285 93 
561737 103 
561737 101 
562646 100 
562646 6
562646 1552
562646 11
564645 25 
564693 75 
565297 72 
565297 70 
565844 80 
565911 83 
566590 64 
566859 256 
566923 61 
566990 150 
566990 68 
566990 65
567075 92 
567490 90 
568521 103 
568521 101 
569030 100 
569030 6
569030 1552
569030 10
571029 25 
571076 75 
571682 72 
571682 70 
572201 80 
572268 83 
572468 76 
572908 64 
573374 256 
573441 62 
573507 151 
573507 69 
573590 93 
573962 91 
575040 103 
575040 101 
575945 100 
575945 6
575945 1552
575945 11
577946 25 
577994 75 
578597 72 
578597 70 
579212 250 
579851 71 
580038 80 
580105 83 
580664 64 
582600 256 
582664 61 
582730 150 
582730 68 
582730 65
582808 92 
583180 90 
584259 103 
584259 101 
584768 100 
584768 6
584768 1552
584768 10
586770 25 
586815 75 
587422 72 
587422 70 
587928 80 
587995 83 
589127 64 
590062 256 
590263 255 
592260 61 
592326 151 
592326 69 
592403 93 
593336 91 
593631 91 
593860 103 
593860 101 
594766 100 
594766 6
594766 1552
594766 11
596767 25 
596811 75 
597414 72 
597414 70 
597924 80 
597990 83 
598257 64 
598459 256 
598590 61 
598657 150 
598657 68 
598657 65
598738 92 
600189 103 
600189 101 
600695 100 
600695 6
600695 1552
600695 11
602697 25 
602742 75 
603349 72 
603349 70 
603855 80 
603921 83 
604055 64 
604321 61 
604388 152 
604388 69 
604472 93 
605389 91 
605919 103 
605919 101 
606828 100 
606828 6
606828 1552
606828 10
608828 25 
608874 75 
609477 72 
609477 70 
609999 80 
610065 83 
611345 64 
612211 61 
612278 151 
612278 69 
612354 93 
613808 103 
613808 101 
614721 100 
614721 6
614721 1552
614721 11
616718 25 
616768 75 
617375 72 
617375 70 
617876 80 
617944 83 
618529 64 
618944 61 
619022 150 
619022 68 
619022 65
619104 92 
620559 103 
620559 101 
621074 100 
621074 6
621074 1552
621074 11
623074 25 
623120 75 
623727 72 
623727 70 
624273 80 
624339 83 
624473 64 
624688 256 
624753 61 
624819 152 
624819 69 
624902 93 
625988 91 
626122 91 
626351 103 
626351 101 
627260 100 
627260 6
627260 1552
627260 11
629258 25 
629305 75 
629909 72 
629909 70 
630644 80 
630711 83 
631390 64 
632325 256 
632389 61 
632457 150 
632457 68 
632457 65
632533 92 
632905 90 
633985 103 
633985 101 
634494 100 
634494 6
634494 1552
634494 11
636495 25 
636543 75 
637144 72 
637144 70 
637667 80 
637734 83 
638294 64 
638762 61 
638840 150 
638840 68 
638840 65
638925 92 
640195 90 
640374 103 
640374 101 
640878 100 
640878 6
640878 1552
640878 10
642879 25 
642926 75 
643530 72 
643530 70 
644038 80 
644104 83 
644931 64 
645933 256 
645997 62 
646077 151 
646077 69 
646160 93 
646559 91 
647170 91 
647608 103 
647608 101 
648517 100 
648517 6
648517 1552
648517 10
650520 25 
650580 75 
651187 72 
651187 70 
651688 80 
651755 83 
652328 64 
653210 61 
653274 151 
653274 69 
653348 93 
653688 91 
654808 103 
654808 101 
655712 100 
655712 6
655712 1552
655712 11
657713 25 
665043 75 
665647 72 
665647 70 
666149 80 
666215 83 
671840 64 
672121 256 
672253 61 
672319 150 
672319 68 
672319 65
672403 92 
673852 103 
673852 101 
674372 100 
674372 6
674372 1552
674372 10
676372 25 
676424 75 
677029 72 
677029 70 
677532 80 
677664 76 
677730 83 
678037 64 
679303 62 
679383 151 
679383 69 
679466 93 
680545 91 
680919 103 
680919 101 
681836 100 
681836 6
681836 1552
681836 10
683835 25 
683883 75 
684484 72 
684484 70 
685007 80 
685074 83 
685887 64 
686553 256 
686622 63 
686687 150 
686687 68 
686687 65
686772 92 
688218 103 
688218 101 
688724 100 
688724 6
688724 1552
688724 10
690729 25 
690790 75 
691395 72 
691395 70 
691898 80 
691964 83 
692937 64 
693406 256 
693470 61 
693537 151 
693537 69 
693620 93 
695067 103 
695067 101 
695976 100 
695976 6
695976 1552
695976 10
697975 25 
700021 75 
700360 73 
700867 72 
700867 70 
701414 80 
701480 83 
702667 64 
703002 256 
703066 63 
703133 150 
703133 68 
703133 65
703213 92 
704661 103 
704661 101 
705173 100 
705173 6
705173 1552
705173 11
707173 25 
707463 75 
708064 72 
708064 70 
708584 80 
708651 83 
708917 64 
709319 61 
709384 150 
709384 68 
709384 65
709473 92 
710914 103 
710914 101 
711435 100 
711435 6
711435 1552
711435 11
713437 25 
713483 75 
714085 72 
714085 70 
714622 80 
714688 83 
715235 64 
715570 61 
715635 150 
715635 68 
715635 65
715718 92 
717162 103 
717162 101 
717674 100 
717674 6
717674 1552
717674 11
719674 25 
719719 75 
720326 72 
720326 70 
720846 80 
720912 83 
721046 64 
721261 256 
721326 61 
721392 150 
721392 68 
721392 65
721472 92 
722925 103 
722925 101 
723433 100 
723433 6
723433 1552
723433 10
725432 25 
725491 75 
726097 72 
726097 70 
726617 80 
726683 83 
727003 64 
727205 256 
727270 63 
727336 152 
727336 69 
727419 93 
728741 91 
728868 103 
728868 101 
729775 100 
729775 6
729775 1552
729775 11
731776 25 
733405 75 
734006 72 
734006 70 
734680 80 
735013 250 
736612 76 
736679 83 
736879 64 
737081 256 
737146 61 
737212 150 
737212 68 
737212 65
737297 92 
738677 90 
738746 103 
738746 101 
739252 100 
739252 6
739252 1552
739252 11
741252 25 
741298 75 
741903 72 
741903 70 
742410 80 
742477 83 
742863 64 
743065 256 
743130 61 
743210 150 
743210 68 
743210 65
743284 92 
744740 103 
744740 101 
745247 100 
745247 6
745247 1552
745247 10
747248 25 
747294 75 
747905 72 
747905 70 
748421 80 
748487 83 
748794 64 
749141 63 
749220 150 
749220 68 
749220 65
749302 92 
750752 103 
750752 101 
751258 100 
751258 6
751258 1552
751258 10
753259 25 
753305 75 
753911 72 
753911 70 
754445 80 
754512 83 
754951 64 
755155 256 
755218 63 
755285 150 
755285 68 
755285 65
755370 92 
756819 103 
756819 101 
757325 100 
757325 6
757325 1552
757325 10
759324 25 
759881 75 
760489 72 
760489 70 
761016 80 
761082 83 
761522 64 
761724 63 
761802 150 
761802 68 
761802 65
761885 92 
763334 103 
763334 101 
763840 100 
763840 6
763840 1552
763840 10
765840 25 
766523 75 
766761 73 
767267 72 
767267 70 
767799 80 
767866 83 
768386 64 
768721 256 
768786 61 
768852 151 
768852 69 
768933 93 
769512 91 
770386 103 
770386 101 
771293 100 
771293 6
771293 1552
771293 11
773292 25 
783333 254 
785384 75 
801213 73 
801744 72 
801744 70 
802292 80 
802358 83 
802705 64 
803241 61 
803305 150 
803305 68 
803305 65
803388 92 
804835 103 
804835 101 
805344 100 
805344 6
805344 1552
805344 11
807345 25 
807396 75 
808003 72 
808003 70 
808542 80 
808609 83 
809075 64 
809342 61 
809422 150 
809422 68 
809422 65
809511 92 
810887 90 
810955 103 
810955 101 
811461 100 
811461 6
811461 1552
811461 11
813463 25 
813511 75 
814850 73 
815355 72 
815355 70 
815899 80 
815966 250 
816301 76 
818088 76 
818152 83 
818419 64 
818620 256 
818698 61 
818765 150 
818765 68 
818765 65
818850 92 
820291 103 
820291 101 
820805 100 
820805 6
820805 1552
820805 10
822803 25 
822908 75 
823511 72 
823511 70 
824029 80 
824096 83 
824509 64 
825658 256 
825722 63 
825788 150 
825788 68 
825788 65
825868 92 
827323 103 
827323 101 
827828 100 
827828 6
827828 1552
827828 11
829828 25 
829874 75 
830481 72 
830481 70 
831000 80 
831066 83 
831199 64 
831468 256 
831599 61 
831679 150 
831679 68 
831679 65
831761 92 
833210 103 
833210 101 
833720 100 
833720 3
833720 1552
833720 10
833720 78 
835722 25 
835783 75 
836392 72 
836392 70 
837130 80 
837197 83 
837450 64 
837733 63 
837810 153 
837810 68 
837810 65
837892 92 
839341 103 
839341 101 
839847 100 
839847 3
839847 1552
839847 10
841850 25 
841909 75 
842510 72 
842510 70 
843021 80 
843088 83 
843448 64 
844929 256 
844994 61 
845060 151 
845060 69 
845143 93 
846329 91 
846593 103 
846593 101 
847501 100 
847501 3
847501 1552
847501 11
849499 25 
849545 75 
850151 72 
850151 70 
850658 80 
850725 83 
853857 64 
854059 256 
854123 61 
854190 151 
854190 69 
854272 93 
855500 91 
855719 103 
855719 101 
856630 100 
856630 3
856630 1552
856630 10
858628 25 
858675 75 
859278 72 
859278 70 
859801 80 
859868 83 
863346 64 
863682 63 
863760 151 
863760 69 
863840 93 
864695 91 
864879 91 
865289 103 
865289 101 
866197 100 
866197 3
866197 1552
866197 10
868199 25 
868257 75 
868864 72 
868864 70 
869384 80 
869450 83 
887749 252 
888097 256 
905208 61 
905275 151 
905275 69 
905358 93 
906807 103 
906807 101 
907713 100 
907713 3
907713 1552
907713 11
909716 25 
909760 75 
910362 72 
910362 70 
910899 80 
910966 83 
911552 64 
911754 256 
911819 61 
911887 151 
911887 69 
911963 93 
913419 103 
913419 101 
914325 100 
914325 3
914325 1552
914325 11
916324 25 
916371 75 
916979 72 
916979 70 
917483 80 
917550 83 
918043 64 
918311 256 
918376 61 
918443 151 
918443 69 
918526 93 
919975 103 
919975 101 
920882 100 
920882 3
920882 1552
920882 10
922883 25 
922927 75 
923532 72 
923532 70 
924041 80 
924107 83 
925813 64 
926482 256 
926613 61 
926693 151 
926693 69 
926775 93 
928222 103 
928222 101 
929130 100 
929130 3
929130 1552
929130 11
931131 25 
931178 75 
931784 72 
931784 70 
932290 80 
932357 83 
933597 64 
934934 62 
935009 151 
935009 69 
935092 93 
935615 91 
936537 103 
936537 101 
937449 100 
937449 3
937449 1552
937449 11
939450 25 
939495 75 
940100 72 
940100 70 
940767 80 
940835 83 
942500 64 
942901 61 
942993 151 
942993 69 
943068 93 
944524 103 
944524 101 
945429 100 
945429 3
945429 1552
945429 11
947433 25 
947491 75 
948096 72 
948096 70 
948777 80 
948845 83 
949083 64 
949618 256 
949683 61 
949763 151 
949763 69 
949848 93 
950741 91 
951292 103 
951292 101 
952201 100 
952201 3
952201 1552
952201 10
954203 25 
954248 75 
954855 72 
954855 70 
955374 80 
955441 83 
956334 64 
956735 62 
956800 152 
956800 69 
956878 93 
958333 103 
958333 101 
959238 100 
959238 3
959238 1552
959238 10
961239 25 
961286 75 
961888 72 
961888 70 
962425 80 
962491 83 
963184 64 
963453 256 
963517 61 
963597 151 
963597 69 
963681 93 
965127 103 
965127 101 
966035 100 
966035 3
966035 1552
966035 11
968036 25 
968082 75 
968688 72 
968688 70 
969208 80 
969275 83 
972500 64 
974568 256 
974633 63 
974699 150 
974699 68 
974699 65
974781 92 
976233 103 
976233 101 
976750 100 
976750 3
976750 1552
976750 11
978752 25 
978803 75 
979409 72 
979409 70 
979937 80 
980004 83 
980137 64 
980340 256 
980404 63 
980470 152 
980470 69 
980555 93 
981264 91 
982001 103 
982001 101 
982911 100 
982911 3
982911 1552
982911 11
984911 25 
984988 75 
985594 72 
985594 70 
986095 80 
986161 83 
993345 64 
995546 62 
995611 151 
995611 69 
995688 93 
997140 103 
997140 101 
998051 100 
998051 3
998051 1552
998051 10
1000049 25 
1000095 75 
1000699 72 
1000699 70 
1001208 80 
1001275 83 
1002648 76 
1002714 64 
1002983 63 
1003061 151 
1003061 69 
1003142 93 
1003746 91 
1004598 103 
1004598 101 
1005512 100 
1005512 3
1005512 1552
1005512 10
1007514 25 
1007559 75 
1008166 72 
1008166 70 
1008698 80 
1008765 83 
1017268 64 
1017472 256 
1018281 252 
1029596 61 
1029663 151 
1029663 69 
1029745 93 
1031197 103 
1031197 101 
1032103 100 
1032103 3
1032103 1552
1032103 10
1034101 25 
1034148 75 
1034752 72 
1034752 70 
1035274 80 
1035341 83 
1038539 76 
1038739 64 
1038939 256 
1039008 61 
1039086 151 
1039086 69 
1039165 93 
1040617 103 
1040617 101 
1041524 100 
1041524 3
1041524 1552
1041524 10
1043526 25 
1043572 75 
1044178 72 
1044178 70 
1044697 80 
1044763 83 
1045430 64 
1047631 256 
1047695 63 
1047762 151 
1047762 69 
1047845 93 
1048473 91 
1049084 91 
1049290 103 
1049290 101 
1050200 100 
1050200 3
1050200 1552
1050200 10
1052201 25 
1052247 75 
1052851 72 
1052851 70 
1053546 80 
1053640 83 
1056025 64 
1056348 62 
1056425 150 
1056425 68 
1056425 65
1056508 92 
1057002 90 
1057959 103 
1057959 101 
1058464 100 
1058464 3
1058464 1552
1058464 11
1060465 25 
1060511 75 
1061114 72 
1061114 70 
1061650 80 
1061716 83 
1062090 64 
1062425 61 
1062489 151 
1062489 69 
1062576 93 
1064021 103 
1064021 101 
1064928 100 
1064928 3
1064928 1552
1064928 11
1066928 25 
1066974 75 
1067578 72 
1067578 70 
1068100 80 
1068167 83 
1069406 64 
1069608 256 
1069740 62 
1069806 151 
1069806 69 
1069886 93 
1070970 91 
1071335 103 
1071335 101 
1072246 100 
1072246 3
1072246 1552
1072246 10
1074246 25 
1074429 75 
1075033 72 
1075033 70 
1075550 80 
1075617 83 
1077136 64 
1077936 256 
1078805 61 
1079202 151 
1079202 69 
1079284 93 
1080733 103 
1080733 101 
1081643 100 
1081643 3
1081643 1552
1081643 11
1083642 25 
1085147 75 
1085751 72 
1085751 70 
1086266 80 
1086333 83 
1117719 76 
1146494 76 
1178827 252 
1178963 256 
1184758 61 
1184838 151 
1184838 69 
1184922 93 
1186373 103 
1186373 101 
1187278 100 
1187278 3
1187278 1552
1187278 10
1189278 25 
1189322 75 
1189930 72 
1189930 70 
1190436 80 
1190502 83 
1191209 64 
1191411 256 
1191475 61 
1191542 153 
1191542 68 
1191542 65
1191621 92 
1193073 103 
1193073 101 
1193580 100 
1193580 3
1193580 1552
1193580 10
1195581 25 
1195627 75 
1196233 72 
1196233 70 
1196753 80 
1196820 83 
1197086 64 
1197688 256 
1197753 61 
1197819 151 
1197819 69 
1197901 93 
1199353 103 
1199353 101 
1200258 100 
1200258 3
1200258 1552
1200258 11
1202259 25 
1202322 75 
1202926 72 
1202926 70 
1203444 80 
1203510 83 
1204803 64 
1205006 256 
1205070 63 
1205136 150 
1205136 68 
1205136 65
1205220 92 
1206673 103 
1206673 101 
1207188 100 
1207188 3
1207188 1552
1207188 11
1209189 25 
1209646 75 
1210246 72 
1210246 70 
1210814 80 
1210880 83 
1211014 64 
1211283 256 
1211347 63 
1211414 150 
1211414 68 
1211414 65
1211490 92 
1212942 103 
1212942 101 
1213455 100 
1213455 3
1213455 1552
1213455 11
1215453 25 
1215498 75 
1216106 72 
1216106 70 
1216625 80 
1216691 83 
1217011 64 
1217148 256 
1217211 63 
1217291 150 
1217291 68 
1217291 65
1217376 92 
1218822 103 
1218822 101 
1219330 100 
1219330 3
1219330 1552
1219330 10
1221331 25 
1221376 75 
1221984 72 
1221984 70 
1222489 80 
1222556 83 
1224501 64 
1232112 252 
1254051 256 
1254116 61 
1254182 151 
1254182 69 
1254271 93 
1254961 91 
1255712 103 
1255712 101 
1256624 100 
1256624 3
1256624 1552
1256624 10
1258623 25 
1258681 75 
1259284 72 
1259284 70 
1259820 80 
1259887 83 
1260380 64 
1260848 62 
1260913 150 
1260913 68 
1260913 65
1260986 92 
1262447 103 
1262447 101 
1262953 100 
1262953 3
1262953 1552
1262953 11
1264951 25 
1264997 75 
1265599 72 
1265599 70 
1266137 80 
1266204 83 
1266337 64 
1266539 256 
1266604 63 
1266671 150 
1266671 68 
1266671 65
1266752 92 
1268204 103 
1268204 101 
1268708 100 
1268708 3
1268708 1552
1268708 10
1270711 25 
1270756 75 
1271360 72 
1271360 70 
1271882 80 
1271948 83 
1272201 64 
1272338 256 
1272401 62 
1272481 150 
1272481 68 
1272481 65
1272562 92 
1273460 90 
1274015 103 
1274015 101 
1274520 100 
1274520 3
1274520 1552
1274520 10
1276521 25 
1276567 75 
1277169 72 
1277169 70 
1277679 80 
1277746 83 
1277999 64 
1278266 62 
1278332 150 
1278332 68 
1278332 65
1278414 92 
1279865 103 
1279865 101 
1280372 100 
1280372 3
1280372 1552
1280372 10
1282373 25 
1282436 75 
1283042 72 
1283042 70 
1283557 80 
1283623 83 
1283957 64 
1284158 256 
1284236 62 
1284303 150 
1284303 68 
1284303 65
1284387 92 
1285833 103 
1285833 101 
1286342 100 
1286342 3
1286342 1552
1286342 10
1288343 25 
1288389 75 
1288991 72 
1288991 70 
1289514 80 
1289581 83 
1289914 64 
1290249 62 
1290515 150 
1290515 68 
1290515 65
1290597 92 
1292043 103 
1292043 101 
1292554 100 
1292554 3
1292554 1552
1292554 11
1294554 25 
1294603 75 
1295208 72 
1295208 70 
1295712 80 
1295778 83 
1295978 64 
1296247 63 
1296311 150 
1296311 68 
1296311 65
1296396 92 
1297843 103 
1297843 101 
1298355 100 
1298355 3
1298355 1552
1298355 11
1300352 25 
1301017 75 
1301620 72 
1301620 70 
1302149 80 
1302216 83 
1302509 64 
1311705 252 
1350491 256 
1351355 62 
1351422 151 
1351422 69 
1351500 93 
1352027 91 
1352952 103 
1352952 101 
1353861 100 
1353861 3
1353861 1552
1353861 11
1355860 25 
1357154 75 
1357756 72 
1357756 70 
1358459 80 
1358552 83 
1359218 64 
1359821 61 
1359885 151 
1359885 69 
1359964 93 
1361418 103 
1361418 101 
1362323 100 
1362323 3
1362323 1552
1362323 11
1364323 25 
1364371 75 
1364974 72 
1364974 70 
1365256 250 
1365592 71 
1366577 71 
1366775 80 
1366842 83 
1367428 64 
1370160 62 
1370227 153 
1370227 68 
1370227 65
1370310 92 
1371755 103 
1371755 101 
1372267 100 
1372267 3
1372267 1552
1372267 11
1374267 25 
1374312 75 
1374912 72 
1374912 70 
1375438 80 
1375505 83 
1375825 64 
1376027 256 
1376091 62 
1376171 151 
1376171 69 
1376250 93 
1377033 91 
1377701 103 
1377701 101 
1378610 100 
1378610 3
1378610 1552
1378610 10
1380610 25 
1390649 254 
1392784 75 
1414037 73 
1414544 72 
1414544 70 
1415088 80 
1415155 83 
1415475 64 
1424671 252 
1428269 256 
1428536 61 
1428603 151 
1428603 69 
1444482 91 
1444502 93 
1444502 103 
1444502 101 
1445423 100 
1445423 3
1445423 1552
1445423 11
1447423 25 
1449753 75 
1450359 72 
1450359 70 
1450900 80 
1450967 83 
1451673 76 
1452006 64 
1452275 62 
1453006 151 
1453006 69 
1460091 91 
1460111 93 
1460111 103 
1460111 101 
1461028 100 
1461028 3
1461028 1552
1461028 11
1463030 25 
1463075 75 
1463682 72 
1463682 70 
1464374 80 
1464468 83 
1464868 64 
1465056 256 
1465161 63 
1465254 150 
1465254 68 
1465254 65
1465337 92 
1466788 103 
1466788 101 
1467292 100 
1467292 3
1467292 1552
1467292 10
1469293 25 
1469339 75 
1469945 72 
1469945 70 
1470625 80 
1470692 83 
1471198 64 
1471999 62 
1472064 150 
1472064 68 
1472064 65
1472138 92 
1473261 90 
1473596 103 
1473596 101 
1474105 100 
1474105 3
1474105 1552
1474105 10
1476105 25 
1476149 75 
1476754 72 
1476754 70 
1477276 80 
1477342 83 
1477542 64 
1477679 256 
1477742 62 
1477809 150 
1477809 68 
1477809 65
1477893 92 
1479338 103 
1479338 101 
1479847 100 
1479847 3
1479847 1552
1479847 10
1481847 25 
1481898 75 
1482506 72 
1482506 70 
1483033 80 
1483100 83 
1483233 64 
1483500 62 
1483580 150 
1483580 68 
1483580 65
1483659 92 
1485106 90 
1485106 103 
1485106 101 
1485620 100 
1485620 3
1485620 1552
1485620 11
1487618 25 
1494654 75 
1495257 72 
1495257 70 
1495670 250 
1497121 71 
1497427 80 
1497494 83 
1497920 64 
1498189 256 
1498254 63 
1498320 150 
1498320 68 
1498320 65
1498405 92 
1499853 103 
1499853 101 
1500359 100 
1500359 3
1500359 1552
1500359 10
1502359 25 
1502406 75 
1503009 72 
1503009 70 
1503531 80 
1503598 83 
1504011 64 
1504346 256 
1504411 62 
1504478 150 
1504478 68 
1504478 65
1504564 92 
1505673 90 
1506009 103 
1506009 101 
1506531 100 
1506531 3
1506531 1552
1506531 11
1508529 25 
1518572 254 
1555914 75 
1556520 72 
1556520 70 
1557056 80 
1557122 83 
1558495 64 
1558697 256 
1558761 61 
1558828 153 
1558828 68 
1558828 65
1558910 92 
1560359 103 
1560359 101 
1560866 100 
1560866 3
1560866 1552
1560866 11
1562868 25 
1562913 75 
1563522 72 
1563522 70 
1564053 80 
1564119 83 
1564506 64 
1564706 256 
1564774 61 
1564852 151 
1564852 69 
1564933 93 
1566385 103 
1566385 101 
1567291 100 
1567291 3
1567291 1552
1567291 10
1569293 25 
1569350 75 
1569957 72 
1569957 70 
1570557 80 
1570623 83 
1570996 64 
1571199 61 
1571276 151 
1571276 69 
1571360 93 
1572809 103 
1572809 101 
1573716 100 
1573716 3
1573716 1552
1573716 10
1575715 25 
1585755 254 
1604650 75 
1606004 73 
1606504 72 
1606504 70 
1607021 80 
1607088 83 
1608661 64 
1608862 256 
1616591 252 
1671103 61 
1671181 151 
1671181 69 
1671266 93 
1672711 103 
1672711 101 
1673619 100 
1673619 3
1673619 1552
1673619 10
1675621 25 
1675670 75 
1676278 72 
1676278 70 
1676779 80 
1676845 83 
1677272 64 
1677608 255 
1680352 256 
1680950 62 
1681017 150 
1681017 68 
1681017 65
1681104 92 
1682554 103 
1682554 101 
1683069 100 
1683069 3
1683069 1552
1683069 10
1685070 25 
1695111 254 
1717663 75 
1718264 72 
1718264 70 
1718561 250 
1720680 71 
1720987 80 
1721053 83 
1721493 76 
1723066 64 
1723215 62 
1728384 252 
1735248 151 
1735248 69 
1735535 91 
1735558 93 
1736307 91 
1736779 103 
1736779 101 
1737686 100 
1737686 3
1737686 1552
1737686 11
1739686 25 
1739733 75 
1749199 73 
1749706 72 
1749706 70 
1750255 80 
1750321 83 
1751334 64 
1751534 61 
1751601 153 
1751601 68 
1751601 65
1751683 92 
1753131 103 
1753131 101 
1753638 100 
1753638 3
1753638 1552
1753638 11
1755640 25 
1755686 75 
1756287 72 
1756287 70 
1756799 80 
1756865 83 
1757318 64 
1757520 256 
1757585 61 
1757652 151 
1757652 69 
1757734 93 
1758245 91 
1759185 103 
1759185 101 
1760090 100 
1760090 3
1760090 1552
1760090 11
1762092 25 
1762204 75 
1762809 72 
1762809 70 
1763329 80 
1763396 83 
1763862 64 
1764077 256 
1764142 61 
1764209 151 
1764209 69 
1764291 93 
1765740 103 
1765740 101 
1766648 100 
1766648 3
1766648 1552
1766648 11
1768647 25 
1778688 254 
1799195 75 
1799798 72 
1799798 70 
1800514 80 
1800580 83 
1801420 64 
1801620 256 
1805286 62 
1805365 151 
1805365 69 
1805830 91 
1805851 93 
1806588 91 
1806852 91 
1806899 103 
1806899 101 
1807817 100 
1807817 3
1807817 1552
1807817 10
1809818 25 
1809864 75 
1812957 73 
1813464 72 
1813464 70 
1814028 80 
1814095 83 
1814428 64 
1814561 256 
1814629 61 
1814694 151 
1814694 69 
1814779 93 
1816226 103 
1816226 101 
1817134 100 
1817134 3
1817134 1552
1817134 10
1819134 25 
1826901 75 
1829173 254 
1843212 73 
1843471 73 
1876949 73 
1877225 73 
1881281 73 
1881785 72 
1881785 70 
1882346 80 
1882413 83 
1882879 64 
1883014 256 
1883079 61 
1883146 151 
1883146 69 
1883229 93 
1883498 91 
1884678 103 
1884678 101 
1885585 100 
1885585 3
1885585 1552
1885585 11
1887584 25 
1887630 75 
1888236 72 
1888236 70 
1888797 250 
1898579 71 
1898846 80 
1898912 83 
1899645 252 
1899915 256 
1900139 61 
1900245 151 
1900245 69 
1900328 93 
1900804 91 
1901311 91 
1901491 91 
1901778 103 
1901778 101 
1902685 100 
1902685 3
1902685 1552
1902685 10
1904684 25 
1905709 75 
1914726 254 
1919433 73 
1920037 72 
1920037 70 
1920663 80 
1920730 83 
1921743 64 
1921945 256 
1922009 61 
1922076 151 
1922076 69 
1922158 93 
1923603 103 
1923603 101 
1924514 100 
1924514 3
1924514 1552
1924514 11
1926516 25 
1926562 75 
1927165 72 
1927165 70 
1927674 80 
1927754 83 
1928047 64 
1928182 256 
1928247 63 
1928313 150 
1928313 68 
1928313 65
1928394 92 
1929561 90 
1929845 103 
1929845 101 
1930351 100 
1930351 3
1930351 1552
1930351 10
1932354 25 
1932412 75 
1933017 72 
1933017 70 
1933525 80 
1933591 83 
1933724 64 
1933993 63 
1934058 153 
1934058 68 
1934058 65
1934146 92 
1935592 103 
1935592 101 
1936095 100 
1936095 3
1936095 1552
1936095 10
1938097 25 
1938143 75 
1938750 72 
1938750 70 
1939282 250 
1939882 71 
1940055 80 
1940122 83 
1940668 64 
1940937 63 
1941002 151 
1941002 69 
1941081 93 
1941846 91 
1942292 91 
1942530 103 
1942530 101 
1943440 100 
1943440 3
1943440 1552
1943440 11
1945440 25 
1946162 75 
1946764 72 
1946764 70 
1947292 80 
1947359 83 
1947852 64 
1948318 61 
1948387 151 
1948387 69 
1948466 93 
1949156 91 
1949919 103 
1949919 101 
1950825 100 
1950825 3
1950825 1552
1950825 11
1952824 25 
1953262 75 
1953868 72 
1953868 70 
1954383 80 
1954449 83 
1954916 64 
1955184 256 
1955249 63 
1955315 150 
1955315 68 
1955315 65
1955399 92 
1956845 103 
1956845 101 
1957355 100 
1957355 3
1957355 1552
1957355 11
1959356 25 
1959400 75 
1960003 72 
1960003 70 
1960513 80 
1960580 83 
1960966 64 
1970032 256 
1970096 252 
1973694 61 
1973761 151 
1973761 69 
1974070 91 
1974094 93 
1975292 103 
1975292 101 
1976201 100 
1976201 3
1976201 1552
1976201 11
1978200 25 
1980650 75 
1980886 73 
1981403 72 
1981403 70 
1981944 80 
1982011 83 
1982211 64 
1982479 256 
1982544 63 
1982611 150 
1982611 68 
1982611 65
1982696 92 
1984143 103 
1984143 101 
1984650 100 
1984650 3
1984650 1552
1984650 10
1986650 25 
1986695 75 
1987299 72 
1987299 70 
1987808 80 
1987875 83 
1988062 64 
1988665 61 
1988741 151 
1988741 69 
1988823 93 
1990274 103 
1990274 101 
1991180 100 
1991180 3
1991180 1552
1991180 10
1993181 25 
1993232 75 
1993836 72 
1993836 70 
1994366 80 
1994432 83 
1994779 64 
1994981 256 
1995179 61 
1995245 151 
1995245 69 
1995328 93 
1996778 103 
1996778 101 
1997683 100 
1997683 3
1997683 1552
1997683 10
1999686 25 
2009725 254 
2028665 75 
2029188 73 
2029696 72 
2029696 70 
2030444 80 
2030511 83 
2031057 64 
2031259 256 
2031324 61 
2031390 151 
2031390 69 
2031473 93 
2032919 103 
2032919 101 
2033829 100 
2033829 3
2033829 1552
2033829 10
2035830 25 
2035876 75 
2036483 72 
2036483 70 
2036988 80 
2037055 83 
2039107 64 
2039440 61 
2039520 151 
2039520 69 
2039593 93 
2040016 91 
2040398 91 
2040767 91 
2041050 103 
2041050 101 
2041960 100 
2041960 3
2041960 1552
2041960 10
2043961 25 
2044018 75 
2044625 72 
2044625 70 
2045145 80 
2045211 83 
2045624 64 
2045827 256 
2045891 63 
2045958 151 
2045958 69 
2046043 93 
2046587 91 
2047490 103 
2047490 101 
2048396 100 
2048396 3
2048396 1552
2048396 11
2050396 25 
2050442 75 
2051047 72 
2051047 70 
2051582 80 
2051648 83 
2051915 64 
2052251 256 
2052315 255 
2054048 61 
2054114 151 
2054114 69 
2054196 93 
2055648 103 
2055648 101 
2056552 100 
2056552 3
2056552 1552
2056552 11
2058553 25 
2068591 254 
2099334 75 
2099936 72 
2099936 70 
2100441 80 
2100508 83 
2101134 64 
2101270 256 
2105533 61 
2105599 153 
2105599 68 
2105599 65
2105680 92 
2107132 103 
2107132 101 
2107637 100 
2107637 3
2107637 1552
2107637 10
2109639 25 
2109685 75 
2110293 72 
2110293 70 
2110797 80 
2110864 83 
2111104 64 
2111372 63 
2111437 151 
2111437 69 
2111520 93 
2112968 103 
2112968 101 
2113877 100 
2113877 3
2113877 1552
2113877 11
2115876 25 
2115921 75 
2116528 72 
2116528 70 
2116781 250 
2117821 71 
2118141 80 
2118207 83 
2118954 64 
2119289 61 
2119367 151 
2119367 69 
2119447 93 
2120899 103 
2120899 101 
2121806 100 
2121806 3
2121806 1552
2121806 10
2123805 25 
2133843 254 
2145873 75 
2146477 72 
2146477 70 
2147248 80 
2147342 83 
2149821 64 
2150022 256 
2150087 61 
2150154 151 
2150154 69 
2150236 93 
2150649 91 
2150770 91 
2151685 103 
2151685 101 
2152594 100 
2152594 3
2152594 1552
2152594 11
2154593 25 
2154639 75 
2155247 72 
2155247 70 
2155765 80 
2155831 83 
2156351 64 
2156621 63 
2156698 150 
2156698 68 
2156698 65
2156782 92 
2157405 90 
2158226 103 
2158226 101 
2158736 100 
2158736 3
2158736 1552
2158736 11
2160738 25 
2160796 75 
2161402 72 
2161402 70 
2161909 80 
2161976 83 
2162162 64 
2162365 256 
2162429 63 
2162495 150 
2162495 68 
2162495 65
2162583 92 
2164027 103 
2164027 101 
2164536 100 
2164536 3
2164536 1552
2164536 11
2166536 25 
2167385 75 
2167452 73 
2168015 72 
2168015 70 
2168533 80 
2168600 83 
2168799 64 
2169002 63 
2169080 150 
2169080 68 
2169080 65
2169161 92 
2169845 90 
2170608 103 
2170608 101 
2171119 100 
2171119 3
2171119 1552
2171119 10
2173120 25 
2173164 75 
2173765 72 
2173765 70 
2174290 80 
2174357 83 
2174864 64 
2175012 256 
2175077 61 
2175144 151 
2175144 69 
2175224 93 
2176675 103 
2176675 101 
2177581 100 
2177581 3
2177581 1552
2177581 10
2179583 25 
2180050 75 
2180653 72 
2180653 70 
2180981 250 
2181647 71 
2181781 71 
2182288 71 
2183020 71 
2184273 71 
2185512 71 
2186432 71 
2186619 80 
2186685 83 
2187725 64 
2187927 256 
2187991 61 
2188071 151 
2188071 69 
2188155 93 
2189604 103 
2189604 101 
2190509 100 
2190509 3
2190509 1552
2190509 10
2192510 25 
2196403 75 
2197007 72 
2197007 70 
2197507 80 
2197574 83 
2198054 64 
2198189 256 
2198255 61 
2198320 151 
2198320 69 
2198405 93 
2198941 91 
2199060 91 
2199541 91 
2199854 103 
2199854 101 
2200765 100 
2200765 3
2200765 1552
2200765 10
2202764 25 
2202818 75 
2203423 72 
2203423 70 
2203971 80 
2204171 76 
2204238 83 
2204371 64 
2204638 63 
2204704 151 
2204704 69 
2204786 93 
2206235 103 
2206235 101 
2207145 100 
2207145 3
2207145 1552
2207145 10
2209142 25 
2209927 75 
2210533 72 
2210533 70 
2211062 80 
2211128 83 
2216273 64 
2216476 256 
2216539 61 
2216607 151 
2216607 69 
2216687 93 
2218137 103 
2218137 101 
2219045 100 
2219045 3
2219045 1552
2219045 11
2221046 25 
2221090 75 
2221697 72 
2221697 70 
2222204 80 
2222270 83 
2222630 64 
2222832 256 
2222897 61 
2222963 153 
2222963 68 
2222963 65
2223048 92 
2223744 90 
2224493 103 
2224493 101 
2225002 100 
2225002 3
2225002 1552
2225002 11
2227004 25 
2227049 75 
2227653 72 
2227653 70 
2228161 80 
2228228 83 
2228414 64 
2228617 61 
2228694 151 
2228694 69 
2228776 93 
2229257 91 
2229702 91 
2230228 103 
2230228 101 
2231133 100 
2231133 3
2231133 1552
2231133 11
2233134 25 
2233179 75 
2233782 72 
2233782 70 
2234292 80 
2234359 83 
2234612 64 
2234878 63 
2234958 150 
2234958 68 
2234958 65
2235043 92 
2236491 103 
2236491 101 
2236996 100 
2236996 3
2236996 1552
2236996 11
2238997 25 
2239043 75 
2239648 72 
2239648 70 
2240156 80 
2240223 83 
2240289 64 
2240505 256 
2240583 63 
2240649 150 
2240649 68 
2240649 65
2240739 92 
2242180 103 
2242180 101 
2242691 100 
2242691 3
2242691 1552
2242691 11
2244688 25 
2244735 75 
2245340 72 
2245340 70 
2245860 80 
2245927 83 
2246167 64 
2246369 256 
2246434 63 
2246500 150 
2246500 68 
2246500 65
2246596 92 
2248033 103 
2248033 101 
2248541 100 
2248541 3
2248541 1552
2248541 10
2250539 25 
2250586 75 
2251188 72 
2251188 70 
2251858 80 
2251926 83 
2252191 64 
2252473 256 
2252591 61 
2252684 151 
2252684 69 
2252766 93 
2253776 91 
2254215 103 
2254215 101 
2255125 100 
2255125 3
2255125 1552
2255125 11
2257122 25 
2257169 75 
2257769 72 
2257769 70 
2258455 80 
2258523 83 
2259148 64 
2259337 256 
2259429 63 
2259521 150 
2259521 68 
2259521 65
2259606 92 
2260714 90 
2261053 103 
2261053 101 
2261559 100 
2261559 3
2261559 1552
2261559 11
2263562 25 
2263607 75 
2264210 72 
2264210 70 
2264839 80 
2264907 83 
2264972 64 
2265174 256 
2265239 63 
2265306 150 
2265306 68 
2265306 65
2265389 92 
2266810 90 
2266835 103 
2266835 101 
2267346 100 
2267346 3
2267346 1552
2267346 10
2269346 25 
2269404 75 
2270009 72 
2270009 70 
2270530 80 
2270597 83 
2270730 64 
2270932 256 
2270997 63 
2271063 151 
2271063 69 
2271143 93 
2272484 91 
2272597 103 
2272597 101 
2273502 100 
2273502 3
2273502 1552
2273502 10
2275502 25 
2275548 75 
2276152 72 
2276152 70 
2276661 80 
2276728 83 
2277301 64 
2277636 61 
2277700 153 
2277700 68 
2277700 65
2277780 92 
2278216 90 
2279232 103 
2279232 101 
2279738 100 
2279738 3
2279738 1552
2279738 10
2281738 25 
2281785 75 
2282391 72 
2282391 70 
2282912 80 
2282978 83 
2283111 64 
2283313 256 
2283378 61 
2283445 151 
2283445 69 
2283524 93 
2284976 103 
2284976 101 
2285887 100 
2285887 3
2285887 1552
2285887 11
2287884 25 
2287930 75 
2288533 72 
2288533 70 
2289056 80 
2289122 83 
2289429 64 
2289633 256 
2289709 63 
2289775 150 
2289775 68 
2289775 65
2289857 92 
2291306 103 
2291306 101 
2291813 100 
2291813 3
2291813 1552
2291813 11
2293815 25 
2293861 75 
2294463 72 
2294463 70 
2295000 80 
2295066 83 
2295200 64 
2295402 256 
2295466 63 
2295533 150 
2295533 68 
2295533 65
2295616 92 
2297064 103 
2297064 101 
2297571 100 
2297571 3
2297571 1552
2297571 10
2299573 25 
2299618 75 
2300219 72 
2300219 70 
2300744 80 
2300811 83 
2301197 64 
2301466 61 
2301544 151 
2301544 69 
2301624 93 
2303075 103 
2303075 101 
2303988 100 
2303988 3
2303988 1552
2303988 10
2305985 25 
2314455 75 
2316023 254 
2325407 73 
2325914 72 
2325914 70 
2326467 80 
2326533 83 
2336462 252 
2342343 256 
2343619 62 
2343699 150 
2343699 68 
2343699 65
2343790 92 
2345233 103 
2345233 101 
2345739 100 
2345739 3
2345739 1552
2345739 11
2347740 25 
2347873 75 
2348478 72 
2348478 70 
2348991 80 
2349057 83 
2349924 64 
2350257 63 
2350323 150 
2350323 68 
2350323 65
2350432 92 
2351881 103 
2351881 101 
2352388 100 
2352388 3
2352388 1552
2352388 11
2354389 25 
2354436 75 
2355042 72 
2355042 70 
2355561 80 
2355628 83 
2355694 64 
2355894 256 
2355963 63 
2356041 150 
2356041 68 
2356041 65
2356126 92 
2357572 103 
2357572 101 
2358080 100 
2358080 3
2358080 1552
2358080 11
2360080 25 
2370118 254 
2376533 75 
2377135 72 
2377135 70 
2377819 80 
2377912 83 
2383030 64 
2387374 252 
2389309 256 
2389374 61 
2389440 151 
2389440 69 
2389520 93 
2390972 103 
2390972 101 
2391880 100 
2391880 3
2391880 1552
2391880 11
2393881 25 
2393938 75 
2394544 72 
2394544 70 
2395065 80 
2395131 83 
2395944 64 
2396346 63 
2396411 150 
2396411 68 
2396411 65
2396490 92 
2397942 103 
2397942 101 
2398451 100 
2398451 3
2398451 1552
2398451 11
2400450 25 
2400497 75 
2401103 72 
2401103 70 
2401609 80 
2401675 83 
2401968 64 
2402170 63 
2402248 150 
2402248 68 
2402248 65
2402332 92 
2403545 90 
2403782 103 
2403782 101 
2404286 100 
2404286 3
2404286 1552
2404286 10
2406287 25 
2406333 75 
2406939 72 
2406939 70 
2407486 80 
2407553 83 
2407886 64 
2408101 256 
2408166 61 
2408232 151 
2408232 69 
2408315 93 
2409763 103 
2409763 101 
2410670 100 
2410670 3
2410670 1552
2410670 10
2412672 25 
2412717 75 
2413325 72 
2413325 70 
2413857 80 
2413923 83 
2415616 64 
2415818 61 
2415883 151 
2415883 69 
2415967 93 
2416474 91 
2416760 91 
2417413 103 
2417413 101 
2418321 100 
2418321 3
2418321 1552
2418321 10
2420323 25 
2420368 75 
2430359 254 
2461655 73 
2461910 73 
2462071 73 
2462573 72 
2462573 70 
2463103 80 
2463169 83 
2464089 64 
2464425 61 
2464691 151 
2464691 69 
2464773 93 
2465245 91 
2466220 103 
2466220 101 
2467128 100 
2467128 3
2467128 1552
2467128 10
2469128 25 
2469613 75 
2470243 73 
2471885 73 
2479167 254 
2481237 73 
2481738 72 
2481738 70 
2482428 80 
2482495 83 
2484401 64 
2487869 256 
2488852 62 
2488919 152 
2488919 69 
2489001 93 
2490453 103 
2490453 101 
2491357 100 
2491357 3
2491357 1552
2491357 10
2493357 25 
2493404 75 
2494013 72 
2494013 70 
2494570 80 
2494636 250 
2494839 76 
2495303 76 
2495369 83 
2495849 64 
2496451 256 
2496516 61 
2496582 151 
2496582 69 
2496654 93 
2498113 103 
2498113 101 
2499024 100 
2499024 3
2499024 1552
2499024 11
2501022 25 
2501068 75 
2501669 72 
2501669 70 
2502206 80 
2502273 83 
2502460 64 
2502662 256 
2502726 63 
2502806 152 
2502806 69 
2502885 93 
2503408 91 
2504339 103 
2504339 101 
2505246 100 
2505246 3
2505246 1552
2505246 10
2507246 25 
2507660 75 
2508585 73 
2509087 72 
2509087 70 
2509603 80 
2509670 83 
2509976 64 
2510310 61 
2510376 151 
2510376 69 
2510453 93 
2511587 91 
2511906 103 
2511906 101 
2512815 100 
2512815 3
2512815 1552
2512815 10
2514816 25 
2517069 75 
2517673 72 
2517673 70 
2518200 80 
2518266 83 
2518560 64 
2518762 256 
2518826 63 
2518906 151 
2518906 69 
2518986 93 
2519475 91 
2520064 91 
2520441 103 
2520441 101 
2521357 100 
2521357 3
2521357 1552
2521357 10
2523359 25 
2523404 75 
2524011 72 
2524011 70 
2524530 80 
2524597 83 
2524864 64 
2525065 256 
2525130 61 
2525210 151 
2525210 69 
2525292 93 
2526742 103 
2526742 101 
2527650 100 
2527650 3
2527650 1552
2527650 11
2529649 25 
2538902 75 
2539343 73 
2539688 254 
2544004 73 
2545462 73 
2545967 72 
2545967 70 
2546481 80 
2546548 83 
2547174 64 
2547309 256 
2556077 252 
2560943 62 
2561022 151 
2561022 69 
2561278 91 
2561301 93 
2561960 91 
2562258 91 
2562554 103 
2562554 101 
2563461 100 
2563461 3
2563461 1552
2563461 11
2565460 25 
2572091 75 
2572695 72 
2572695 70 
2573243 80 
2573310 83 
2574056 64 
2574259 63 
2574336 150 
2574336 68 
2574336 65
2574421 92 
2575871 103 
2575871 101 
2576379 100 
2576379 3
2576379 1552
2576379 10
2578377 25 
2578422 75 
2579023 72 
2579023 70 
2579534 80 
2579601 83 
2579827 64 
2580094 61 
2580161 151 
2580161 69 
2580244 93 
2580708 91 
2581692 103 
2581692 101 
2582602 100 
2582602 3
2582602 1552
2582602 11
2584601 25 
2584645 75 
2585249 72 
2585249 70 
2585931 80 
2585999 83 
2586158 64 
2586360 256 
2586425 63 
2586491 150 
2586491 68 
2586491 65
2586571 92 
2588023 103 
2588023 101 
2588530 100 
2588530 3
2588530 1552
2588530 11
2590530 25 
2590577 75 
2591178 72 
2591178 70 
2591676 80 
2591742 83 
2591942 64 
2592144 63 
2592222 150 
2592222 68 
2592222 65
2592309 92 
2593756 103 
2593756 101 
2594261 100 
2594261 3
2594261 1552
2594261 10
2596261 25 
2596307 75 
2596915 72 
2596915 70 
2597420 80 
2597487 83 
2597900 64 
2598302 256 
2598366 61 
2598433 151 
2598433 69 
2598508 93 
2598940 91 
2599966 103 
2599966 101 
2600871 100 
2600871 3
2600871 1552
2600871 11
2602871 25 
2607100 75 
2607214 73 
2607781 72 
2607781 70 
2608295 80 
2608362 83 
2609655 64 
2609857 256 
2609921 61 
2609988 153 
2609988 68 
2609988 65
2610069 92 
2611524 103 
2611524 101 
2612026 100 
2612026 3
2612026 1552
2612026 11
2614028 25 
2614073 75 
2614675 72 
2614675 70 
2615186 80 
2615252 83 
2615959 64 
2616825 256 
2617894 62 
2617958 151 
2617958 69 
2618042 93 
2618911 91 
2619489 103 
2619489 101 
2620397 100 
2620397 3
2620397 1552
2620397 11
2622396 25 
2622444 75 
2623315 73 
2623822 72 
2623822 70 
2624329 80 
2624395 83 
2624888 64 
2625157 61 
2625222 151 
2625222 69 
2625300 93 
2626752 103 
2626752 101 
2627660 100 
2627660 3
2627660 1552
2627660 10
2629660 25 
2629711 75 
2630316 72 
2630316 70 
2630819 80 
2630886 83 
2631086 64 
2631287 63 
2631366 151 
2631366 69 
2631448 93 
2632580 91 
2632897 103 
2632897 101 
2633809 100 
2633809 3
2633809 1552
2633809 10
2635808 25 
2636422 75 
2636623 73 
2637144 72 
2637144 70 
2637656 80 
2637723 83 
2638030 64 
2638432 256 
2638509 61 
2638576 151 
2638576 69 
2638658 93 
2640106 103 
2640106 101 
2641015 100 
2641015 3
2641015 1552
2641015 11
2643014 25 
2643061 75 
2643661 72 
2643661 70 
2644161 80 
2644227 83 
2644600 64 
2644869 63 
2644947 150 
2644947 68 
2644947 65
2645031 92 
2645738 90 
2646140 90 
2646268 90 
2646480 103 
2646480 101 
2646985 100 
2646985 3
2646985 1552
2646985 11
2648985 25 
2649033 75 
2649639 72 
2649639 70 
2650158 80 
2650225 83 
2650704 64 
2651106 256 
2651171 63 
2651237 150 
2651237 68 
2651237 65
2651322 92 
2652767 103 
2652767 101 
2653282 100 
2653282 3
2653282 1552
2653282 10
2655280 25 
2655337 75 
2655943 72 
2655943 70 
2656449 80 
2656515 83 
2656715 64 
2656851 256 
2656915 63 
2656982 151 
2656982 69 
2657069 93 
2658370 91 
2658512 103 
2658512 101 
2659419 100 
2659419 3
2659419 1552
2659419 10
2661420 25 
2661466 75 
2662072 72 
2662072 70 
2662579 80 
2662646 83 
2662713 64 
2662981 63 
2663059 151 
2663059 69 
2663141 93 
2663982 91 
2664495 91 
2664591 103 
2664591 101 
2665503 100 
2665503 3
2665503 1552
2665503 11
2667500 25 
2667558 75 
2668160 72 
2668160 70 
2668684 80 
2668750 83 
2669243 64 
2669510 61 
2669576 151 
2669576 69 
2669660 93 
2670093 91 
2671107 103 
2671107 101 
2672014 100 
2672014 3
2672014 1552
2672014 10
2674016 25 
2674061 75 
2674670 72 
2674670 70 
2675214 80 
2675281 83 
2675694 64 
2676254 256 
2678199 255 
2683066 62 
2683331 150 
2683331 68 
2683331 65
2684429 90 
2684450 92 
2684862 103 
2684862 101 
2685374 100 
2685374 3
2685374 1552
2685374 11
2687371 25 
2687416 75 
2688023 72 
2688023 70 
2688742 80 
2688835 83 
2689088 64 
2689290 62 
2689355 152 
2689355 69 
2689447 93 
2690126 91 
2690575 91 
2690902 103 
2690902 101 
2691807 100 
2691807 3
2691807 1552
2691807 11
2693807 25 
2700955 75 
2701562 72 
2701562 70 
2702083 80 
2702149 83 
2702976 64 
2703442 256 
2710573 61 
2710652 151 
2710652 69 
2710739 93 
2710954 91 
2712184 103 
2712184 101 
2713091 100 
2713091 3
2713091 1552
2713091 10
2715091 25 
2715143 75 
2715747 72 
2715747 70 
2715957 250 
2716745 71 
2717143 80 
2717210 83 
2718569 64 
2718973 256 
2719049 62 
2719129 150 
2719129 68 
2719129 65
2719215 92 
2719819 90 
2720410 90 
2720660 103 
2720660 101 
2721172 100 
2721172 3
2721172 1552
2721172 11
2723171 25 
2723215 75 
2723818 72 
2723818 70 
2724340 80 
2724407 83 
2724540 64 
2724742 63 
2724807 150 
2724807 68 
2724807 65
2724889 92 
2726341 103 
2726341 101 
2726847 100 
2726847 3
2726847 1552
2726847 10
2728845 25 
2728892 75 
2729499 72 
2729499 70 
2730031 80 
2730098 83 
2730364 76 
2730497 64 
2730766 61 
2730844 151 
2730844 69 
2730927 93 
2732373 103 
2732373 101 
2733282 100 
2733282 3
2733282 1552
2733282 11
2735284 25 
2735330 75 
2735937 72 
2735937 70 
2736468 80 
2736535 83 
2737188 64 
2737721 256 
2737788 62 
2737868 151 
2737868 69 
2737949 93 
2738336 91 
2738790 91 
2739400 103 
2739400 101 
2740306 100 
2740306 3
2740306 1552
2740306 10
2742306 25 
2742353 75 
2742956 72 
2742956 70 
2743505 80 
2743572 83 
2744172 64 
2744374 256 
2744438 63 
2744505 151 
2744505 69 
2744588 93 
2745597 91 
2745986 91 
2746035 103 
2746035 101 
2746945 100 
2746945 3
2746945 1552
2746945 10
2748944 25 
2748995 75 
2749184 73 
2749692 72 
2749692 70 
2749823 250 
2750076 71 
2750729 71 
2751158 71 
2751289 71 
2751489 80 
2751622 250 
2751811 76 
2751875 83 
2753315 76 
2753581 76 
2753915 64 
2754196 256 
2754994 61 
2755061 151 
2755061 69 
2755144 93 
2756598 103 
2756598 101 
2757514 100 
2757514 3
2757514 1552
2757514 10
2759512 25 
2765821 75 
2766425 72 
2766425 70 
2766762 250 
2767005 71 
2767269 80 
2767335 250 
2767804 76 
2767868 83 
2769734 64 
2772802 256 
2774133 61 
2774199 151 
2774199 69 
2774282 93 
2775729 103 
2775729 101 
2776638 100 
2776638 3
2776638 1552
2776638 10
2778637 25 
2778684 75 
2779287 72 
2779287 70 
2779424 250 
2779690 71 
2779946 71 
2780277 80 
2780343 83 
2780903 64 
2781106 256 
2781170 63 
2781236 151 
2781236 69 
2781316 93 
2781766 91 
2782167 91 
2782684 91 
2782770 103 
2782770 101 
2783674 100 
2783674 3
2783674 1552
2783674 11
2785677 25 
2785721 75 
2786325 72 
2786325 70 
2786834 80 
2786901 83 
2787354 64 
2787620 61 
2787687 151 
2787687 69 
2787767 93 
2788217 91 
2788811 91 
2789106 91 
2789222 103 
2789222 101 
2790138 100 
2790138 3
2790138 1552
2790138 11
2792139 25 
2792185 75 
2792787 72 
2792787 70 
2793471 80 
2793538 83 
2793671 64 
2794004 63 
2794084 150 
2794084 68 
2794084 65
2794166 92 
2794709 90 
2795615 103 
2795615 101 
2796122 100 
2796122 3
2796122 1552
2796122 10
2798123 25 
2798170 75 
2798772 72 
2798772 70 
2799309 80 
2799375 83 
2799575 64 
2799842 63 
2799908 151 
2799908 69 
2799991 93 
2800701 91 
2801442 103 
2801442 101 
2802348 100 
2802348 3
2802348 1552
2802348 11
2804348 25 
2804474 75 
2805105 73 
2806001 73 
2806545 73 
2807061 73 
2807641 73 
2808222 73 
2808890 73 
2809581 73 
2810041 73 
2810806 73 
2811452 73 
2812061 73 
2812564 72 
2812564 70 
2813063 80 
2813130 83 
2814369 64 
2814705 256 
2815502 255 
2817101 61 
2817168 151 
2817168 69 
2817247 93 
2818700 103 
2818700 101 
2819609 100 
2819609 3
2819609 1552
2819609 11
2821608 25 
2824022 75 
2824625 72 
2824625 70 
2825153 80 
2825218 83 
2826524 64 
2827459 256 
2829789 61 
2829856 153 
2829856 68 
2829856 65
2829940 92 
2831031 90 
2831387 103 
2831387 101 
2831895 100 
2831895 3
2831895 1552
2831895 11
2833894 25 
2833941 75 
2834544 72 
2834544 70 
2835067 80 
2835200 76 
2835267 83 
2835334 64 
2835616 61 
2835693 151 
2835693 69 
2835777 93 
2837228 103 
2837228 101 
2838134 100 
2838134 3
2838134 1552
2838134 10
2840133 25 
2840192 75 
2840793 72 
2840793 70 
2841331 80 
2841398 83 
2841664 64 
2841800 256 
2841864 63 
2841931 151 
2841931 69 
2842018 93 
2842222 91 
2842798 91 
2843465 103 
2843465 101 
2844369 100 
2844369 3
2844369 1552
2844369 10
2846370 25 
2846416 75 
2847021 72 
2847021 70 
2847568 80 
2847635 83 
2847702 64 
2847904 256 
2847968 61 
2848035 151 
2848035 69 
2848115 93 
2849567 103 
2849567 101 
2850474 100 
2850474 3
2850474 1552
2850474 10
2852475 25 
2852520 75 
2853123 72 
2853123 70 
2853659 80 
2853726 83 
2853992 64 
2854195 256 
2854259 61 
2854339 151 
2854339 69 
2854423 93 
2854823 91 
2855307 91 
2855871 91 
2855871 103 
2855871 101 
2856778 100 
2856778 3
2856778 1552
2856778 11
2858778 25 
2858829 75 
2859434 72 
2859434 70 
2859963 80 
2860030 83 
2860350 64 
2860750 255 
2860817 256 
2861816 61 
2861882 151 
2861882 69 
2861965 93 
2862370 91 
2862701 91 
2862831 91 
2862955 91 
2863414 103 
2863414 101 
2864322 100 
2864322 3
2864322 1552
2864322 11
2866323 25 
2866381 75 
2866985 72 
2866985 70 
2867507 80 
2867573 83 
2868013 64 
2868229 256 
2868293 63 
2868373 150 
2868373 68 
2868373 65
2868457 92 
2868943 90 
2869906 103 
2869906 101 
2870411 100 
2870411 3
2870411 1552
2870411 10
2872412 25 
2872458 75 
2873058 72 
2873058 70 
2873584 80 
2873651 83 
2876223 64 
2876426 256 
2876490 61 
2876556 151 
2876556 69 
2876637 93 
2878089 103 
2878089 101 
2878995 100 
2878995 3
2878995 1552
2878995 10
2880995 25 
2881041 75 
2881646 72 
2881646 70 
2882154 80 
2882221 83 
2882647 64 
2882982 256 
2883047 63 
2883114 151 
2883114 69 
2883199 93 
2883736 91 
2884649 103 
2884649 101 
2885565 100 
2885565 3
2885565 1552
2885565 11
2887567 25 
2887612 75 
2888770 73 
2889271 72 
2889271 70 
2889804 80 
2889871 83 
2890071 64 
2890340 256 
2890404 255 
2892790 61 
2892856 151 
2892856 69 
2892954 93 
2893296 91 
2893899 91 
2894398 103 
2894398 101 
2895310 100 
2895310 3
2895310 1552
2895310 10
2897308 25 
2897541 75 
2897750 73 
2898258 72 
2898258 70 
2898827 71 
2899160 71 
2899360 250 
2899482 71 
2899680 80 
2899747 83 
2900653 64 
2900856 256 
2901319 62 
2901386 152 
2901386 69 
2902020 91 
2902045 93 
2902460 91 
2902916 103 
2902916 101 
2903825 100 
2903825 3
2903825 1552
2903825 11
2905825 25 
2905889 75 
2906491 72 
2906491 70 
2907010 80 
2907077 83 
2907530 64 
2907732 256 
2907810 61 
2907877 151 
2907877 69 
2907954 93 
2909404 103 
2909404 101 
2910317 100 
2910317 3
2910317 1552
2910317 11
2912316 25 
2912361 75 
2912965 72 
2912965 70 
2913488 80 
2913554 83 
2913621 64 
2913901 63 
2913967 150 
2913967 68 
2913967 65
2914051 92 
2915504 103 
2915504 101 
2916024 100 
2916024 3
2916024 1552
2916024 10
2918024 25 
2918080 75 
2918682 72 
2918682 70 
2919178 80 
2919245 83 
2919365 64 
2919567 256 
2919632 63 
2919698 151 
2919698 69 
2919782 93 
2920195 91 
2920916 91 
2921228 103 
2921228 101 
2922139 100 
2922139 3
2922139 1552
2922139 10
2924137 25 
2924990 75 
2925384 73 
2926039 73 
2926811 73 
2927317 72 
2927317 70 
2927868 80 
2927935 83 
2928361 64 
2928563 61 
2928628 151 
2928628 69 
2928710 93 
2930158 103 
2930158 101 
2931068 100 
2931068 3
2931068 1552
2931068 10
2933067 25 
2933132 75 
2933736 72 
2933736 70 
2934292 80 
2934359 83 
2934799 64 
2935014 256 
2935078 61 
2935145 151 
2935145 69 
2935228 93 
2935604 91 
2936196 91 
2936584 91 
2936678 103 
2936678 101 
2937583 100 
2937583 3
2937583 1552
2937583 10
2939586 25 
2939630 75 
2940237 72 
2940237 70 
2940783 80 
2940849 250 
2941582 76 
2941649 83 
2941716 64 
2941918 256 
2941982 62 
2942062 152 
2942062 69 
2942145 93 
2943595 103 
2943595 101 
2944500 100 
2944500 3
2944500 1552
2944500 10
2946503 25 
2946565 75 
2947168 72 
2947168 70 
2947673 80 
2947740 83 
2948113 64 
2948449 255 
2948793 256 
2949193 61 
2949259 151 
2949259 69 
2949343 93 
2949810 91 
2950294 91 
2950791 103 
2950791 101 
2951697 100 
2951697 3
2951697 1552
2951697 11
2953699 25 
2954979 75 
2955580 72 
2955580 70 
2956096 80 
2956163 83 
2956416 64 
2956619 256 
2956683 63 
2956749 150 
2956749 68 
2956749 65
2956832 92 
2958279 103 
2958279 101 
2958787 100 
2958787 3
2958787 1552
2958787 11
2960790 25 
2960835 75 
2961437 72 
2961437 70 
2961947 80 
2962014 83 
2962214 64 
2962415 63 
2962495 150 
2962495 68 
2962495 65
2962581 92 
2964024 103 
2964024 101 
2964538 100 
2964538 3
2964538 1552
2964538 10
2966537 25 
2966592 75 
2967199 72 
2967199 70 
2967718 80 
2967785 83 
2967918 64 
2968185 63 
2968265 151 
2968265 69 
2968349 93 
2969794 103 
2969794 101 
2970703 100 
2970703 3
2970703 1552
2970703 11
2972704 25 
2972750 75 
2974158 73 
2974659 72 
2974659 70 
2975208 80 
2975275 83 
2975821 64 
2976090 256 
2976155 61 
2976221 151 
2976221 69 
2976305 93 
2976899 91 
2977316 91 
2977752 103 
2977752 101 
2978662 100 
2978662 3
2978662 1552
2978662 11
2980660 25 
2980706 75 
2981310 72 
2981310 70 
2981832 80 
2981899 83 
2982165 64 
2982299 256 
2982368 63 
2982445 150 
2982445 68 
2982445 65
2982528 92 
2983974 103 
2983974 101 
2984486 100 
2984486 3
2984486 1552
2984486 11
2986483 25 
2986530 75 
2987136 72 
2987136 70 
2987656 80 
2987723 83 
2988070 64 
2988285 256 
2988349 63 
2988416 150 
2988416 68 
2988416 65
2988498 92 
2989954 103 
2989954 101 
2990467 100 
2990467 3
2990467 1552
2990467 10
2992470 25 
2992514 75 
2993120 72 
2993120 70 
2993654 80 
2993721 83 
2993854 64 
2994389 61 
2994467 151 
2994467 69 
2994548 93 
2995119 91 
2995285 91 
2995723 91 
2995998 103 
2995998 101 
2996906 100 
2996906 3
2996906 1552
2996906 10
2998906 25 
2998957 75 
2999559 72 
2999559 70 
3000291 80 
3000384 83 
3001317 64 
3001452 63 
3001531 151 
3001531 69 
3001613 93 
3002206 91 
3002944 91 
3003065 103 
3003065 101 
3003970 100 
3003970 3
3003970 1552
3003970 11
3005970 25 
3006017 75 
3006620 72 
3006620 70 
3007168 80 
3007235 83 
3007621 64 
3007888 61 
3007955 151 
3007955 69 
3008036 93 
3009487 103 
3009487 101 
3010394 100 
3010394 3
3010394 1552
3010394 10
3012394 25 
3015775 75 
3016381 72 
3016381 70 
3016898 80 
3016964 83 
3017711 76 
3020683 64 
3020952 256 
3026494 252 
3027695 62 
3027773 150 
3027773 68 
3027773 65
3027855 92 
3029303 103 
3029303 101 
3029811 100 
3029811 3
3029811 1552
3029811 11
3031812 25 
3031858 75 
3032469 72 
3032469 70 
3032984 250 
3033160 71 
3033357 80 
3033424 83 
3034530 64 
3035263 63 
3035330 150 
3035330 68 
3035330 65
3035417 92 
3036863 103 
3036863 101 
3037369 100 
3037369 3
3037369 1552
3037369 11
3039370 25 
3039414 75 
3040016 72 
3040016 70 
3040541 80 
3040608 83 
3040941 64 
3041076 256 
3041141 63 
3041221 150 
3041221 68 
3041221 65
3041303 92 
3042752 103 
3042752 101 
3043261 100 
3043261 3
3043261 1552
3043261 11
3045261 25 
3045306 75 
3045913 72 
3045913 70 
3046432 80 
3046498 83 
3046765 64 
3048233 256 
3053096 61 
3053176 151 
3053176 69 
3053260 93 
3053570 91 
3054708 103 
3054708 101 
3055614 100 
3055614 3
3055614 1552
3055614 10
3057615 25 
3057660 75 
3058266 72 
3058266 70 
3058800 80 
3058867 83 
3059107 64 
3059308 63 
3059387 151 
3059387 69 
3059464 93 
3059878 91 
3060258 91 
3060920 103 
3060920 101 
3061826 100 
3061826 3
3061826 1552
3061826 10
3063826 25 
3063878 75 
3064896 73 
3065399 72 
3065399 70 
3065944 80 
3066010 250 
3093879 76 
3093945 83 
3094345 252 
3097477 256 
3099010 61 
3099076 153 
3099076 68 
3099076 65
3099156 92 
3100607 103 
3100607 101 
3101117 100 
3101117 3
3101117 1552
3101117 11
3103115 25 
3103161 75 
3103768 72 
3103768 70 
3104541 80 
3104607 83 
3104874 64 
3105076 256 
3105141 63 
3105207 150 
3105207 68 
3105207 65
3105289 92 
3106742 103 
3106742 101 
3107245 100 
3107245 3
3107245 1552
3107245 11
3109246 25 
3109292 75 
3109901 72 
3109901 70 
3110432 80 
3110498 83 
3110765 64 
3110900 256 
3110965 63 
3111031 150 
3111031 68 
3111031 65
3111113 92 
3112564 103 
3112564 101 
3113072 100 
3113072 3
3113072 1552
3113072 11
3115071 25 
3115116 75 
3115722 72 
3115722 70 
3116243 80 
3116310 83 
3116509 64 
3116713 256 
3116776 63 
3116856 150 
3116856 68 
3116856 65
3116939 92 
3118385 103 
3118385 101 
3118895 100 
3118895 3
3118895 1552
3118895 10
3120895 25 
3120967 75 
3121570 72 
3121570 70 
3122093 80 
3122160 83 
3122227 64 
3122427 256 
3122496 63 
3122573 151 
3122573 69 
3122655 93 
3123865 91 
3124107 103 
3124107 101 
3125014 100 
3125014 3
3125014 1552
3125014 10
3127012 25 
3137052 254 
3142314 75 
3152510 73 
3153059 72 
3153059 70 
3153560 71 
3153747 80 
3153814 83 
3158572 76 
3158772 64 
3158974 256 
3159038 61 
3159105 151 
3159105 69 
3159187 93 
3160635 103 
3160635 101 
3161542 100 
3161542 3
3161542 1552
3161542 11
3163544 25 
3163589 75 
3164192 72 
3164192 70 
3164742 80 
3164809 83 
3165062 64 
3165264 256 
3165329 63 
3165395 150 
3165395 68 
3165395 65
3165478 92 
3166924 103 
3166924 101 
3167434 100 
3167434 3
3167434 1552
3167434 10
3169434 25 
3169481 75 
3170088 72 
3170088 70 
3170647 80 
3170713 83 
3170900 64 
3171102 63 
3171180 151 
3171180 69 
3171265 93 
3171827 91 
3172152 91 
3172709 103 
3172709 101 
3173618 100 
3173618 3
3173618 1552
3173618 10
3175620 25 
3175665 75 
3176269 72 
3176269 70 
3176791 80 
3176857 83 
3177350 64 
3177619 256 
3177750 61 
3177817 153 
3177817 68 
3177817 65
3177901 92 
3178305 90 
3179346 103 
3179346 101 
3179857 100 
3179857 3
3179857 1552
3179857 11
3181856 25 
3181902 75 
3182505 72 
3182505 70 
3183041 80 
3183108 83 
3183176 64 
3183441 61 
3183508 151 
3183508 69 
3183590 93 
3184032 91 
3184647 91 
3185039 103 
3185039 101 
3185946 100 
3185946 3
3185946 1552
3185946 10
3187947 25 
3187992 75 
3188596 72 
3188596 70 
3189120 80 
3189187 83 
3189545 64 
3189814 63 
3189892 151 
3189892 69 
3189974 93 
3190734 91 
3191426 103 
3191426 101 
3192342 100 
3192342 3
3192342 1552
3192342 11
3194345 25 
3194390 75 
3194996 72 
3194996 70 
3195516 80 
3195583 83 
3196209 64 
3196344 256 
3196422 63 
3196489 150 
3196489 68 
3196489 65
3196573 92 
3198019 103 
3198019 101 
3198545 100 
3198545 3
3198545 1552
3198545 10
3200542 25 
3200588 75 
3201194 72 
3201194 70 
3201727 80 
3201793 83 
3203779 64 
3204061 256 
3211310 252 
3213775 61 
3213842 151 
3213842 69 
3213915 93 
3215376 103 
3215376 101 
3216282 100 
3216282 3
3216282 1552
3216282 11
3218282 25 
3218332 75 
3218935 72 
3218935 70 
3219493 80 
3219559 83 
3223011 64 
3223214 256 
3223278 61 
3223358 151 
3223358 69 
3223441 93 
3223924 91 
3224893 103 
3224893 101 
3225797 100 
3225797 3
3225797 1552
3225797 11
3227798 25 
3227856 75 
3228464 72 
3228464 70 
3228969 80 
3229035 83 
3229302 64 
3229571 63 
3229648 152 
3229648 69 
3229737 93 
3230239 91 
3231182 103 
3231182 101 
3232089 100 
3232089 3
3232089 1552
3232089 10
3234088 25 
3234135 75 
3234738 72 
3234738 70 
3235273 80 
3235339 83 
3237472 64 
3237673 62 
3237738 150 
3237738 68 
3237738 65
3237825 92 
3238896 90 
3239182 90 
3239269 103 
3239269 101 
3239778 100 
3239778 3
3239778 1552
3239778 10
3241778 25 
3241824 75 
3242426 72 
3242426 70 
3242963 80 
3243030 83 
3243296 64 
3243498 256 
3243563 62 
3243629 150 
3243629 68 
3243629 65
3243712 92 
3244480 90 
3245161 103 
3245161 101 
3245668 100 
3245668 3
3245668 1552
3245668 11
3247669 25 
3247715 75 
3248320 72 
3248320 70 
3248827 80 
3248894 83 
3249187 64 
3249390 256 
3249454 63 
3249520 150 
3249520 68 
3249520 65
3249601 92 
3251052 103 
3251052 101 
3251558 100 
3251558 3
3251558 1552
3251558 10
3253560 25 
3253605 75 
3254215 72 
3254215 70 
3254745 80 
3254811 83 
3255011 64 
3255280 62 
3255358 150 
3255358 68 
3255358 65
3255441 92 
3256888 103 
3256888 101 
3257398 100 
3257398 3
3257398 1552
3257398 11
3259396 25 
3259444 75 
3260052 72 
3260052 70 
3260556 80 
3260622 83 
3260755 64 
3260957 256 
3261022 62 
3261102 151 
3261102 69 
3261185 93 
3261728 91 
3262635 103 
3262635 101 
3263542 100 
3263542 3
3263542 1552
3263542 11
3265542 25 
3265587 75 
3266190 72 
3266190 70 
3266700 80 
3266766 83 
3267033 64 
3267166 256 
3267235 61 
3267313 151 
3267313 69 
3267395 93 
3267869 91 
3268844 103 
3268844 101 
3269752 100 
3269752 3
3269752 1552
3269752 10
3271752 25 
3275766 75 
3276551 73 
3277728 73 
3278310 73 
3278842 73 
3279043 73 
3279486 73 
3279991 73 
3280492 72 
3280492 70 
3280694 250 
3280869 71 
3281893 71 
3282160 71 
3282413 80 
3282480 83 
3282546 64 
3282615 256 
3290623 252 
3294888 62 
3294968 150 
3294968 68 
3294968 65
3295045 92 
3295840 90 
3296149 90 
3296243 90 
3296501 103 
3296501 101 
3297008 100 
3297008 3
3297008 1552
3297008 11
3299007 25 
3299053 75 
3299654 72 
3299654 70 
3300166 80 
3300232 83 
3300299 64 
3300501 256 
3300565 63 
3300632 150 
3300632 68 
3300632 65
3300715 92 
3302162 103 
3302162 101 
3302670 100 
3302670 3
3302670 1552
3302670 10
3304671 25 
3304717 75 
3305322 72 
3305322 70 
3306003 80 
3306070 83 
3306137 64 
3310991 62 
3311068 150 
3311068 68 
3311068 65
3311151 92 
3311384 90 
3312599 103 
3312599 101 
3313108 100 
3313108 3
3313108 1552
3313108 11
3315107 25 
3315152 75 
3315759 72 
3315759 70 
3316306 80 
3316372 83 
3316745 64 
3316961 61 
3317039 151 
3317039 69 
3317121 93 
3317543 91 
3318275 91 
3318568 103 
3318568 101 
3319477 100 
3319477 3
3319477 1552
3319477 10
3321478 25 
3321524 75 
3322132 72 
3322132 70 
3322636 80 
3322703 83 
3323076 64 
3323276 256 
3323345 62 
3323423 150 
3323423 68 
3323423 65
3323505 92 
3324829 90 
3324950 103 
3324950 101 
3325461 100 
3325461 3
3325461 1552
3325461 10
3327462 25 
3327915 75 
3328521 72 
3328521 70 
3329047 80 
3329113 83 
3329487 64 
3329755 256 
3329820 62 
3329887 152 
3329887 69 
3329970 93 
3330411 91 
3330802 91 
3331416 103 
3331416 101 
3332324 100 
3332324 3
3332324 1552
3332324 10
3334325 25 
3334372 75 
3334977 72 
3334977 70 
3335524 80 
3335591 83 
3335724 64 
3335926 256 
3335991 61 
3336057 151 
3336057 69 
3336139 93 
3337260 91 
3337590 103 
3337590 101 
3338496 100 
3338496 3
3338496 1552
3338496 11
3340496 25 
3340544 75 
3340886 73 
3341392 72 
3341392 70 
3341908 80 
3341975 83 
3342268 64 
3342603 255 
3342681 256 
3343814 63 
3343881 150 
3343881 68 
3343881 65
3343965 92 
3345419 103 
3345419 101 
3345931 100 
3345931 3
3345931 1552
3345931 11
3347933 25 
3347979 75 
3348588 72 
3348588 70 
3349118 80 
3349185 83 
3349385 64 
3349585 256 
3349654 63 
3349732 150 
3349732 68 
3349732 65
3349816 92 
3351264 103 
3351264 101 
3351773 100 
3351773 3
3351773 1552
3351773 11
3353770 25 
3353816 75 
3354421 72 
3354421 70 
3354889 250 
3355396 71 
3355582 80 
3355649 83 
3356275 64 
3356544 256 
3356609 63 
3356675 150 
3356675 68 
3356675 65
3356759 92 
3358210 103 
3358210 101 
3358714 100 
3358714 3
3358714 1552
3358714 10
3360716 25 
3360868 75 
3361469 72 
3361469 70 
3361926 250 
3363686 71 
3363859 80 
3363926 83 
3364192 64 
3364594 256 
3364659 61 
3364725 151 
3364725 69 
3364809 93 
3366260 103 
3366260 101 
3367177 100 
3367177 3
3367177 1552
3367177 11
3369177 25 
3369223 75 
3369827 72 
3369827 70 
3370350 80 
3370416 83 
3370789 64 
3370992 63 
3371069 150 
3371069 68 
3371069 65
3371154 92 
3372602 103 
3372602 101 
3373108 100 
3373108 3
3373108 1552
3373108 10
3375107 25 
3375154 75 
3375758 72 
3375758 70 
3376280 250 
3380532 71 
3380732 80 
3380798 83 
3381771 76 
3383078 64 
3383280 61 
3383357 151 
3383357 69 
3383436 93 
3384887 103 
3384887 101 
3385798 100 
3385798 3
3385798 1552
3385798 10
3387796 25 
3387963 75 
3388185 73 
3388443 73 
3389105 73 
3389610 72 
3389610 70 
3389808 250 
3390075 71 
3390623 71 
3391063 71 
3391703 71 
3391901 80 
3391967 83 
3392527 64 
3392729 256 
3392793 61 
3392860 151 
3392860 69 
3392943 93 
3394390 103 
3394390 101 
3395298 100 
3395298 3
3395298 1552
3395298 10
3397299 25 
3397344 75 
3397947 72 
3397947 70 
3398471 80 
3398538 83 
3398898 64 
3399099 63 
3399178 151 
3399178 69 
3399258 93 
3399935 91 
3400711 103 
3400711 101 
3401619 100 
3401619 3
3401619 1552
3401619 11
3403617 25 
3403667 75 
3404273 72 
3404273 70 
3404775 80 
3404842 83 
3405282 64 
3405644 256 
3405775 61 
3405908 151 
3405908 69 
3405992 93 
3406732 91 
3407438 103 
3407438 101 
3408346 100 
3408346 3
3408346 1552
3408346 11
3410347 25 
3417172 75 
3420388 254 
3420813 73 
3420840 73 
3421346 72 
3421346 70 
3422021 80 
3422088 83 
3422714 64 
3424367 61 
3424434 151 
3424434 69 
3425606 91 
3425629 93 
3425965 103 
3425965 101 
3426874 100 
3426874 3
3426874 1552
3426874 10
3428873 25 
3428919 75 
3429525 72 
3429525 70 
3430085 80 
3430151 83 
3430218 64 
3430553 63 
3430618 151 
3430618 69 
3430703 93 
3432149 103 
3432149 101 
3433057 100 
3433057 3
3433057 1552
3433057 11
3435056 25 
3435103 75 
3435708 72 
3435708 70 
3436242 80 
3436309 83 
3436375 64 
3436842 256 
3436911 61 
3436975 153 
3436975 68 
3436975 65
3437055 92 
3437508 90 
3438231 90 
3438506 103 
3438506 101 
3439018 100 
3439018 3
3439018 1552
3439018 11
3441015 25 
3441061 75 
3441666 72 
3441666 70 
3442186 80 
3442253 83 
3442559 64 
3442761 61 
3442840 151 
3442840 69 
3442918 93 
3443322 91 
3443846 91 
3444202 91 
3444372 103 
3444372 101 
3445279 100 
3445279 3
3445279 1552
3445279 10
3447278 25 
3447324 75 
3447927 72 
3447927 70 
3448437 80 
3448503 83 
3448971 64 
3449239 256 
3449303 63 
3449370 151 
3449370 69 
3449452 93 
3450899 103 
3450899 101 
3451810 100 
3451810 3
3451810 1552
3451810 11
3453810 25 
3459223 75 
3459828 72 
3459828 70 
3460565 71 
3460965 71 
3461152 80 
3461218 83 
3461685 64 
3461820 256 
3461885 63 
3461951 150 
3461951 68 
3461951 65
3462036 92 
3463481 103 
3463481 101 
3463989 100 
3463989 3
3463989 1552
3463989 11
3465991 25 
3466036 75 
3466642 72 
3466642 70 
3467176 80 
3467629 250 
3468295 76 
3468362 83 
3468762 64 
3468964 256 
3469028 62 
3469095 151 
3469095 69 
3469180 93 
3470428 91 
3470626 103 
3470626 101 
3471533 100 
3471533 3
3471533 1552
3471533 10
3473533 25 
3473824 75 
3474425 72 
3474425 70 
3474959 80 
3475026 83 
3475519 64 
3475785 61 
3475865 151 
3475865 69 
3475948 93 
3477263 91 
3477399 103 
3477399 101 
3478303 100 
3478303 3
3478303 1552
3478303 11
3480305 25 
3480383 75 
3480985 72 
3480985 70 
3481530 80 
3481596 83 
3482130 64 
3482398 61 
3482476 151 
3482476 69 
3482560 93 
3483003 91 
3483477 91 
3483923 91 
3484007 103 
3484007 101 
3484915 100 
3484915 3
3484915 1552
3484915 10
3486916 25 
3486962 75 
3489580 73 
3490095 72 
3490095 70 
3490593 80 
3490659 83 
3491232 64 
3491434 61 
3491512 151 
3491512 69 
3491596 93 
3493044 103 
3493044 101 
3493953 100 
3493953 3
3493953 1552
3493953 10
3495953 25 
3495998 75 
3496601 72 
3496601 70 
3497136 80 
3497203 83 
3497576 64 
3497845 61 
3497923 151 
3497923 69 
3498006 93 
3498392 91 
3499457 103 
3499457 101 
3500363 100 
3500363 3
3500363 1552
3500363 10
3502361 25 
3502408 75 
3503012 72 
3503012 70 
3503560 80 
3503627 83 
3503760 64 
3504029 63 
3504107 151 
3504107 69 
3504186 93 
3504945 91 
3505274 91 
3505639 103 
3505639 101 
3506545 100 
3506545 3
3506545 1552
3506545 10
3508545 25 
3509009 75 
3509614 72 
3509614 70 
3510144 80 
3510211 83 
3510624 64 
3510893 61 
3510957 151 
3510957 69 
3511032 93 
3511909 91 
3512487 103 
3512487 101 
3513396 100 
3513396 3
3513396 1552
3513396 11
3515396 25 
3516679 75 
3517283 72 
3517283 70 
3517835 80 
3517901 83 
3518288 64 
3518970 61 
3519034 151 
3519034 69 
3519107 93 
3519568 91 
3520078 91 
3520448 91 
3520566 103 
3520566 101 
3521468 100 
3521468 3
3521468 1552
3521468 11
3523474 25 
3527117 75 
3527723 72 
3527723 70 
3528590 80 
3528657 83 
3528923 64 
3529125 256 
3529190 63 
3529270 152 
3529270 69 
3529351 93 
3530426 91 
3530799 103 
3530799 101 
3531708 100 
3531708 3
3531708 1552
3531708 10
3533708 25 
3533754 75 
3534361 72 
3534361 70 
3534894 80 
3534961 83 
3535360 64 
3535630 61 
3535694 151 
3535694 69 
3535776 93 
3536352 91 
3537089 91 
3537223 103 
3537223 101 
3538132 100 
3538132 3
3538132 1552
3538132 11
3540133 25 
3540979 75 
3541585 72 
3541585 70 
3542131 80 
3542198 83 
3542917 64 
3543133 256 
3543197 61 
3543264 151 
3543264 69 
3543346 93 
3543833 91 
3544631 91 
3544794 103 
3544794 101 
3545701 100 
3545701 3
3545701 1552
3545701 10
3547702 25 
3547749 75 
3548349 72 
3548349 70 
3548488 250 
3549968 71 
3550354 80 
3550421 83 
3551460 64 
3551663 256 
3551727 63 
3551807 151 
3551807 69 
3551887 93 
3552351 91 
3553336 103 
3553336 101 
3554246 100 
3554246 3
3554246 1552
3554246 10
3556247 25 
3556292 75 
3556894 72 
3556894 70 
3557431 80 
3557498 83 
3557978 64 
3558313 256 
3558377 61 
3558444 151 
3558444 69 
3558520 93 
3559976 103 
3559976 101 
3560882 100 
3560882 3
3560882 1552
3560882 11
3562882 25 
3562929 75 
3563534 72 
3563534 70 
3564095 80 
3564162 250 
3564761 76 
3564828 83 
3565228 64 
3565430 256 
3565495 63 
3565561 150 
3565561 68 
3565561 65
3565642 92 
3567090 103 
3567090 101 
3567600 100 
3567600 3
3567600 1552
3567600 11
3569599 25 
3569646 75 
3570249 72 
3570249 70 
3570772 80 
3570839 83 
3570973 64 
3571174 256 
3571239 63 
3571306 150 
3571306 68 
3571306 65
3571392 92 
3572459 90 
3572834 103 
3572834 101 
3573349 100 
3573349 3
3573349 1552
3573349 10
3575348 25 
3575502 75 
3576106 72 
3576106 70 
3576610 80 
3576677 83 
3576983 64 
3577198 256 
3577263 61 
3577330 151 
3577330 69 
3577409 93 
3577816 91 
3578517 91 
3578862 103 
3578862 101 
3579769 100 
3579769 3
3579769 1552
3579769 11
3581768 25 
3581819 75 
3582422 72 
3582422 70 
3582954 80 
3583020 83 
3583700 64 
3583900 256 
3583969 63 
3584047 152 
3584047 69 
3584129 93 
3585090 91 
3585468 91 
3585580 103 
3585580 101 
3586486 100 
3586486 3
3586486 1552
3586486 11
3588487 25 
3588949 75 
3589556 72 
3589556 70 
3590085 80 
3590151 83 
3590404 64 
3590739 255 
3593136 256 
3597934 61 
3598001 151 
3598001 69 
3598082 93 
3599534 103 
3599534 101 
3600440 100 
3600440 3
3600440 1552
3600440 10
3602439 25 
3602486 75 
3603093 72 
3603093 70 
3603599 80 
3603665 83 
3603932 64 
3604134 63 
3604198 151 
3604198 69 
3604280 93 
3605320 91 
3605733 103 
3605733 101 
3606636 100 
3606636 3
3606636 1552
3606636 11
3608639 25 
3609121 75 
3609723 72 
3609723 70 
3610236 80 
3610302 83 
3610836 64 
3610971 256 
3611035 61 
3611102 153 
3611102 68 
3611102 65
3611185 92 
3612634 103 
3612634 101 
3613141 100 
3613141 3
3613141 1552
3613141 11
3615141 25 
3615187 75 
3615790 72 
3615790 70 
3616300 80 
3616367 83 
3616686 64 
3616888 63 
3616966 150 
3616966 68 
3616966 65
3617056 92 
3618495 103 
3618495 101 
3619007 100 
3619007 3
3619007 1552
3619007 10
3621006 25 
3621051 75 
3621655 72 
3621655 70 
3622164 80 
3622231 83 
3623430 64 
3623566 256 
3623630 62 
3623697 150 
3623697 68 
3623697 65
3623777 92 
3624419 90 
3625047 90 
3625228 103 
3625228 101 
3625735 100 
3625735 3
3625735 1552
3625735 10
3627737 25 
3627801 75 
3628407 72 
3628407 70 
3629241 80 
3629361 83 
3629494 64 
3629617 256 
3630361 62 
3630563 150 
3630563 68 
3630563 65
3630650 92 
3631888 90 
3632094 103 
3632094 101 
3632598 100 
3632598 3
3632598 1552
3632598 10
3634600 25 
3634646 75 
3635249 72 
3635249 70 
3635772 80 
3635838 83 
3636425 64 
3636627 256 
3636691 62 
3638160 150 
3638160 68 
3638160 65
3638267 92 
3639209 90 
3639701 103 
3639701 101 
3640208 100 
3640208 3
3640208 1552
3640208 11
3642210 25 
3642256 75 
3642861 72 
3642861 70 
3643382 80 
3643449 83 
3643582 64 
3646849 256 
3647114 62 
3652991 252 
3654124 151 
3654124 69 
3654204 93 
3655659 103 
3655659 101 
3656561 100 
3656561 3
3656561 1552
3656561 11
3658564 25 
3658622 75 
3659226 72 
3659226 70 
3659775 80 
3659842 83 
3660561 64 
3660831 61 
3660908 151 
3660908 69 
3660991 93 
3661440 91 
3661845 91 
3662439 103 
3662439 101 
3663348 100 
3663348 3
3663348 1552
3663348 10
3665348 25 
3665393 75 
3665994 72 
3665994 70 
3666519 80 
3666586 83 
3666945 64 
3667160 256 
3667225 62 
3667292 150 
3667292 68 
3667292 65
3667369 92 
3668282 90 
3668721 90 
3668824 103 
3668824 101 
3669332 100 
3669332 3
3669332 1552
3669332 10
3671332 25 
3671377 75 
3671979 72 
3671979 70 
3672503 80 
3672570 83 
3672770 64 
3672905 256 
3672970 62 
3673036 150 
3673036 68 
3673036 65
3673118 92 
3673862 90 
3674360 90 
3674566 103 
3674566 101 
3675075 100 
3675075 3
3675075 1552
3675075 11
3677076 25 
3677121 75 
3677723 72 
3677723 70 
3678262 80 
3678327 83 
3678514 64 
3678716 62 
3678794 151 
3678794 69 
3678874 93 
3679441 91 
3680323 103 
3680323 101 
3681232 100 
3681232 3
3681232 1552
3681232 10
3683233 25 
3683284 75 
3683890 72 
3683890 70 
3684445 80 
3684511 83 
3684871 64 
3685020 256 
3685084 62 
3685151 150 
3685151 68 
3685151 65
3685239 92 
3686306 90 
3686684 103 
3686684 101 
3687191 100 
3687191 3
3687191 1552
3687191 10
3689191 25 
3689264 75 
3689870 72 
3689870 70 
3690376 80 
3690442 83 
3690575 64 
3690778 62 
3690855 150 
3690855 68 
3690855 65
3690939 92 
3691930 90 
3692304 90 
3692385 103 
3692385 101 
3692894 100 
3692894 3
3692894 1552
3692894 11
3694895 25 
3694940 75 
3695544 72 
3695544 70 
3696093 80 
3696160 83 
3696360 64 
3696828 63 
3696893 150 
3696893 68 
3696893 65
3696980 92 
3698421 103 
3698421 101 
3698934 100 
3698934 3
3698934 1552
3698934 11
3700932 25 
3700978 75 
3701582 72 
3701582 70 
3702117 80 
3702184 83 
3702384 64 
3702586 256 
3702664 63 
3702730 150 
3702730 68 
3702730 65
3702815 92 
3704260 103 
3704260 101 
3704769 100 
3704769 3
3704769 1552
3704769 11
3706771 25 
3706829 75 
3707438 72 
3707438 70 
3707995 80 
3708061 83 
3708261 64 
3708463 63 
3708541 150 
3708541 68 
3708541 65
3708630 92 
3710070 103 
3710070 101 
3710119 102 
