0 100 
0 3
0 1582
0 10
1995 25 
2112 75 
2878 72 
2878 70 
3959 80 
4338 83 
9601 64 
9795 62 
9816 62 
9816 150 
9816 68 
9816 65
9916 92 
10344 90 
11340 103 
11340 101 
11853 100 
11853 3
11853 1582
11853 10
13852 25 
13910 75 
14678 72 
14678 70 
15564 80 
16317 76 
16383 83 
16532 64 
16761 62 
16779 62 
16779 152 
16779 69 
16848 93 
18298 103 
18298 101 
19205 100 
19205 3
19205 1582
19205 11
21207 25 
21266 75 
22029 72 
22029 70 
22932 80 
23424 83 
23451 64 
23652 62 
23670 62 
23670 151 
23670 69 
23734 93 
25191 103 
25191 101 
26097 100 
26097 3
26097 1582
26097 10
28098 25 
28157 75 
28922 72 
28922 70 
29804 80 
30636 76 
30728 83 
30883 64 
31089 62 
31106 62 
31106 150 
31106 68 
31106 65
31178 92 
31590 90 
32623 103 
32623 101 
33132 100 
33132 3
33132 1582
33132 11
35134 25 
35194 75 
35959 72 
35959 70 
36845 80 
37336 83 
37387 64 
37593 256 
37610 62 
37625 62 
37625 151 
37625 69 
37691 93 
39142 103 
39142 101 
40049 100 
40049 3
40049 1582
40049 10
42050 25 
42102 75 
42866 72 
42866 70 
43755 80 
44154 83 
44188 64 
44381 256 
44397 62 
44416 62 
44416 150 
44416 68 
44416 65
44493 92 
45942 103 
45942 101 
46448 100 
46448 3
46448 1582
46448 11
48448 25 
48495 75 
49258 72 
49258 70 
50053 80 
50461 83 
55415 64 
56030 63 
56045 63 
56045 150 
56045 68 
56045 65
56118 92 
57577 103 
57577 101 
58084 100 
58084 3
58084 1582
58084 11
60084 25 
60130 75 
60898 72 
60898 70 
61693 80 
62120 83 
62543 64 
63583 62 
63600 62 
63600 151 
63600 69 
63659 93 
65122 103 
65122 101 
66040 100 
66040 3
66040 1582
66040 11
68043 25 
68100 75 
68861 72 
68861 70 
69675 80 
70027 83 
70219 64 
70477 63 
70497 63 
70497 150 
70497 68 
70497 65
70575 92 
71575 90 
72023 103 
72023 101 
72535 100 
72535 3
72535 1582
72535 10
74535 25 
74590 75 
75359 72 
75359 70 
76162 80 
76570 83 
76760 64 
76966 63 
76984 63 
76984 151 
76984 69 
77059 93 
78510 103 
78510 101 
79420 100 
79420 3
79420 1582
79420 10
81421 25 
81467 75 
82234 72 
82234 70 
83026 80 
83379 83 
83930 64 
84151 62 
84170 62 
84170 150 
84170 68 
84170 65
84245 92 
85699 103 
85699 101 
86216 100 
86216 3
86216 1582
86216 11
88218 25 
88268 75 
89035 72 
89035 70 
89734 80 
90052 83 
97927 64 
98159 62 
98174 62 
98174 151 
98174 69 
98245 93 
98609 91 
99703 103 
99703 101 
100613 100 
100613 3
100613 1582
100613 10
102611 25 
102659 75 
103420 72 
103420 70 
104116 80 
104439 83 
104691 64 
104906 62 
104921 62 
104921 150 
104921 68 
104921 65
104996 92 
105348 90 
106451 103 
106451 101 
106955 100 
106955 3
106955 1582
106955 11
108955 25 
109007 75 
109776 72 
109776 70 
110475 80 
110799 83 
111033 64 
111228 256 
111247 63 
111265 63 
111265 150 
111265 68 
111265 65
111339 92 
112791 103 
112791 101 
113300 100 
113300 3
113300 1582
113300 10
115301 25 
115347 75 
116112 72 
116112 70 
116818 80 
117138 83 
117370 64 
117567 62 
117587 62 
117587 150 
117587 68 
117587 65
117659 92 
118092 90 
119110 103 
119110 101 
119615 100 
119615 3
119615 1582
119615 10
121616 25 
121664 75 
122428 72 
122428 70 
123135 80 
123455 83 
123489 64 
123663 62 
123682 62 
123682 152 
123682 69 
123740 93 
125202 103 
125202 101 
126123 100 
126123 3
126123 1582
126123 10
128121 25 
128169 75 
128932 72 
128932 70 
129626 80 
129944 83 
130111 64 
130316 62 
130337 62 
130337 150 
130337 68 
130337 65
130412 92 
130821 90 
131864 103 
131864 101 
132376 100 
132376 3
132376 1582
132376 11
134376 25 
134432 75 
135200 72 
135200 70 
135903 80 
136223 83 
136322 64 
136524 63 
136546 63 
136546 150 
136546 68 
136546 65
136626 92 
138077 103 
138077 101 
138583 100 
138583 3
138583 1582
138583 11
140581 25 
140629 75 
141392 72 
141392 70 
142105 80 
142424 83 
142543 64 
143748 62 
143764 62 
143764 151 
143764 69 
143827 93 
145282 103 
145282 101 
146194 100 
146194 3
146194 1582
146194 11
148193 25 
148241 75 
149007 72 
149007 70 
149705 80 
150038 83 
150719 64 
150953 63 
150972 63 
150972 150 
150972 68 
150972 65
151041 92 
152494 103 
152494 101 
153005 100 
153005 3
153005 1582
153005 10
155004 25 
155056 75 
155821 72 
155821 70 
156525 80 
156842 83 
173378 64 
173567 256 
173585 62 
173600 62 
173600 150 
173600 68 
173600 65
173676 92 
175129 103 
175129 101 
175633 100 
175633 3
175633 1582
175633 10
177634 25 
177680 75 
178448 72 
178448 70 
179160 80 
179864 76 
179972 83 
180089 64 
180340 62 
180355 62 
180355 150 
180355 68 
180355 65
180428 92 
181886 103 
181886 101 
182389 100 
182389 3
182389 1582
182389 11
184392 25 
184450 75 
185215 72 
185215 70 
185920 80 
186247 83 
186426 64 
186627 63 
186647 63 
186647 150 
186647 68 
186647 65
186728 92 
188170 103 
188170 101 
188679 100 
188679 3
188679 1582
188679 11
190682 25 
190742 75 
191503 72 
191503 70 
192385 80 
193291 76 
193814 76 
193868 83 
194321 64 
194514 63 
194533 63 
194533 152 
194533 69 
194600 93 
196048 103 
196048 101 
196956 100 
196956 3
196956 1582
196956 11
198958 25 
199005 75 
199773 72 
199773 70 
200663 80 
201056 83 
201974 64 
202172 63 
202187 63 
202187 150 
202187 68 
202187 65
202260 92 
203714 103 
203714 101 
204221 100 
204221 3
204221 1582
204221 11
206222 25 
206268 75 
207032 72 
207032 70 
207962 80 
208834 76 
209312 76 
209365 83 
209699 64 
210700 62 
210713 62 
210713 151 
210713 69 
210773 93 
212228 103 
212228 101 
213137 100 
213137 3
213137 1582
213137 10
215138 25 
215292 75 
216053 72 
216053 70 
217023 80 
217414 83 
220674 64 
220873 62 
220891 62 
220891 150 
220891 68 
220891 65
220964 92 
221373 90 
222414 103 
222414 101 
222921 100 
222921 3
222921 1582
222921 10
224921 25 
224968 75 
225731 72 
225731 70 
226440 80 
226763 83 
226814 64 
227040 62 
227059 62 
227059 150 
227059 68 
227059 65
227131 92 
228580 103 
228580 101 
229089 100 
229089 3
229089 1582
229089 11
231091 25 
231138 75 
231905 72 
231905 70 
232612 80 
232930 83 
233264 64 
233500 63 
233520 63 
233520 150 
233520 68 
233520 65
233595 92 
235046 103 
235046 101 
235555 100 
235555 3
235555 1582
235555 10
237554 25 
237603 75 
238369 72 
238369 70 
239079 80 
240312 76 
240387 83 
240504 64 
240767 62 
240788 62 
240788 150 
240788 68 
240788 65
240858 92 
241294 90 
242312 103 
242312 101 
242818 100 
242818 2
242818 1582
242818 11
242818 78 
244817 25 
244865 75 
245633 72 
245633 70 
246339 80 
246659 83 
247237 64 
247484 63 
247503 63 
247503 150 
247503 68 
247503 65
247576 92 
249025 103 
249025 101 
249535 100 
249535 2
249535 1582
249535 11
251534 25 
251582 75 
252348 72 
252348 70 
253057 80 
253381 83 
256037 64 
258430 62 
258446 62 
258446 151 
258446 69 
258510 93 
259967 103 
259967 101 
260879 100 
260879 2
260879 1582
260879 10
262878 25 
262924 75 
263691 72 
263691 70 
264400 80 
264734 83 
266171 64 
266455 62 
266476 62 
266476 151 
266476 69 
266552 93 
268005 103 
268005 101 
268919 100 
268919 2
268919 1582
268919 11
270917 25 
270974 75 
271742 72 
271742 70 
272446 80 
272767 83 
272946 64 
273213 63 
273228 63 
273228 150 
273228 68 
273228 65
273305 92 
273723 90 
274747 103 
274747 101 
275262 100 
275262 2
275262 1582
275262 10
277260 25 
277325 75 
278088 72 
278088 70 
278796 80 
279125 83 
279520 64 
279691 62 
279711 62 
279711 151 
279711 69 
279787 93 
280364 91 
281237 103 
281237 101 
282152 100 
282152 2
282152 1582
282152 10
284151 25 
284213 75 
284982 72 
284982 70 
285680 80 
286006 83 
291683 64 
291955 62 
291975 62 
291975 153 
291975 68 
291975 65
292051 92 
292784 90 
293501 103 
293501 101 
294012 100 
294012 2
294012 1582
294012 10
296011 25 
296057 75 
296822 72 
296822 70 
297526 80 
298264 76 
298320 83 
298392 64 
298612 62 
298628 62 
298628 151 
298628 69 
298702 93 
300153 103 
300153 101 
301062 100 
301062 2
301062 1582
301062 11
303062 25 
303121 75 
303885 72 
303885 70 
304595 80 
304912 83 
305457 64 
305665 63 
305687 63 
305687 150 
305687 68 
305687 65
305765 92 
307220 103 
307220 101 
307736 100 
307736 2
307736 1582
307736 11
309737 25 
309784 75 
310551 72 
310551 70 
311257 80 
311582 83 
311821 64 
312045 63 
312065 63 
312065 150 
312065 68 
312065 65
312140 92 
313586 103 
313586 101 
314095 100 
314095 2
314095 1582
314095 10
316095 25 
318028 75 
318301 73 
318605 73 
319291 72 
319291 70 
320172 80 
320577 83 
324387 64 
324634 62 
324649 62 
324649 151 
324649 69 
324716 93 
325054 91 
326170 103 
326170 101 
327076 100 
327076 2
327076 1582
327076 10
329075 25 
329124 75 
329898 72 
329898 70 
330587 250 
332919 71 
333214 80 
333547 83 
335072 64 
335338 63 
335355 63 
335355 151 
335355 69 
335429 93 
336887 103 
336887 101 
337806 100 
337806 2
337806 1582
337806 11
339806 25 
339855 75 
340618 72 
340618 70 
341326 80 
341649 83 
342011 64 
342523 62 
342539 62 
342539 151 
342539 69 
342611 93 
342972 91 
343180 91 
344066 103 
344066 101 
344975 100 
344975 2
344975 1582
344975 10
346977 25 
347036 75 
347799 72 
347799 70 
348505 80 
349156 76 
349216 83 
349373 64 
349565 62 
349586 62 
349586 151 
349586 69 
349656 93 
351106 103 
351106 101 
352013 100 
352013 2
352013 1582
352013 10
354014 25 
354073 75 
354840 72 
354840 70 
355547 80 
355862 83 
356488 64 
356871 61 
357075 61 
357075 150 
357075 68 
357075 65
357138 92 
358598 103 
358598 101 
359104 100 
359104 2
359104 1582
359104 11
361102 25 
361151 75 
361913 72 
361913 70 
362621 80 
362942 83 
363200 64 
363574 256 
363591 61 
363607 61 
363607 151 
363607 69 
363668 93 
364065 91 
365127 103 
365127 101 
366033 100 
366033 2
366033 1582
366033 10
368034 25 
369901 75 
371976 73 
377933 73 
378089 254 
378616 72 
378616 70 
379321 80 
379640 83 
385788 64 
386126 61 
386147 61 
386147 150 
386147 68 
386147 65
386229 92 
386709 90 
387677 103 
387677 101 
388188 100 
388188 2
388188 1582
388188 11
390187 25 
390244 75 
391011 72 
391011 70 
391726 80 
392055 83 
392184 64 
392692 61 
392707 61 
392707 151 
392707 69 
392773 93 
394235 103 
394235 101 
395140 100 
395140 2
395140 1582
395140 10
397140 25 
397188 75 
397950 72 
397950 70 
398644 80 
398972 83 
399145 64 
399476 61 
399496 61 
399496 152 
399496 69 
399567 93 
401013 103 
401013 101 
401924 100 
401924 2
401924 1582
401924 11
403924 25 
403972 75 
404736 72 
404736 70 
405450 80 
405778 83 
406427 64 
406698 61 
406715 61 
406715 151 
406715 69 
406792 93 
408238 103 
408238 101 
409149 100 
409149 2
409149 1582
409149 11
411147 25 
412807 75 
413568 72 
413568 70 
414270 80 
414590 83 
416096 64 
416728 61 
416744 61 
416744 151 
416744 69 
416805 93 
418262 103 
418262 101 
419170 100 
419170 2
419170 1582
419170 11
421172 25 
421219 75 
421987 72 
421987 70 
422690 80 
424092 76 
424198 83 
424256 64 
424581 61 
424602 61 
424602 153 
424602 68 
424602 65
424679 92 
426124 103 
426124 101 
426635 100 
426635 2
426635 1582
426635 11
428634 25 
428681 75 
429447 72 
429447 70 
430151 80 
430606 83 
431136 64 
431753 61 
431767 61 
431767 151 
431767 69 
431840 93 
433295 103 
433295 101 
434204 100 
434204 2
434204 1582
434204 10
436203 25 
436251 75 
437017 72 
437017 70 
437664 250 
439271 71 
439563 80 
439974 83 
442979 64 
443513 256 
443532 61 
443547 61 
443547 150 
443547 68 
443547 65
443610 92 
444013 90 
445062 103 
445062 101 
445574 100 
445574 2
445574 1582
445574 11
447574 25 
447628 75 
448397 72 
448397 70 
449194 80 
449546 83 
449796 64 
450980 63 
451000 63 
451000 150 
451000 68 
451000 65
451072 92 
451455 90 
452525 103 
452525 101 
453036 100 
453036 2
453036 1582
453036 10
455036 25 
455083 75 
455845 72 
455845 70 
456653 80 
457085 76 
457191 83 
458502 64 
458948 61 
458962 61 
458962 150 
458962 68 
458962 65
459029 92 
459406 90 
460485 103 
460485 101 
460993 100 
460993 2
460993 1582
460993 11
462993 25 
463043 75 
463812 72 
463812 70 
464620 80 
464938 83 
465763 64 
466050 63 
466065 63 
466065 150 
466065 68 
466065 65
466140 92 
466529 90 
467591 103 
467591 101 
468096 100 
468096 2
468096 1582
468096 10
470097 25 
470143 75 
470905 72 
470905 70 
471603 80 
471924 83 
473184 64 
478625 61 
478641 61 
478641 150 
478641 68 
478641 65
478715 92 
480172 103 
480172 101 
480677 100 
480677 2
480677 1582
480677 10
482678 25 
482729 75 
483495 72 
483495 70 
484200 80 
484524 83 
486810 64 
488588 62 
488604 62 
488604 151 
488604 69 
488666 93 
490126 103 
490126 101 
491035 100 
491035 2
491035 1582
491035 10
493034 25 
493720 75 
493957 73 
494678 72 
494678 70 
495380 80 
495699 83 
502593 64 
502974 61 
502993 61 
502993 150 
502993 68 
502993 65
503075 92 
503472 90 
503570 90 
504517 103 
504517 101 
505027 100 
505027 2
505027 1582
505027 11
507028 25 
507080 75 
507841 72 
507841 70 
508547 80 
508868 83 
509572 64 
509838 63 
509857 63 
509857 150 
509857 68 
509857 65
509936 92 
510429 90 
511383 103 
511383 101 
511892 100 
511892 2
511892 1582
511892 11
513892 25 
513938 75 
514708 72 
514708 70 
515408 80 
515731 83 
516697 64 
517429 63 
517444 63 
517444 152 
517444 69 
517519 93 
517952 91 
518968 103 
518968 101 
519874 100 
519874 2
519874 1582
519874 10
521877 25 
521922 75 
522683 72 
522683 70 
523376 80 
523700 83 
535276 64 
536228 61 
536242 61 
536242 150 
536242 68 
536242 65
536315 92 
537775 103 
537775 101 
538282 100 
538282 2
538282 1582
538282 11
540280 25 
540474 75 
541236 72 
541236 70 
541942 80 
542276 83 
543677 64 
543989 62 
544006 62 
544006 151 
544006 69 
544070 93 
545531 103 
545531 101 
546436 100 
546436 2
546436 1582
546436 10
548437 25 
558475 254 
563196 75 
563991 73 
564676 72 
564676 70 
565570 80 
566006 83 
570852 64 
574444 61 
574459 61 
574459 150 
574459 68 
574459 65
574531 92 
575265 90 
575986 103 
575986 101 
576490 100 
576490 2
576490 1582
576490 11
578491 25 
578538 75 
579306 72 
579306 70 
580188 80 
580614 83 
580885 64 
581145 63 
581165 63 
581165 150 
581165 68 
581165 65
581231 92 
581621 90 
581647 90 
582685 103 
582685 101 
583193 100 
583193 2
583193 1582
583193 10
585195 25 
585255 75 
586022 72 
586022 70 
586868 80 
587218 83 
598463 64 
598812 61 
598833 61 
598833 150 
598833 68 
598833 65
598915 92 
600366 103 
600366 101 
600879 100 
600879 2
600879 1582
600879 10
602881 25 
602928 75 
603695 72 
603695 70 
604523 80 
604846 83 
617921 64 
618441 256 
618459 61 
618476 61 
618476 150 
618476 68 
618476 65
618547 92 
619012 90 
620005 103 
620005 101 
620513 100 
620513 2
620513 1582
620513 10
622511 25 
622560 75 
623327 72 
623327 70 
624038 80 
624364 83 
624865 64 
625088 61 
625108 61 
625108 150 
625108 68 
625108 65
625176 92 
625717 90 
626632 103 
626632 101 
627149 100 
627149 2
627149 1582
627149 11
629150 25 
629196 75 
629963 72 
629963 70 
630670 80 
630985 83 
631077 64 
631314 63 
631333 63 
631333 150 
631333 68 
631333 65
631405 92 
632538 90 
632854 103 
632854 101 
633361 100 
633361 2
633361 1582
633361 11
635361 25 
635407 75 
636172 72 
636172 70 
636878 80 
637201 83 
637566 64 
637772 63 
637791 63 
637791 150 
637791 68 
637791 65
637867 92 
639314 103 
639314 101 
639824 100 
639824 2
639824 1582
639824 11
641825 25 
647405 75 
647512 73 
648237 72 
648237 70 
648942 80 
649263 83 
649721 64 
650237 61 
650253 61 
650253 151 
650253 69 
650329 93 
651007 91 
651778 103 
651778 101 
652684 100 
652684 2
652684 1582
652684 11
654687 25 
654733 75 
655497 72 
655497 70 
656203 80 
656525 83 
662697 64 
662920 63 
662940 63 
662940 150 
662940 68 
662940 65
663019 92 
664467 103 
664467 101 
664972 100 
664972 5
664972 1582
664972 10
664972 78 
666974 25 
667415 75 
667575 73 
668275 72 
668275 70 
668974 80 
669290 83 
670499 64 
670844 61 
670860 61 
670860 151 
670860 69 
670929 93 
671648 91 
671886 91 
671958 91 
672382 103 
672382 101 
673291 100 
673291 5
673291 1582
673291 11
675289 25 
675342 75 
676106 72 
676106 70 
676811 80 
677126 83 
683296 64 
683655 61 
683675 61 
683675 151 
683675 69 
683747 93 
685207 103 
685207 101 
686112 100 
686112 5
686112 1582
686112 10
688113 25 
688158 75 
688923 72 
688923 70 
689625 80 
689949 83 
691030 64 
691449 63 
691471 63 
691471 150 
691471 68 
691471 65
691548 92 
692999 103 
692999 101 
693507 100 
693507 5
693507 1582
693507 10
695508 25 
696527 75 
697295 72 
697295 70 
698002 80 
698324 83 
704040 64 
704264 256 
704305 63 
704324 63 
704324 150 
704324 68 
704324 65
704400 92 
705850 103 
705850 101 
706357 100 
706357 5
706357 1582
706357 10
708355 25 
708403 75 
709167 72 
709167 70 
710082 80 
710572 83 
715336 64 
725367 252 
728182 256 
728198 62 
728214 62 
728214 151 
728214 69 
728274 93 
728837 91 
729283 91 
729694 91 
729731 103 
729731 101 
730640 100 
730640 5
730640 1582
730640 10
732640 25 
742678 254 
744574 75 
744983 73 
745235 73 
745918 72 
745918 70 
746791 80 
747143 83 
766461 64 
766717 61 
766736 61 
766736 153 
766736 68 
766736 65
766808 92 
767697 90 
768260 103 
768260 101 
768769 100 
768769 5
768769 1582
768769 11
770771 25 
770817 75 
771586 72 
771586 70 
772452 80 
772842 83 
787704 64 
788087 61 
788101 61 
788101 151 
788101 69 
788169 93 
788866 91 
789624 103 
789624 101 
790536 100 
790536 5
790536 1582
790536 11
792534 25 
792581 75 
793343 72 
793343 70 
794196 80 
794576 83 
802187 64 
803165 256 
825572 62 
825592 62 
825592 150 
825592 68 
825592 65
825669 92 
826678 90 
826706 90 
827120 103 
827120 101 
827636 100 
827636 5
827636 1582
827636 10
829637 25 
829686 75 
830448 72 
830448 70 
831265 80 
831638 83 
845012 64 
845343 61 
845364 61 
845364 151 
845364 69 
845428 93 
846882 103 
846882 101 
847790 100 
847790 5
847790 1582
847790 11
849790 25 
850335 75 
859828 254 
890342 73 
891025 72 
891025 70 
891851 80 
892276 83 
897517 64 
897824 61 
897840 61 
897840 151 
897840 69 
897916 93 
899364 103 
899364 101 
900275 100 
900275 5
900275 1582
900275 10
902275 25 
912313 254 
914382 75 
915144 72 
915144 70 
915976 80 
916327 83 
934577 64 
934919 63 
934938 63 
934938 150 
934938 68 
934938 65
935005 92 
936456 103 
936456 101 
936966 100 
936966 5
936966 1582
936966 10
938965 25 
939014 75 
939776 72 
939776 70 
940596 80 
940926 83 
979226 64 
990197 61 
990221 61 
990221 151 
990221 69 
990282 93 
991738 103 
991738 101 
992647 100 
992647 5
992647 1582
992647 10
994650 25 
994696 75 
995464 72 
995464 70 
996167 80 
996486 83 
996708 64 
996914 63 
996933 63 
996933 150 
996933 68 
996933 65
997012 92 
998462 103 
998462 101 
998979 100 
998979 5
998979 1582
998979 10
1000979 25 
1001028 75 
1001790 72 
1001790 70 
1002484 80 
1002809 83 
1003240 64 
1003456 63 
1003474 63 
1003474 150 
1003474 68 
1003474 65
1003560 92 
1005001 103 
1005001 101 
1005512 100 
1005512 5
1005512 1582
1005512 11
1007510 25 
1007558 75 
1008322 72 
1008322 70 
1009030 80 
1009359 83 
1009532 64 
1030471 62 
1030491 62 
1030491 150 
1030491 68 
1030491 65
1030571 92 
1032017 103 
1032017 101 
1032526 100 
1032526 5
1032526 1582
1032526 11
1034525 25 
1034572 75 
1035338 72 
1035338 70 
1036043 80 
1036367 83 
1047272 64 
1047456 61 
1047476 61 
1047476 153 
1047476 68 
1047476 65
1047552 92 
1048994 103 
1048994 101 
1049504 100 
1049504 5
1049504 1582
1049504 11
1051505 25 
1051553 75 
1052315 72 
1052315 70 
1053234 80 
1053665 83 
1066837 64 
1067052 63 
1067071 63 
1067071 151 
1067071 69 
1067135 93 
1067764 91 
1068589 103 
1068589 101 
1069495 100 
1069495 5
1069495 1582
1069495 11
1071497 25 
1078615 75 
1079382 72 
1079382 70 
1080327 80 
1080808 83 
1081586 64 
1081930 61 
1081945 61 
1081945 151 
1081945 69 
1082004 93 
1082510 91 
1082732 91 
1083152 91 
1083463 103 
1083463 101 
1084369 100 
1084369 5
1084369 1582
1084369 10
1086369 25 
1086417 75 
1087180 72 
1087180 70 
1088059 80 
1088492 83 
1089107 64 
1089405 255 
1089745 256 
1093032 61 
1093048 61 
1093048 151 
1093048 69 
1094483 91 
1094505 93 
1094560 103 
1094560 101 
1095473 100 
1095473 5
1095473 1582
1095473 11
1097471 25 
1097533 75 
1098296 72 
1098296 70 
1099108 80 
1099894 76 
1100001 83 
1101281 64 
1101557 63 
1101577 63 
1101577 151 
1101577 69 
1101647 93 
1103095 103 
1103095 101 
1104001 100 
1104001 5
1104001 1582
1104001 10
1106003 25 
1116056 254 
1130571 75 
1130874 73 
1131558 72 
1131558 70 
1132368 80 
1132691 83 
1133211 64 
1133418 63 
1133437 63 
1133437 150 
1133437 68 
1133437 65
1133509 92 
1134439 90 
1134959 103 
1134959 101 
1135470 100 
1135470 5
1135470 1582
1135470 10
1137467 25 
1147508 254 
1159303 75 
1160071 72 
1160071 70 
1160781 80 
1161096 83 
1166473 64 
1257083 61 
1257102 61 
1257102 151 
1257102 69 
1257176 93 
1258626 103 
1258626 101 
1259536 100 
1259536 5
1259536 1582
1259536 11
1261537 25 
1261601 75 
1262365 72 
1262365 70 
1263215 80 
1263603 83 
1286886 64 
1287895 256 
1288579 61 
1288595 61 
1288595 151 
1288595 69 
1288672 93 
1290125 103 
1290125 101 
1291043 100 
1291043 5
1291043 1582
1291043 10
1293044 25 
1293093 75 
1293858 72 
1293858 70 
1294737 80 
1295160 83 
1306005 64 
1306198 63 
1306217 63 
1306217 152 
1306217 69 
1306288 93 
1306647 91 
1307744 103 
1307744 101 
1308662 100 
1308662 5
1308662 1582
1308662 11
1310661 25 
1320702 254 
1321680 75 
1322105 73 
1322792 72 
1322792 70 
1323601 80 
1323928 83 
1325472 64 
1325741 63 
1325760 63 
1325760 151 
1325760 69 
1325827 93 
1326579 91 
1327258 91 
1327280 103 
1327280 101 
1328189 100 
1328189 5
1328189 1582
1328189 10
1330187 25 
1330235 75 
1330996 72 
1330996 70 
1331697 80 
1332014 83 
1353646 64 
1358772 61 
1358792 61 
1358792 151 
1358792 69 
1358862 93 
1359243 91 
1360320 103 
1360320 101 
1361226 100 
1361226 5
1361226 1582
1361226 11
1363227 25 
1363273 75 
1364035 72 
1364035 70 
1364733 80 
1365050 83 
1469200 64 
1469455 63 
1469474 63 
1469474 151 
1469474 69 
1469547 93 
1469979 91 
1470516 91 
1470995 103 
1470995 101 
1471915 100 
1471915 5
1471915 1582
1471915 11
1473913 25 
1478923 75 
1480132 73 
1480378 73 
1481061 72 
1481061 70 
1481555 250 
1482092 71 
1482574 80 
1483086 83 
1483624 64 
1484267 62 
1484284 62 
1484284 150 
1484284 68 
1484284 65
1485212 90 
1485962 90 
1485985 92 
1485985 103 
1485985 101 
1486506 100 
1486506 5
1486506 1582
1486506 11
1488508 25 
1498548 254 
1514206 75 
1514972 72 
1514972 70 
1515453 250 
1515687 71 
1516140 80 
1516642 83 
1520016 64 
1520290 256 
1520306 61 
1520325 61 
1520325 151 
1520325 69 
1520396 93 
1520924 91 
1521372 91 
1521697 91 
1521853 103 
1521853 101 
1522770 100 
1522770 5
1522770 1582
1522770 10
1524772 25 
1534826 254 
1568962 75 
1569213 73 
1569902 72 
1569902 70 
1570710 80 
1571065 83 
1578087 64 
1578425 62 
1578445 62 
1578445 151 
1578445 69 
1578524 93 
1579132 91 
1579416 91 
1579972 103 
1579972 101 
1580882 100 
1580882 5
1580882 1582
1580882 11
1582881 25 
1582927 75 
1583693 72 
1583693 70 
1584345 250 
1591169 71 
1591466 80 
1591890 83 
1602823 64 
1603003 62 
1603019 62 
1603019 150 
1603019 68 
1603019 65
1603092 92 
1604533 103 
1604533 101 
1605043 100 
1605043 5
1605043 1582
1605043 11
1607044 25 
1607091 75 
1607859 72 
1607859 70 
1608671 80 
1609047 83 
1609478 64 
1610119 62 
1610134 62 
1610134 150 
1610134 68 
1610134 65
1610195 92 
1610655 90 
1611656 103 
1611656 101 
1612174 100 
1612174 5
1612174 1582
1612174 10
1614174 25 
1614221 75 
1614989 72 
1614989 70 
1615695 80 
1616018 83 
1616126 64 
1616353 63 
1616373 63 
1616373 150 
1616373 68 
1616373 65
1616458 92 
1617906 103 
1617906 101 
1618409 100 
1618409 5
1618409 1582
1618409 11
1620411 25 
1620459 75 
1621222 72 
1621222 70 
1621918 80 
1622243 83 
1624177 64 
1624420 62 
1624434 62 
1624434 150 
1624434 68 
1624434 65
1624499 92 
1624878 90 
1625952 103 
1625952 101 
1626465 100 
1626465 5
1626465 1582
1626465 10
1628464 25 
1628522 75 
1629283 72 
1629283 70 
1629979 80 
1630827 76 
1631237 76 
1631291 83 
1631611 64 
1631817 62 
1631834 62 
1631834 151 
1631834 69 
1631914 93 
1633111 91 
1633266 91 
1633361 103 
1633361 101 
1634273 100 
1634273 5
1634273 1582
1634273 10
1636272 25 
1636318 75 
1637084 72 
1637084 70 
1637792 80 
1638119 83 
1639312 64 
1639525 62 
1639547 62 
1639547 151 
1639547 69 
1639613 93 
1640351 91 
1641065 103 
1641065 101 
1641976 100 
1641976 5
1641976 1582
1641976 11
1643975 25 
1651912 75 
1652676 72 
1652676 70 
1654811 71 
1654892 250 
1656207 71 
1656385 71 
1657526 71 
1657748 71 
1658614 71 
1660464 71 
1660618 71 
1681883 71 
1682174 80 
1682499 83 
1755488 64 
1755706 62 
1755726 62 
1755726 150 
1755726 68 
1755726 65
1755797 92 
1756336 90 
1757240 103 
1757240 101 
1757754 100 
1757754 5
1757754 1582
1757754 10
1759752 25 
1759800 75 
1760565 72 
1760565 70 
1761454 80 
1761832 83 
1762211 64 
1762453 63 
1762472 63 
1762472 152 
1762472 69 
1762542 93 
1763989 103 
1763989 101 
1764895 100 
1764895 5
1764895 1582
1764895 11
1766898 25 
1767415 75 
1768180 72 
1768180 70 
1768539 250 
1769938 71 
1771032 71 
1771323 80 
1771633 76 
1803663 76 
1803723 83 
1838789 64 
1839024 62 
1839043 62 
1839043 150 
1839043 68 
1839043 65
1839122 92 
1839593 90 
1840570 103 
1840570 101 
1841079 100 
1841079 5
1841079 1582
1841079 10
1843079 25 
1843138 75 
1843901 72 
1843901 70 
1844609 80 
1844927 83 
1845537 64 
1845725 62 
1845745 62 
1845745 151 
1845745 69 
1845826 93 
1846433 91 
1846943 91 
1847271 103 
1847271 101 
1848181 100 
1848181 5
1848181 1582
1848181 11
1850181 25 
1850228 75 
1850995 72 
1850995 70 
1851700 80 
1852019 83 
1958811 64 
1959025 256 
1996699 61 
1996718 61 
1996718 151 
1996718 69 
1996779 93 
1998239 103 
1998239 101 
1999159 100 
1999159 5
1999159 1582
1999159 10
2001159 25 
2001218 75 
2001983 72 
2001983 70 
2002895 80 
2003324 83 
2003744 64 
2003950 63 
2003969 63 
2003969 150 
2003969 68 
2003969 65
2004035 92 
2004394 90 
2005485 103 
2005485 101 
2005996 100 
2005996 5
2005996 1582
2005996 11
2007995 25 
2012095 75 
2012859 72 
2012859 70 
2013776 80 
2014288 83 
2015839 64 
2016032 62 
2016052 62 
2016052 150 
2016052 68 
2016052 65
2016126 92 
2016814 90 
2017572 103 
2017572 101 
2018084 100 
2018084 5
2018084 1582
2018084 11
2020084 25 
2020135 75 
2020908 72 
2020908 70 
2021764 80 
2022141 83 
2025590 64 
2025766 62 
2025781 62 
2025781 150 
2025781 68 
2025781 65
2025850 92 
2025996 90 
2027303 103 
2027303 101 
2027813 100 
2027813 5
2027813 1582
2027813 10
2029817 25 
2031562 75 
2032256 73 
2032938 72 
2032938 70 
2033260 250 
2033308 71 
2033793 80 
2034170 76 
2095003 76 
2095061 83 
2108071 64 
2108257 62 
2108276 62 
2108276 151 
2108276 69 
2108354 93 
2109293 91 
2109805 103 
2109805 101 
2110725 100 
2110725 5
2110725 1582
2110725 10
2112723 25 
2112771 75 
2113539 72 
2113539 70 
2114245 80 
2114561 83 
2115323 64 
2115540 63 
2115561 63 
2115561 150 
2115561 68 
2115561 65
2115629 92 
2117080 103 
2117080 101 
2117586 100 
2117586 5
2117586 1582
2117586 10
2119588 25 
2120878 75 
2121639 72 
2121639 70 
2122345 80 
2122669 83 
2123161 64 
2123359 63 
2123381 63 
2123381 150 
2123381 68 
2123381 65
2123458 92 
2124901 103 
2124901 101 
2125411 100 
2125411 5
2125411 1582
2125411 11
2127412 25 
2127459 75 
2128226 72 
2128226 70 
2128928 80 
2129251 83 
2214260 64 
2214405 256 
2222112 62 
2222133 62 
2222133 152 
2222133 69 
2222212 93 
2222426 91 
2222818 91 
2223657 103 
2223657 101 
2224570 100 
2224570 5
2224570 1582
2224570 11
2226569 25 
2226620 75 
2227385 72 
2227385 70 
2228273 80 
2228729 83 
2229666 64 
2230007 255 
2230059 256 
2236120 62 
2236139 62 
2236139 150 
2236139 68 
2236139 65
2236216 92 
2236619 90 
2237667 103 
2237667 101 
2238175 100 
2238175 5
2238175 1582
2238175 11
2240177 25 
2242497 75 
2243261 72 
2243261 70 
2244146 80 
2265310 76 
2265384 83 
2348352 64 
2348584 62 
2348602 62 
2348602 150 
2348602 68 
2348602 65
2348679 92 
2348961 90 
2350020 90 
2350130 103 
2350130 101 
2350649 100 
2350649 5
2350649 1582
2350649 10
2352649 25 
2352696 75 
2353459 72 
2353459 70 
2354330 80 
2354753 83 
2354943 64 
2355424 256 
2357361 62 
2357377 62 
2357377 151 
2357377 69 
2359892 91 
2359915 93 
2359915 103 
2359915 101 
2360831 100 
2360831 5
2360831 1582
2360831 11
2362832 25 
2365964 75 
2366821 73 
2367244 73 
2367605 73 
2368204 73 
2368793 73 
2369294 73 
2370537 73 
2371480 73 
2372173 73 
2372682 73 
2372870 254 
2373154 73 
2373254 73 
2373404 73 
2387868 73 
2388556 72 
2388556 70 
2389367 80 
2389692 83 
2390244 64 
2390465 62 
2390484 62 
2390484 150 
2390484 68 
2390484 65
2390560 92 
2390939 90 
2391716 90 
2392003 103 
2392003 101 
2392511 100 
2392511 5
2392511 1582
2392511 10
2394512 25 
2395031 75 
2395796 72 
2395796 70 
2396498 80 
2396817 83 
2397976 64 
2398134 256 
2398152 62 
2398168 62 
2398168 151 
2398168 69 
2398242 93 
2399694 103 
2399694 101 
2400602 100 
2400602 5
2400602 1582
2400602 10
2402602 25 
2402666 75 
2404377 73 
2404755 73 
2405129 73 
2405637 73 
2406092 73 
2406476 73 
2406972 73 
2407259 73 
2407840 73 
2408247 73 
2408929 72 
2408929 70 
2409624 80 
2409946 83 
2410599 64 
2410869 256 
2410886 62 
2410902 62 
2410902 153 
2410902 68 
2410902 65
2410966 92 
2411578 90 
2412425 103 
2412425 101 
2412928 100 
2412928 5
2412928 1582
2412928 11
2414930 25 
2417583 75 
2418346 72 
2418346 70 
2419047 80 
2419366 83 
2427971 64 
2428134 256 
2428153 62 
2428172 62 
2428172 150 
2428172 68 
2428172 65
2428242 92 
2428549 90 
2428884 90 
2429698 103 
2429698 101 
2430214 100 
2430214 5
2430214 1582
2430214 10
2432217 25 
2432276 75 
2433041 72 
2433041 70 
2433751 80 
2434067 83 
2478748 64 
2497174 62 
2497195 62 
2497195 151 
2497195 69 
2497268 93 
2497827 91 
2498717 103 
2498717 101 
2499628 100 
2499628 5
2499628 1582
2499628 10
2501626 25 
2505132 75 
2505893 72 
2505893 70 
2506335 71 
2506429 250 
2510623 71 
2510752 71 
2511227 80 
2511732 83 
2521785 64 
2523716 256 
2523780 62 
2523795 62 
2523795 151 
2523795 69 
2523873 93 
2524136 91 
2524681 91 
2525321 103 
2525321 101 
2526230 100 
2526230 5
2526230 1582
2526230 11
2528228 25 
2528275 75 
2529039 72 
2529039 70 
2529844 80 
2570055 76 
2570145 83 
2570445 64 
2570582 62 
2570603 62 
2570603 150 
2570603 68 
2570603 65
2570684 92 
2571053 90 
2571182 90 
2571742 90 
2572131 90 
2572131 103 
2572131 101 
2572648 100 
2572648 5
2572648 1582
2572648 11
2574648 25 
2574696 75 
2575462 72 
2575462 70 
2576163 80 
2576489 83 
2579392 64 
2579579 62 
2579601 62 
2579601 150 
2579601 68 
2579601 65
2579676 92 
2580949 90 
2581124 103 
2581124 101 
2581632 100 
2581632 5
2581632 1582
2581632 10
2583633 25 
2584152 75 
2584916 72 
2584916 70 
2585613 80 
2585939 83 
2586795 64 
2586958 62 
2586980 62 
2586980 151 
2586980 69 
2587054 93 
2587409 91 
2587465 91 
2588213 91 
2588511 103 
2588511 101 
2589429 100 
2589429 5
2589429 1582
2589429 10
2591429 25 
2591879 75 
2592646 72 
2592646 70 
2593345 80 
2593668 83 
2599040 64 
2599215 62 
2599230 62 
2599230 151 
2599230 69 
2599305 93 
2600753 103 
2600753 101 
2601663 100 
2601663 5
2601663 1582
2601663 11
2603663 25 
2607177 75 
2608188 73 
2608510 73 
2609006 73 
2609387 73 
2609508 73 
2609973 73 
2613704 254 
2613987 73 
2614430 73 
2653836 73 
2654519 72 
2654519 70 
2655412 80 
2655819 83 
2656142 64 
2673147 62 
2673169 62 
2673169 150 
2673169 68 
2673169 65
2673944 90 
2673963 92 
2674697 103 
2674697 101 
2675205 100 
2675205 5
2675205 1582
2675205 10
2677205 25 
2677258 75 
2678022 72 
2678022 70 
2678887 80 
2679243 83 
2680558 64 
2685550 62 
2688339 62 
2688339 151 
2688339 69 
2688411 93 
2689489 91 
2689862 103 
2689862 101 
2690771 100 
2690771 5
2690771 1582
2690771 11
2692772 25 
2692820 75 
2693584 72 
2693584 70 
2694292 80 
2694613 83 
2699440 64 
2702946 62 
2702963 62 
2702963 150 
2702963 68 
2702963 65
2703038 92 
2703434 90 
2703952 90 
2704110 90 
2704491 103 
2704491 101 
2705008 100 
2705008 5
2705008 1582
2705008 11
2707008 25 
2707866 75 
2708629 72 
2708629 70 
2709333 80 
2709659 83 
2711255 64 
2711459 62 
2711474 62 
2711474 150 
2711474 68 
2711474 65
2711552 92 
2712074 90 
2712541 90 
2713004 103 
2713004 101 
2713509 100 
2713509 5
2713509 1582
2713509 10
2715511 25 
2715557 75 
2716318 72 
2716318 70 
2717021 80 
2717352 83 
2718048 64 
2718213 256 
2718805 62 
2718821 62 
2718821 151 
2718821 69 
2718887 93 
2719372 91 
2720347 103 
2720347 101 
2721252 100 
2721252 5
2721252 1582
2721252 11
2723253 25 
2723304 75 
2724437 73 
2725121 72 
2725121 70 
2725828 80 
2726149 83 
2726693 64 
2726864 62 
2726883 62 
2726883 150 
2726883 68 
2726883 65
2726960 92 
2728412 103 
2728412 101 
2728915 100 
2728915 5
2728915 1582
2728915 10
2730917 25 
2731202 75 
2731964 72 
2731964 70 
2732661 80 
2732986 83 
2733530 64 
2733715 62 
2733733 62 
2733733 153 
2733733 68 
2733733 65
2733809 92 
2735262 103 
2735262 101 
2735767 100 
2735767 5
2735767 1582
2735767 10
2737766 25 
2738421 75 
2739328 73 
2739922 73 
2740347 73 
2741027 72 
2741027 70 
2741729 80 
2742050 83 
2743190 64 
2743399 62 
2743418 62 
2743418 151 
2743418 69 
2743498 93 
2744225 91 
2744836 91 
2744953 103 
2744953 101 
2745870 100 
2745870 5
2745870 1582
2745870 10
2747870 25 
2748095 75 
2748859 72 
2748859 70 
2749560 80 
2875464 76 
2875567 83 
2884954 64 
2885154 256 
2885170 61 
2885190 61 
2885190 151 
2885190 69 
2885266 93 
2886716 103 
2886716 101 
2887628 100 
2887628 5
2887628 1582
2887628 11
2889628 25 
2891324 75 
2892502 73 
2893190 72 
2893190 70 
2893513 250 
2897953 71 
2898442 80 
2898764 83 
2899139 64 
2899342 62 
2899361 62 
2899361 150 
2899361 68 
2899361 65
2899427 92 
2900576 90 
2900883 103 
2900883 101 
2901390 100 
2901390 5
2901390 1582
2901390 11
2903391 25 
2913427 254 
2917384 75 
2918155 72 
2918155 70 
2918866 80 
2919190 83 
2919596 64 
2919794 62 
2919815 62 
2919815 150 
2919815 68 
2919815 65
2919894 92 
2921334 90 
2921342 103 
2921342 101 
2921848 100 
2921848 5
2921848 1582
2921848 11
2923848 25 
2924377 75 
2925142 72 
2925142 70 
2925853 80 
2926182 83 
2927440 64 
2927620 62 
2927639 62 
2927639 150 
2927639 68 
2927639 65
2927716 92 
2928793 90 
2929170 103 
2929170 101 
2929685 100 
2929685 5
2929685 1582
2929685 11
2931684 25 
2933275 75 
2934012 73 
2934891 73 
2935646 73 
2936627 73 
2937110 73 
2937519 73 
2938165 73 
2938555 73 
2939197 73 
2939884 72 
2939884 70 
2940107 250 
2940471 71 
2941251 71 
2942121 71 
2943721 71 
2944770 71 
2945001 71 
2945146 71 
2945438 80 
2945768 83 
2946255 64 
2946592 62 
2946603 62 
2946603 150 
2946603 68 
2946603 65
2946674 92 
2946938 90 
2947112 90 
2948130 103 
2948130 101 
2948636 100 
2948636 5
2948636 1582
2948636 10
2950637 25 
2960674 254 
2997213 75 
2997979 72 
2997979 70 
2998883 80 
2999376 83 
3003538 64 
3003764 62 
3003784 62 
3003784 151 
3003784 69 
3003853 93 
3005305 103 
3005305 101 
3006214 100 
3006214 5
3006214 1582
3006214 10
3008213 25 
3018251 254 
3018500 75 
3019437 73 
3019503 73 
3020190 72 
3020190 70 
3021086 80 
3021515 83 
3021657 64 
3021866 62 
3021887 62 
3021887 153 
3021887 68 
3021887 65
3021970 92 
3023417 103 
3023417 101 
3023925 100 
3023925 5
3023925 1582
3023925 11
3025924 25 
3025973 75 
3026739 72 
3026739 70 
3027620 80 
3028004 83 
3121061 64 
3121266 62 
3121285 62 
3121285 150 
3121285 68 
3121285 65
3121364 92 
3122586 90 
3122816 103 
3122816 101 
3123322 100 
3123322 5
3123322 1582
3123322 10
3125324 25 
3125370 75 
3126133 72 
3126133 70 
3126935 80 
3127313 83 
3129912 64 
3130112 62 
3130131 62 
3130131 151 
3130131 69 
3130202 93 
3130516 91 
3131432 91 
3131655 103 
3131655 101 
3132572 100 
3132572 5
3132572 1582
3132572 10
3134573 25 
3134620 75 
3135389 72 
3135389 70 
3136207 80 
3136534 83 
3139607 64 
3139780 62 
3139798 62 
3139798 151 
3139798 69 
3139867 93 
3140425 91 
3141044 91 
3141329 103 
3141329 101 
3142234 100 
3142234 5
3142234 1582
3142234 11
3144236 25 
3144767 75 
3145531 72 
3145531 70 
3146229 80 
3146567 83 
3146686 64 
3146845 62 
3146866 62 
3146866 150 
3146866 68 
3146866 65
3146939 92 
3147196 90 
3148183 90 
3148391 103 
3148391 101 
3148900 100 
3148900 5
3148900 1582
3148900 10
3150899 25 
3151640 75 
3151719 73 
3152437 72 
3152437 70 
3153142 80 
3153461 83 
3153497 64 
3153796 256 
3154122 62 
3154141 62 
3154141 151 
3154141 69 
3154350 91 
3154370 93 
3154701 91 
3155332 91 
3155669 103 
3155669 101 
3156576 100 
3156576 5
3156576 1582
3156576 11
3158576 25 
3158623 75 
3159389 72 
3159389 70 
3160094 80 
3247429 76 
3247536 83 
3248035 64 
3248173 62 
3248193 62 
3248193 150 
3248193 68 
3248193 65
3248276 92 
3249727 103 
3249727 101 
3250241 100 
3250241 5
3250241 1582
3250241 10
3252242 25 
3252292 75 
3253057 72 
3253057 70 
3253941 80 
3254377 83 
3267386 64 
3267564 62 
3267583 62 
3267583 151 
3267583 69 
3267650 93 
3269100 103 
3269100 101 
3270008 100 
3270008 5
3270008 1582
3270008 11
3272008 25 
3272055 75 
3272819 72 
3272819 70 
3273614 80 
3273968 83 
3279233 64 
3317472 62 
3317492 62 
3317492 150 
3317492 68 
3317492 65
3317565 92 
3318076 90 
3319011 103 
3319011 101 
3319519 100 
3319519 5
3319519 1582
3319519 11
3321520 25 
3321569 75 
3322331 72 
3322331 70 
3323133 80 
3323491 83 
3323833 64 
3324010 62 
3324030 62 
3324030 150 
3324030 68 
3324030 65
3324113 92 
3325554 103 
3325554 101 
3326065 100 
3326065 5
3326065 1582
3326065 11
3328063 25 
3331347 75 
3331787 73 
3332074 73 
3332759 72 
3332759 70 
3333570 80 
3333886 83 
3334038 64 
3334235 62 
3334253 62 
3334253 150 
3334253 68 
3334253 65
3334327 92 
3335475 90 
3335779 103 
3335779 101 
3336285 100 
3336285 5
3336285 1582
3336285 10
3338287 25 
3338335 75 
3339102 72 
3339102 70 
3339804 80 
3340134 83 
3340323 64 
3341060 63 
3341075 63 
3341075 152 
3341075 69 
3341149 93 
3341632 91 
3342604 103 
3342604 101 
3343511 100 
3343511 5
3343511 1582
3343511 10
3345511 25 
3345557 75 
3346320 72 
3346320 70 
3347016 80 
3347342 83 
3348048 64 
3348311 62 
3348330 62 
3348330 151 
3348330 69 
3348395 93 
3349836 91 
3349853 103 
3349853 101 
3350759 100 
3350759 5
3350759 1582
3350759 11
3352761 25 
3362798 254 
3422443 75 
3423210 72 
3423210 70 
3423917 80 
3424235 83 
3425304 64 
3425504 62 
3425526 62 
3425526 150 
3425526 68 
3425526 65
3425598 92 
3427048 103 
3427048 101 
3427555 100 
3427555 5
3427555 1582
3427555 10
3429555 25 
3429602 75 
3430365 72 
3430365 70 
3431078 80 
3431392 83 
3431819 64 
3432001 62 
3432024 62 
3432024 153 
3432024 68 
3432024 65
3432102 92 
3433029 90 
3433544 90 
3433553 103 
3433553 101 
3434060 100 
3434060 5
3434060 1582
3434060 11
3436061 25 
3436552 75 
3437318 73 
3438003 72 
3438003 70 
3438880 80 
3439344 83 
3440121 64 
3440276 62 
3440296 62 
3440296 150 
3440296 68 
3440296 65
3440368 92 
3441098 90 
3441632 90 
3441811 103 
3441811 101 
3442323 100 
3442323 5
3442323 1582
3442323 10
3444324 25 
3449968 75 
3450729 72 
3450729 70 
3451540 80 
3451867 83 
3452622 64 
3452769 62 
3452786 62 
3452786 151 
3452786 69 
3452863 93 
3453080 91 
3453489 91 
3453971 91 
3454317 103 
3454317 101 
3455224 100 
3455224 5
3455224 1582
3455224 10
3457224 25 
3462099 75 
3462861 72 
3462861 70 
3463570 80 
3463897 83 
3464840 64 
3465030 62 
3465050 62 
3465050 151 
3465050 69 
3465127 93 
3465710 91 
3466172 91 
3466558 91 
3466579 103 
3466579 101 
3467497 100 
3467497 5
3467497 1582
3467497 10
3469498 25 
3469546 75 
3470309 72 
3470309 70 
3471015 80 
3471336 83 
3471712 64 
3471835 256 
3472758 61 
3472777 61 
3472777 151 
3472777 69 
3472857 93 
3473825 91 
3474305 103 
3474305 101 
3475216 100 
3475216 5
3475216 1582
3475216 10
3477216 25 
3479061 75 
3479822 72 
3479822 70 
3480515 80 
3480838 83 
3482244 64 
3482403 256 
3482420 62 
3482439 62 
3482439 151 
3482439 69 
3482502 93 
3483956 103 
3483956 101 
3484864 100 
3484864 5
3484864 1582
3484864 11
3486866 25 
3496919 254 
3522983 75 
3523654 73 
3524368 72 
3524368 70 
3525071 80 
3535415 76 
3535521 83 
3536121 64 
3540196 256 
3540315 62 
3540330 62 
3540330 150 
3540330 68 
3540330 65
3540400 92 
3541852 103 
3541852 101 
3542358 100 
3542358 5
3542358 1582
3542358 11
3544360 25 
3554399 254 
3625733 75 
3626499 72 
3626499 70 
3627416 80 
3627859 83 
3638670 64 
3638882 62 
3638901 62 
3638901 150 
3638901 68 
3638901 65
3638973 92 
3639655 90 
3640426 103 
3640426 101 
3640931 100 
3640931 5
3640931 1582
3640931 11
3642933 25 
3644718 75 
3645486 72 
3645486 70 
3646359 80 
3646761 83 
3651046 64 
3651213 62 
3651232 62 
3651232 150 
3651232 68 
3651232 65
3651307 92 
3651840 90 
3652299 90 
3652755 103 
3652755 101 
3653272 100 
3653272 5
3653272 1582
3653272 11
3655276 25 
3665324 254 
3680694 75 
3681460 72 
3681460 70 
3682349 80 
3682738 83 
3692608 64 
3692794 62 
3692813 62 
3692813 150 
3692813 68 
3692813 65
3692880 92 
3694286 90 
3694332 103 
3694332 101 
3694843 100 
3694843 5
3694843 1582
3694843 11
3696844 25 
3696902 75 
3697664 72 
3697664 70 
3698490 80 
3698877 83 
3699370 64 
3699532 62 
3699547 62 
3699547 150 
3699547 68 
3699547 65
3699608 92 
3701064 103 
3701064 101 
3701571 100 
3701571 5
3701571 1582
3701571 10
3703573 25 
3713612 254 
3747130 75 
3747901 72 
3747901 70 
3748379 250 
3750263 71 
3750672 71 
3751261 71 
3752030 71 
3752513 71 
3755369 71 
3823585 71 
3823879 80 
3824405 83 
3848139 64 
3848397 62 
3848417 62 
3848417 151 
3848417 69 
3848489 93 
3849069 91 
3849936 103 
3849936 101 
3850843 100 
3850843 5
3850843 1582
3850843 10
3852845 25 
3852904 75 
3853668 72 
3853668 70 
3854565 80 
3854989 83 
3919466 64 
3919643 62 
3919666 62 
3919666 151 
3919666 69 
3919735 93 
3920116 91 
3920439 91 
3920778 91 
3921186 103 
3921186 101 
3922092 100 
3922092 5
3922092 1582
3922092 11
3924094 25 
3925167 75 
3925934 72 
3925934 70 
3926418 250 
3926593 71 
3927259 71 
3927848 71 
3928125 71 
3928639 71 
3928950 71 
3929742 71 
3930267 71 
3951688 71 
3951766 71 
3952067 80 
3952534 83 
3962193 64 
3962328 256 
3963841 62 
3963861 62 
3963861 150 
3963861 68 
3963861 65
3965406 90 
3965428 92 
3965428 103 
3965428 101 
3965940 100 
3965940 5
3965940 1582
3965940 11
3967942 25 
3967992 75 
3968591 73 
3969313 72 
3969313 70 
3970122 80 
3970445 83 
3971285 64 
3971803 256 
3972902 62 
3972924 62 
3972924 150 
3972924 68 
3972924 65
3972995 92 
3974446 103 
3974446 101 
3974951 100 
3974951 5
3974951 1582
3974951 10
3976952 25 
3977997 75 
3978759 72 
3978759 70 
3979461 80 
3979779 83 
3984295 64 
3986919 255 
3987337 256 
3987551 61 
3987570 61 
3987570 151 
3987570 69 
3987639 93 
3987806 91 
3988387 91 
3988709 91 
3989086 103 
3989086 101 
3989996 100 
3989996 5
3989996 1582
3989996 10
3991999 25 
3993576 75 
3994337 72 
3994337 70 
3995036 80 
3995362 83 
3995475 64 
3995733 256 
3996191 62 
3996211 62 
3996211 153 
3996211 68 
3996211 65
3996287 92 
3997116 90 
3997742 103 
3997742 101 
3998247 100 
3998247 5
3998247 1582
3998247 11
4000248 25 
4000294 75 
4001057 72 
4001057 70 
4001757 80 
4002073 83 
4002343 64 
4002592 61 
4002610 61 
4002610 151 
4002610 69 
4002683 93 
4004137 103 
4004137 101 
4005044 100 
4005044 5
4005044 1582
4005044 10
4007045 25 
4017083 254 
4054605 75 
4055111 73 
4055796 72 
4055796 70 
4056505 80 
4056826 83 
4057386 64 
4090925 256 
4120028 62 
4120050 62 
4120050 151 
4120050 69 
4120126 93 
4121580 103 
4121580 101 
4122489 100 
4122489 5
4122489 1582
4122489 11
4124490 25 
4124537 75 
4125306 72 
4125306 70 
4126168 80 
4126546 83 
4127109 64 
4127299 256 
4127316 62 
4127336 62 
4127336 150 
4127336 68 
4127336 65
4127411 92 
4127790 90 
4128862 103 
4128862 101 
4129378 100 
4129378 5
4129378 1582
4129378 11
4131380 25 
4131426 75 
4132193 72 
4132193 70 
4132987 250 
4133183 71 
4133480 80 
4133801 83 
4134053 64 
4134297 62 
4134316 62 
4134316 150 
4134316 68 
4134316 65
4134392 92 
4135267 90 
4135744 90 
4135838 103 
4135838 101 
4136350 100 
4136350 5
4136350 1582
4136350 10
4138349 25 
4138397 75 
4139164 72 
4139164 70 
4139870 80 
4140187 83 
4140838 64 
4141078 61 
4141099 61 
4141099 151 
4141099 69 
4266157 91 
4266179 93 
4266179 103 
4266179 101 
4267094 100 
4267094 5
4267094 1582
4267094 10
4269096 25 
4269154 75 
4269921 72 
4269921 70 
4270788 80 
4271146 83 
4272805 64 
4273035 62 
4273051 62 
4273051 151 
4273051 69 
4273622 91 
4273644 93 
4274567 103 
4274567 101 
4275478 100 
4275478 5
4275478 1582
4275478 10
4277478 25 
4284276 75 
4285041 72 
4285041 70 
4285918 80 
4286305 83 
4287297 64 
4287465 61 
4287486 61 
4287486 151 
4287486 69 
4287556 93 
4289003 103 
4289003 101 
4289910 100 
4289910 5
4289910 1582
4289910 10
4291912 25 
4291959 75 
4292721 72 
4292721 70 
4293562 80 
4293929 83 
4294034 64 
4294216 62 
4294239 62 
4294239 153 
4294239 68 
4294239 65
4294312 92 
4294852 90 
4295542 90 
4295757 103 
4295757 101 
4296270 100 
4296270 5
4296270 1582
4296270 11
4298268 25 
4298316 75 
4299077 72 
4299077 70 
4299776 80 
4300098 83 
4303865 64 
4323883 62 
4323904 62 
4323904 150 
4323904 68 
4323904 65
4323981 92 
4324365 90 
4325427 103 
4325427 101 
4325934 100 
4325934 5
4325934 1582
4325934 10
4327936 25 
4327985 75 
4328752 72 
4328752 70 
4329456 80 
4329777 83 
4330351 64 
4330575 63 
4330594 63 
4330594 150 
4330594 68 
4330594 65
4330666 92 
4331623 90 
4332119 103 
4332119 101 
4332627 100 
4332627 5
4332627 1582
4332627 11
4334627 25 
4334687 75 
4335451 72 
4335451 70 
4336045 250 
4336857 71 
4337142 71 
4338605 71 
4339370 71 
4339725 71 
4340021 71 
4340747 71 
4341088 71 
4341383 80 
4341798 76 
4341903 83 
4342289 64 
4342480 62 
4342502 62 
4342502 150 
4342502 68 
4342502 65
4342569 92 
4343076 90 
4343777 90 
4344027 103 
4344027 101 
4344541 100 
4344541 5
4344541 1582
4344541 11
4346540 25 
4346589 75 
4347352 72 
4347352 70 
4348066 80 
4348383 83 
4348519 64 
4348694 62 
4348714 62 
4348714 150 
4348714 68 
4348714 65
4348792 92 
4349696 90 
4350246 103 
4350246 101 
4350751 100 
4350751 5
4350751 1582
4350751 10
4352751 25 
4352799 75 
4353567 72 
4353567 70 
4354274 80 
4354591 83 
4355020 64 
4355190 62 
4355206 62 
4355206 151 
4355206 69 
4355289 93 
4356012 91 
4356538 91 
4356733 103 
4356733 101 
4357643 100 
4357643 5
4357643 1582
4357643 11
4359644 25 
4359703 75 
4360683 73 
4361369 72 
4361369 70 
4362069 80 
4362387 83 
4362660 64 
4362834 62 
4362853 62 
4362853 150 
4362853 68 
4362853 65
4362919 92 
4363440 90 
4364370 103 
4364370 101 
4364880 100 
4364880 5
4364880 1582
4364880 11
4366879 25 
4367297 75 
4369675 73 
4370359 72 
4370359 70 
4371068 80 
4371386 83 
4372041 64 
4372220 62 
4372237 62 
4372237 150 
4372237 68 
4372237 65
4372318 92 
4372592 90 
4372745 90 
4373757 90 
4373768 103 
4373768 101 
4374277 100 
4374277 5
4374277 1582
4374277 10
4376276 25 
4376401 75 
4376503 73 
4377218 72 
4377218 70 
4377931 80 
4378249 83 
4378444 64 
4378633 62 
4378652 62 
4378652 151 
4378652 69 
4378723 93 
4380177 103 
4380177 101 
4381085 100 
4381085 5
4381085 1582
4381085 11
4383086 25 
4385084 75 
4385848 72 
4385848 70 
4386552 80 
4386870 83 
4387204 64 
4387391 62 
4387413 62 
4387413 152 
4387413 69 
4387481 93 
4387735 91 
4388055 91 
4388861 91 
4388936 103 
4388936 101 
4389842 100 
4389842 5
4389842 1582
4389842 10
4391843 25 
4401885 254 
4408261 75 
4409033 72 
4409033 70 
4410046 80 
4410379 76 
4411281 76 
4416933 76 
4416990 83 
4418204 64 
4418414 63 
4418434 63 
4418434 150 
4418434 68 
4418434 65
4418513 92 
4418912 90 
4419962 103 
4419962 101 
4420470 100 
4420470 5
4420470 1582
4420470 11
4422471 25 
4422516 75 
4423278 72 
4423278 70 
4424176 80 
4424547 83 
4424730 64 
4424900 62 
4424919 62 
4424919 150 
4424919 68 
4424919 65
4424991 92 
4425823 90 
4426442 103 
4426442 101 
4426947 100 
4426947 5
4426947 1582
4426947 10
4428948 25 
4428995 75 
4429759 72 
4429759 70 
4430609 80 
4430965 76 
4431065 83 
4434594 64 
4434792 256 
4434861 62 
4434880 62 
4434880 151 
4434880 69 
4434957 93 
4436411 103 
4436411 101 
4437328 100 
4437328 5
4437328 1582
4437328 11
4439329 25 
4439377 75 
4440143 72 
4440143 70 
4440843 80 
4441166 83 
4444229 64 
4444412 62 
4444431 62 
4444431 150 
4444431 68 
4444431 65
4444498 92 
4445760 90 
4445949 103 
4445949 101 
4446458 100 
4446458 5
4446458 1582
4446458 10
4448458 25 
4448506 75 
4449271 72 
4449271 70 
4449974 80 
4450298 83 
4451134 64 
4451345 256 
4451363 62 
4451382 62 
4451382 151 
4451382 69 
4451458 93 
4451995 91 
4452289 91 
4452906 91 
4452906 103 
4452906 101 
4453816 100 
4453816 5
4453816 1582
4453816 11
4455817 25 
4455876 75 
4456637 72 
4456637 70 
4457332 80 
4457651 83 
4631516 64 
4631709 62 
4631728 62 
4631728 150 
4631728 68 
4631728 65
4631809 92 
4632729 90 
4633093 90 
4633259 103 
4633259 101 
4633765 100 
4633765 5
4633765 1582
4633765 11
4635767 25 
4635826 75 
4636589 72 
4636589 70 
4637493 80 
4638744 76 
4638802 83 
4651675 64 
4651871 62 
4651892 62 
4651892 150 
4651892 68 
4651892 65
4651972 92 
4653425 103 
4653425 101 
4653935 100 
4653935 5
4653935 1582
4653935 11
4655932 25 
4655978 75 
4656742 72 
4656742 70 
4657663 80 
4658031 76 
4658135 83 
4658163 64 
4658398 62 
4658419 62 
4658419 150 
4658419 68 
4658419 65
4658488 92 
4659419 90 
4659945 90 
4659945 103 
4659945 101 
4660461 100 
4660461 5
4660461 1582
4660461 10
4662462 25 
4662516 75 
4662839 73 
4663000 73 
4663404 73 
4664091 72 
4664091 70 
4664882 250 
4696178 71 
4696472 80 
4696802 83 
4698032 64 
4707177 256 
4707490 255 
4710034 61 
4710054 61 
4710054 151 
4710054 69 
4710120 93 
4711571 103 
4711571 101 
4712478 100 
4712478 5
4712478 1582
4712478 11
4714479 25 
4714977 75 
4715633 73 
4716321 72 
4716321 70 
4717021 80 
4717350 83 
4723882 64 
4724038 61 
4724057 61 
4724057 151 
4724057 69 
4724131 93 
4725580 103 
4725580 101 
4726487 100 
4726487 5
4726487 1582
4726487 10
4728489 25 
4728547 75 
4729309 72 
4729309 70 
4730006 80 
4730324 83 
4732470 64 
4732641 61 
4732663 61 
4732663 151 
4732663 69 
4732738 93 
4734191 103 
4734191 101 
4735096 100 
4735096 5
4735096 1582
4735096 11
4737096 25 
4744563 75 
4745324 72 
4745324 70 
4746025 80 
4746347 83 
4748344 64 
4748557 62 
4748576 62 
4748576 150 
4748576 68 
4748576 65
4748646 92 
4749260 90 
4749514 90 
4750099 103 
4750099 101 
4750609 100 
4750609 5
4750609 1582
4750609 10
4752610 25 
4752675 75 
4753436 72 
4753436 70 
4754142 80 
4754474 83 
4754509 64 
4754681 61 
4754702 61 
4754702 151 
4754702 69 
4754767 93 
4756221 103 
4756221 101 
4757132 100 
4757132 5
4757132 1582
4757132 10
4759130 25 
4762140 75 
4763298 73 
4763784 73 
4764522 73 
4769179 254 
4769777 73 
4770545 73 
4771026 73 
4771331 73 
4771826 73 
4772130 73 
4772741 73 
4773431 72 
4773431 70 
4773848 250 
4774053 71 
4774699 71 
4775295 71 
4775710 71 
4776384 71 
4803920 71 
4804214 80 
4804737 83 
4806362 64 
4809524 256 
4811373 62 
4811393 62 
4811393 151 
4811393 69 
4811456 93 
4812264 91 
4812917 103 
4812917 101 
4813824 100 
4813824 5
4813824 1582
4813824 10
4815823 25 
4825863 254 
4827594 75 
4828355 72 
4828355 70 
4829219 80 
4829623 83 
4829999 64 
4830414 61 
4830433 61 
4830433 153 
4830433 68 
4830433 65
4830513 92 
4831964 103 
4831964 101 
4832470 100 
4832470 5
4832470 1582
4832470 10
4834468 25 
4834516 75 
4835281 72 
4835281 70 
4836090 80 
4836467 83 
4836916 64 
4837071 256 
4837766 61 
4837781 61 
4837781 151 
4837781 69 
4837846 93 
4838670 91 
4839306 103 
4839306 101 
4840224 100 
4840224 5
4840224 1582
4840224 10
4842227 25 
4852267 254 
4852416 75 
4853183 72 
4853183 70 
4853523 250 
4853909 71 
4854394 80 
4854719 83 
4855764 64 
4856082 62 
4856101 62 
4856101 151 
4856101 69 
4856178 93 
4856758 91 
4857635 103 
4857635 101 
4858552 100 
4858552 5
4858552 1582
4858552 11
4860553 25 
4860603 75 
4861368 72 
4861368 70 
4862072 80 
4862396 83 
4862464 64 
4862806 256 
4863090 62 
4863110 62 
4863110 150 
4863110 68 
4863110 65
4863171 92 
4863878 90 
4864452 90 
4864585 90 
4864625 103 
4864625 101 
4865138 100 
4865138 5
4865138 1582
4865138 10
4867138 25 
4867195 75 
4868109 73 
4868614 73 
4868937 73 
4869430 73 
4870178 73 
4877190 254 
4880125 73 
4880812 72 
4880812 70 
4881584 250 
4882064 71 
4882361 80 
4882689 83 
4883450 64 
4883722 62 
4883742 62 
4883742 151 
4883742 69 
4883820 93 
4884339 91 
4885129 91 
4885273 103 
4885273 101 
4886179 100 
4886179 5
4886179 1582
4886179 10
4888180 25 
4888226 75 
4888992 72 
4888992 70 
4889700 80 
4890015 83 
4891779 64 
4891994 61 
4892013 61 
4892013 151 
4892013 69 
4892086 93 
4892791 91 
4893446 91 
4893535 103 
4893535 101 
4894443 100 
4894443 5
4894443 1582
4894443 11
4896443 25 
4896839 75 
4897606 72 
4897606 70 
4898310 80 
4898632 83 
4899539 64 
4899742 61 
4899762 61 
4899762 153 
4899762 68 
4899762 65
4899844 92 
4900155 90 
4901290 103 
4901290 101 
4901802 100 
4901802 5
4901802 1582
4901802 11
4903800 25 
4905601 75 
4906366 72 
4906366 70 
4906766 250 
4908619 71 
4908908 71 
4946990 71 
4947286 80 
4947613 83 
4948831 64 
4948996 62 
4949012 62 
4949012 150 
4949012 68 
4949012 65
4949080 92 
4950073 90 
4950537 103 
4950537 101 
4951045 100 
4951045 5
4951045 1582
4951045 11
4953046 25 
4954476 75 
4955511 73 
4956075 73 
4963089 254 
4978268 73 
4978746 73 
4979430 72 
4979430 70 
4980345 80 
4980730 83 
4980856 64 
4985446 256 
4997291 62 
4997313 62 
4997313 150 
4997313 68 
4997313 65
4997388 92 
4998836 103 
4998836 101 
4999348 100 
4999348 5
4999348 1582
4999348 11
5001346 25 
5001392 75 
5002158 72 
5002158 70 
5003058 80 
5003539 83 
5004781 64 
5004936 256 
5004954 62 
5004973 62 
5004973 150 
5004973 68 
5004973 65
5005050 92 
5006499 103 
5006499 101 
5007009 100 
5007009 5
5007009 1582
5007009 10
5009010 25 
5009069 75 
5009834 72 
5009834 70 
5010684 80 
5011039 83 
5011848 64 
5012027 62 
5012047 62 
5012047 151 
5012047 69 
5012114 93 
5013564 103 
5013564 101 
5014471 100 
5014471 5
5014471 1582
5014471 10
5016474 25 
5026510 254 
5046759 75 
5047519 72 
5047519 70 
5048143 250 
5056010 71 
5056409 80 
5056739 83 
5075780 64 
5087225 256 
5087806 62 
5087826 62 
5087826 151 
5087826 69 
5087887 93 
5089351 103 
5089351 101 
5090266 100 
5090266 5
5090266 1582
5090266 10
5092266 25 
5092315 75 
5093084 72 
5093084 70 
5093783 80 
5094106 83 
5094875 64 
5095025 62 
5095044 62 
5095044 151 
5095044 69 
5095117 93 
5095487 91 
5096571 103 
5096571 101 
5097476 100 
5097476 5
5097476 1582
5097476 10
5099479 25 
5099538 75 
5102880 73 
5103415 73 
5104006 73 
5104694 73 
5105376 72 
5105376 70 
5106071 80 
5106403 83 
5107182 64 
5126812 62 
5126829 62 
5126829 151 
5126829 69 
5126902 93 
5128358 103 
5128358 101 
5129278 100 
5129278 5
5129278 1582
5129278 11
5131276 25 
5133056 75 
5133820 72 
5133820 70 
5134529 80 
5134850 83 
5135637 64 
5135840 62 
5135859 62 
5135859 150 
5135859 68 
5135859 65
5135926 92 
5137378 103 
5137378 101 
5137885 100 
5137885 5
5137885 1582
5137885 11
5139886 25 
5148119 75 
5148883 72 
5148883 70 
5149866 80 
5150299 83 
5150619 64 
5150777 62 
5150793 62 
5150793 150 
5150793 68 
5150793 65
5150866 92 
5151669 90 
5152093 90 
5152317 103 
5152317 101 
5152827 100 
5152827 5
5152827 1582
5152827 10
5154827 25 
5164868 254 
5189037 75 
5189805 72 
5189805 70 
5190709 80 
5191112 83 
5194273 64 
5198862 255 
5211557 61 
5211570 61 
5211570 151 
5211570 69 
5211648 93 
5211779 91 
5213093 103 
5213093 101 
5214002 100 
5214002 5
5214002 1582
5214002 11
5216001 25 
5216539 75 
5217307 72 
5217307 70 
5218222 80 
5218602 83 
5219072 64 
5219273 61 
5219296 61 
5219296 151 
5219296 69 
5219378 93 
5219758 91 
5220359 91 
5220623 91 
5220824 103 
5220824 101 
5221732 100 
5221732 5
5221732 1582
5221732 11
5223731 25 
5233770 254 
5245652 75 
5246424 72 
5246424 70 
5247320 80 
5247713 83 
5248968 64 
5249146 62 
5249165 62 
5249165 150 
5249165 68 
5249165 65
5249242 92 
5250560 90 
5250692 103 
5250692 101 
5251201 100 
5251201 5
5251201 1582
5251201 10
5253201 25 
5253246 75 
5254011 72 
5254011 70 
5254884 80 
5255328 83 
5255401 64 
5255623 63 
5255643 63 
5255643 150 
5255643 68 
5255643 65
5255719 92 
5255924 90 
5257170 103 
5257170 101 
5257678 100 
5257678 5
5257678 1582
5257678 11
5259677 25 
5259723 75 
5260485 72 
5260485 70 
5261282 80 
5261661 83 
5261773 64 
5261951 62 
5261970 62 
5261970 152 
5261970 69 
5262051 93 
5262633 91 
5263502 103 
5263502 101 
5264420 100 
5264420 5
5264420 1582
5264420 11
5266421 25 
5266467 75 
5267232 72 
5267232 70 
5268038 80 
5268366 83 
5268860 64 
5269042 62 
5269062 62 
5269062 150 
5269062 68 
5269062 65
5269136 92 
5269473 90 
5269861 90 
5270404 90 
5270591 103 
5270591 101 
5271102 100 
5271102 5
5271102 1582
5271102 10
5273102 25 
5273158 75 
5273929 72 
5273929 70 
5274145 250 
5274643 71 
5275585 71 
5275845 71 
5276146 80 
5276475 83 
5276650 64 
5277162 256 
5277180 62 
5277199 62 
5277199 151 
5277199 69 
5277270 93 
5277781 91 
5278206 91 
5278656 91 
5278714 103 
5278714 101 
5279630 100 
5279630 5
5279630 1582
5279630 10
5281628 25 
5281674 75 
5284841 73 
5285561 72 
5285561 70 
5286267 80 
5286584 83 
5288061 64 
5288272 256 
5289367 62 
5289381 62 
5289381 151 
5289381 69 
5289448 93 
5290656 91 
5290902 103 
5290902 101 
5291807 100 
5291807 5
5291807 1582
5291807 10
5293810 25 
5293855 75 
5294617 72 
5294617 70 
5295309 80 
5295637 83 
5312899 64 
5313171 61 
5313190 61 
5313190 151 
5313190 69 
5313263 93 
5314715 103 
5314715 101 
5315624 100 
5315624 5
5315624 1582
5315624 11
5317627 25 
5318074 75 
5318835 72 
5318835 70 
5319546 80 
5319866 83 
5319925 64 
5377764 256 
5378564 61 
5378584 61 
5378584 151 
5378584 69 
5378650 93 
5380102 103 
5380102 101 
5381014 100 
5381014 5
5381014 1582
5381014 11
5383012 25 
5383063 75 
5383548 73 
5383840 73 
5384144 73 
5384826 72 
5384826 70 
5385207 250 
5385493 71 
5385762 71 
5385951 71 
5386343 80 
5401707 76 
5401810 83 
5402132 64 
5402309 62 
5402329 62 
5402329 150 
5402329 68 
5402329 65
5402401 92 
5402911 90 
5403534 90 
5403851 103 
5403851 101 
5404360 100 
5404360 5
5404360 1582
5404360 10
5406363 25 
5414937 75 
5416417 254 
5416991 73 
5424319 73 
5425096 73 
5471602 73 
5472286 72 
5472286 70 
5472992 80 
5473322 83 
5473584 64 
5473791 256 
5474196 62 
5474215 62 
5474215 151 
5474215 69 
5474287 93 
5475742 103 
5475742 101 
5476650 100 
5476650 5
5476650 1582
5476650 11
5478652 25 
5478711 75 
5479476 72 
5479476 70 
5480179 80 
5481165 76 
5481222 83 
5481366 64 
5481586 62 
5481605 62 
5481605 150 
5481605 68 
5481605 65
5481678 92 
5482187 90 
5482657 90 
5483124 103 
5483124 101 
5483636 100 
5483636 5
5483636 1582
5483636 11
5485635 25 
5485695 75 
5486457 72 
5486457 70 
5487166 80 
5490465 76 
5490518 83 
5490638 64 
5490802 62 
5490817 62 
5490817 150 
5490817 68 
5490817 65
5490883 92 
5491483 90 
5492163 90 
5492334 103 
5492334 101 
5492844 100 
5492844 5
5492844 1582
5492844 10
5494845 25 
5504883 254 
5551542 75 
5551843 73 
5552531 72 
5552531 70 
5553459 80 
5553946 83 
5568740 64 
5602934 61 
5622110 61 
5622110 153 
5622110 68 
5622110 65
5622192 92 
5623641 103 
5623641 101 
5624147 100 
5624147 5
5624147 1582
5624147 11
5626150 25 
5626486 75 
5626637 73 
5627326 72 
5627326 70 
5628142 80 
5628470 83 
5631715 64 
5631929 61 
5631950 61 
5631950 151 
5631950 69 
5632025 93 
5633479 103 
5633479 101 
5634383 100 
5634383 5
5634383 1582
5634383 10
5636385 25 
5646422 254 
5742546 75 
5742804 73 
5743488 72 
5743488 70 
5744400 80 
5752641 76 
5752700 83 
5756095 64 
5756278 61 
5756297 61 
5756297 153 
5756297 68 
5756297 65
5756373 92 
5757827 103 
5757827 101 
