0 100 
0 5
0 1583
0 11
1994 25 
2044 75 
2750 72 
2750 70 
3559 80 
3679 83 
3959 76 
4812 64 
5040 256 
5158 62 
5278 150 
5278 68 
5278 65
5360 92 
5766 90 
6812 103 
6812 101 
7318 100 
7318 5
7318 1583
7318 10
9317 25 
9363 75 
10068 72 
10068 70 
10783 80 
10849 83 
11076 64 
11264 62 
11329 150 
11329 68 
11329 65
11407 92 
12861 103 
12861 101 
13368 100 
13368 5
13368 1583
13368 10
15368 25 
15418 75 
16122 72 
16122 70 
16887 80 
17007 250 
17713 76 
19592 76 
19712 83 
19939 64 
20220 62 
20285 150 
20285 68 
20285 65
20361 92 
21819 103 
21819 101 
22326 100 
22326 5
22326 1583
22326 11
24325 25 
24369 75 
25071 72 
25071 70 
25803 80 
25909 83 
26349 64 
26471 256 
26589 62 
26656 150 
26656 68 
26656 65
26732 92 
27205 90 
28184 103 
28184 101 
28695 100 
28695 5
28695 1583
28695 11
30695 25 
30744 75 
31447 72 
31447 70 
32160 80 
32267 83 
32373 64 
32548 256 
32680 62 
32747 152 
32747 69 
32819 93 
34279 103 
34279 101 
35186 100 
35186 5
35186 1583
35186 10
37185 25 
37231 75 
37931 72 
37931 70 
38637 80 
38744 83 
39064 64 
39850 63 
39917 150 
39917 68 
39917 65
39991 92 
41447 103 
41447 101 
41956 100 
41956 5
41956 1583
41956 11
43957 25 
44001 75 
44704 72 
44704 70 
45421 80 
45541 83 
45834 64 
46222 256 
46341 62 
46394 150 
46394 68 
46394 65
46465 92 
46839 90 
47928 103 
47928 101 
48433 100 
48433 5
48433 1583
48433 10
50433 25 
50479 75 
51184 72 
51184 70 
51898 80 
52032 83 
52311 64 
52620 256 
52738 63 
52805 150 
52805 68 
52805 65
52879 92 
54339 103 
54339 101 
54843 100 
54843 5
54843 1583
54843 10
56843 25 
56889 75 
57592 72 
57592 70 
58309 80 
58376 83 
58509 64 
58791 63 
58909 150 
58909 68 
58909 65
58988 92 
60441 103 
60441 101 
60949 100 
60949 5
60949 1583
60949 11
62947 25 
62993 75 
63695 72 
63695 70 
64466 80 
64533 83 
64626 64 
64853 256 
65026 62 
65093 150 
65093 68 
65093 65
65172 92 
65579 90 
66624 103 
66624 101 
67133 100 
67133 5
67133 1583
67133 11
69132 25 
69177 75 
69882 72 
69882 70 
70597 80 
70690 83 
70784 64 
71052 62 
71117 150 
71117 68 
71117 65
71196 92 
71695 90 
72648 103 
72648 101 
73155 100 
73155 5
73155 1583
73155 10
75157 25 
75204 75 
75908 72 
75908 70 
76608 80 
76701 250 
77994 76 
78087 83 
78207 64 
78489 256 
78554 63 
78620 150 
78620 68 
78620 65
78692 92 
79066 90 
80149 103 
80149 101 
80661 100 
80661 5
80661 1583
80661 11
82660 25 
82704 75 
83408 72 
83408 70 
84005 80 
84058 83 
84284 64 
84459 256 
84524 62 
84578 150 
84578 68 
84578 65
84658 92 
85114 90 
86108 103 
86108 101 
86618 100 
86618 5
86618 1583
86618 10
88617 25 
88662 75 
89363 72 
89363 70 
89962 80 
90029 83 
90308 64 
90603 63 
90668 150 
90668 68 
90668 65
90747 92 
92203 103 
92203 101 
92706 100 
92706 5
92706 1583
92706 10
94707 25 
94753 75 
95455 72 
95455 70 
96053 80 
96119 83 
96186 64 
96413 256 
96481 63 
96546 150 
96546 68 
96546 65
96618 92 
98080 103 
98080 101 
98586 100 
98586 5
98586 1583
98586 10
100586 25 
100629 75 
101332 72 
101332 70 
101930 80 
101997 250 
102278 76 
103250 76 
103316 83 
103490 64 
103718 256 
103783 63 
103849 152 
103849 69 
103927 93 
105383 103 
105383 101 
106289 100 
106289 5
106289 1583
106289 11
108290 25 
108333 75 
109035 72 
109035 70 
109634 80 
109700 83 
109767 64 
110062 256 
110127 62 
110193 150 
110193 68 
110193 65
110271 92 
110686 90 
111727 103 
111727 101 
112232 100 
112232 5
112232 1583
112232 11
114233 25 
114277 75 
114979 72 
114979 70 
115578 80 
115644 83 
115711 64 
115885 256 
115951 62 
116018 150 
116018 68 
116018 65
116092 92 
117287 90 
117549 103 
117549 101 
118058 100 
118058 5
118058 1583
118058 11
120057 25 
120105 75 
120807 72 
120807 70 
121402 80 
121468 83 
121535 64 
121777 62 
121842 150 
121842 68 
121842 65
121918 92 
122485 90 
123371 103 
123371 101 
123881 100 
123881 5
123881 1583
123881 10
125880 25 
125926 75 
126630 72 
126630 70 
127226 80 
127293 83 
127586 64 
127814 256 
127879 63 
127946 150 
127946 68 
127946 65
128025 92 
128419 90 
129478 103 
129478 101 
129986 100 
129986 6
129986 1583
129986 11
129986 78 
131985 25 
132029 75 
132733 72 
132733 70 
133330 80 
133517 250 
134063 76 
135063 76 
135129 83 
135396 64 
135571 256 
135636 62 
135702 151 
135702 69 
135779 93 
137234 103 
137234 101 
138141 100 
138141 6
138141 1583
138141 11
140143 25 
140186 75 
140890 72 
140890 70 
141486 80 
141540 83 
142286 64 
142994 61 
143059 150 
143059 68 
143059 65
143130 92 
143532 90 
144591 103 
144591 101 
145103 100 
145103 6
145103 1583
145103 10
147099 25 
147143 75 
147849 72 
147849 70 
148444 80 
148510 83 
148723 64 
148965 63 
149030 150 
149030 68 
149030 65
149110 92 
150564 103 
150564 101 
151070 100 
151070 6
151070 1583
151070 10
153069 25 
153128 75 
153830 72 
153830 70 
154428 80 
154494 83 
154561 64 
155003 61 
155067 151 
155067 69 
155142 93 
156598 103 
156598 101 
157505 100 
157505 6
157505 1583
157505 11
159507 25 
159555 75 
160259 72 
160259 70 
160865 80 
160918 83 
161518 64 
161973 256 
162091 61 
162158 150 
162158 68 
162158 65
162234 92 
162617 90 
163692 103 
163692 101 
164196 100 
164196 6
164196 1583
164196 10
166198 25 
166255 75 
166961 72 
166961 70 
167556 80 
167609 83 
168195 64 
168543 63 
168609 150 
168609 68 
168609 65
168684 92 
170141 103 
170141 101 
170647 100 
170647 6
170647 1583
170647 11
172648 25 
172692 75 
173398 72 
173398 70 
173993 80 
174059 83 
174326 64 
174555 256 
174619 61 
174686 150 
174686 68 
174686 65
174762 92 
175857 90 
176217 103 
176217 101 
176725 100 
176725 6
176725 1583
176725 10
178726 25 
178773 75 
179476 72 
179476 70 
180283 80 
180350 83 
180723 64 
181005 63 
181123 150 
181123 68 
181123 65
181203 92 
182652 103 
182652 101 
183162 100 
183162 6
183162 1583
183162 10
185163 25 
185208 75 
185910 72 
185910 70 
186640 80 
186707 83 
187507 64 
187788 256 
187853 61 
187973 151 
187973 69 
188047 93 
189505 103 
189505 101 
190412 100 
190412 6
190412 1583
190412 11
192412 25 
192458 75 
193160 72 
193160 70 
193864 80 
193917 83 
194290 64 
194652 61 
194770 152 
194770 69 
194848 93 
195567 91 
195965 91 
196302 103 
196302 101 
197208 100 
197208 6
197208 1583
197208 11
199210 25 
199254 75 
199959 72 
199959 70 
200688 80 
200754 83 
201181 64 
201742 256 
201941 61 
202007 150 
202007 68 
202007 65
202083 92 
202534 90 
203541 103 
203541 101 
204047 100 
204047 6
204047 1583
204047 11
206046 25 
206091 75 
206792 72 
206792 70 
207391 80 
207458 83 
208311 64 
208551 61 
208618 150 
208618 68 
208618 65
208698 92 
210151 103 
210151 101 
210656 100 
210656 6
210656 1583
210656 10
212657 25 
212702 75 
213406 72 
213406 70 
214002 80 
214069 250 
214548 76 
214615 83 
214842 64 
215016 62 
215082 152 
215082 69 
215155 93 
216617 103 
216617 101 
217535 100 
217535 6
217535 1583
217535 10
219535 25 
219579 75 
220282 72 
220282 70 
220879 80 
220932 83 
221785 64 
222132 62 
222198 151 
222198 69 
222272 93 
222724 91 
223731 103 
223731 101 
224637 100 
224637 6
224637 1583
224637 10
226639 25 
226682 75 
227382 72 
227382 70 
227983 80 
228049 83 
228636 64 
229690 61 
229755 151 
229755 69 
229827 93 
231286 103 
231286 101 
232195 100 
232195 6
232195 1583
232195 11
234195 25 
234239 75 
234940 72 
234940 70 
235539 80 
235593 83 
237299 64 
237846 61 
237912 150 
237912 68 
237912 65
237988 92 
238436 90 
239444 103 
239444 101 
239951 100 
239951 6
239951 1583
239951 10
241952 25 
241996 75 
242698 72 
242698 70 
243296 80 
243349 83 
243989 64 
244217 256 
244282 61 
244349 151 
244349 69 
244422 93 
245882 103 
245882 101 
246789 100 
246789 6
246789 1583
246789 10
248788 25 
248834 75 
249539 72 
249539 70 
250146 80 
250200 83 
253985 64 
255454 63 
255517 150 
255517 68 
255517 65
255596 92 
257050 103 
257050 101 
257556 100 
257556 6
257556 1583
257556 11
259556 25 
259601 75 
261341 73 
261945 72 
261945 70 
262554 80 
262621 83 
262794 64 
263129 256 
263194 61 
263261 150 
263261 68 
263261 65
263333 92 
263738 90 
264793 103 
264793 101 
265299 100 
265299 6
265299 1583
265299 11
267301 25 
267345 75 
268047 72 
268047 70 
268645 80 
268712 83 
269245 64 
269420 256 
269485 61 
269551 150 
269551 68 
269551 65
269631 92 
270782 90 
271084 103 
271084 101 
271591 100 
271591 6
271591 1583
271591 11
273591 25 
273650 75 
274355 72 
274355 70 
274949 80 
275016 83 
275296 64 
275524 256 
275589 61 
275655 150 
275655 68 
275655 65
275734 92 
277185 103 
277185 101 
277696 100 
277696 6
277696 1583
277696 10
279694 25 
279743 75 
280444 72 
280444 70 
280933 71 
281253 80 
281320 83 
281480 64 
281721 63 
281786 150 
281786 68 
281786 65
281866 92 
283319 103 
283319 101 
283826 100 
283826 6
283826 1583
283826 10
285825 25 
285870 75 
286575 72 
286575 70 
287184 80 
287237 83 
288250 64 
288892 61 
288956 153 
288956 68 
288956 65
289033 92 
289661 90 
290491 103 
290491 101 
290996 100 
290996 6
290996 1583
290996 10
292996 25 
293054 75 
293758 72 
293758 70 
294354 80 
294421 83 
294541 64 
294821 256 
294887 63 
294954 150 
294954 68 
294954 65
295029 92 
296486 103 
296486 101 
296994 100 
296994 6
296994 1583
296994 11
298993 25 
299042 75 
299747 72 
299747 70 
300365 250 
300860 71 
301138 80 
301205 83 
301684 64 
301992 61 
302057 150 
302057 68 
302057 65
302135 92 
302543 90 
303590 103 
303590 101 
304096 100 
304096 6
304096 1583
304096 10
306097 25 
306142 75 
306844 72 
306844 70 
307442 80 
307509 83 
308042 64 
308603 62 
308668 151 
308668 69 
308738 93 
310201 103 
310201 101 
311108 100 
311108 6
311108 1583
311108 10
313108 25 
313152 75 
313854 72 
313854 70 
314452 80 
314519 83 
315265 64 
316238 256 
316306 61 
316371 151 
316371 69 
316446 93 
317543 91 
317905 103 
317905 101 
318812 100 
318812 6
318812 1583
318812 11
320811 25 
320855 75 
321558 72 
321558 70 
322155 80 
322209 83 
323968 64 
324196 256 
324261 61 
324328 150 
324328 68 
324328 65
324403 92 
325143 90 
325863 103 
325863 101 
326368 100 
326368 6
326368 1583
326368 11
328367 25 
328412 75 
329116 72 
329116 70 
329712 80 
329766 83 
329886 64 
330114 256 
330179 61 
330245 150 
330245 68 
330245 65
330315 92 
331778 103 
331778 101 
332284 100 
332284 6
332284 1583
332284 11
334284 25 
334329 75 
335030 72 
335030 70 
335630 80 
335683 83 
335790 64 
336071 256 
336136 61 
336203 150 
336203 68 
336203 65
336279 92 
337734 103 
337734 101 
338243 100 
338243 6
338243 1583
338243 11
340243 25 
340291 75 
340996 72 
340996 70 
341600 80 
341654 83 
341920 64 
342096 256 
342160 61 
342214 150 
342214 68 
342214 65
342290 92 
343033 90 
343747 103 
343747 101 
344253 100 
344253 6
344253 1583
344253 11
346254 25 
346297 75 
347002 72 
347002 70 
347598 80 
347665 83 
347731 64 
347959 61 
348024 150 
348024 68 
348024 65
348104 92 
349559 103 
349559 101 
350065 100 
350065 6
350065 1583
350065 10
352063 25 
352109 75 
352811 72 
352811 70 
353409 80 
353475 83 
353689 64 
353930 63 
353995 150 
353995 68 
353995 65
354072 92 
355526 103 
355526 101 
356034 100 
356034 6
356034 1583
356034 11
358035 25 
358079 75 
358780 72 
358780 70 
359380 250 
359873 71 
360192 80 
360246 83 
360512 64 
360741 61 
360806 152 
360806 69 
360879 93 
362339 103 
362339 101 
363245 100 
363245 6
363245 1583
363245 10
365245 25 
365293 75 
365993 72 
365993 70 
366590 80 
366656 83 
367509 64 
368217 256 
368471 62 
368536 151 
368536 69 
368604 93 
369118 91 
369139 91 
370067 103 
370067 101 
370974 100 
370974 6
370974 1583
370974 10
372975 25 
373034 75 
373735 72 
373735 70 
374333 80 
374386 83 
376359 64 
377227 63 
377292 150 
377292 68 
377292 65
377367 92 
377802 90 
378824 103 
378824 101 
379330 100 
379330 6
379330 1583
379330 11
381330 25 
381376 75 
382081 72 
382081 70 
382676 80 
382743 83 
383063 64 
383411 61 
383476 150 
383476 68 
383476 65
383556 92 
384041 90 
385008 103 
385008 101 
385519 100 
385519 6
385519 1583
385519 10
387516 25 
387560 75 
388262 72 
388262 70 
388860 80 
388927 83 
388980 64 
389207 256 
389275 63 
389340 150 
389340 68 
389340 65
389415 92 
390870 103 
390870 101 
391379 100 
391379 6
391379 1583
391379 10
393380 25 
393428 75 
394131 72 
394131 70 
394738 80 
394791 83 
395751 64 
395939 61 
396004 151 
396004 69 
396083 93 
397535 103 
397535 101 
398444 100 
398444 6
398444 1583
398444 11
400444 25 
400488 75 
401190 72 
401190 70 
401921 80 
401988 83 
406986 64 
407267 61 
407332 150 
407332 68 
407332 65
407407 92 
407836 90 
408862 103 
408862 101 
409372 100 
409372 6
409372 1583
409372 11
411372 25 
411417 75 
412119 72 
412119 70 
412850 80 
412970 83 
413663 64 
413851 256 
413969 61 
414036 150 
414036 68 
414036 65
414110 92 
414541 90 
415567 103 
415567 101 
416076 100 
416076 6
416076 1583
416076 11
418076 25 
418124 75 
418826 72 
418826 70 
419540 250 
420073 71 
420447 80 
420633 250 
423552 76 
423619 83 
423992 64 
424233 63 
424298 151 
424298 69 
424373 93 
425829 103 
425829 101 
426739 100 
426739 6
426739 1583
426739 10
428738 25 
428786 75 
429489 72 
429489 70 
430096 80 
430149 83 
431269 64 
431603 256 
431668 62 
431722 151 
431722 69 
431796 93 
432288 91 
433256 103 
433256 101 
434162 100 
434162 6
434162 1583
434162 10
436162 25 
436206 75 
436910 72 
436910 70 
437506 80 
437559 83 
439438 64 
440840 61 
440904 151 
440904 69 
440974 93 
442438 103 
442438 101 
443345 100 
443345 6
443345 1583
443345 11
445345 25 
446168 75 
446356 73 
446956 72 
446956 70 
447555 80 
447608 83 
448834 64 
449062 256 
449128 61 
449194 150 
449194 68 
449194 65
449269 92 
449742 90 
450727 103 
450727 101 
451234 100 
451234 6
451234 1583
451234 10
453234 25 
453278 75 
453978 72 
453978 70 
454579 80 
454632 83 
454845 64 
455138 256 
455205 63 
455272 150 
455272 68 
455272 65
455349 92 
456805 103 
456805 101 
457310 100 
457310 6
457310 1583
457310 11
459311 25 
459356 75 
460059 72 
460059 70 
460669 80 
460723 83 
460843 64 
461071 256 
461136 61 
461202 150 
461202 68 
461202 65
461283 92 
462733 103 
462733 101 
463242 100 
463242 6
463242 1583
463242 10
465242 25 
465291 75 
465991 72 
465991 70 
466587 80 
466640 83 
466920 64 
467135 256 
467200 63 
467267 150 
467267 68 
467267 65
467341 92 
467712 90 
468796 103 
468796 101 
469307 100 
469307 6
469307 1583
469307 10
471307 25 
471352 75 
472054 72 
472054 70 
472651 80 
472718 83 
473157 64 
474132 256 
474198 63 
474263 150 
474263 68 
474263 65
474339 92 
474849 90 
475795 103 
475795 101 
476302 100 
476302 6
476302 1583
476302 11
478303 25 
478351 75 
479053 72 
479053 70 
479648 80 
479714 83 
479888 64 
480129 61 
480194 152 
480194 69 
480273 93 
481395 91 
481491 91 
481727 103 
481727 101 
482635 100 
482635 6
482635 1583
482635 10
484633 25 
484679 75 
485382 72 
485382 70 
485978 80 
486032 83 
487098 64 
488392 256 
488457 62 
488511 151 
488511 69 
488583 93 
490044 103 
490044 101 
490951 100 
490951 6
490951 1583
490951 11
492950 25 
492994 75 
493696 72 
493696 70 
494308 80 
494361 83 
494788 64 
495016 61 
495081 150 
495081 68 
495081 65
495158 92 
495671 90 
496613 103 
496613 101 
497119 100 
497119 6
497119 1583
497119 11
499120 25 
499179 75 
499880 72 
499880 70 
500479 80 
500546 83 
500612 64 
500840 256 
500905 61 
500972 150 
500972 68 
500972 65
501052 92 
501758 90 
502501 103 
502501 101 
503012 100 
503012 6
503012 1583
503012 10
505011 25 
505056 75 
505762 72 
505762 70 
506356 80 
506423 83 
506490 64 
506718 256 
506783 63 
506849 150 
506849 68 
506849 65
506928 92 
508379 103 
508379 101 
508889 100 
508889 6
508889 1583
508889 11
510888 25 
510937 75 
511642 72 
511642 70 
512247 80 
512314 250 
512913 76 
512980 83 
513047 64 
513223 256 
513287 61 
513353 152 
513353 69 
513432 93 
514715 91 
514885 103 
514885 101 
515792 100 
515792 6
515792 1583
515792 11
517794 25 
517850 75 
518553 72 
518553 70 
519204 80 
519297 250 
520604 76 
520670 83 
521030 64 
521245 256 
521363 61 
521483 150 
521483 68 
521483 65
521560 92 
521946 90 
523016 103 
523016 101 
523521 100 
523521 6
523521 1583
523521 10
525522 25 
525568 75 
526269 72 
526269 70 
527067 80 
527161 83 
527241 64 
527547 256 
527614 63 
527681 150 
527681 68 
527681 65
527757 92 
529213 103 
529213 101 
529721 100 
529721 6
529721 1583
529721 11
531719 25 
531765 75 
532467 72 
532467 70 
533065 80 
533118 83 
533385 64 
533560 256 
533625 61 
533691 150 
533691 68 
533691 65
533773 92 
534237 90 
535220 103 
535220 101 
535729 100 
535729 6
535729 1583
535729 10
537730 25 
537775 75 
538479 72 
538479 70 
539076 80 
539142 83 
539249 64 
539477 256 
539542 63 
539609 150 
539609 68 
539609 65
539685 92 
540096 90 
541141 103 
541141 101 
541649 100 
541649 6
541649 1583
541649 10
543647 25 
543693 75 
544396 72 
544396 70 
544993 80 
545060 83 
545699 64 
545928 256 
545993 63 
546059 150 
546059 68 
546059 65
546139 92 
546548 90 
547591 103 
547591 101 
548099 100 
548099 6
548099 1583
548099 10
550097 25 
550143 75 
550844 72 
550844 70 
551444 80 
551497 83 
551723 64 
551899 256 
551963 63 
552030 150 
552030 68 
552030 65
552109 92 
553563 103 
553563 101 
554069 100 
554069 6
554069 1583
554069 11
556070 25 
556114 75 
556819 72 
556819 70 
557414 80 
557481 83 
557548 64 
557842 256 
557908 61 
557974 150 
557974 68 
557974 65
558055 92 
558495 90 
559506 103 
559506 101 
560014 100 
560014 3
560014 1583
560014 11
560014 78 
562014 25 
562072 75 
562775 72 
562775 70 
563372 80 
563438 83 
563505 64 
563760 256 
563825 61 
563892 151 
563892 69 
563966 93 
564931 91 
565111 91 
565423 103 
565423 101 
566331 100 
566331 3
566331 1583
566331 10
568330 25 
568375 75 
569077 72 
569077 70 
569676 80 
569742 83 
571302 64 
571690 256 
571755 62 
571822 150 
571822 68 
571822 65
571895 92 
572341 90 
573356 103 
573356 101 
573860 100 
573860 3
573860 1583
573860 11
575862 25 
575906 75 
576611 72 
576611 70 
577219 80 
577272 83 
577712 64 
578007 63 
578072 150 
578072 68 
578072 65
578146 92 
578488 90 
579605 103 
579605 101 
580112 100 
580112 3
580112 1583
580112 10
582111 25 
582156 75 
582861 72 
582861 70 
583456 80 
583523 83 
583803 64 
584031 256 
584096 62 
584163 150 
584163 68 
584163 65
584245 92 
584626 90 
585697 103 
585697 101 
586202 100 
586202 3
586202 1583
586202 10
588201 25 
588247 75 
588952 72 
588952 70 
589547 80 
589614 83 
589720 64 
589895 256 
589960 62 
590027 150 
590027 68 
590027 65
590104 92 
590542 90 
591560 103 
591560 101 
592066 100 
592066 3
592066 1583
592066 11
594066 25 
594111 75 
594814 72 
594814 70 
595425 80 
595491 83 
595758 64 
595933 256 
595998 63 
596064 150 
596064 68 
596064 65
596144 92 
596567 90 
597595 103 
597595 101 
598105 100 
598105 3
598105 1583
598105 11
600104 25 
600149 75 
600854 72 
600854 70 
601462 80 
601529 83 
601715 64 
601957 256 
602022 63 
602088 152 
602088 69 
602163 93 
603623 103 
603623 101 
604528 100 
604528 3
604528 1583
604528 10
606528 25 
606573 75 
607275 72 
607275 70 
607886 80 
607939 83 
608272 64 
608447 256 
608512 62 
608579 150 
608579 68 
608579 65
608660 92 
609096 90 
610111 103 
610111 101 
610618 100 
610618 3
610618 1583
610618 11
612619 25 
612663 75 
613363 72 
613363 70 
613963 80 
614017 83 
614443 64 
614672 256 
614736 63 
614803 150 
614803 68 
614803 65
614882 92 
615266 90 
616337 103 
616337 101 
616842 100 
616842 3
616842 1583
616842 10
618842 25 
618887 75 
619590 72 
619590 70 
620201 80 
620267 83 
620334 64 
620576 62 
620641 150 
620641 68 
620641 65
620718 92 
621174 90 
622175 103 
622175 101 
622679 100 
622679 3
622679 1583
622679 11
624680 25 
624739 75 
625439 72 
625439 70 
626038 80 
626105 83 
626393 64 
627518 63 
627584 152 
627584 69 
627659 93 
629115 103 
629115 101 
630022 100 
630022 3
630022 1583
630022 11
632024 25 
632068 75 
632771 72 
632771 70 
633502 80 
633622 83 
634794 64 
635249 61 
635314 151 
635314 69 
635383 93 
635842 91 
636215 91 
636298 91 
636847 103 
636847 101 
637753 100 
637753 3
637753 1583
637753 11
639754 25 
639813 75 
640517 72 
640517 70 
641112 80 
641178 83 
641871 64 
642166 256 
642231 62 
642285 151 
642285 69 
642363 93 
642961 91 
643233 91 
643816 103 
643816 101 
644724 100 
644724 3
644724 1583
644724 10
646725 25 
646769 75 
647472 72 
647472 70 
648069 80 
648135 83 
648362 64 
648550 62 
648615 150 
648615 68 
648615 65
648692 92 
649175 90 
650145 103 
650145 101 
650653 100 
650653 3
650653 1583
650653 10
652655 25 
652700 75 
653402 72 
653402 70 
653999 80 
654066 83 
654133 64 
654427 62 
654493 150 
654493 68 
654493 65
654570 92 
655013 90 
656022 103 
656022 101 
656533 100 
656533 3
656533 1583
656533 10
658533 25 
658580 75 
659283 72 
659283 70 
659890 80 
659957 83 
660077 64 
660385 62 
660450 150 
660450 68 
660450 65
660529 92 
660951 90 
661983 103 
661983 101 
662489 100 
662489 3
662489 1583
662489 10
664490 25 
664534 75 
665238 72 
665238 70 
665835 80 
665901 83 
666021 64 
666196 256 
666248 62 
666314 150 
666314 68 
666314 65
666394 92 
666965 90 
667849 103 
667849 101 
668353 100 
668353 3
668353 1583
668353 11
670356 25 
670398 75 
671102 72 
671102 70 
671699 80 
671765 83 
671872 64 
672100 256 
672165 63 
672232 150 
672232 68 
672232 65
672306 92 
672707 90 
673766 103 
673766 101 
674274 100 
674274 3
674274 1583
674274 10
676271 25 
676316 75 
677018 72 
677018 70 
677616 250 
678056 71 
678336 80 
678389 83 
678709 64 
678884 256 
678949 62 
679015 150 
679015 68 
679015 65
679097 92 
679617 90 
680548 103 
680548 101 
681056 100 
681056 3
681056 1583
681056 11
683054 25 
683103 75 
683805 72 
683805 70 
684400 80 
684466 83 
684586 64 
684815 256 
684880 63 
684946 150 
684946 68 
684946 65
685025 92 
685375 90 
686479 103 
686479 101 
686984 100 
686984 2
686984 1583
686984 11
686984 78 
688985 25 
689030 75 
689731 72 
689731 70 
690331 80 
690384 83 
690824 64 
691052 62 
691117 151 
691117 69 
691194 93 
691561 91 
691715 91 
692647 103 
692647 101 
693555 100 
693555 2
693555 1583
693555 10
695557 25 
695614 75 
696316 72 
696316 70 
696914 80 
696981 83 
697048 64 
697277 256 
697341 62 
697408 153 
697408 68 
697408 65
697483 92 
697930 90 
698941 103 
698941 101 
699448 100 
699448 2
699448 1583
699448 11
701448 25 
701491 75 
702194 72 
702194 70 
702792 80 
702858 83 
709269 64 
709657 256 
709722 62 
709789 151 
709789 69 
709861 93 
711319 103 
711319 101 
712227 100 
712227 2
712227 1583
712227 11
714228 25 
714285 75 
714986 72 
714986 70 
715586 80 
715653 83 
716026 64 
716321 62 
716386 151 
716386 69 
716465 93 
717919 103 
717919 101 
718825 100 
718825 2
718825 1583
718825 10
720826 25 
720870 75 
721570 72 
721570 70 
722170 80 
722237 83 
722717 64 
722890 256 
722958 62 
723023 151 
723023 69 
723103 93 
723514 91 
723728 91 
724555 103 
724555 101 
725463 100 
725463 2
725463 1583
725463 11
727463 25 
727507 75 
728212 72 
728212 70 
728807 80 
728874 83 
728941 64 
729222 256 
729288 62 
729354 151 
729354 69 
729428 93 
730557 91 
730887 103 
730887 101 
731793 100 
731793 2
731793 1583
731793 10
733792 25 
733837 75 
734539 72 
734539 70 
735285 80 
735391 83 
735658 64 
735846 62 
735964 151 
735964 69 
736041 93 
737498 103 
737498 101 
738405 100 
738405 2
738405 1583
738405 10
740404 25 
740448 75 
741152 72 
741152 70 
741855 80 
741962 83 
742615 64 
743188 62 
743243 151 
743243 69 
743313 93 
744133 91 
744775 103 
744775 101 
745682 100 
745682 2
745682 1583
745682 10
747680 25 
747725 75 
748427 72 
748427 70 
749145 80 
749199 83 
749838 64 
750333 62 
750451 151 
750451 69 
750528 93 
751154 91 
751983 103 
751983 101 
752891 100 
752891 2
752891 1583
752891 10
754891 25 
756233 75 
756516 73 
757119 72 
757119 70 
757848 80 
757915 83 
758821 64 
759156 256 
759274 63 
759394 151 
759394 69 
759463 93 
760925 103 
760925 101 
761835 100 
761835 2
761835 1583
761835 11
763834 25 
769191 75 
769353 73 
770054 72 
770054 70 
770776 80 
770843 83 
771909 64 
773177 62 
773308 151 
773308 69 
773379 93 
773946 91 
774839 103 
774839 101 
775746 100 
775746 2
775746 1583
775746 11
777747 25 
777793 75 
778495 72 
778495 70 
779226 80 
779292 83 
781118 64 
782053 61 
782118 151 
782118 69 
782189 93 
782996 91 
783651 103 
783651 101 
784556 100 
784556 2
784556 1583
784556 10
786557 25 
786602 75 
787303 72 
787303 70 
787902 80 
787955 83 
803522 252 
804470 61 
804535 150 
804535 68 
804535 65
804606 92 
805054 90 
806068 103 
806068 101 
806574 100 
806574 2
806574 1583
806574 11
808574 25 
808623 75 
809327 72 
809327 70 
809932 80 
809999 83 
811718 64 
811946 256 
812012 63 
812078 150 
812078 68 
812078 65
812152 92 
812620 90 
813611 103 
813611 101 
814118 100 
814118 2
814118 1583
814118 10
816119 25 
816175 75 
816879 72 
816879 70 
817476 80 
817529 83 
817902 64 
818877 256 
818942 61 
819009 150 
819009 68 
819009 65
819082 92 
819498 90 
820542 103 
820542 101 
821047 100 
821047 2
821047 1583
821047 11
823048 25 
823092 75 
823796 72 
823796 70 
824393 80 
824446 83 
824659 64 
824834 256 
824899 61 
824966 151 
824966 69 
825044 93 
826499 103 
826499 101 
827406 100 
827406 2
827406 1583
827406 10
829405 25 
829453 75 
830155 72 
830155 70 
830750 80 
830804 83 
831497 64 
831738 61 
831803 150 
831803 68 
831803 65
831885 92 
833178 90 
833333 103 
833333 101 
833842 100 
833842 2
833842 1583
833842 11
835843 25 
835888 75 
836591 72 
836591 70 
837187 80 
837241 83 
837574 64 
837855 256 
837920 61 
837987 153 
837987 68 
837987 65
838061 92 
838745 90 
839517 103 
839517 101 
840026 100 
840026 2
840026 1583
840026 11
842026 25 
842072 75 
842777 72 
842777 70 
843371 80 
843438 83 
843505 64 
843733 256 
843798 61 
843865 151 
843865 69 
843938 93 
845398 103 
845398 101 
846305 100 
846305 2
846305 1583
846305 10
848303 25 
849021 75 
849277 73 
849922 72 
849922 70 
850528 80 
850595 83 
852741 64 
853075 256 
853141 61 
853207 150 
853207 68 
853207 65
853279 92 
853816 90 
853971 90 
854741 103 
854741 101 
855247 100 
855247 2
855247 1583
855247 10
857246 25 
857291 75 
857996 72 
857996 70 
858605 80 
858671 250 
860098 76 
860164 83 
860444 64 
860752 61 
860817 150 
860817 68 
860817 65
860891 92 
861622 90 
862346 103 
862346 101 
862856 100 
862856 2
862856 1583
862856 11
864858 25 
864901 75 
865607 72 
865607 70 
866202 80 
866255 83 
866788 64 
867083 63 
867148 150 
867148 68 
867148 65
867227 92 
868682 103 
868682 101 
869191 100 
869191 2
869191 1583
869191 10
871189 25 
871236 75 
871936 72 
871936 70 
872532 80 
872599 83 
872665 64 
872945 256 
873014 61 
873079 150 
873079 68 
873079 65
873158 92 
873712 90 
873942 90 
874609 103 
874609 101 
875119 100 
875119 2
875119 1583
875119 10
877118 25 
877163 75 
877868 72 
877868 70 
878463 80 
878516 83 
878810 64 
879011 256 
879076 61 
879143 150 
879143 68 
879143 65
879218 92 
880674 103 
880674 101 
881183 100 
881183 2
881183 1583
881183 11
883183 25 
883227 75 
883935 72 
883935 70 
884540 80 
884594 83 
884860 64 
885142 256 
885207 63 
885273 150 
885273 68 
885273 65
885353 92 
886804 103 
886804 101 
887312 100 
887312 2
887312 1583
887312 11
889313 25 
889358 75 
890062 72 
890062 70 
890671 80 
890724 83 
891737 64 
893483 61 
893550 153 
893550 68 
893550 65
893621 92 
894078 90 
895081 103 
895081 101 
895589 100 
895589 2
895589 1583
895589 11
897589 25 
897635 75 
898341 72 
898341 70 
898948 80 
899001 83 
899121 64 
899416 61 
899481 151 
899481 69 
899555 93 
901012 103 
901012 101 
901920 100 
901920 2
901920 1583
901920 10
903921 25 
905703 75 
906408 72 
906408 70 
907544 71 
907917 250 
908397 71 
908717 80 
908783 83 
909157 64 
909651 61 
909716 150 
909716 68 
909716 65
909789 92 
910242 90 
911249 103 
911249 101 
911755 100 
911755 2
911755 1583
911755 11
913755 25 
913800 75 
914505 72 
914505 70 
915101 80 
915167 83 
915327 64 
916222 63 
916287 150 
916287 68 
916287 65
916366 92 
916875 90 
917820 103 
917820 101 
918324 100 
918324 2
918324 1583
918324 10
920326 25 
920371 75 
921073 72 
921073 70 
921671 80 
921738 83 
921898 64 
922299 256 
922364 61 
922431 150 
922431 68 
922431 65
922509 92 
922909 90 
923968 103 
923968 101 
924483 100 
924483 2
924483 1583
924483 11
926483 25 
926529 75 
927236 72 
927236 70 
927842 80 
927895 83 
931094 64 
931374 256 
931442 63 
931507 150 
931507 68 
931507 65
931584 92 
933041 103 
933041 101 
933545 100 
933545 2
933545 1583
933545 10
935546 25 
935604 75 
936309 72 
936309 70 
936905 80 
936971 83 
938211 64 
938879 256 
938944 62 
939010 151 
939010 69 
939081 93 
939562 91 
940545 103 
940545 101 
941450 100 
941450 2
941450 1583
941450 10
943450 25 
943494 75 
944199 72 
944199 70 
944795 80 
944861 83 
951951 64 
952231 63 
952298 153 
952298 68 
952298 65
952377 92 
953831 103 
953831 101 
954336 100 
954336 2
954336 1583
954336 10
956337 25 
956385 75 
957087 72 
957087 70 
957682 80 
957749 83 
958069 64 
958684 256 
958749 63 
958815 151 
958815 69 
958892 93 
960346 103 
960346 101 
961254 100 
961254 2
961254 1583
961254 11
963254 25 
964399 75 
965103 72 
965103 70 
965705 80 
965759 83 
967371 64 
967771 61 
967838 151 
967838 69 
967912 93 
969372 103 
969372 101 
970277 100 
970277 2
970277 1583
970277 10
972277 25 
972322 75 
973025 72 
973025 70 
973622 80 
973689 83 
975688 64 
976157 61 
976221 150 
976221 68 
976221 65
976301 92 
976737 90 
977754 103 
977754 101 
978262 100 
978262 2
978262 1583
978262 11
980261 25 
980305 75 
981010 72 
981010 70 
981725 80 
981832 83 
982365 64 
982820 63 
982938 150 
982938 68 
982938 65
983013 92 
983370 90 
984472 103 
984472 101 
984982 100 
984982 2
984982 1583
984982 11
986979 25 
987026 75 
987732 72 
987732 70 
988442 80 
988496 83 
988935 64 
989324 256 
989442 61 
989509 151 
989509 69 
989579 93 
989940 91 
991040 103 
991040 101 
991949 100 
991949 2
991949 1583
991949 10
993947 25 
993992 75 
994701 72 
994701 70 
995413 80 
995466 83 
996439 64 
998640 62 
998705 153 
998705 68 
998705 65
998777 92 
999315 90 
1000235 103 
1000235 101 
1000745 100 
1000745 2
1000745 1583
1000745 10
1002745 25 
1002792 75 
1003494 72 
1003494 70 
1004276 80 
1004369 83 
1005302 64 
1005570 62 
1005635 151 
1005635 69 
1005712 93 
1006063 91 
1007166 103 
1007166 101 
1008074 100 
1008074 2
1008074 1583
1008074 11
1010076 25 
1010119 75 
1010825 72 
1010825 70 
1011566 80 
1011659 83 
1011739 64 
1013805 62 
1013871 151 
1013871 69 
1013940 93 
1014376 91 
1014641 91 
1015404 103 
1015404 101 
1016311 100 
1016311 2
1016311 1583
1016311 10
1018312 25 
1018356 75 
1019056 72 
1019056 70 
1019802 80 
1019896 250 
1020404 76 
1020708 76 
1020802 83 
1021055 64 
1021363 62 
1021455 151 
1021455 69 
1021525 93 
1022986 103 
1022986 101 
1023894 100 
1023894 2
1023894 1583
1023894 11
1025894 25 
1025939 75 
1026642 72 
1026642 70 
1027386 80 
1027479 83 
1028039 64 
1028280 256 
1028372 62 
1028452 151 
1028452 69 
1028528 93 
1029984 103 
1029984 101 
1030892 100 
1030892 2
1030892 1583
1030892 10
1032892 25 
1032936 75 
1033639 72 
1033639 70 
1034396 80 
1034490 250 
1035036 76 
1035103 83 
1035342 64 
1036303 256 
1036395 62 
1036475 151 
1036475 69 
1036546 93 
1036969 91 
1038005 103 
1038005 101 
1038914 100 
1038914 2
1038914 1583
1038914 11
1040915 25 
1040959 75 
1041664 72 
1041664 70 
1042353 80 
1042432 83 
1043126 64 
1044780 256 
1044871 61 
1044925 151 
1044925 69 
1044995 93 
1045520 91 
1046455 103 
1046455 101 
1047365 100 
1047365 2
1047365 1583
1047365 11
1049365 25 
1049637 75 
1050340 72 
1050340 70 
1051042 80 
1051109 83 
1052442 64 
1052737 256 
1052801 63 
1052868 150 
1052868 68 
1052868 65
1052945 92 
1053255 90 
1054401 103 
1054401 101 
1054906 100 
1054906 2
1054906 1583
1054906 10
1056907 25 
1056952 75 
1057655 72 
1057655 70 
1058252 80 
1058319 83 
1059332 64 
1059815 256 
1059878 62 
1060080 151 
1060080 69 
1060148 93 
1061612 103 
1061612 101 
1062519 100 
1062519 2
1062519 1583
1062519 11
1064518 25 
1064562 75 
1065266 72 
1065266 70 
1065862 80 
1065929 83 
1068061 64 
1068411 63 
1068475 150 
1068475 68 
1068475 65
1068558 92 
1069038 90 
1070006 103 
1070006 101 
1070515 100 
1070515 2
1070515 1583
1070515 10
1072514 25 
1072559 75 
1073261 72 
1073261 70 
1073859 80 
1073912 83 
1075565 64 
1076313 61 
1076378 150 
1076378 68 
1076378 65
1076450 92 
1076885 90 
1077912 103 
1077912 101 
1078416 100 
1078416 2
1078416 1583
1078416 11
1080418 25 
1080462 75 
1081164 72 
1081164 70 
1081762 80 
1081816 83 
1082029 64 
1082217 256 
1082282 63 
1082349 150 
1082349 68 
1082349 65
1082431 92 
1083881 103 
1083881 101 
1084387 100 
1084387 2
1084387 1583
1084387 11
1086388 25 
1096428 254 
1103259 75 
1103964 72 
1103964 70 
1104566 80 
1104619 83 
1105525 64 
1105874 63 
1105939 150 
1105939 68 
1105939 65
1106014 92 
1106409 90 
1107468 103 
1107468 101 
1107977 100 
1107977 2
1107977 1583
1107977 11
1109979 25 
1110023 75 
1110725 72 
1110725 70 
1111323 80 
1111376 83 
1112602 64 
1113523 256 
1113589 61 
1113655 151 
1113655 69 
1113724 93 
1114387 91 
1115187 103 
1115187 101 
1116095 100 
1116095 2
1116095 1583
1116095 10
1118094 25 
1118140 75 
1118844 72 
1118844 70 
1119439 80 
1119506 83 
1120639 64 
1121958 62 
1122025 151 
1122025 69 
1122246 91 
1122266 93 
1123558 103 
1123558 101 
1124464 100 
1124464 2
1124464 1583
1124464 10
1126465 25 
1126509 75 
1127210 72 
1127210 70 
1127809 80 
1127862 83 
1128662 64 
1129743 256 
1129808 63 
1129875 153 
1129875 68 
1129875 65
1129954 92 
1130390 90 
1131405 103 
1131405 101 
1131914 100 
1131914 2
1131914 1583
1131914 11
1133916 25 
1134188 75 
1134892 72 
1134892 70 
1135486 80 
1135539 83 
1136445 64 
1137807 256 
1137872 61 
1137938 151 
1137938 69 
1138007 93 
1138612 91 
1139469 103 
1139469 101 
1140376 100 
1140376 2
1140376 1583
1140376 10
1142377 25 
1142422 75 
1143124 72 
1143124 70 
1143722 80 
1143776 83 
1145028 64 
1145896 256 
1147041 61 
1147109 150 
1147109 68 
1147109 65
1147179 92 
1147698 90 
1148520 90 
1148642 103 
1148642 101 
1149146 100 
1149146 2
1149146 1583
1149146 10
1151147 25 
1151195 75 
1151899 72 
1151899 70 
1152612 80 
1152665 83 
1153518 64 
1153853 256 
1153918 63 
1153985 151 
1153985 69 
1154061 93 
1154904 91 
1155516 103 
1155516 101 
1156423 100 
1156423 2
1156423 1583
1156423 11
1158424 25 
1158468 75 
1159170 72 
1159170 70 
1159769 80 
1159835 83 
1160528 64 
1161716 256 
1162103 61 
1162168 151 
1162168 69 
1162239 93 
1162689 91 
1163699 103 
1163699 101 
1164608 100 
1164608 2
1164608 1583
1164608 11
1166608 25 
1166651 75 
1167353 72 
1167353 70 
1167952 80 
1168019 83 
1168818 64 
1171670 61 
1171737 153 
1171737 68 
1171737 65
1171807 92 
1172271 90 
1173270 103 
1173270 101 
1173776 100 
1173776 2
1173776 1583
1173776 10
1175779 25 
1175825 75 
1176529 72 
1176529 70 
1177135 80 
1177188 83 
1177468 64 
1177763 63 
1177828 151 
1177828 69 
1177906 93 
1178341 91 
1178717 91 
1178943 91 
1179359 103 
1179359 101 
1180267 100 
1180267 2
1180267 1583
1180267 10
1182267 25 
1182311 75 
1183016 72 
1183016 70 
1183612 80 
1183678 83 
1184212 64 
1185573 256 
1185638 61 
1185839 150 
1185839 68 
1185839 65
1185913 92 
1186349 90 
1187368 103 
1187368 101 
1187876 100 
1187876 2
1187876 1583
1187876 10
1189878 25 
1189922 75 
1190626 72 
1190626 70 
1191222 80 
1191289 83 
1191768 64 
1192210 256 
1192275 63 
1192341 151 
1192341 69 
1192414 93 
1192794 91 
1193423 91 
1193873 103 
1193873 101 
1194782 100 
1194782 2
1194782 1583
1194782 10
1196781 25 
1196830 75 
1197532 72 
1197532 70 
1198126 80 
1198179 83 
1199032 64 
1199953 256 
1200018 62 
1200071 151 
1200071 69 
1200144 93 
1201602 103 
1201602 101 
1202511 100 
1202511 2
1202511 1583
1202511 10
1204512 25 
1204555 75 
1205256 72 
1205256 70 
1205856 80 
1205909 83 
1206442 64 
1207577 61 
1207641 150 
1207641 68 
1207641 65
1207715 92 
1208133 90 
1209173 103 
1209173 101 
1209680 100 
1209680 2
1209680 1583
1209680 11
1211682 25 
1211772 75 
1212476 72 
1212476 70 
1213079 80 
1213132 83 
1213559 64 
1214014 63 
1214079 150 
1214079 68 
1214079 65
1214154 92 
1214558 90 
1215609 103 
1215609 101 
1216118 100 
1216118 2
1216118 1583
1216118 11
1218119 25 
1218177 75 
1218878 72 
1218878 70 
1219476 80 
1219543 83 
1219756 64 
1219998 63 
1220063 150 
1220063 68 
1220063 65
1220139 92 
1221593 103 
1221593 101 
1222103 100 
1222103 2
1222103 1583
1222103 11
1224105 25 
1224148 75 
1224852 72 
1224852 70 
1225447 80 
1225514 83 
1225994 64 
1226888 61 
1226940 151 
1226940 69 
1227010 93 
1228473 103 
1228473 101 
1229378 100 
1229378 2
1229378 1583
1229378 11
1231380 25 
1231424 75 
1232130 72 
1232130 70 
1232737 80 
1232805 83 
1233297 64 
1233792 256 
1233910 61 
1233977 151 
1233977 69 
1234051 93 
1234648 91 
1235509 103 
1235509 101 
1236416 100 
1236416 2
1236416 1583
1236416 10
1238417 25 
1238462 75 
1239164 72 
1239164 70 
1239761 80 
1239814 83 
1240721 64 
1241389 61 
1241454 150 
1241454 68 
1241454 65
1241530 92 
1242015 90 
1242988 103 
1242988 101 
1243493 100 
1243493 2
1243493 1583
1243493 10
1245493 25 
1245538 75 
1246243 72 
1246243 70 
1246851 80 
1246905 83 
1247864 64 
1248146 61 
1248211 150 
1248211 68 
1248211 65
1248289 92 
1248841 90 
1249741 103 
1249741 101 
1250249 100 
1250249 2
1250249 1583
1250249 10
1252249 25 
1252295 75 
1253000 72 
1253000 70 
1253728 80 
1253795 83 
1254115 64 
1254396 256 
1254461 61 
1254581 152 
1254581 69 
1254654 93 
1255480 91 
1256112 103 
1256112 101 
1257022 100 
1257022 2
1257022 1583
1257022 11
1259020 25 
1259904 75 
1260604 72 
1260604 70 
1261338 80 
1261405 83 
1265856 64 
1266136 256 
1266325 61 
1266390 151 
1266390 69 
1266461 93 
1266970 91 
1267922 103 
1267922 101 
1268829 100 
1268829 2
1268829 1583
1268829 11
1270828 25 
1270873 75 
1271575 72 
1271575 70 
1272174 80 
1272227 83 
1273240 64 
1273841 256 
1274414 61 
1274479 151 
1274479 69 
1274553 93 
1276010 103 
1276010 101 
1276918 100 
1276918 2
1276918 1583
1276918 10
1278918 25 
1278963 75 
1279666 72 
1279666 70 
1280264 80 
1280317 83 
1282396 64 
1283637 61 
1283702 150 
1283702 68 
1283702 65
1283774 92 
1284317 90 
1285236 103 
1285236 101 
1285740 100 
1285740 2
1285740 1583
1285740 10
1287742 25 
1287919 75 
1288623 72 
1288623 70 
1289220 80 
1289273 83 
1290233 76 
1290819 64 
1291047 256 
1291112 63 
1291179 151 
1291179 69 
1291257 93 
1291871 91 
1292083 91 
1292710 103 
1292710 101 
1293619 100 
1293619 2
1293619 1583
1293619 11
1295619 25 
1295663 75 
1296366 72 
1296366 70 
1296963 80 
1297016 83 
1298776 64 
1299177 256 
1299242 62 
1299309 151 
1299309 69 
1299387 93 
1300842 103 
1300842 101 
1301748 100 
1301748 2
1301748 1583
1301748 11
1303749 25 
1303792 75 
1304496 72 
1304496 70 
1305093 80 
1305160 83 
1306599 64 
1309493 256 
1309558 61 
1309611 151 
1309611 69 
1309681 93 
1310259 91 
1310647 91 
1311144 103 
1311144 101 
1312049 100 
1312049 2
1312049 1583
1312049 11
1314050 25 
1314099 75 
1314800 72 
1314800 70 
1315409 80 
1315462 83 
1316315 64 
1318302 61 
1318367 151 
1318367 69 
1318442 93 
1319016 91 
1319900 103 
1319900 101 
1320807 100 
1320807 2
1320807 1583
1320807 11
1322807 25 
1332844 254 
1337823 75 
1338527 72 
1338527 70 
1339132 80 
1339185 83 
1341277 64 
1342772 61 
1342837 151 
1342837 69 
1342908 93 
1344371 103 
1344371 101 
1345276 100 
1345276 2
1345276 1583
1345276 10
1347275 25 
1347321 75 
1348022 72 
1348022 70 
1348621 80 
1348688 83 
1349807 64 
1350302 256 
1350433 61 
1350500 150 
1350500 68 
1350500 65
1350572 92 
1351239 90 
1352033 103 
1352033 101 
1352538 100 
1352538 2
1352538 1583
1352538 10
1354540 25 
1354587 75 
1355292 72 
1355292 70 
1355911 80 
1355978 83 
1356044 64 
1356339 256 
1356404 63 
1356471 153 
1356471 68 
1356471 65
1356548 92 
1356920 90 
1357999 103 
1357999 101 
1358514 100 
1358514 2
1358514 1583
1358514 10
1360512 25 
1360556 75 
1361258 72 
1361258 70 
1362002 80 
1362082 83 
1363041 64 
1363429 256 
1363521 61 
1363588 150 
1363588 68 
1363588 65
1363665 92 
1364059 90 
1365124 103 
1365124 101 
1365627 100 
1365627 2
1365627 1583
1365627 10
1367627 25 
1367672 75 
1368374 72 
1368374 70 
1369119 80 
1369212 83 
1369305 64 
1369533 256 
1369625 63 
1369718 151 
1369718 69 
1369793 93 
1370076 91 
1371251 103 
1371251 101 
1372158 100 
1372158 2
1372158 1583
1372158 11
1374158 25 
1374202 75 
1374908 72 
1374908 70 
1375596 80 
1375676 83 
1376329 64 
1376609 61 
1376702 151 
1376702 69 
1376777 93 
1377304 91 
1378109 91 
1378233 103 
1378233 101 
1379142 100 
1379142 2
1379142 1583
1379142 10
1381141 25 
1381186 75 
1381889 72 
1381889 70 
1382566 80 
1382620 83 
1384219 64 
1384767 256 
1384832 61 
1384925 150 
1384925 68 
1384925 65
1384996 92 
1385495 90 
1386456 103 
1386456 101 
1386965 100 
1386965 2
1386965 1583
1386965 11
1388964 25 
1389009 75 
1389714 72 
1389714 70 
1390470 80 
1390536 83 
1390643 64 
1391031 256 
1391096 63 
1391163 150 
1391163 68 
1391163 65
1391239 92 
1391619 90 
1392696 103 
1392696 101 
1393203 100 
1393203 2
1393203 1583
1393203 11
1395203 25 
1395251 75 
1395952 72 
1395952 70 
1396560 80 
1396614 83 
1396787 64 
1397228 256 
1397293 61 
1397360 151 
1397360 69 
1397430 93 
1397834 91 
1398892 103 
1398892 101 
1399799 100 
1399799 2
1399799 1583
1399799 11
1401800 25 
1401848 75 
1403472 73 
1404113 72 
1404113 70 
1404717 80 
1404770 83 
1408928 64 
1414219 252 
1421458 256 
1421723 61 
1421791 151 
1421791 69 
1421862 93 
1423320 103 
1423320 101 
1424229 100 
1424229 2
1424229 1583
1424229 11
1426229 25 
1426273 75 
1426976 72 
1426976 70 
1427574 80 
1427627 83 
1429759 64 
1430160 256 
1430226 63 
1430292 150 
1430292 68 
1430292 65
1430367 92 
1430784 90 
1431825 103 
1431825 101 
1432331 100 
1432331 2
1432331 1583
1432331 11
1434333 25 
1434377 75 
1435082 72 
1435082 70 
1435690 80 
1435743 83 
1437036 64 
1438717 256 
1438782 62 
1438849 153 
1438849 68 
1438849 65
1438921 92 
1439328 90 
1440382 103 
1440382 101 
1440888 100 
1440888 2
1440888 1583
1440888 10
1442889 25 
1442934 75 
1443639 72 
1443639 70 
1444246 80 
1444313 83 
1444540 64 
1444741 62 
1444806 151 
1444806 69 
1444881 93 
1445298 91 
1446338 103 
1446338 101 
1447248 100 
1447248 2
1447248 1583
1447248 11
1449245 25 
1449290 75 
1449992 72 
1449992 70 
1450590 80 
1450644 83 
1451297 64 
1451698 62 
1451938 151 
1451938 69 
1452010 93 
1452632 91 
1453229 91 
1453469 103 
1453469 101 
1454376 100 
1454376 2
1454376 1583
1454376 11
1456375 25 
1456420 75 
1457123 72 
1457123 70 
1457721 80 
1457787 83 
1458120 64 
1458602 62 
1458667 151 
1458667 69 
1458738 93 
1459584 91 
1460016 91 
1460205 103 
1460205 101 
1461118 100 
1461118 2
1461118 1583
1461118 11
1463119 25 
1463164 75 
1463866 72 
1463866 70 
1464464 80 
1464518 83 
1465437 64 
1466678 62 
1466743 151 
1466743 69 
1466812 93 
1467817 91 
1468274 103 
1468274 101 
1469182 100 
1469182 2
1469182 1583
1469182 10
1471183 25 
1471738 75 
1472442 72 
1472442 70 
1473047 80 
1473114 83 
1485322 252 
1485564 256 
1485629 62 
1485695 151 
1485695 69 
1485775 93 
1486286 91 
1487229 103 
1487229 101 
1488135 100 
1488135 2
1488135 1583
1488135 10
1490136 25 
1490183 75 
1490887 72 
1490887 70 
1491613 80 
1491666 83 
1493372 64 
1493932 256 
1494000 62 
1494065 151 
1494065 69 
1494134 93 
1494631 91 
1495088 91 
1495597 103 
1495597 101 
1496505 100 
1496505 2
1496505 1583
1496505 10
1498505 25 
1500052 75 
1500464 73 
1500543 73 
1501144 72 
1501144 70 
1501742 80 
1501795 83 
1502541 64 
1502929 256 
1503396 61 
1503461 150 
1503461 68 
1503461 65
1503533 92 
1503976 90 
1504992 103 
1504992 101 
1505501 100 
1505501 2
1505501 1583
1505501 10
1507503 25 
1507545 75 
1508250 72 
1508250 70 
1508845 80 
1508912 83 
1509232 64 
1509512 256 
1509645 63 
1509712 151 
1509712 69 
1509790 93 
1511244 103 
1511244 101 
1512151 100 
1512151 2
1512151 1583
1512151 10
1514152 25 
1524192 254 
1547089 75 
1550023 73 
1552954 73 
1553559 72 
1553559 70 
1554106 250 
1597327 71 
1597487 71 
1598154 71 
1598447 80 
1598513 83 
1603378 252 
1603873 61 
1603938 150 
1603938 68 
1603938 65
1604012 92 
1604655 90 
1605472 103 
1605472 101 
1605977 100 
1605977 2
1605977 1583
1605977 10
1607978 25 
1608022 75 
1608725 72 
1608725 70 
1609322 80 
1609375 83 
1610015 64 
1610457 256 
1610522 61 
1610575 150 
1610575 68 
1610575 65
1610652 92 
1611117 90 
1612108 103 
1612108 101 
1612614 100 
1612614 2
1612614 1583
1612614 11
1614615 25 
1614659 75 
1615365 72 
1615365 70 
1615959 80 
1616013 83 
1616252 64 
1616482 63 
1616546 150 
1616546 68 
1616546 65
1616621 92 
1617033 90 
1618079 103 
1618079 101 
1618586 100 
1618586 2
1618586 1583
1618586 11
1620586 25 
1620630 75 
1621336 72 
1621336 70 
1621943 80 
1621997 83 
1623383 64 
1623611 256 
1623676 63 
1623743 150 
1623743 68 
1623743 65
1623819 92 
1625271 103 
1625271 101 
1625782 100 
1625782 2
1625782 1583
1625782 10
1627781 25 
1627829 75 
1628531 72 
1628531 70 
1629127 80 
1629194 83 
1629847 64 
1630288 256 
1630353 61 
1630420 150 
1630420 68 
1630420 65
1630496 92 
1630907 90 
1631954 103 
1631954 101 
1632458 100 
1632458 2
1632458 1583
1632458 11
1634460 25 
1634504 75 
1635206 72 
1635206 70 
1635804 80 
1635871 83 
1636297 64 
1636539 63 
1636604 150 
1636604 68 
1636604 65
1636681 92 
1637094 90 
1638131 103 
1638131 101 
1638644 100 
1638644 2
1638644 1583
1638644 11
1640643 25 
1640689 75 
1641394 72 
1641394 70 
1641988 80 
1642041 83 
1643054 64 
1643296 256 
1643361 61 
1643428 151 
1643428 69 
1643504 93 
1643989 91 
1644085 91 
1644961 103 
1644961 101 
1645868 100 
1645868 2
1645868 1583
1645868 10
1647867 25 
1647911 75 
1648616 72 
1648616 70 
1649212 80 
1649265 83 
1649705 64 
1650038 61 
1650105 150 
1650105 68 
1650105 65
1650185 92 
1650713 90 
1651639 103 
1651639 101 
1652144 100 
1652144 2
1652144 1583
1652144 11
1654145 25 
1654188 75 
1654893 72 
1654893 70 
1655489 80 
1655542 83 
1655875 64 
1656117 63 
1656182 152 
1656182 69 
1656261 93 
1657716 103 
1657716 101 
1658621 100 
1658621 2
1658621 1583
1658621 10
1660621 25 
1660666 75 
1661368 72 
1661368 70 
1661966 80 
1662020 83 
1662353 64 
1662699 61 
1662766 150 
1662766 68 
1662766 65
1662844 92 
1663253 90 
1664296 103 
1664296 101 
1664806 100 
1664806 2
1664806 1583
1664806 10
1666805 25 
1675770 75 
1676077 73 
1676680 72 
1676680 70 
1677280 80 
1677333 83 
1678519 64 
1681999 256 
1682117 61 
1682184 150 
1682184 68 
1682184 65
1682262 92 
1682677 90 
1683718 103 
1683718 101 
1684223 100 
1684223 2
1684223 1583
1684223 10
1686224 25 
1686937 75 
1687639 72 
1687639 70 
1688235 80 
1688302 250 
1691020 76 
1691087 83 
1691354 64 
1691555 256 
1691647 61 
1691713 150 
1691713 68 
1691713 65
1691789 92 
1692337 90 
1693245 103 
1693245 101 
1693753 100 
1693753 2
1693753 1583
1693753 11
1695754 25 
1695797 75 
1696498 72 
1696498 70 
1697191 80 
1697284 83 
1697378 64 
1697660 256 
1697751 63 
1697817 150 
1697817 68 
1697817 65
1697889 92 
1698259 90 
1699351 103 
1699351 101 
1699857 100 
1699857 2
1699857 1583
1699857 10
1701858 25 
1701902 75 
1702605 72 
1702605 70 
1703322 80 
1703402 83 
1704468 64 
1705123 256 
1705188 62 
1705268 151 
1705268 69 
1705336 93 
1705781 91 
1706798 103 
1706798 101 
1707708 100 
1707708 2
1707708 1583
1707708 10
1709708 25 
1709752 75 
1710452 72 
1710452 70 
1711158 80 
1711212 83 
1711745 64 
1713414 62 
1713477 151 
1713477 69 
1713547 93 
1715008 103 
1715008 101 
1715916 100 
1715916 2
1715916 1583
1715916 11
1717918 25 
1727958 254 
1728036 75 
1728741 72 
1728741 70 
1729351 80 
1729417 83 
1736681 64 
1737015 256 
1737081 61 
1737134 151 
1737134 69 
1737207 93 
1738668 103 
1738668 101 
1739573 100 
1739573 2
1739573 1583
1739573 11
1741572 25 
1741619 75 
1742323 72 
1742323 70 
1742931 80 
1742985 83 
1744331 64 
1744838 61 
1744904 151 
1744904 69 
1744978 93 
1745450 91 
1745581 91 
1746269 91 
1746438 103 
1746438 101 
1747342 100 
1747342 2
1747342 1583
1747342 11
1749344 25 
1755533 75 
1756237 72 
1756237 70 
1756845 80 
1756899 83 
1757432 64 
1758340 61 
1758392 151 
1758392 69 
1758466 93 
1759029 91 
1759924 103 
1759924 101 
1760830 100 
1760830 2
1760830 1583
1760830 11
1762832 25 
1762875 75 
1763578 72 
1763578 70 
1764176 80 
1764242 83 
1764562 64 
1764857 61 
1764922 151 
1764922 69 
1764999 93 
1765769 91 
1766453 103 
1766453 101 
1767362 100 
1767362 2
1767362 1583
1767362 10
1769362 25 
1769407 75 
1770110 72 
1770110 70 
1770706 80 
1770773 83 
1771039 64 
1771323 256 
1771386 61 
1771452 152 
1771452 69 
1771526 93 
1772986 103 
1772986 101 
1773893 100 
1773893 2
1773893 1583
1773893 10
1775892 25 
1775940 75 
1776642 72 
1776642 70 
1777250 80 
1777303 83 
1779382 64 
1780115 62 
1780184 151 
1780184 69 
1780254 93 
1780806 91 
1781716 103 
1781716 101 
1782621 100 
1782621 2
1782621 1583
1782621 11
1784622 25 
1784666 75 
1785369 72 
1785369 70 
1785966 80 
1786033 83 
1786992 64 
1787660 63 
1787727 150 
1787727 68 
1787727 65
1787798 92 
1788232 90 
1789259 103 
1789259 101 
1789765 100 
1789765 2
1789765 1583
1789765 11
1791765 25 
1791810 75 
1792515 72 
1792515 70 
1793110 80 
1793176 83 
1793350 64 
1793578 256 
1793643 63 
1793710 150 
1793710 68 
1793710 65
1793790 92 
1795241 103 
1795241 101 
1795749 100 
1795749 2
1795749 1583
1795749 10
1797750 25 
1797793 75 
1798495 72 
1798495 70 
1799094 80 
1799147 83 
1800120 64 
1800348 256 
1800482 62 
1800547 153 
1800547 68 
1800547 65
1800618 92 
1801136 90 
1802075 103 
1802075 101 
1802585 100 
1802585 2
1802585 1583
1802585 11
1804586 25 
1804632 75 
1805333 72 
1805333 70 
1805931 80 
1805998 83 
1806851 64 
1807025 256 
1807090 63 
1807157 150 
1807157 68 
1807157 65
1807235 92 
1807638 90 
1808689 103 
1808689 101 
1809196 100 
1809196 2
1809196 1583
1809196 11
1811196 25 
1811241 75 
1811944 72 
1811944 70 
1812675 80 
1812728 83 
1813154 64 
1813594 256 
1813663 63 
1813782 150 
1813782 68 
1813782 65
1813861 92 
1815313 103 
1815313 101 
1815824 100 
1815824 2
1815824 1583
1815824 10
1817821 25 
1817869 75 
1818569 72 
1818569 70 
1819325 80 
1819405 83 
1819498 64 
1819820 256 
1819912 62 
1820005 151 
1820005 69 
1820076 93 
1820606 91 
1821538 103 
1821538 101 
1822445 100 
1822445 2
1822445 1583
1822445 11
1824445 25 
1824489 75 
1825191 72 
1825191 70 
1825949 80 
1826042 83 
1826429 64 
1827190 63 
1827255 150 
1827255 68 
1827255 65
1827335 92 
1827761 90 
1828785 103 
1828785 101 
1829294 100 
1829294 2
1829294 1583
1829294 10
1831294 25 
1831339 75 
1832044 72 
1832044 70 
1832826 80 
1832906 83 
1833466 64 
1834054 63 
1834146 151 
1834146 69 
1834222 93 
1835679 103 
1835679 101 
1836584 100 
1836584 2
1836584 1583
1836584 10
1838585 25 
1838791 75 
1838908 73 
1839578 72 
1839578 70 
1840303 80 
1840396 83 
1842542 64 
1843783 61 
1843875 150 
1843875 68 
1843875 65
1843949 92 
1844427 90 
1845405 103 
1845405 101 
1845913 100 
1845913 2
1845913 1583
1845913 11
1847915 25 
1847958 75 
1848663 72 
1848663 70 
1849419 80 
1849513 250 
1850778 76 
1850872 83 
1851165 64 
1851407 63 
1851498 150 
1851498 68 
1851498 65
1851572 92 
1851968 90 
1853028 103 
1853028 101 
1853538 100 
1853538 2
1853538 1583
1853538 10
1855538 25 
1855582 75 
1856283 72 
1856283 70 
1857029 80 
1857122 83 
1857775 64 
1859295 61 
1859602 150 
1859602 68 
1859602 65
1859673 92 
1860118 90 
1861134 103 
1861134 101 
1861642 100 
1861642 2
1861642 1583
1861642 11
1863641 25 
1863689 75 
1864389 72 
1864389 70 
1865132 80 
1865226 83 
1866133 64 
1866453 63 
1866545 152 
1866545 69 
1866624 93 
1868079 103 
1868079 101 
1868984 100 
1868984 2
1868984 1583
1868984 10
1870985 25 
1871029 75 
1871733 72 
1871733 70 
1872489 80 
1872582 83 
1872742 64 
1874595 62 
1874661 151 
1874661 69 
1874721 93 
1876180 103 
1876180 101 
1877088 100 
1877088 2
1877088 1583
1877088 10
1879088 25 
1879132 75 
1879834 72 
1879834 70 
1880539 80 
1880605 83 
1881885 64 
1882180 256 
1882646 61 
1882698 150 
1882698 68 
1882698 65
1882774 92 
1883184 90 
1884229 103 
1884229 101 
1884739 100 
1884739 2
1884739 1583
1884739 10
1886738 25 
1886783 75 
1887483 72 
1887483 70 
1888082 80 
1888136 83 
1888775 64 
1888951 256 
1889015 61 
1889082 150 
1889082 68 
1889082 65
1889157 92 
1890614 103 
1890614 101 
1891122 100 
1891122 2
1891122 1583
1891122 10
1893122 25 
1893166 75 
1893868 72 
1893868 70 
1894466 80 
1894520 83 
1895799 64 
1896132 256 
1896321 61 
1896385 150 
1896385 68 
1896385 65
1896458 92 
1896888 90 
1897919 103 
1897919 101 
1898425 100 
1898425 2
1898425 1583
1898425 11
1900425 25 
1910464 254 
1911562 75 
1912267 72 
1912267 70 
1912872 80 
1912925 83 
1914164 64 
1914553 256 
1914618 61 
1914684 151 
1914684 69 
1914760 93 
1916216 103 
1916216 101 
1917124 100 
1917124 2
1917124 1583
1917124 11
1919124 25 
1919172 75 
1919874 72 
1919874 70 
1920468 80 
1920522 83 
1920842 64 
1921123 256 
1921188 63 
1921255 150 
1921255 68 
1921255 65
1921335 92 
1921718 90 
1922786 103 
1922786 101 
1923293 100 
1923293 2
1923293 1583
1923293 11
1925295 25 
1925618 75 
1926322 72 
1926322 70 
1926932 80 
1926986 83 
1927145 64 
1927425 63 
1927492 150 
1927492 68 
1927492 65
1927567 92 
1929026 103 
1929026 101 
1929532 100 
1929532 2
1929532 1583
1929532 10
1931531 25 
1931589 75 
1932293 72 
1932293 70 
1932890 80 
1932943 83 
1933369 64 
1934037 61 
1934103 152 
1934103 69 
1934173 93 
1934815 91 
1935636 103 
1935636 101 
1936543 100 
1936543 2
1936543 1583
1936543 11
1938542 25 
1948582 254 
1969316 75 
1970020 72 
1970020 70 
1970620 80 
1970673 83 
1973286 64 
1979218 256 
1979403 61 
1979470 151 
1979470 69 
1979541 93 
1980999 103 
1980999 101 
1981908 100 
1981908 2
1981908 1583
1981908 10
1983909 25 
1985191 75 
1985468 73 
1986073 72 
1986073 70 
1986800 80 
1986920 83 
1987986 64 
1988587 256 
1988774 61 
1988839 150 
1988839 68 
1988839 65
1988910 92 
1989354 90 
1990373 103 
1990373 101 
1990878 100 
1990878 2
1990878 1583
1990878 10
1992879 25 
1992923 75 
1993624 72 
1993624 70 
1994223 80 
1994290 83 
1994503 64 
1994731 256 
1994796 63 
1994863 151 
1994863 69 
1994941 93 
1996397 103 
1996397 101 
1997303 100 
1997303 2
1997303 1583
1997303 11
1999303 25 
1999347 75 
2000048 72 
2000048 70 
2000647 80 
2000701 83 
2001607 64 
2002007 63 
2002073 150 
2002073 68 
2002073 65
2002150 92 
2002684 90 
2003605 103 
2003605 101 
2004113 100 
2004113 2
2004113 1583
2004113 11
2006112 25 
2011570 75 
2012273 72 
2012273 70 
2012882 80 
2012949 83 
2013655 64 
2013937 61 
2014001 151 
2014001 69 
2014077 93 
2014520 91 
2014598 91 
2015017 91 
2015363 91 
2015532 103 
2015532 101 
2016440 100 
2016440 2
2016440 1583
2016440 11
2018441 25 
2018489 75 
2019191 72 
2019191 70 
2019786 71 
2020012 250 
2075615 71 
2075935 80 
2076001 83 
2077028 76 
2077188 252 
2077416 256 
2077481 61 
2077547 151 
2077547 69 
2077622 93 
2078025 91 
2078913 91 
2079032 91 
2079081 103 
2079081 101 
2079987 100 
2079987 2
2079987 1583
2079987 10
2081986 25 
2082035 75 
2083593 73 
2084298 72 
2084298 70 
2084904 80 
2084958 83 
2085491 64 
2086145 61 
2086224 150 
2086224 68 
2086224 65
2086294 92 
2086802 90 
2087756 103 
2087756 101 
2088262 100 
2088262 2
2088262 1583
2088262 11
2090263 25 
2090308 75 
2091011 72 
2091011 70 
2091608 80 
2091675 83 
2091795 64 
2092050 63 
2092115 150 
2092115 68 
2092115 65
2092195 92 
2092565 90 
2093644 103 
2093644 101 
2094153 100 
2094153 2
2094153 1583
2094153 10
2096155 25 
2096198 75 
2096899 72 
2096899 70 
2097499 80 
2097552 83 
2097979 64 
2098260 256 
2098379 61 
2098432 150 
2098432 68 
2098432 65
2098508 92 
2098856 90 
2099964 103 
2099964 101 
2100471 100 
2100471 2
2100471 1583
2100471 10
2102472 25 
2102516 75 
2103222 72 
2103222 70 
2103816 80 
2103883 83 
2104003 64 
2104284 256 
2104349 63 
2104416 151 
2104416 69 
2104491 93 
2104871 91 
2105946 103 
2105946 101 
2106854 100 
2106854 2
2106854 1583
2106854 10
2108855 25 
2108904 75 
2109606 72 
2109606 70 
2110213 80 
2110280 83 
2110813 64 
2111146 61 
2111213 152 
2111213 69 
2111291 93 
2111801 91 
2111987 91 
2112747 103 
2112747 101 
2113652 100 
2113652 2
2113652 1583
2113652 10
2115653 25 
2115698 75 
2116403 72 
2116403 70 
2117011 80 
2117064 83 
2118610 64 
2120144 61 
2120209 150 
2120209 68 
2120209 65
2120281 92 
2120840 90 
2121747 103 
2121747 101 
2122263 100 
2122263 2
2122263 1583
2122263 10
2124262 25 
2124306 75 
2125010 72 
2125010 70 
2125607 80 
2125674 83 
2126207 64 
2126382 256 
2126446 61 
2126513 150 
2126513 68 
2126513 65
2126591 92 
2127891 90 
2128046 103 
2128046 101 
2128551 100 
2128551 2
2128551 1583
2128551 11
2130553 25 
2130597 75 
2131301 72 
2131301 70 
2131897 80 
2131964 83 
2132551 64 
2133045 256 
2133110 61 
2133177 151 
2133177 69 
2133256 93 
2133783 91 
2134433 91 
2134707 103 
2134707 101 
2135616 100 
2135616 2
2135616 1583
2135616 11
2137616 25 
2137666 75 
2138368 72 
2138368 70 
2138961 80 
2139028 83 
2140054 64 
2140535 256 
2140600 63 
2140667 150 
2140667 68 
2140667 65
2140744 92 
2141134 90 
2142200 103 
2142200 101 
2142707 100 
2142707 2
2142707 1583
2142707 11
2144706 25 
2144751 75 
2145452 72 
2145452 70 
2146051 80 
2146105 83 
2146744 64 
2146986 63 
2147051 150 
2147051 68 
2147051 65
2147131 92 
2148582 103 
2148582 101 
2149091 100 
2149091 2
2149091 1583
2149091 11
2151090 25 
2151136 75 
2151838 72 
2151838 70 
2152449 80 
2152502 83 
2152768 64 
2153023 63 
2153088 150 
2153088 68 
2153088 65
2153166 92 
2154622 103 
2154622 101 
2155127 100 
2155127 2
2155127 1583
2155127 11
2157128 25 
2162591 75 
2163294 72 
2163294 70 
2163897 80 
2163964 83 
2165883 64 
2166058 256 
2166123 61 
2166189 151 
2166189 69 
2166263 93 
2166780 91 
2166992 91 
2167722 103 
2167722 101 
2168629 100 
2168629 2
2168629 1583
2168629 10
2170629 25 
2170674 75 
2171379 72 
2171379 70 
2171974 80 
2172027 83 
2172880 64 
2173108 256 
2173173 63 
2173240 151 
2173240 69 
2173315 93 
2173867 91 
2174190 91 
2174771 103 
2174771 101 
2175680 100 
2175680 2
2175680 1583
2175680 10
2177678 25 
2177723 75 
2178427 72 
2178427 70 
2179024 80 
2179077 83 
2180143 64 
2180545 61 
2180610 150 
2180610 68 
2180610 65
2180681 92 
2181061 90 
2182143 103 
2182143 101 
2182648 100 
2182648 2
2182648 1583
2182648 10
2184649 25 
2193263 75 
2193710 73 
2194315 72 
2194315 70 
2195097 80 
2195150 83 
2197669 64 
2197964 61 
2198525 150 
2198525 68 
2198525 65
2198599 92 
2199077 90 
2199396 90 
2200053 103 
2200053 101 
2200563 100 
2200563 2
2200563 1583
2200563 11
2202561 25 
2202606 75 
2203307 72 
2203307 70 
2203906 80 
2203960 83 
2204280 64 
2204508 256 
2204626 63 
2204693 150 
2204693 68 
2204693 65
2204770 92 
2205179 90 
2206227 103 
2206227 101 
2206733 100 
2206733 2
2206733 1583
2206733 10
2208733 25 
2208776 75 
2209479 72 
2209479 70 
2210077 80 
2210130 83 
2210290 64 
2210465 256 
2210530 63 
2210597 151 
2210597 69 
2210672 93 
2212130 103 
2212130 101 
2213037 100 
2213037 2
2213037 1583
2213037 10
2215037 25 
2215081 75 
2215784 72 
2215784 70 
2216381 80 
2216448 83 
2217194 64 
2218020 61 
2218087 152 
2218087 69 
2218159 93 
2218730 91 
2219249 91 
2219610 91 
2219617 103 
2219617 101 
2220525 100 
2220525 2
2220525 1583
2220525 11
2222528 25 
2222571 75 
2223272 72 
2223272 70 
2223871 80 
2223925 83 
2225044 64 
2225326 256 
2225391 62 
2225457 151 
2225457 69 
2225532 93 
2226188 91 
2226555 91 
2226990 103 
2226990 101 
2227897 100 
2227897 2
2227897 1583
2227897 11
2229898 25 
2229941 75 
2230644 72 
2230644 70 
2231242 80 
2231295 83 
2235293 64 
2240744 252 
2252700 61 
2252765 151 
2252765 69 
2252839 93 
2254300 103 
2254300 101 
2255204 100 
2255204 2
2255204 1583
2255204 10
2257206 25 
2257336 75 
2258040 72 
2258040 70 
2258643 80 
2258696 83 
2259283 64 
2259564 63 
2259629 151 
2259629 69 
2259706 93 
2261161 103 
2261161 101 
2262069 100 
2262069 2
2262069 1583
2262069 11
2264069 25 
2266208 75 
2266348 73 
2267048 72 
2267048 70 
2267652 80 
2267706 83 
2268292 64 
2268854 61 
2268919 151 
2268919 69 
2268987 93 
2269515 91 
2270451 103 
2270451 101 
2271357 100 
2271357 2
2271357 1583
2271357 11
2273357 25 
2273402 75 
2274102 72 
2274102 70 
2274703 80 
2274756 83 
2275502 64 
2277143 61 
2277208 151 
2277208 69 
2277279 93 
2277905 91 
2278008 91 
2278739 103 
2278739 101 
2279647 100 
2279647 2
2279647 1583
2279647 11
2281649 25 
2291687 254 
2318170 75 
2318871 72 
2318871 70 
2319617 80 
2319683 83 
2320270 64 
2329079 252 
2331812 61 
2331931 153 
2331931 68 
2331931 65
2332006 92 
2332738 90 
2333464 103 
2333464 101 
2333970 100 
2333970 2
2333970 1583
2333970 11
2335972 25 
2336016 75 
2336720 72 
2336720 70 
2337489 80 
2337556 83 
2338609 64 
2338850 256 
2338915 61 
2339035 151 
2339035 69 
2339112 93 
2340565 103 
2340565 101 
2341474 100 
2341474 2
2341474 1583
2341474 11
2343475 25 
2344821 75 
2345526 72 
2345526 70 
2346245 80 
2346299 83 
2349990 64 
2350858 256 
2354708 61 
2354775 151 
2354775 69 
2354849 93 
2355213 91 
2356306 103 
2356306 101 
2357214 100 
2357214 2
2357214 1583
2357214 11
2359214 25 
2360449 75 
2361149 72 
2361149 70 
2361745 80 
2361799 83 
2362452 64 
2362893 63 
2362958 150 
2362958 68 
2362958 65
2363034 92 
2363439 90 
2364489 103 
2364489 101 
2365001 100 
2365001 2
2365001 1583
2365001 11
2366998 25 
2367042 75 
2367747 72 
2367747 70 
2368342 80 
2368396 83 
2368502 64 
2368744 63 
2368809 150 
2368809 68 
2368809 65
2368888 92 
2370343 103 
2370343 101 
2370850 100 
2370850 2
2370850 1583
2370850 10
2372848 25 
2379075 75 
2379779 72 
2379779 70 
2380377 80 
2380444 83 
2381563 64 
2381778 256 
2381843 61 
2381910 150 
2381910 68 
2381910 65
2381989 92 
2382421 90 
2383440 103 
2383440 101 
2383950 100 
2383950 2
2383950 1583
2383950 10
2385949 25 
2385994 75 
2386697 72 
2386697 70 
2387294 80 
2387348 83 
2389640 64 
2390255 256 
2390320 61 
2390386 150 
2390386 68 
2390386 65
2390464 92 
2390895 90 
2391919 103 
2391919 101 
2392426 100 
2392426 2
2392426 1583
2392426 10
2394426 25 
2394471 75 
2395174 72 
2395174 70 
2395771 80 
2395837 83 
2396437 64 
2396719 256 
2396784 61 
2396850 150 
2396850 68 
2396850 65
2396924 92 
2397496 90 
2398382 103 
2398382 101 
2398889 100 
2398889 2
2398889 1583
2398889 10
2400890 25 
2400934 75 
2401635 72 
2401635 70 
2402235 80 
2402288 83 
2402461 64 
2402754 63 
2402821 151 
2402821 69 
2402896 93 
2403700 91 
2404354 103 
2404354 101 
2405260 100 
2405260 2
2405260 1583
2405260 10
2407260 25 
2407621 75 
2408325 72 
2408325 70 
2408925 80 
2408992 83 
2409378 64 
2409820 256 
2409885 61 
2409951 150 
2409951 68 
2409951 65
2410028 92 
2410452 90 
2410877 90 
2411481 103 
2411481 101 
2411990 100 
2411990 2
2411990 1583
2411990 11
2413990 25 
2414035 75 
2414739 72 
2414739 70 
2415336 80 
2415402 83 
2415722 64 
2416003 256 
2416069 63 
2416135 150 
2416135 68 
2416135 65
2416213 92 
2416585 90 
2417670 103 
2417670 101 
2418175 100 
2418175 2
2418175 1583
2418175 11
2420175 25 
2420219 75 
2420921 72 
2420921 70 
2421093 250 
2422692 71 
2434207 71 
2440831 71 
2442857 71 
2443177 80 
2443244 83 
2446496 76 
2447295 76 
2447788 252 
2458799 256 
2462835 61 
2462902 151 
2462902 69 
2462981 93 
2464434 103 
2464434 101 
2465340 100 
2465340 2
2465340 1583
2465340 10
2467340 25 
2467386 75 
2468089 72 
2468089 70 
2468699 80 
2468766 83 
2469246 64 
2469487 256 
2469552 63 
2469619 151 
2469619 69 
2469692 93 
2471151 103 
2471151 101 
2472059 100 
2472059 2
2472059 1583
2472059 10
2474058 25 
2474106 75 
2474807 72 
2474807 70 
2475416 80 
2475483 83 
2475710 64 
2476058 61 
2476123 150 
2476123 68 
2476123 65
2476201 92 
2476611 90 
2477654 103 
2477654 101 
2478161 100 
2478161 2
2478161 1583
2478161 11
2480162 25 
2480208 75 
2480909 72 
2480909 70 
2481507 80 
2481560 83 
2482000 64 
2482255 63 
2482320 152 
2482320 69 
2482400 93 
2482852 91 
2483853 103 
2483853 101 
2484772 100 
2484772 2
2484772 1583
2484772 10
2486773 25 
2486817 75 
2487518 72 
2487518 70 
2488118 80 
2488184 83 
2488571 64 
2489185 61 
2489251 150 
2489251 68 
2489251 65
2489461 90 
2489481 92 
2489833 90 
2490785 103 
2490785 101 
2491291 100 
2491291 2
2491291 1583
2491291 11
2493291 25 
2493338 75 
2494038 72 
2494038 70 
2494635 80 
2494688 83 
2495221 64 
2496236 256 
2496301 61 
2496367 151 
2496367 69 
2496437 93 
2496734 91 
2497901 103 
2497901 101 
2498806 100 
2498806 2
2498806 1583
2498806 10
2500807 25 
2501307 75 
2502307 73 
2503630 73 
2505252 73 
2505773 73 
2506597 73 
2510847 254 
2531825 73 
2532426 72 
2532426 70 
2533032 80 
2533085 83 
2533818 64 
2542548 252 
2572203 256 
2573056 61 
2573121 150 
2573121 68 
2573121 65
2573201 92 
2574656 103 
2574656 101 
2575160 100 
2575160 2
2575160 1583
2575160 10
2577161 25 
2577205 75 
2582485 73 
2583088 72 
2583088 70 
2583690 80 
2583757 83 
2587342 64 
2590142 256 
2590207 61 
2590274 150 
2590274 68 
2590274 65
2590350 92 
2590773 90 
2591803 103 
2591803 101 
2592312 100 
2592312 2
2592312 1583
2592312 11
2594313 25 
2597675 75 
2598251 73 
2598856 72 
2598856 70 
2599456 80 
2599523 83 
2599896 64 
2600138 61 
2600203 151 
2600203 69 
2600278 93 
2600713 91 
2600824 91 
2601734 103 
2601734 101 
2602643 100 
2602643 2
2602643 1583
2602643 10
2604643 25 
2607052 75 
2607296 73 
2607901 72 
2607901 70 
2608506 80 
2608573 83 
2613157 64 
2613386 256 
2613450 61 
2613517 150 
2613517 68 
2613517 65
2613595 92 
2613982 90 
2614947 90 
2615046 103 
2615046 101 
2615558 100 
2615558 2
2615558 1583
2615558 10
2617556 25 
2617601 75 
2618307 72 
2618307 70 
2618915 80 
2618981 83 
2619888 64 
2620181 61 
2620248 152 
2620248 69 
2620329 93 
2621781 103 
2621781 101 
2622686 100 
2622686 2
2622686 1583
2622686 10
2624686 25 
2624735 75 
2625440 72 
2625440 70 
2626045 80 
2626098 83 
2626631 64 
2626874 61 
2626938 150 
2626938 68 
2626938 65
2627017 92 
2627371 90 
2628470 103 
2628470 101 
2628979 100 
2628979 2
2628979 1583
2628979 11
2630977 25 
2631022 75 
2631726 72 
2631726 70 
2632322 80 
2632376 83 
2632695 64 
2632923 63 
2632989 150 
2632989 68 
2632989 65
2633067 92 
2634141 90 
2634520 103 
2634520 101 
2635029 100 
2635029 2
2635029 1583
2635029 10
2637028 25 
2639005 75 
2639706 72 
2639706 70 
2640306 80 
2640372 83 
2642665 64 
2642893 256 
2642958 61 
2643024 150 
2643024 68 
2643024 65
2643100 92 
2643527 90 
2644531 90 
2644559 103 
2644559 101 
2645065 100 
2645065 2
2645065 1583
2645065 11
2647063 25 
2647108 75 
2647810 72 
2647810 70 
2648555 80 
2648649 83 
2648809 64 
2649836 256 
2649889 63 
2649981 150 
2649981 68 
2649981 65
2650057 92 
2650410 90 
2651515 103 
2651515 101 
2652021 100 
2652021 2
2652021 1583
2652021 10
2654022 25 
2657177 75 
2657877 72 
2657877 70 
2658578 80 
2658671 83 
2659844 64 
2660685 256 
2660777 61 
2660870 150 
2660870 68 
2660870 65
2660949 92 
2661316 90 
2662114 90 
2662402 103 
2662402 101 
2662909 100 
2662909 2
2662909 1583
2662909 11
2664907 25 
2664954 75 
2665654 72 
2665654 70 
2666348 80 
2666414 83 
2667001 64 
2667229 256 
2667321 63 
2667414 150 
2667414 68 
2667414 65
2667489 92 
2667870 90 
2668778 90 
2668947 103 
2668947 101 
2669453 100 
2669453 2
2669453 1583
2669453 11
2671454 25 
2671498 75 
2672201 72 
2672201 70 
2672918 80 
2672998 83 
2673491 64 
2673864 63 
2673958 150 
2673958 68 
2673958 65
2674032 92 
2674426 90 
2675488 103 
2675488 101 
2675997 100 
2675997 2
2675997 1583
2675997 11
2677998 25 
2678042 75 
2678744 72 
2678744 70 
2679435 80 
2679502 250 
2681634 76 
2681728 83 
2682074 64 
2682303 256 
2682394 63 
2682461 150 
2682461 68 
2682461 65
2682540 92 
2682961 90 
2683991 103 
2683991 101 
2684499 100 
2684499 2
2684499 1583
2684499 11
2686501 25 
2686545 75 
2693500 73 
2694101 72 
2694101 70 
2694855 80 
2694935 83 
2695895 64 
2696202 61 
2696295 151 
2696295 69 
2696370 93 
2696770 91 
2696872 91 
2697306 91 
2697828 103 
2697828 101 
2698733 100 
2698733 2
2698733 1583
2698733 10
2700734 25 
2701051 75 
2701758 72 
2701758 70 
2702359 250 
2704758 71 
2719672 71 
2723403 71 
2723683 80 
2723750 83 
2724816 76 
2732066 252 
2732241 256 
2732306 61 
2732373 150 
2732373 68 
2732373 65
2732446 92 
2733805 90 
2733905 103 
2733905 101 
2734413 100 
2734413 2
2734413 1583
2734413 10
2736413 25 
2736456 75 
2737162 72 
2737162 70 
2737757 80 
2737824 83 
2737944 64 
2738172 256 
2738237 61 
2738303 150 
2738303 68 
2738303 65
2738379 92 
2739837 103 
2739837 101 
2740344 100 
2740344 4
2740344 1583
2740344 10
2740344 78 
2742343 25 
2742387 75 
2743091 72 
2743091 70 
2743688 80 
2743754 83 
2744074 64 
2744369 61 
2744434 151 
2744434 69 
2744512 93 
2745964 103 
2745964 101 
2746874 100 
2746874 4
2746874 1583
2746874 11
2748873 25 
2748922 75 
2749623 72 
2749623 70 
2750218 80 
2750272 83 
2751338 64 
2752446 61 
2752511 150 
2752511 68 
2752511 65
2752583 92 
2753019 90 
2754045 103 
2754045 101 
2754550 100 
2754550 4
2754550 1583
2754550 11
2756549 25 
2756595 75 
2757298 72 
2757298 70 
2757908 80 
2757962 83 
2758228 64 
2758510 256 
2758575 63 
2758641 151 
2758641 69 
2758719 93 
2759138 91 
2759900 91 
2760179 103 
2760179 101 
2761094 100 
2761094 4
2761094 1583
2761094 11
2763095 25 
2763138 75 
2763841 72 
2763841 70 
2763959 250 
2769183 71 
2769677 80 
2769730 83 
2770530 64 
2770971 61 
2771036 150 
2771036 68 
2771036 65
2771112 92 
2771529 90 
2772567 103 
2772567 101 
2773076 100 
2773076 4
2773076 1583
2773076 10
2775075 25 
2775120 75 
2775823 72 
2775823 70 
2776420 80 
2776487 83 
2776913 64 
2777142 256 
2777207 63 
2777273 153 
2777273 68 
2777273 65
2777352 92 
2778333 90 
2778806 103 
2778806 101 
2779313 100 
2779313 4
2779313 1583
2779313 10
2781312 25 
2781357 75 
2782062 72 
2782062 70 
2782658 80 
2782711 83 
2782938 64 
2783179 63 
2783244 151 
2783244 69 
2783324 93 
2784776 103 
2784776 101 
2785683 100 
2785683 4
2785683 1583
2785683 11
2787684 25 
2787728 75 
2788431 72 
2788431 70 
2789028 80 
2789082 83 
2789561 64 
2789910 256 
2790694 61 
2790761 150 
2790761 68 
2790761 65
2790832 92 
2792295 103 
2792295 101 
2792800 100 
2792800 4
2792800 1583
2792800 11
2794801 25 
2794845 75 
2795550 72 
2795550 70 
2796145 80 
2796199 83 
2796745 64 
2798158 63 
2798224 151 
2798224 69 
2798302 93 
2799755 103 
2799755 101 
2800663 100 
2800663 4
2800663 1583
2800663 10
2802664 25 
2802708 75 
2803408 72 
2803408 70 
2804128 80 
2804248 83 
2804675 64 
2804903 256 
2804968 61 
2805035 151 
2805035 69 
2805107 93 
2805587 91 
2806303 91 
2806450 91 
2806566 103 
2806566 101 
2807475 100 
2807475 4
2807475 1583
2807475 11
2809473 25 
2809532 75 
2810237 72 
2810237 70 
2810846 80 
2810912 83 
2811179 64 
2811634 61 
2811699 150 
2811699 68 
2811699 65
2811770 92 
2811948 90 
2812210 90 
2812702 90 
2812991 90 
2813232 103 
2813232 101 
2813738 100 
2813738 4
2813738 1583
2813738 10
2815739 25 
2815782 75 
2816488 72 
2816488 70 
2817096 80 
2817163 83 
2817216 64 
2822082 256 
2822147 61 
2822214 151 
2822214 69 
2822293 93 
2822683 91 
2822783 91 
2823746 103 
2823746 101 
2824654 100 
2824654 4
2824654 1583
2824654 11
2826654 25 
2826699 75 
2827401 72 
2827401 70 
2827998 80 
2828052 83 
2828371 64 
2828773 256 
2828838 61 
2828904 150 
2828904 68 
2828904 65
2828983 92 
2829338 90 
2830437 103 
2830437 101 
2830945 100 
2830945 4
2830945 1583
2830945 10
2832945 25 
2833001 75 
2833705 72 
2833705 70 
2834302 80 
2834356 83 
2835009 64 
2835304 63 
2835368 153 
2835368 68 
2835368 65
2835443 92 
2835806 90 
2836732 90 
2836900 103 
2836900 101 
2837407 100 
2837407 4
2837407 1583
2837407 10
2839408 25 
2839452 75 
2840153 72 
2840153 70 
2840753 80 
2840806 83 
2841233 64 
2841461 256 
2841526 63 
2841592 151 
2841592 69 
2841668 93 
2842740 91 
2843068 91 
2843125 103 
2843125 101 
2844032 100 
2844032 4
2844032 1583
2844032 11
2846033 25 
2846076 75 
2846781 72 
2846781 70 
2847377 80 
2847430 83 
2848123 64 
2849217 62 
2849282 151 
2849282 69 
2849352 93 
2850813 103 
2850813 101 
2851722 100 
2851722 4
2851722 1583
2851722 11
2853723 25 
2854006 75 
2854255 73 
2854921 72 
2854921 70 
2855200 250 
2855361 71 
2855946 71 
2856215 71 
2857081 71 
2857519 71 
2857627 71 
2857840 71 
2858640 71 
2859331 71 
2862585 71 
2862970 71 
2863290 80 
2863343 83 
2865582 252 
2865863 256 
2865929 61 
2865995 150 
2865995 68 
2865995 65
2866065 92 
2866487 90 
2867525 103 
2867525 101 
2868034 100 
2868034 4
2868034 1583
2868034 10
2870035 25 
2870079 75 
2870782 72 
2870782 70 
2871380 80 
2871433 83 
2871753 64 
2872140 256 
2872206 63 
2872273 151 
2872273 69 
2872350 93 
2872887 91 
2873310 91 
2873794 91 
2873809 103 
2873809 101 
2874726 100 
2874726 4
2874726 1583
2874726 11
2876726 25 
2886764 254 
2924664 75 
2925076 73 
2925676 72 
2925676 70 
2926409 80 
2926463 83 
2931594 76 
2932021 64 
2932195 256 
2932260 61 
2932327 150 
2932327 68 
2932327 65
2932405 92 
2932797 90 
2933844 90 
2933857 103 
2933857 101 
2934366 100 
2934366 4
2934366 1583
2934366 11
2936366 25 
2936410 75 
2937116 72 
2937116 70 
2937711 80 
2937778 83 
2938151 64 
2938392 61 
2938457 150 
2938457 68 
2938457 65
2938538 92 
2938908 90 
2939990 103 
2939990 101 
2940497 100 
2940497 4
2940497 1583
2940497 11
2942498 25 
2942541 75 
2943244 72 
2943244 70 
2943842 80 
2943895 83 
2944535 64 
2944936 61 
2945001 150 
2945001 68 
2945001 65
2945077 92 
2945435 90 
2946533 103 
2946533 101 
2947043 100 
2947043 4
2947043 1583
2947043 10
2949041 25 
2949085 75 
2949789 72 
2949789 70 
2950386 80 
2950452 83 
2950932 64 
2951213 63 
2951279 151 
2951279 69 
2951357 93 
2952811 103 
2952811 101 
2953719 100 
2953719 4
2953719 1583
2953719 11
2955718 25 
2956317 75 
2957022 72 
2957022 70 
2957622 80 
2957676 83 
2957889 64 
2958116 61 
2958182 150 
2958182 68 
2958182 65
2958259 92 
2958777 90 
2959534 90 
2959714 103 
2959714 101 
2960222 100 
2960222 4
2960222 1583
2960222 10
2962222 25 
2962266 75 
2962968 72 
2962968 70 
2963567 80 
2963620 83 
2963940 64 
2964222 256 
2964286 63 
2964353 151 
2964353 69 
2964432 93 
2965887 103 
2965887 101 
2966793 100 
2966793 4
2966793 1583
2966793 10
2968792 25 
2978833 254 
2993223 75 
2993923 72 
2993923 70 
2994527 80 
2994593 83 
3000297 64 
3000473 61 
3000537 151 
3000537 69 
3000614 93 
3001446 91 
3001603 91 
3002046 91 
3002068 103 
3002068 101 
3002976 100 
3002976 4
3002976 1583
3002976 10
3004977 25 
3005621 75 
3006325 72 
3006325 70 
3006921 80 
3006975 83 
3007348 64 
3007630 256 
3007694 61 
3007748 151 
3007748 69 
3007822 93 
3008232 91 
3008782 91 
3009278 103 
3009278 101 
3010188 100 
3010188 4
3010188 1583
3010188 11
3012187 25 
3012231 75 
3012934 72 
3012934 70 
3013532 80 
3013598 83 
3013812 64 
3014054 61 
3014118 150 
3014118 68 
3014118 65
3014199 92 
3014542 90 
3014824 90 
3015043 90 
3015350 90 
3015652 103 
3015652 101 
3016158 100 
3016158 4
3016158 1583
3016158 10
3018157 25 
3018202 75 
3018904 72 
3018904 70 
3019503 80 
3019556 83 
3019782 64 
3020011 256 
3020076 63 
3020142 153 
3020142 68 
3020142 65
3020220 92 
3021458 90 
3021672 103 
3021672 101 
3022180 100 
3022180 4
3022180 1583
3022180 11
3024183 25 
3024240 75 
3024943 72 
3024943 70 
3025540 80 
3025593 83 
3026286 64 
3026608 256 
3026700 61 
3026793 150 
3026793 68 
3026793 65
3026871 92 
3027228 90 
3028324 103 
3028324 101 
3028832 100 
3028832 4
3028832 1583
3028832 11
3030832 25 
3040873 254 
3046346 75 
3046589 73 
3047191 72 
3047191 70 
3047717 250 
3049023 71 
3049423 80 
3049516 250 
3052250 76 
3052968 76 
3053061 83 
3056167 64 
3056328 256 
3056393 61 
3056487 150 
3056487 68 
3056487 65
3056564 92 
3056945 90 
3057212 90 
3058020 103 
3058020 101 
3058528 100 
3058528 4
3058528 1583
3058528 11
3060525 25 
3060571 75 
3061274 72 
3061274 70 
3062018 80 
3062098 83 
3062257 64 
3063072 61 
3063164 150 
3063164 68 
3063164 65
3063244 92 
3063622 90 
3064697 103 
3064697 101 
3065202 100 
3065202 4
3065202 1583
3065202 11
3067204 25 
3067248 75 
3067950 72 
3067950 70 
3068695 80 
3068775 83 
3069174 64 
3069311 256 
3069401 61 
3069468 150 
3069468 68 
3069468 65
3069543 92 
3069986 90 
3070998 103 
3070998 101 
3071508 100 
3071508 4
3071508 1583
3071508 10
3073508 25 
3073552 75 
3074255 72 
3074255 70 
3074946 80 
3075039 250 
3079730 76 
3081476 76 
3081543 83 
3081796 64 
3081997 256 
3082062 61 
3082156 151 
3082156 69 
3082231 93 
3082662 91 
3083690 103 
3083690 101 
3084594 100 
3084594 4
3084594 1583
3084594 10
3086596 25 
3086771 75 
3087475 72 
3087475 70 
3088193 80 
3088274 83 
3088513 64 
3088915 256 
3089154 61 
3089219 153 
3089219 68 
3089219 65
3089296 92 
3089677 90 
3090241 90 
3090756 103 
3090756 101 
3091272 100 
3091272 4
3091272 1583
3091272 11
3093272 25 
3093320 75 
3097336 73 
3097938 72 
3097938 70 
3098535 80 
3098589 83 
3098908 64 
3099190 256 
3099255 61 
3099322 150 
3099322 68 
3099322 65
3099402 92 
3099779 90 
3100125 90 
3100855 103 
3100855 101 
3101360 100 
3101360 4
3101360 1583
3101360 10
3103361 25 
3103406 75 
3104107 72 
3104107 70 
3104706 80 
3104759 83 
3105239 64 
3105521 256 
3105586 63 
3105652 151 
3105652 69 
3105725 93 
3106756 91 
3107183 103 
3107183 101 
3108092 100 
3108092 4
3108092 1583
3108092 10
3110092 25 
3120133 254 
3142228 75 
3142928 72 
3142928 70 
3143529 80 
3143583 83 
3144489 64 
3144715 61 
3144782 151 
3144782 69 
3144858 93 
3145403 91 
3146313 103 
3146313 101 
3147221 100 
3147221 4
3147221 1583
3147221 10
3149222 25 
3149266 75 
3149902 73 
3150505 72 
3150505 70 
3151113 80 
3151179 83 
3151606 64 
3157243 61 
3157310 151 
3157310 69 
3157383 93 
3158841 103 
3158841 101 
3159749 100 
3159749 4
3159749 1583
3159749 11
3161749 25 
3161793 75 
3162495 72 
3162495 70 
3163094 80 
3163161 83 
3163267 64 
3163509 61 
3163574 150 
3163574 68 
3163574 65
3163652 92 
3164310 90 
3164710 90 
3164977 90 
3165107 103 
3165107 101 
3165613 100 
3165613 4
3165613 1583
3165613 10
3167613 25 
3167658 75 
3168362 72 
3168362 70 
3168958 80 
3169025 83 
3169198 64 
3169640 256 
3169705 61 
3169771 151 
3169771 69 
3169848 93 
3170260 91 
3170607 91 
3170786 91 
3171080 91 
3171302 103 
3171302 101 
3172210 100 
3172210 4
3172210 1583
3172210 10
3174211 25 
3175629 75 
3175817 73 
3176418 72 
3176418 70 
3177021 80 
3177075 83 
3178088 64 
3178316 256 
3178381 61 
3178448 151 
3178448 69 
3178522 93 
3178923 91 
3179211 91 
3179678 91 
3179855 91 
3179977 103 
3179977 101 
3180888 100 
3180888 4
3180888 1583
3180888 11
3182887 25 
3182931 75 
3183635 72 
3183635 70 
3184232 80 
3184285 83 
3184765 64 
3185205 256 
3185273 61 
3185338 150 
3185338 68 
3185338 65
3185411 92 
3185846 90 
3186131 90 
3186308 90 
3186870 103 
3186870 101 
3187379 100 
3187379 4
3187379 1583
3187379 10
3189377 25 
3189422 75 
3190125 72 
3190125 70 
3190949 80 
3191042 83 
3191788 64 
3192043 256 
3192135 61 
3192202 151 
3192202 69 
3192274 93 
3193733 103 
3193733 101 
3194640 100 
3194640 4
3194640 1583
3194640 11
3196642 25 
3206682 254 
3245804 75 
3247649 73 
3248251 72 
3248251 70 
3249017 80 
3249097 83 
3249444 64 
3249685 256 
3249857 61 
3249924 152 
3249924 69 
3249998 93 
3250471 91 
3251127 91 
3251458 103 
3251458 101 
3252362 100 
3252362 4
3252362 1583
3252362 10
3254363 25 
3254408 75 
3255412 73 
3259410 73 
3260010 72 
3260010 70 
3260612 80 
3260666 83 
3262158 64 
3262333 256 
3262398 61 
3262465 151 
3262465 69 
3262541 93 
3262962 91 
3263995 103 
3263995 101 
3264905 100 
3264905 4
3264905 1583
3264905 11
3266905 25 
3269159 75 
3269864 72 
3269864 70 
3270461 80 
3270515 83 
3272061 64 
3272289 256 
3272354 61 
3272420 150 
3272420 68 
3272420 65
3272495 92 
3272827 90 
3273225 90 
3273959 90 
3273959 103 
3273959 101 
3274474 100 
3274474 4
3274474 1583
3274474 10
3276474 25 
3276518 75 
3277220 72 
3277220 70 
3277818 80 
3277885 83 
3278005 64 
3278286 256 
3278351 61 
3278418 151 
3278418 69 
3278497 93 
3279949 103 
3279949 101 
3280858 100 
3280858 4
3280858 1583
3280858 11
3282858 25 
3284953 75 
3285125 73 
3285792 72 
3285792 70 
3286388 80 
3286441 83 
3288600 64 
3288788 256 
3288853 61 
3288920 150 
3288920 68 
3288920 65
3288996 92 
3289316 90 
3290455 103 
3290455 101 
3290960 100 
3290960 4
3290960 1583
3290960 11
3292959 25 
3293004 75 
3293708 72 
3293708 70 
3294304 80 
3294358 83 
3294838 64 
3295066 256 
3295131 61 
3295197 150 
3295197 68 
3295197 65
3295276 92 
3295752 90 
3295792 90 
3296506 90 
3296729 103 
3296729 101 
3297236 100 
3297236 4
3297236 1583
3297236 11
3299237 25 
3299281 75 
3299982 72 
3299982 70 
3300582 80 
3300648 83 
3300915 64 
3301143 256 
3301208 61 
3301275 150 
3301275 68 
3301275 65
3301349 92 
3302017 90 
3302742 90 
3302806 103 
3302806 101 
3303315 100 
3303315 4
3303315 1583
3303315 10
3305314 25 
3305358 75 
3306060 72 
3306060 70 
3306659 80 
3306726 83 
3307099 64 
3307380 256 
3307445 63 
3307512 151 
3307512 69 
3307587 93 
3308645 91 
3309046 103 
3309046 101 
3309952 100 
3309952 4
3309952 1583
3309952 11
3311951 25 
3315253 75 
3315956 72 
3315956 70 
3316562 80 
3316628 83 
3317481 64 
3317723 61 
3317788 150 
3317788 68 
3317788 65
3317866 92 
3318472 90 
3318748 90 
3319319 103 
3319319 101 
3319827 100 
3319827 4
3319827 1583
3319827 10
3321828 25 
3321871 75 
3322576 72 
3322576 70 
3323172 80 
3323225 83 
3323545 64 
3323878 256 
3326693 62 
3326757 150 
3326757 68 
3326757 65
3326830 92 
3328288 103 
3328288 101 
3328796 100 
3328796 4
3328796 1583
3328796 11
3330797 25 
3340834 254 
3347922 75 
3382229 73 
3382830 72 
3382830 70 
3383559 80 
3383666 83 
3384479 64 
3384601 256 
3384719 61 
3384839 152 
3384839 69 
3384913 93 
3385273 91 
3386022 91 
3386254 91 
3386370 103 
3386370 101 
3387278 100 
3387278 4
3387278 1583
3387278 10
3389277 25 
3389326 75 
3390032 72 
3390032 70 
3390810 80 
3390930 83 
3391516 64 
3391637 256 
3391703 61 
3391822 151 
3391822 69 
3391900 93 
3392324 91 
3393353 103 
3393353 101 
3394261 100 
3394261 4
3394261 1583
3394261 11
3396262 25 
3401939 75 
3402644 72 
3402644 70 
3402991 250 
3407629 71 
3408202 80 
3408309 83 
3408522 76 
3408642 64 
3408763 256 
3409002 61 
3409068 150 
3409068 68 
3409068 65
3409148 92 
3409588 90 
3410602 103 
3410602 101 
3411109 100 
3411109 4
3411109 1583
3411109 10
3413108 25 
3413152 75 
3413857 72 
3413857 70 
3414653 80 
3414879 76 
3414946 83 
3415106 64 
3418466 61 
3418531 151 
3418531 69 
3418607 93 
3419164 91 
3420066 103 
3420066 101 
3420970 100 
3420970 4
3420970 1583
3420970 10
3422970 25 
3423024 75 
3423101 73 
3423768 72 
3423768 70 
3424368 80 
3424422 83 
3424582 64 
3424810 256 
3424875 61 
3424942 151 
3424942 69 
3425019 93 
3426473 103 
3426473 101 
3427381 100 
3427381 4
3427381 1583
3427381 10
3429382 25 
3429425 75 
3430133 72 
3430133 70 
3430739 80 
3430793 83 
3433298 64 
3433539 61 
3433605 151 
3433605 69 
3433682 93 
3435138 103 
3435138 101 
3436045 100 
3436045 4
3436045 1583
3436045 10
3438044 25 
3438088 75 
3438789 72 
3438789 70 
3439389 80 
3439455 83 
3439562 64 
3439804 61 
3439868 153 
3439868 68 
3439868 65
3439944 92 
3440652 90 
3441391 90 
3441403 103 
3441403 101 
3441912 100 
3441912 4
3441912 1583
3441912 10
3443909 25 
3443953 75 
3444658 72 
3444658 70 
3445266 80 
3445320 83 
3446292 64 
3446467 256 
3446532 61 
3446599 151 
3446599 69 
3446678 93 
3447213 91 
3447632 91 
3448089 91 
3448128 103 
3448128 101 
3449039 100 
3449039 4
3449039 1583
3449039 11
3451039 25 
3451083 75 
3451136 73 
3451805 72 
3451805 70 
3452410 80 
3452463 83 
3452783 64 
3453011 256 
3453076 61 
3453143 150 
3453143 68 
3453143 65
3453221 92 
3453621 90 
3454183 90 
3454445 90 
3454615 90 
3454675 103 
3454675 101 
3455183 100 
3455183 4
3455183 1583
3455183 11
3457181 25 
3457227 75 
3457932 72 
3457932 70 
3458527 80 
3458594 83 
3458927 64 
3459115 61 
3459180 150 
3459180 68 
3459180 65
3459259 92 
3460162 90 
3460714 103 
3460714 101 
3461219 100 
3461219 4
3461219 1583
3461219 10
3463220 25 
3463264 75 
3463969 72 
3463969 70 
3464565 80 
3464618 83 
3464898 64 
3465193 256 
3469669 62 
3470602 150 
3470602 68 
3470602 65
3470684 92 
3471564 90 
3472133 90 
3472133 103 
3472133 101 
3472643 100 
3472643 4
3472643 1583
3472643 11
3474642 25 
3474686 75 
3475388 72 
3475388 70 
3475986 80 
3476053 83 
3476320 64 
3476508 256 
3476573 61 
3476639 150 
3476639 68 
3476639 65
3476718 92 
3477514 90 
3477769 90 
3478172 103 
3478172 101 
3478679 100 
3478679 4
3478679 1583
3478679 11
3480679 25 
3480723 75 
3481424 72 
3481424 70 
3482024 80 
3482090 83 
3482463 64 
3482638 61 
3482703 150 
3482703 68 
3482703 65
3482785 92 
3483866 90 
3484216 90 
3484238 103 
3484238 101 
3484743 100 
3484743 4
3484743 1583
3484743 11
3486743 25 
3486788 75 
3487490 72 
3487490 70 
3488088 80 
3488154 83 
3489754 64 
3489994 61 
3490060 150 
3490060 68 
3490060 65
3490136 92 
3491590 90 
3491590 103 
3491590 101 
3492099 100 
3492099 4
3492099 1583
3492099 10
3494100 25 
3494160 75 
3494355 73 
3494956 72 
3494956 70 
3495551 80 
3495605 83 
3495818 64 
3496111 63 
3496178 151 
3496178 69 
3496254 93 
3497125 91 
3497710 103 
3497710 101 
3498617 100 
3498617 4
3498617 1583
3498617 10
3500618 25 
3500665 75 
3501369 72 
3501369 70 
3501975 80 
3502029 83 
3502935 64 
3503215 61 
3503281 151 
3503281 69 
3503357 93 
3504814 103 
3504814 101 
3505720 100 
3505720 4
3505720 1583
3505720 10
3507721 25 
3514501 75 
3515203 72 
3515203 70 
3516036 80 
3516089 83 
3516516 76 
3517902 64 
3518023 61 
3518141 151 
3518141 69 
3518216 93 
3519674 103 
3519674 101 
3520581 100 
3520581 4
3520581 1583
3520581 11
3522581 25 
3522629 75 
3523331 72 
3523331 70 
3524059 80 
3524166 83 
3524607 64 
3524780 256 
3524845 61 
3524899 150 
3524899 68 
3524899 65
3524973 92 
3525343 90 
3526428 103 
3526428 101 
3526937 100 
3526937 4
3526937 1583
3526937 10
3528938 25 
3528983 75 
3529685 72 
3529685 70 
3530403 80 
3530456 83 
3532282 64 
3532457 256 
3532549 61 
3532615 151 
3532615 69 
3532693 93 
3534149 103 
3534149 101 
3535055 100 
3535055 4
3535055 1583
3535055 11
3537054 25 
3537099 75 
3537800 72 
3537800 70 
3538546 80 
3538626 83 
3539106 64 
3539347 256 
3539439 61 
3539532 152 
3539532 69 
3539608 93 
3539987 91 
3540334 91 
3541066 103 
3541066 101 
3541102 102 
