0 100 
0 2
0 1584
0 11
1994 25 
2601 75 
3302 72 
3302 70 
4239 80 
4306 83 
5638 64 
5826 256 
5891 62 
5958 151 
5958 69 
6032 93 
6354 91 
7492 103 
7492 101 
8398 100 
8398 2
8398 1584
8398 10
10399 25 
10443 75 
11147 72 
11147 70 
11889 80 
12009 83 
12182 64 
12582 256 
12649 63 
12769 151 
12769 69 
12847 93 
14302 103 
14302 101 
15207 100 
15207 2
15207 1584
15207 11
17207 25 
17253 75 
17956 72 
17956 70 
18686 80 
18753 83 
19246 64 
19488 256 
19606 62 
19726 151 
19726 69 
19789 93 
20135 91 
21248 103 
21248 101 
22155 100 
22155 2
22155 1584
22155 10
24152 25 
24196 75 
24900 72 
24900 70 
25656 80 
25750 83 
26350 64 
26511 256 
26603 62 
26696 151 
26696 69 
26776 93 
28228 103 
28228 101 
29135 100 
29135 2
29135 1584
29135 10
31135 25 
31180 75 
31883 72 
31883 70 
32614 80 
32720 83 
33027 64 
33308 256 
34200 61 
34266 150 
34266 68 
34266 65
34341 92 
34718 90 
35796 103 
35796 101 
36305 100 
36305 2
36305 1584
36305 10
38305 25 
38351 75 
39051 72 
39051 70 
39811 80 
39904 83 
39997 64 
40239 256 
40304 61 
40370 150 
40370 68 
40370 65
40447 92 
40916 90 
41899 103 
41899 101 
42409 100 
42409 2
42409 1584
42409 11
44411 25 
44455 75 
45160 72 
45160 70 
45848 80 
45915 83 
45981 64 
46236 256 
46301 63 
46368 150 
46368 68 
46368 65
46447 92 
47900 103 
47900 101 
48407 100 
48407 2
48407 1584
48407 11
50407 25 
50452 75 
51153 72 
51153 70 
51752 80 
51819 83 
52072 64 
52248 256 
52312 61 
52379 151 
52379 69 
52456 93 
53153 91 
53911 103 
53911 101 
54819 100 
54819 2
54819 1584
54819 11
56819 25 
56876 75 
57581 72 
57581 70 
58203 80 
58269 83 
58816 64 
58991 256 
59056 61 
59122 151 
59122 69 
59199 93 
59608 91 
60655 103 
60655 101 
61563 100 
61563 2
61563 1584
61563 10
63562 25 
63607 75 
64311 72 
64311 70 
64933 80 
65000 83 
65440 64 
65735 61 
65800 152 
65800 69 
65878 93 
66164 91 
67331 103 
67331 101 
68239 100 
68239 2
68239 1584
68239 10
70240 25 
70284 75 
70987 72 
70987 70 
71597 80 
71650 83 
71810 64 
72054 61 
72118 150 
72118 68 
72118 65
72195 92 
72639 90 
73650 103 
73650 101 
74156 100 
74156 2
74156 1584
74156 11
76157 25 
76202 75 
76905 72 
76905 70 
77528 80 
77595 83 
77661 64 
77916 256 
77981 63 
78048 150 
78048 68 
78048 65
78128 92 
79581 103 
79581 101 
80086 100 
80086 2
80086 1584
80086 10
82086 25 
82132 75 
82835 72 
82835 70 
83445 80 
83512 250 
84072 76 
84700 76 
84765 83 
84885 64 
85060 256 
85126 61 
85191 152 
85191 69 
85269 93 
86726 103 
86726 101 
87631 100 
87631 2
87631 1584
87631 11
89632 25 
89679 75 
90385 72 
90385 70 
90989 80 
91042 83 
91322 64 
91722 61 
91789 151 
91789 69 
91859 93 
92226 91 
93318 103 
93318 101 
94228 100 
94228 2
94228 1584
94228 11
96229 25 
96273 75 
96974 72 
96974 70 
97573 80 
97626 83 
97973 64 
98268 256 
98332 63 
98399 150 
98399 68 
98399 65
98478 92 
98796 90 
99929 103 
99929 101 
100439 100 
100439 2
100439 1584
100439 11
102439 25 
102483 75 
103186 72 
103186 70 
103797 80 
103863 83 
104090 64 
104332 63 
104397 150 
104397 68 
104397 65
104474 92 
105926 103 
105926 101 
106436 100 
106436 2
106436 1584
106436 10
108435 25 
108481 75 
109182 72 
109182 70 
109781 80 
109848 83 
109914 64 
110261 256 
110327 61 
110394 150 
110394 68 
110394 65
110472 92 
110853 90 
111923 103 
111923 101 
112432 100 
112432 2
112432 1584
112432 11
114434 25 
114482 75 
115185 72 
115185 70 
115805 80 
115872 83 
116005 64 
116287 256 
116352 61 
116418 151 
116418 69 
116495 93 
117949 103 
117949 101 
118858 100 
118858 2
118858 1584
118858 10
120858 25 
120906 75 
121612 72 
121612 70 
122216 80 
122269 83 
122975 64 
123311 256 
123375 61 
123442 150 
123442 68 
123442 65
123519 92 
123876 90 
124975 103 
124975 101 
125482 100 
125482 2
125482 1584
125482 10
127481 25 
127527 75 
128228 72 
128228 70 
128826 250 
129293 71 
129573 80 
129639 83 
130026 64 
130214 61 
130279 150 
130279 68 
130279 65
130357 92 
131409 90 
131809 103 
131809 101 
132318 100 
132318 2
132318 1584
132318 10
134318 25 
134378 75 
135082 72 
135082 70 
135690 80 
135757 250 
135998 76 
136330 76 
136905 76 
136970 83 
137169 64 
137332 256 
137396 61 
137463 152 
137463 69 
137537 93 
137896 91 
138993 103 
138993 101 
139904 100 
139904 2
139904 1584
139904 11
141902 25 
141946 75 
142647 72 
142647 70 
143262 80 
143327 83 
143447 64 
143635 256 
143700 61 
143767 151 
143767 69 
143845 93 
144278 91 
145298 103 
145298 101 
146206 100 
146206 2
146206 1584
146206 11
148205 25 
148254 75 
148956 72 
148956 70 
149711 80 
149831 83 
149964 64 
150417 61 
150537 151 
150537 69 
150612 93 
151426 91 
152071 103 
152071 101 
152977 100 
152977 2
152977 1584
152977 11
154976 25 
155022 75 
155725 72 
155725 70 
156455 80 
156508 83 
157388 64 
158589 256 
158654 63 
158720 150 
158720 68 
158720 65
158799 92 
159152 90 
160255 103 
160255 101 
160761 100 
160761 2
160761 1584
160761 10
162760 25 
162818 75 
163520 72 
163520 70 
164118 80 
164185 83 
164891 64 
165344 61 
165411 150 
165411 68 
165411 65
165486 92 
165859 90 
166941 103 
166941 101 
167450 100 
167450 2
167450 1584
167450 11
169450 25 
169495 75 
170200 72 
170200 70 
170809 80 
170875 83 
170995 64 
171237 63 
171315 150 
171315 68 
171315 65
171391 92 
171796 90 
172845 103 
172845 101 
173358 100 
173358 2
173358 1584
173358 10
175356 25 
175403 75 
176108 72 
176108 70 
176713 80 
176779 83 
177712 64 
177901 256 
177966 61 
178032 150 
178032 68 
178032 65
178113 92 
178449 90 
179565 103 
179565 101 
180073 100 
180073 2
180073 1584
180073 10
182073 25 
182120 75 
182825 72 
182825 70 
183430 80 
183497 83 
183923 64 
184152 256 
184216 63 
184283 151 
184283 69 
184360 93 
185814 103 
185814 101 
186723 100 
186723 2
186723 1584
186723 10
188722 25 
188767 75 
189471 72 
189471 70 
190067 80 
190134 83 
190893 64 
191242 256 
191307 61 
191373 150 
191373 68 
191373 65
191450 92 
191811 90 
192906 103 
192906 101 
193412 100 
193412 2
193412 1584
193412 11
195413 25 
195457 75 
196157 72 
196157 70 
196758 80 
196811 83 
197024 64 
197200 256 
197264 63 
197331 150 
197331 68 
197331 65
197410 92 
198860 103 
198860 101 
199370 100 
199370 2
199370 1584
199370 11
201370 25 
201419 75 
202124 72 
202124 70 
202728 80 
202795 83 
203048 64 
204090 256 
204155 61 
204221 151 
204221 69 
204296 93 
205755 103 
205755 101 
206660 100 
206660 2
206660 1584
206660 11
208660 25 
208705 75 
209410 72 
209410 70 
210005 80 
210059 83 
210432 64 
211351 63 
211418 150 
211418 68 
211418 65
211496 92 
211891 90 
212949 103 
212949 101 
213457 100 
213457 2
213457 1584
213457 11
215458 25 
215503 75 
216206 72 
216206 70 
216802 80 
216856 83 
217109 64 
217404 256 
217469 63 
217536 150 
217536 68 
217536 65
217614 92 
219068 103 
219068 101 
219574 100 
219574 2
219574 1584
219574 10
221575 25 
221620 75 
222324 72 
222324 70 
223027 250 
223480 71 
223760 80 
223826 83 
224013 64 
224348 256 
224413 61 
224479 150 
224479 68 
224479 65
224555 92 
224925 90 
226010 103 
226010 101 
226520 100 
226520 2
226520 1584
226520 11
228519 25 
228568 75 
229270 72 
229270 70 
229877 80 
229944 83 
230117 64 
230345 63 
230410 150 
230410 68 
230410 65
230489 92 
230866 90 
230887 90 
231944 103 
231944 101 
232449 100 
232449 2
232449 1584
232449 11
234449 25 
234496 75 
235196 72 
235196 70 
235794 80 
235861 83 
235915 64 
236170 63 
236234 150 
236234 68 
236234 65
236319 92 
237768 103 
237768 101 
238273 100 
238273 2
238273 1584
238273 10
240274 25 
240320 75 
241024 72 
241024 70 
241632 250 
242072 71 
242352 80 
242418 83 
242645 64 
242873 256 
242938 61 
243005 152 
243005 69 
243082 93 
244102 91 
244365 91 
244535 103 
244535 101 
245445 100 
245445 2
245445 1584
245445 10
247445 25 
247489 75 
248190 72 
248190 70 
248789 80 
248856 83 
249629 64 
249857 256 
249922 61 
249988 150 
249988 68 
249988 65
250069 92 
250412 90 
251520 103 
251520 101 
252029 100 
252029 2
252029 1584
252029 10
254028 25 
254077 75 
254780 72 
254780 70 
255386 80 
255453 83 
255519 64 
256547 256 
256666 63 
256799 151 
256799 69 
256878 93 
258331 103 
258331 101 
259238 100 
259238 2
259238 1584
259238 10
261238 25 
261283 75 
261983 72 
261983 70 
262450 250 
262680 71 
263090 80 
263210 83 
267608 64 
268436 61 
268501 150 
268501 68 
268501 65
268577 92 
269012 90 
270030 103 
270030 101 
270540 100 
270540 2
270540 1584
270540 11
272541 25 
272589 75 
273294 72 
273294 70 
273898 80 
273952 83 
274125 64 
274301 256 
274365 63 
274431 150 
274431 68 
274431 65
274513 92 
275963 103 
275963 101 
276470 100 
276470 2
276470 1584
276470 11
278471 25 
278516 75 
279220 72 
279220 70 
279816 80 
279869 83 
280949 64 
281122 256 
281190 63 
281255 150 
281255 68 
281255 65
281334 92 
282788 103 
282788 101 
283294 100 
283294 2
283294 1584
283294 10
285296 25 
285339 75 
286043 72 
286043 70 
286653 80 
286720 83 
287000 64 
287255 61 
287319 150 
287319 68 
287319 65
287396 92 
287762 90 
288856 103 
288856 101 
289371 100 
289371 5
289371 1584
289371 10
289371 78 
291372 25 
291418 75 
292120 72 
292120 70 
292730 80 
292797 83 
293130 64 
293490 63 
293557 150 
293557 68 
293557 65
293631 92 
295088 103 
295088 101 
295595 100 
295595 5
295595 1584
295595 10
297596 25 
297641 75 
298346 72 
298346 70 
298954 80 
299021 83 
299088 64 
299343 62 
308470 252 
316454 151 
316454 69 
316529 93 
317985 103 
317985 101 
318893 100 
318893 5
318893 1584
318893 10
320893 25 
320942 75 
321647 72 
321647 70 
322251 80 
322318 83 
322531 64 
323198 61 
323264 153 
323264 68 
323264 65
323340 92 
323739 90 
324793 103 
324793 101 
325304 100 
325304 5
325304 1584
325304 11
327305 25 
327350 75 
328052 72 
328052 70 
328662 80 
328729 83 
328782 64 
329077 256 
329142 63 
329209 151 
329209 69 
329281 93 
330739 103 
330739 101 
331648 100 
331648 5
331648 1584
331648 10
333648 25 
333692 75 
334398 72 
334398 70 
335006 80 
335059 83 
335552 64 
337125 61 
337192 151 
337192 69 
337265 93 
338207 91 
338382 91 
338726 103 
338726 101 
339631 100 
339631 5
339631 1584
339631 11
341632 25 
341675 75 
342378 72 
342378 70 
342976 80 
343043 83 
343442 64 
344871 62 
344935 150 
344935 68 
344935 65
345010 92 
345414 90 
346468 103 
346468 101 
346975 100 
346975 5
346975 1584
346975 11
348974 25 
349020 75 
349725 72 
349725 70 
350333 80 
350399 83 
350520 64 
350801 256 
350933 62 
350999 150 
350999 68 
350999 65
351075 92 
351474 90 
352529 103 
352529 101 
353039 100 
353039 5
353039 1584
353039 10
355038 25 
355083 75 
355785 72 
355785 70 
356384 80 
356437 83 
356810 64 
357358 256 
357423 63 
357491 150 
357491 68 
357491 65
357565 92 
357941 90 
359024 103 
359024 101 
359530 100 
359530 5
359530 1584
359530 10
361530 25 
361574 75 
362276 72 
362276 70 
363047 80 
363114 83 
366752 64 
368274 256 
368338 62 
368405 151 
368405 69 
368485 93 
369173 91 
369937 103 
369937 101 
370847 100 
370847 5
370847 1584
370847 11
372845 25 
372890 75 
373592 72 
373592 70 
374189 80 
374243 83 
374669 64 
374964 62 
375029 150 
375029 68 
375029 65
375106 92 
375458 90 
376559 103 
376559 101 
377069 100 
377069 5
377069 1584
377069 11
379068 25 
379114 75 
379818 72 
379818 70 
380427 80 
380493 83 
380613 64 
380815 62 
380880 150 
380880 68 
380880 65
380958 92 
381495 90 
382409 103 
382409 101 
382919 100 
382919 5
382919 1584
382919 10
384919 25 
384967 75 
385670 72 
385670 70 
386278 80 
386344 83 
386691 64 
386920 256 
386984 63 
387051 152 
387051 69 
387126 93 
388367 91 
388581 103 
388581 101 
389489 100 
389489 5
389489 1584
389489 10
391490 25 
391535 75 
392237 72 
392237 70 
392848 80 
392901 83 
394181 64 
394634 61 
394701 151 
394701 69 
394778 93 
395232 91 
395554 91 
396232 103 
396232 101 
397143 100 
397143 5
397143 1584
397143 10
399140 25 
399185 75 
399887 72 
399887 70 
400485 80 
400538 83 
401285 64 
402151 61 
402218 151 
402218 69 
402291 93 
402800 91 
402956 91 
403177 91 
403397 91 
403512 91 
403751 103 
403751 101 
404658 100 
404658 5
404658 1584
404658 11
406657 25 
406702 75 
407403 72 
407403 70 
408002 80 
408055 83 
408282 64 
408457 256 
408522 62 
408588 150 
408588 68 
408588 65
408664 92 
409031 90 
409051 90 
410118 103 
410118 101 
410629 100 
410629 5
410629 1584
410629 11
412627 25 
412672 75 
413374 72 
413374 70 
413973 80 
414039 250 
414559 76 
414626 83 
414799 64 
414975 62 
415039 150 
415039 68 
415039 65
415119 92 
415499 90 
416569 103 
416569 101 
417079 100 
417079 5
417079 1584
417079 11
419077 25 
419127 75 
419830 72 
419830 70 
420437 80 
420503 83 
420570 64 
420863 62 
420930 150 
420930 68 
420930 65
421006 92 
421532 90 
422462 103 
422462 101 
422968 100 
422968 5
422968 1584
422968 11
424970 25 
425018 75 
425719 72 
425719 70 
426327 80 
426394 83 
426461 64 
426755 256 
426821 62 
426887 150 
426887 68 
426887 65
426962 92 
427454 90 
428417 103 
428417 101 
428925 100 
428925 5
428925 1584
428925 11
430927 25 
430972 75 
431676 72 
431676 70 
432285 80 
432351 83 
432418 64 
432607 256 
432671 62 
432738 150 
432738 68 
432738 65
432814 92 
433348 90 
434271 103 
434271 101 
434777 100 
434777 5
434777 1584
434777 11
436777 25 
436822 75 
437527 72 
437527 70 
438122 80 
438189 250 
438682 76 
438749 83 
438975 64 
439151 62 
439215 150 
439215 68 
439215 65
439290 92 
439718 90 
439738 90 
440746 103 
440746 101 
441255 100 
441255 5
441255 1584
441255 10
443255 25 
443300 75 
444005 72 
444005 70 
444613 80 
444680 83 
444733 64 
445133 63 
445199 150 
445199 68 
445199 65
445276 92 
445650 90 
446731 103 
446731 101 
447238 100 
447238 5
447238 1584
447238 10
449239 25 
449283 75 
449985 72 
449985 70 
450584 80 
450650 83 
450917 64 
451158 256 
451224 63 
451290 150 
451290 68 
451290 65
451375 92 
452819 103 
452819 101 
453330 100 
453330 5
453330 1584
453330 11
455329 25 
455388 75 
456090 72 
456090 70 
456701 80 
456768 83 
456928 64 
457170 256 
457234 62 
457301 150 
457301 68 
457301 65
457375 92 
457798 90 
458832 103 
458832 101 
459339 100 
459339 5
459339 1584
459339 11
461340 25 
461385 75 
462086 72 
462086 70 
462765 80 
462885 250 
463258 76 
463378 83 
463498 64 
463740 62 
463858 150 
463858 68 
463858 65
463936 92 
464331 90 
465390 103 
465390 101 
465899 100 
465899 5
465899 1584
465899 10
467897 25 
467943 75 
468643 72 
468643 70 
469376 80 
469443 83 
469563 64 
469831 256 
469896 63 
470016 150 
470016 68 
470016 65
470091 92 
470462 90 
471546 103 
471546 101 
472057 100 
472057 1
472057 1584
472057 10
472057 78 
474054 25 
474100 75 
474801 72 
474801 70 
475547 80 
475613 83 
475906 64 
476029 256 
476146 63 
476266 153 
476266 68 
476266 65
476346 92 
477800 103 
477800 101 
478305 100 
478305 1
478305 1584
478305 10
480305 25 
480351 75 
481052 72 
481052 70 
481784 80 
481904 83 
483170 64 
483639 256 
483756 63 
483823 151 
483823 69 
483901 93 
484375 91 
485357 103 
485357 101 
486262 100 
486262 1
486262 1584
486262 10
488265 25 
488308 75 
489013 72 
489013 70 
489754 80 
489887 83 
490220 64 
491262 61 
491393 150 
491393 68 
491393 65
491464 92 
491881 90 
491901 90 
492925 103 
492925 101 
493433 100 
493433 1
493433 1584
493433 10
495433 25 
495491 75 
496193 72 
496193 70 
496924 80 
496991 83 
497271 64 
497500 256 
497564 61 
497631 150 
497631 68 
497631 65
497705 92 
498133 90 
499160 103 
499160 101 
499671 100 
499671 1
499671 1584
499671 10
501671 25 
501720 75 
502422 72 
502422 70 
503028 80 
503095 83 
503521 64 
504374 256 
504508 61 
504574 150 
504574 68 
504574 65
504650 92 
505021 90 
506104 103 
506104 101 
506613 100 
506613 1
506613 1584
506613 11
508615 25 
508658 75 
509362 72 
509362 70 
509972 80 
510039 83 
510252 64 
510545 62 
510612 150 
510612 68 
510612 65
510688 92 
511080 90 
512140 103 
512140 101 
512650 100 
512650 1
512650 1584
512650 10
514651 25 
514697 75 
515400 72 
515400 70 
516010 80 
516063 83 
516223 64 
516464 61 
516529 150 
516529 68 
516529 65
516607 92 
517715 90 
518059 103 
518059 101 
518571 100 
518571 1
518571 1584
518571 11
520570 25 
520619 75 
521321 72 
521321 70 
521927 80 
521994 83 
522114 64 
522302 256 
522367 62 
522433 150 
522433 68 
522433 65
522509 92 
522998 90 
523964 103 
523964 101 
524474 100 
524474 1
524474 1584
524474 11
526474 25 
526518 75 
527220 72 
527220 70 
527831 250 
528271 71 
529164 71 
529484 80 
529750 250 
530230 76 
530297 83 
530457 64 
530685 62 
530750 150 
530750 68 
530750 65
530829 92 
531274 90 
531303 90 
532283 103 
532283 101 
532788 100 
532788 1
532788 1584
532788 11
534790 25 
534838 75 
535540 72 
535540 70 
536148 80 
536214 83 
536268 64 
536563 256 
536627 62 
536694 152 
536694 69 
536768 93 
538227 103 
538227 101 
539135 100 
539135 1
539135 1584
539135 10
541134 25 
541178 75 
541879 72 
541879 70 
542478 80 
542532 83 
543718 64 
543946 256 
544011 61 
544078 150 
544078 68 
544078 65
544160 92 
544517 90 
545608 103 
545608 101 
546116 100 
546116 1
546116 1584
546116 11
548118 25 
548161 75 
548867 72 
548867 70 
549475 80 
549542 83 
549809 64 
550197 256 
550262 62 
550328 150 
550328 68 
550328 65
550403 92 
550858 90 
550879 90 
551859 103 
551859 101 
552368 100 
552368 1
552368 1584
552368 10
554368 25 
554412 75 
555115 72 
555115 70 
555726 80 
555793 83 
555913 64 
556155 61 
556219 150 
556219 68 
556219 65
556298 92 
556773 90 
557752 103 
557752 101 
558260 100 
558260 1
558260 1584
558260 10
560259 25 
560307 75 
561007 72 
561007 70 
561604 80 
561670 83 
561790 64 
562179 256 
562243 61 
562310 150 
562310 68 
562310 65
562385 92 
562836 90 
563840 103 
563840 101 
564350 100 
564350 1
564350 1584
564350 11
566349 25 
566394 75 
567100 72 
567100 70 
567708 80 
567774 83 
567894 64 
568283 62 
568347 150 
568347 68 
568347 65
568423 92 
568893 90 
569882 103 
569882 101 
570387 100 
570387 1
570387 1584
570387 11
572388 25 
572432 75 
573137 72 
573137 70 
573745 80 
573798 83 
573918 64 
574160 62 
574225 150 
574225 68 
574225 65
574301 92 
574948 90 
575755 103 
575755 101 
576264 100 
576264 1
576264 1584
576264 10
578265 25 
578310 75 
579010 72 
579010 70 
579609 80 
579676 83 
585300 64 
585582 61 
585647 150 
585647 68 
585647 65
585725 92 
586792 90 
587177 103 
587177 101 
587687 100 
587687 1
587687 1584
587687 11
589686 25 
589731 75 
590432 72 
590432 70 
591031 80 
591084 83 
591324 64 
591500 256 
591564 62 
591631 150 
591631 68 
591631 65
591707 92 
592151 90 
593165 103 
593165 101 
593671 100 
593671 1
593671 1584
593671 11
595670 25 
595715 75 
596421 72 
596421 70 
597135 250 
597537 71 
597816 80 
597908 83 
598135 64 
598403 256 
598468 62 
598561 150 
598561 68 
598561 65
598638 92 
599194 90 
600091 103 
600091 101 
600599 100 
600599 6
600599 1584
600599 10
600599 78 
602601 25 
602646 75 
603349 72 
603349 70 
604066 80 
604159 250 
604705 76 
604799 83 
604892 64 
605052 61 
605145 153 
605145 68 
605145 65
605221 92 
606676 103 
606676 101 
607187 100 
607187 6
607187 1584
607187 10
609184 25 
609415 75 
610117 72 
610117 70 
610863 80 
610956 83 
611769 64 
612011 256 
612076 63 
612142 150 
612142 68 
612142 65
612215 92 
612603 90 
613677 103 
613677 101 
614182 100 
614182 6
614182 1584
614182 11
616183 25 
616227 75 
616932 72 
616932 70 
617540 80 
617673 250 
618193 76 
618260 83 
618380 64 
618622 62 
618686 151 
618686 69 
618761 93 
619451 91 
620216 103 
620216 101 
621126 100 
621126 6
621126 1584
621126 11
623126 25 
623171 75 
623874 72 
623874 70 
624484 80 
624537 83 
624777 64 
626085 256 
626150 61 
626216 150 
626216 68 
626216 65
626293 92 
626717 90 
626737 90 
627750 103 
627750 101 
628260 100 
628260 6
628260 1584
628260 10
630257 25 
630301 75 
631003 72 
631003 70 
631614 80 
631667 83 
631907 64 
632203 63 
632267 150 
632267 68 
632267 65
632342 92 
633800 103 
633800 101 
634305 100 
634305 6
634305 1584
634305 10
636306 25 
636352 75 
637057 72 
637057 70 
637665 80 
637731 83 
637852 64 
638093 256 
638158 63 
638225 150 
638225 68 
638225 65
638299 92 
639759 103 
639759 101 
640264 100 
640264 6
640264 1584
640264 11
642264 25 
642313 75 
643017 72 
643017 70 
643622 80 
643676 83 
644075 64 
644677 256 
644742 61 
644808 152 
644808 69 
644880 93 
646339 103 
646339 101 
647247 100 
647247 6
647247 1584
647247 11
649248 25 
649293 75 
649997 72 
649997 70 
650593 80 
650646 83 
653698 64 
654567 256 
654631 63 
654698 151 
654698 69 
654773 93 
656230 103 
656230 101 
657137 100 
657137 6
657137 1584
657137 10
659137 25 
659182 75 
659882 72 
659882 70 
660482 80 
660548 83 
661242 64 
661644 256 
661708 61 
661776 151 
661776 69 
661849 93 
663305 103 
663305 101 
664215 100 
664215 6
664215 1584
664215 10
666214 25 
666259 75 
666961 72 
666961 70 
667572 80 
667626 83 
668640 64 
669038 256 
669105 62 
669171 151 
669171 69 
669246 93 
670020 91 
670702 103 
670702 101 
671613 100 
671613 6
671613 1584
671613 11
673612 25 
673656 75 
674358 72 
674358 70 
674956 80 
675009 83 
675222 64 
676157 256 
676355 63 
676422 151 
676422 69 
676499 93 
677954 103 
677954 101 
678862 100 
678862 6
678862 1584
678862 10
680861 25 
680906 75 
681607 72 
681607 70 
682219 80 
682273 83 
682646 64 
683288 61 
683352 151 
683352 69 
683424 93 
684031 91 
684166 91 
684864 91 
684885 103 
684885 101 
685792 100 
685792 6
685792 1584
685792 11
687792 25 
687837 75 
688537 72 
688537 70 
689136 80 
689190 83 
690642 64 
692244 61 
692308 150 
692308 68 
692308 65
692382 92 
693046 90 
693846 103 
693846 101 
694360 100 
694360 6
694360 1584
694360 11
696361 25 
696409 75 
697112 72 
697112 70 
697719 80 
697786 83 
697906 64 
698188 256 
698319 61 
698386 152 
698386 69 
698461 93 
699074 91 
699101 91 
699917 103 
699917 101 
700824 100 
700824 6
700824 1584
700824 10
702826 25 
702870 75 
703571 72 
703571 70 
704170 80 
704237 83 
705743 64 
706956 256 
707024 61 
707089 151 
707089 69 
707160 93 
708619 103 
708619 101 
709527 100 
709527 6
709527 1584
709527 11
711529 25 
711574 75 
712277 72 
712277 70 
713006 80 
713073 83 
714472 64 
714768 256 
714832 63 
714899 151 
714899 69 
714978 93 
715359 91 
715389 91 
716436 103 
716436 101 
717339 100 
717339 6
717339 1584
717339 11
719339 25 
719384 75 
720086 72 
720086 70 
720683 80 
720750 83 
722536 64 
724403 61 
724468 150 
724468 68 
724468 65
724542 92 
724997 90 
725999 103 
725999 101 
726511 100 
726511 6
726511 1584
726511 10
728511 25 
728557 75 
729259 72 
729259 70 
729866 80 
729919 83 
730133 64 
730641 256 
730706 63 
730772 150 
730772 68 
730772 65
730844 92 
731227 90 
731249 90 
732307 103 
732307 101 
732811 100 
732811 6
732811 1584
732811 10
734811 25 
737588 75 
738293 72 
738293 70 
738889 80 
738942 83 
739275 64 
739504 256 
739568 63 
739635 150 
739635 68 
739635 65
739716 92 
741169 103 
741169 101 
741673 100 
741673 6
741673 1584
741673 10
743674 25 
743720 75 
744424 72 
744424 70 
745020 80 
745086 83 
745153 64 
745382 256 
745446 63 
745513 150 
745513 68 
745513 65
745597 92 
747043 103 
747043 101 
747551 100 
747551 6
747551 1584
747551 10
749551 25 
749902 75 
750607 72 
750607 70 
751270 250 
751713 71 
752030 80 
752083 83 
752350 64 
752590 256 
752723 63 
752790 150 
752790 68 
752790 65
752872 92 
754322 103 
754322 101 
754828 100 
754828 6
754828 1584
754828 11
756830 25 
756874 75 
757580 72 
757580 70 
758187 80 
758254 83 
759214 64 
759708 256 
759773 61 
759840 150 
759840 68 
759840 65
759912 92 
760282 90 
761371 103 
761371 101 
761878 100 
761878 6
761878 1584
761878 11
763880 25 
763925 75 
764627 72 
764627 70 
765238 80 
765304 83 
766850 64 
767970 63 
774740 252 
789694 151 
789694 69 
789764 93 
791231 103 
791231 101 
792146 100 
792146 6
792146 1584
792146 10
794147 25 
794195 75 
794896 72 
794896 70 
795492 80 
795545 83 
798384 64 
799025 62 
799090 153 
799090 68 
799090 65
799162 92 
799596 90 
800619 103 
800619 101 
801128 100 
801128 6
801128 1584
801128 10
803129 25 
803175 75 
803877 72 
803877 70 
804474 80 
804541 83 
804808 64 
806275 62 
806340 151 
806340 69 
806419 93 
806812 91 
806843 91 
806955 91 
807872 103 
807872 101 
808779 100 
808779 6
808779 1584
808779 11
810780 25 
810830 75 
811536 72 
811536 70 
812138 80 
812204 83 
813417 64 
814004 61 
814070 150 
814070 68 
814070 65
814144 92 
814508 90 
815602 103 
815602 101 
816109 100 
816109 6
816109 1584
816109 10
818110 25 
818156 75 
818859 72 
818859 70 
819468 80 
819521 83 
819841 64 
820548 256 
820616 63 
820681 150 
820681 68 
820681 65
820757 92 
821138 90 
822215 103 
822215 101 
822720 100 
822720 6
822720 1584
822720 11
824721 25 
825243 75 
825943 72 
825943 70 
826545 80 
826598 83 
826972 64 
827320 61 
827385 150 
827385 68 
827385 65
827459 92 
827836 90 
827857 90 
828913 103 
828913 101 
829428 100 
829428 6
829428 1584
829428 11
831426 25 
831469 75 
832170 72 
832170 70 
832769 80 
832836 83 
833089 64 
833384 63 
833449 151 
833449 69 
833520 93 
834980 103 
834980 101 
835889 100 
835889 6
835889 1584
835889 10
837890 25 
837933 75 
838203 73 
838490 73 
839094 72 
839094 70 
839700 80 
839766 83 
840619 64 
841567 61 
841632 151 
841632 69 
841702 93 
842412 91 
843166 103 
843166 101 
844072 100 
844072 6
844072 1584
844072 11
846072 25 
846116 75 
846822 72 
846822 70 
847416 80 
847470 83 
847950 64 
849257 61 
849322 150 
849322 68 
849322 65
849394 92 
849794 90 
850851 103 
850851 101 
851361 100 
851361 6
851361 1584
851361 10
853361 25 
853407 75 
854109 72 
854109 70 
854707 80 
854773 83 
856333 64 
857425 62 
857492 151 
857492 69 
857563 93 
858708 91 
859026 103 
859026 101 
859930 100 
859930 6
859930 1584
859930 11
861932 25 
861980 75 
862686 72 
862686 70 
863290 80 
863343 83 
863783 64 
864462 61 
864529 150 
864529 68 
864529 65
864605 92 
864946 90 
864967 90 
866058 103 
866058 101 
866569 100 
866569 6
866569 1584
866569 11
868569 25 
868614 75 
869317 72 
869317 70 
869927 80 
869993 83 
870606 64 
872501 62 
872566 151 
872566 69 
872637 93 
874096 103 
874096 101 
875004 100 
875004 6
875004 1584
875004 11
877005 25 
877428 75 
878131 72 
878131 70 
878736 80 
878803 83 
879563 64 
879856 61 
879923 150 
879923 68 
879923 65
879997 92 
880368 90 
881452 103 
881452 101 
881963 100 
881963 6
881963 1584
881963 11
883963 25 
884007 75 
884710 72 
884710 70 
885320 80 
885387 83 
885733 64 
886028 256 
886093 61 
886160 150 
886160 68 
886160 65
886237 92 
886579 90 
887692 103 
887692 101 
888198 100 
888198 6
888198 1584
888198 10
890200 25 
890592 75 
890751 73 
891398 72 
891398 70 
891997 80 
892064 83 
892291 64 
892519 256 
892584 63 
892637 150 
892637 68 
892637 65
892716 92 
893051 90 
894171 103 
894171 101 
894677 100 
894677 6
894677 1584
894677 10
896676 25 
896722 75 
897424 72 
897424 70 
898022 80 
898088 83 
898635 64 
898984 61 
899048 153 
899048 68 
899048 65
899124 92 
899516 90 
900580 103 
900580 101 
901086 100 
901086 6
901086 1584
901086 10
903087 25 
903132 75 
903837 72 
903837 70 
904446 80 
904512 83 
904579 64 
904862 256 
904925 61 
904992 151 
904992 69 
905068 93 
906525 103 
906525 101 
907432 100 
907432 6
907432 1584
907432 10
909432 25 
909476 75 
910177 72 
910177 70 
910776 80 
910843 83 
911323 64 
911911 61 
911976 151 
911976 69 
912046 93 
912676 91 
913510 103 
913510 101 
914416 100 
914416 6
914416 1584
914416 10
916416 25 
916460 75 
917164 72 
917164 70 
917946 80 
918066 83 
918533 64 
919201 61 
919306 151 
919306 69 
919376 93 
920028 91 
920838 103 
920838 101 
921744 100 
921744 6
921744 1584
921744 11
923746 25 
923796 75 
924505 72 
924505 70 
925263 80 
925330 83 
925490 64 
925998 256 
926183 61 
926276 150 
926276 68 
926276 65
926353 92 
926764 90 
927809 103 
927809 101 
928314 100 
928314 6
928314 1584
928314 11
930316 25 
930365 75 
931068 72 
931068 70 
931821 80 
931914 83 
932167 64 
932796 256 
932887 63 
932953 151 
932953 69 
933023 93 
933853 91 
934076 91 
934485 103 
934485 101 
935393 100 
935393 6
935393 1584
935393 11
937393 25 
937439 75 
938141 72 
938141 70 
938898 80 
938964 83 
939990 64 
940632 256 
940697 61 
940764 152 
940764 69 
940839 93 
941258 91 
942295 103 
942295 101 
943202 100 
943202 6
943202 1584
943202 11
945202 25 
947783 75 
948163 73 
948768 72 
948768 70 
949373 80 
949427 83 
949920 64 
950882 256 
950946 61 
951013 150 
951013 68 
951013 65
951085 92 
951471 90 
952546 103 
952546 101 
953053 100 
953053 6
953053 1584
953053 10
955051 25 
955097 75 
955800 72 
955800 70 
956398 80 
956464 83 
956530 64 
956812 256 
956877 63 
956945 150 
956945 68 
956945 65
957023 92 
957425 90 
958476 103 
958476 101 
958983 100 
958983 6
958983 1584
958983 11
960983 25 
961442 75 
962147 72 
962147 70 
962741 80 
962794 83 
962861 64 
963649 256 
963714 61 
963780 150 
963780 68 
963780 65
963858 92 
964235 90 
965310 103 
965310 101 
965824 100 
965824 6
965824 1584
965824 10
967822 25 
967865 75 
968568 72 
968568 70 
969178 80 
969245 83 
969525 64 
969754 256 
969818 63 
969885 150 
969885 68 
969885 65
969963 92 
971412 103 
971412 101 
971924 100 
971924 6
971924 1584
971924 10
973925 25 
973969 75 
974672 72 
974672 70 
975269 80 
975322 83 
975509 64 
975684 256 
975749 63 
975815 150 
975815 68 
975815 65
975891 92 
977348 103 
977348 101 
977854 100 
977854 6
977854 1584
977854 10
979855 25 
979900 75 
980604 72 
980604 70 
981213 80 
981280 83 
981413 64 
981655 256 
981720 63 
981786 150 
981786 68 
981786 65
981866 92 
983316 103 
983316 101 
983826 100 
983826 6
983826 1584
983826 11
985826 25 
985871 75 
986062 73 
986663 72 
986663 70 
987264 80 
987331 83 
987784 64 
988226 256 
988290 61 
988357 150 
988357 68 
988357 65
988437 92 
988781 90 
989893 103 
989893 101 
990397 100 
990397 6
990397 1584
990397 10
992395 25 
992441 75 
993146 72 
993146 70 
993741 80 
993808 250 
994994 76 
995061 83 
995300 64 
995609 63 
995674 150 
995674 68 
995674 65
995750 92 
996150 90 
997208 103 
997208 101 
997712 100 
997712 6
997712 1584
997712 11
999713 25 
1000067 75 
1000167 73 
1000870 72 
1000870 70 
1001471 80 
1001525 83 
1001898 64 
1002180 256 
1002311 61 
1002378 150 
1002378 68 
1002378 65
1002452 92 
1003910 103 
1003910 101 
1004418 100 
1004418 6
1004418 1584
1004418 11
1006417 25 
1006466 75 
1007167 72 
1007167 70 
1007789 80 
1007855 83 
1009228 64 
1009415 256 
1009483 61 
1009974 150 
1009974 68 
1009974 65
1010137 90 
1010159 92 
1011507 103 
1011507 101 
1012013 100 
1012013 6
1012013 1584
1012013 10
1014014 25 
1014059 75 
1014761 72 
1014761 70 
1015359 80 
1015425 83 
1015799 64 
1015987 256 
1024835 252 
1027727 61 
1027793 151 
1027793 69 
1027869 93 
1029331 103 
1029331 101 
1030250 100 
1030250 6
1030250 1584
1030250 11
1032247 25 
1032291 75 
1032995 72 
1032995 70 
1033591 80 
1033644 83 
1034604 64 
1035190 61 
1035257 150 
1035257 68 
1035257 65
1035331 92 
1035773 90 
1036789 103 
1036789 101 
1037297 100 
1037297 6
1037297 1584
1037297 11
1039296 25 
1039341 75 
1040047 72 
1040047 70 
1040788 80 
1040855 83 
1040975 64 
1041216 256 
1041454 63 
1041574 151 
1041574 69 
1041653 93 
1043107 103 
1043107 101 
1044014 100 
1044014 6
1044014 1584
1044014 11
1046014 25 
1046566 75 
1047060 73 
1047663 72 
1047663 70 
1048478 80 
1048598 83 
1048891 64 
1049146 256 
1049211 61 
1049864 152 
1049864 69 
1049942 93 
1050353 91 
1051037 91 
1051399 103 
1051399 101 
1052303 100 
1052303 6
1052303 1584
1052303 10
1054303 25 
1054792 75 
1055493 72 
1055493 70 
1056102 80 
1056221 83 
1060620 76 
1061193 76 
1066910 76 
1067603 252 
1068352 256 
1078839 63 
1078905 150 
1078905 68 
1078905 65
1078982 92 
1080438 103 
1080438 101 
1080944 100 
1080944 6
1080944 1584
1080944 10
1082944 25 
1082991 75 
1083696 72 
1083696 70 
1084303 80 
1084370 83 
1085489 64 
1086211 61 
1086275 151 
1086275 69 
1086347 93 
1087805 103 
1087805 101 
1088714 100 
1088714 6
1088714 1584
1088714 10
1090715 25 
1090760 75 
1091465 72 
1091465 70 
1092073 80 
1092126 83 
1092566 64 
1092862 256 
1092926 61 
1092993 151 
1092993 69 
1093071 93 
1094526 103 
1094526 101 
1095432 100 
1095432 6
1095432 1584
1095432 11
1097432 25 
1105409 75 
1106117 72 
1106117 70 
1106720 80 
1106787 83 
1108733 64 
1109201 256 
1109266 61 
1109332 150 
1109332 68 
1109332 65
1109412 92 
1109799 90 
1110861 103 
1110861 101 
1111371 100 
1111371 6
1111371 1584
1111371 10
1113372 25 
1113729 75 
1114435 72 
1114435 70 
1115037 80 
1115103 83 
1115223 64 
1115516 63 
1115583 150 
1115583 68 
1115583 65
1115663 92 
1116015 90 
1117117 103 
1117117 101 
1117622 100 
1117622 6
1117622 1584
1117622 10
1119623 25 
1119668 75 
1120369 72 
1120369 70 
1122167 250 
1122433 71 
1122713 80 
1122767 83 
1124819 64 
1125141 256 
1125206 61 
1125272 151 
1125272 69 
1125345 93 
1125796 91 
1126806 103 
1126806 101 
1127711 100 
1127711 6
1127711 1584
1127711 11
1129712 25 
1131403 75 
1132104 72 
1132104 70 
1132709 80 
1132776 83 
1136641 64 
1137283 61 
1137347 150 
1137347 68 
1137347 65
1137423 92 
1137777 90 
1138879 103 
1138879 101 
1139388 100 
1139388 6
1139388 1584
1139388 11
1141388 25 
1147777 75 
1148483 72 
1148483 70 
1149089 80 
1149156 83 
1153714 64 
1153969 256 
1154033 61 
1154100 150 
1154100 68 
1154100 65
1154178 92 
1154554 90 
1155630 103 
1155630 101 
1156140 100 
1156140 6
1156140 1584
1156140 10
1158140 25 
1158185 75 
1158886 72 
1158886 70 
1159671 80 
1159791 83 
1160284 64 
1160579 63 
1160697 152 
1160697 69 
1160773 93 
1161271 91 
1162230 103 
1162230 101 
1163151 100 
1163151 6
1163151 1584
1163151 11
1165150 25 
1165195 75 
1165899 72 
1165899 70 
1166628 80 
1166695 83 
1167028 64 
1167457 61 
1167521 150 
1167521 68 
1167521 65
1167594 92 
1167965 90 
1169052 103 
1169052 101 
1169565 100 
1169565 6
1169565 1584
1169565 10
1171563 25 
1171610 75 
1172315 72 
1172315 70 
1173052 80 
1173172 83 
1173452 64 
1173761 63 
1173878 150 
1173878 68 
1173878 65
1173956 92 
1174285 90 
1174306 90 
1175409 103 
1175409 101 
1175918 100 
1175918 6
1175918 1584
1175918 11
1177917 25 
1177962 75 
1178663 72 
1178663 70 
1179410 80 
1179476 83 
1180382 64 
1180691 256 
1180755 61 
1180876 150 
1180876 68 
1180876 65
1180951 92 
1182406 103 
1182406 101 
1182914 100 
1182914 6
1182914 1584
1182914 11
1184916 25 
1184962 75 
1185663 72 
1185663 70 
1186380 80 
1186433 83 
1188152 64 
1188512 61 
1188579 150 
1188579 68 
1188579 65
1188659 92 
1189000 90 
1190112 103 
1190112 101 
1190617 100 
1190617 6
1190617 1584
1190617 10
1192619 25 
1192663 75 
1193366 72 
1193366 70 
1193963 80 
1194030 83 
1194350 64 
1194576 256 
1194645 63 
1194710 150 
1194710 68 
1194710 65
1194785 92 
1195222 90 
1196240 103 
1196240 101 
1196749 100 
1196749 6
1196749 1584
1196749 10
1198749 25 
1198795 75 
1201061 73 
1201238 73 
1201843 72 
1201843 70 
1202440 80 
1202493 83 
1207891 64 
1211916 252 
1234015 256 
1234080 62 
1244462 255 
1248340 151 
1248340 69 
1248416 93 
1249871 103 
1249871 101 
1250780 100 
1250780 6
1250780 1584
1250780 11
1252780 25 
1262818 254 
1267718 75 
1268423 72 
1268423 70 
1269025 80 
1269078 83 
1269451 64 
1269694 61 
1269758 152 
1269758 69 
1282991 91 
1283018 93 
1283018 103 
1283018 101 
1283925 100 
1283925 6
1283925 1584
1283925 11
1285926 25 
1285972 75 
1286673 72 
1286673 70 
1287404 80 
1287471 83 
1288510 64 
1288686 256 
1288750 61 
1288817 150 
1288817 68 
1288817 65
1288891 92 
1289244 90 
1290189 90 
1290349 103 
1290349 101 
1290857 100 
1290857 6
1290857 1584
1290857 10
1292856 25 
1292916 75 
1293622 72 
1293622 70 
1294256 80 
1294388 83 
1294441 64 
1294949 63 
1295014 150 
1295014 68 
1295014 65
1295086 92 
1295443 90 
1296548 103 
1296548 101 
1297052 100 
1297052 6
1297052 1584
1297052 11
1299053 25 
1299099 75 
1299803 72 
1299803 70 
1300532 80 
1300598 83 
1300718 64 
1301171 61 
1301238 150 
1301238 68 
1301238 65
1301309 92 
1301724 90 
1302772 103 
1302772 101 
1303277 100 
1303277 6
1303277 1584
1303277 10
1305279 25 
1307526 75 
1308228 72 
1308228 70 
1308955 80 
1309021 83 
1309594 64 
1309943 256 
1310061 63 
1310181 150 
1310181 68 
1310181 65
1310255 92 
1311715 103 
1311715 101 
1312220 100 
1312220 6
1312220 1584
1312220 11
1314220 25 
1314266 75 
1314970 72 
1314970 70 
1315712 80 
1315779 83 
1317178 64 
1317418 61 
1317538 150 
1317538 68 
1317538 65
1317605 92 
1319059 103 
1319059 101 
1319564 100 
1319564 6
1319564 1584
1319564 10
1321564 25 
1331605 254 
1357025 75 
1357726 72 
1357726 70 
1358454 80 
1358574 83 
1360253 64 
1360668 256 
1360733 61 
1360853 151 
1360853 69 
1360929 93 
1361598 91 
1362385 103 
1362385 101 
1363292 100 
1363292 6
1363292 1584
1363292 11
1365292 25 
1368997 75 
1369698 72 
1369698 70 
1370449 80 
1370555 83 
1371382 64 
1372556 256 
1372621 63 
1372688 151 
1372688 69 
1372764 93 
1373309 91 
1374221 103 
1374221 101 
1375128 100 
1375128 6
1375128 1584
1375128 10
1377128 25 
1378040 75 
1378887 73 
1379492 72 
1379492 70 
1380098 80 
1380165 83 
1382897 64 
1383125 61 
1383190 151 
1383190 69 
1383267 93 
1383820 91 
1384723 103 
1384723 101 
1385630 100 
1385630 6
1385630 1584
1385630 10
1387630 25 
1397667 254 
1400047 75 
1400752 72 
1400752 70 
1401356 80 
1401422 83 
1407606 64 
1410219 256 
1410832 252 
1411805 61 
1412218 151 
1412218 69 
1412407 91 
1412429 93 
1412753 91 
1413222 91 
1413749 103 
1413749 101 
1414657 100 
1414657 6
1414657 1584
1414657 10
1416657 25 
1416703 75 
1417409 72 
1417409 70 
1418015 80 
1418069 83 
1418722 64 
1419110 256 
1419175 61 
1419241 151 
1419241 69 
1419316 93 
1419815 91 
1420058 91 
1420163 91 
1420774 103 
1420774 101 
1421680 100 
1421680 6
1421680 1584
1421680 10
1423680 25 
1423726 75 
1424429 72 
1424429 70 
1424653 250 
1425254 71 
1452603 71 
1452841 71 
1453174 80 
1453240 83 
1453734 252 
1453987 61 
1454053 151 
1454053 69 
1454131 93 
1454433 91 
1455088 91 
1455377 91 
1455587 103 
1455587 101 
1456492 100 
1456492 6
1456492 1584
1456492 11
1458493 25 
1462476 75 
1463179 72 
1463179 70 
1463783 80 
1463836 83 
1466355 64 
1466595 61 
1466661 152 
1466661 69 
1466732 93 
1468194 103 
1468194 101 
1469101 100 
1469101 6
1469101 1584
1469101 11
1471101 25 
1481141 254 
1510675 75 
1517148 73 
1517749 72 
1517749 70 
1518493 80 
1518613 83 
1519199 64 
1519374 256 
1519493 61 
1519613 150 
1519613 68 
1519613 65
1519689 92 
1521145 103 
1521145 101 
1521653 100 
1521653 6
1521653 1584
1521653 11
1523652 25 
1524106 75 
1524810 72 
1524810 70 
1525543 80 
1525610 83 
1525743 64 
1529410 256 
1529528 62 
1529595 151 
1529595 69 
1529667 93 
1531129 103 
1531129 101 
1532039 100 
1532039 6
1532039 1584
1532039 10
1534036 25 
1534553 75 
1535253 72 
1535253 70 
1535859 80 
1535912 83 
1536232 64 
1536461 256 
1536525 61 
1536592 151 
1536592 69 
1536667 93 
1537056 91 
1537512 91 
1537778 91 
1538122 103 
1538122 101 
1539032 100 
1539032 6
1539032 1584
1539032 11
1541032 25 
1541076 75 
1541779 72 
1541779 70 
1542376 80 
1542443 83 
1546175 64 
1546403 256 
1546534 61 
1546601 150 
1546601 68 
1546601 65
1546678 92 
1547016 90 
1547760 90 
1548131 103 
1548131 101 
1548642 100 
1548642 6
1548642 1584
1548642 10
1550641 25 
1554650 75 
1555352 72 
1555352 70 
1555957 80 
1556024 83 
1560875 64 
1561104 256 
1561168 61 
1561235 151 
1561235 69 
1561314 93 
1561882 91 
1562767 103 
1562767 101 
1563675 100 
1563675 6
1563675 1584
1563675 11
1565674 25 
1565719 75 
1566422 72 
1566422 70 
1567032 80 
1567086 83 
1567512 64 
1567901 256 
1567965 61 
1568032 150 
1568032 68 
1568032 65
1568111 92 
1568456 90 
1568672 90 
1569134 90 
1569346 90 
1569565 103 
1569565 101 
1570071 100 
1570071 6
1570071 1584
1570071 10
1572070 25 
1572117 75 
1572819 72 
1572819 70 
1573416 80 
1573470 83 
1625781 252 
1625850 256 
1628833 61 
1628953 151 
1628953 69 
1629026 93 
1630485 103 
1630485 101 
1631392 100 
1631392 6
1631392 1584
1631392 10
1633391 25 
1636254 75 
1643433 254 
1656673 73 
1662360 73 
1662473 73 
1662932 73 
1663726 73 
1664331 72 
1664331 70 
1665084 80 
1665151 83 
1667057 64 
1667350 61 
1667417 151 
1667417 69 
1667492 93 
1667971 91 
1668949 103 
1668949 101 
1669856 100 
1669856 6
1669856 1584
1669856 11
1671857 25 
1678035 75 
1678741 72 
1678741 70 
1679345 80 
1679412 83 
1680131 64 
1680371 61 
1680438 152 
1680438 69 
1680510 93 
1680959 91 
1681455 91 
1681659 91 
1681970 103 
1681970 101 
1682877 100 
1682877 6
1682877 1584
1682877 11
1684880 25 
1684928 75 
1686210 73 
1686869 72 
1686869 70 
1687368 250 
1695394 71 
1695618 71 
1695898 80 
1695965 83 
1696791 64 
1696980 252 
1697044 150 
1697044 68 
1697044 65
1697119 92 
1698581 103 
1698581 101 
1699098 100 
1699098 6
1699098 1584
1699098 10
1701096 25 
1702929 75 
1703264 73 
1703868 72 
1703868 70 
1704468 80 
1704521 83 
1704961 64 
1705523 61 
1705587 151 
1705587 69 
1705665 93 
1706154 91 
1707121 103 
1707121 101 
1708026 100 
1708026 6
1708026 1584
1708026 11
1710028 25 
1710072 75 
1710774 72 
1710774 70 
1711371 80 
1711425 83 
1711705 64 
1711947 61 
1712011 150 
1712011 68 
1712011 65
1712097 92 
1712612 90 
1712984 90 
1713541 103 
1713541 101 
1714050 100 
1714050 6
1714050 1584
1714050 10
1716051 25 
1716576 75 
1717293 73 
1717897 72 
1717897 70 
1718395 71 
1718768 250 
1742745 71 
1765762 71 
1766148 80 
1766255 83 
1767934 252 
1768109 256 
1768174 61 
1768241 151 
1768241 69 
1768319 93 
1769772 103 
1769772 101 
1770681 100 
1770681 6
1770681 1584
1770681 11
1772680 25 
1772725 75 
1773427 72 
1773427 70 
1774025 80 
1774079 83 
1776132 64 
1778599 62 
1783541 252 
1794923 151 
1794923 69 
1794995 93 
1795509 91 
1796456 103 
1796456 101 
1797362 100 
1797362 6
1797362 1584
1797362 10
1799362 25 
1799408 75 
1800110 72 
1800110 70 
1800707 80 
1800761 83 
1801667 64 
1801962 61 
1802027 151 
1802027 69 
1802103 93 
1802485 91 
1803560 103 
1803560 101 
1804467 100 
1804467 6
1804467 1584
1804467 11
1806466 25 
1807407 75 
1808112 72 
1808112 70 
1808877 71 
1809157 80 
1809224 83 
1809450 76 
1814901 64 
1815037 256 
1815101 255 
1816394 62 
1816460 151 
1816460 69 
1827000 91 
1827022 93 
1827022 103 
1827022 101 
1827936 100 
1827936 6
1827936 1584
1827936 10
1829936 25 
1830305 75 
1830501 73 
1831153 72 
1831153 70 
1831761 80 
1831814 83 
1832134 64 
1832309 256 
1832374 61 
1832441 151 
1832441 69 
1832519 93 
1832998 91 
1833481 91 
1833893 91 
1833970 103 
1833970 101 
1834879 100 
1834879 6
1834879 1584
1834879 11
1836881 25 
1836924 75 
1837628 72 
1837628 70 
1838225 80 
1838291 83 
1838665 64 
1838960 256 
1839024 61 
1839091 150 
1839091 68 
1839091 65
1839168 92 
1839622 90 
1840624 103 
1840624 101 
1841131 100 
1841131 6
1841131 1584
1841131 11
1843129 25 
1843175 75 
1843877 72 
1843877 70 
1844049 250 
1844915 71 
1845408 80 
1845475 83 
1845795 64 
1845970 256 
1846035 61 
1846101 150 
1846101 68 
1846101 65
1846173 92 
1847638 103 
1847638 101 
1848140 100 
1848140 6
1848140 1584
1848140 10
1850142 25 
1850920 75 
1851623 72 
1851623 70 
1852219 80 
1852272 83 
1857430 64 
1857670 61 
1857736 151 
1857736 69 
1857816 93 
1858138 91 
1859271 103 
1859271 101 
1860176 100 
1860176 6
1860176 1584
1860176 11
1862177 25 
1871525 75 
1872230 254 
1874764 73 
1875365 72 
1875365 70 
1876169 80 
1876235 83 
1876728 64 
1876851 256 
1876968 61 
1877102 150 
1877102 68 
1877102 65
1877179 92 
1877571 90 
1877682 90 
1878633 103 
1878633 101 
1879140 100 
1879140 6
1879140 1584
1879140 10
1881140 25 
1881186 75 
1881889 72 
1881889 70 
1882646 80 
1882739 83 
1882992 64 
1883579 61 
1883685 153 
1883685 68 
1883685 65
1883764 92 
1885218 103 
1885218 101 
1885725 100 
1885725 6
1885725 1584
1885725 10
1887726 25 
1897769 254 
1898599 75 
1899333 73 
1899793 73 
1900083 73 
1900377 73 
1900906 73 
1901558 73 
1901879 73 
1902330 73 
1902618 73 
1903039 73 
1903639 72 
1903639 70 
1904343 80 
1904437 83 
1925814 252 
1926054 256 
1949005 61 
1949071 151 
1949071 69 
1949196 91 
1949223 93 
1949469 91 
1950601 103 
1950601 101 
1951511 100 
1951511 6
1951511 1584
1951511 11
1953510 25 
1953555 75 
1954260 72 
1954260 70 
1954855 80 
1954909 83 
1958694 64 
1958949 61 
1959014 150 
1959014 68 
1959014 65
1959091 92 
1959464 90 
1960546 103 
1960546 101 
1961054 100 
1961054 6
1961054 1584
1961054 11
1963054 25 
1963097 75 
1963804 72 
1963804 70 
1964411 80 
1964478 83 
1964638 64 
1964879 61 
1964944 150 
1964944 68 
1964944 65
1965019 92 
1966477 103 
1966477 101 
1966983 100 
1966983 6
1966983 1584
1966983 10
1968985 25 
1969029 75 
1969731 72 
1969731 70 
1970329 80 
1970382 83 
1970649 64 
1970878 256 
1970942 61 
1971009 151 
1971009 69 
1971083 93 
1972539 103 
1972539 101 
1973452 100 
1973452 6
1973452 1584
1973452 10
1975449 25 
1975493 75 
1976194 72 
1976194 70 
1976793 80 
1976846 83 
1977539 64 
1978006 61 
1978072 151 
1978072 69 
1978153 93 
1978571 91 
1979607 103 
1979607 101 
1980510 100 
1980510 6
1980510 1584
1980510 11
1982511 25 
1982557 75 
1983258 72 
1983258 70 
1983856 80 
1983923 83 
1984203 64 
1984498 61 
1984563 150 
1984563 68 
1984563 65
1984639 92 
1985358 90 
1985783 90 
1985982 90 
1986097 103 
1986097 101 
1986601 100 
1986601 6
1986601 1584
1986601 11
1988603 25 
1988647 75 
1989349 72 
1989349 70 
1989947 80 
1990014 83 
1990240 64 
1990416 256 
1990480 61 
1990547 152 
1990547 69 
1990621 93 
1991225 91 
1992081 103 
1992081 101 
1992987 100 
1992987 6
1992987 1584
1992987 11
1994987 25 
1995714 75 
2005026 254 
2026448 73 
2027055 72 
2027055 70 
2027878 80 
2027945 83 
2029424 64 
2029717 61 
2029837 150 
2029837 68 
2029837 65
2029915 92 
2030319 90 
2031369 103 
2031369 101 
2031878 100 
2031878 6
2031878 1584
2031878 10
2033876 25 
2033922 75 
2034622 72 
2034622 70 
2035355 80 
2035421 83 
2035488 64 
2039021 256 
2043498 61 
2043565 151 
2043565 69 
2043643 93 
2044101 91 
2044937 91 
2045096 103 
2045096 101 
2046004 100 
2046004 6
2046004 1584
2046004 10
2048004 25 
2048049 75 
2048754 72 
2048754 70 
2049362 80 
2049415 83 
2049735 64 
2049911 256 
2049975 61 
2050042 151 
2050042 69 
2050117 93 
2050608 91 
2050677 91 
2051074 91 
2051572 103 
2051572 101 
2052485 100 
2052485 6
2052485 1584
2052485 11
2054482 25 
2054801 75 
2055502 72 
2055502 70 
2056106 80 
2056173 83 
2056652 64 
2056841 256 
2056906 61 
2056972 150 
2056972 68 
2056972 65
2057046 92 
2057569 90 
2058507 103 
2058507 101 
2059013 100 
2059013 6
2059013 1584
2059013 10
2061012 25 
2061737 75 
2062442 72 
2062442 70 
2063050 80 
2063103 83 
2063476 64 
2066035 256 
2072566 252 
2080123 62 
2080189 151 
2080189 69 
2080266 93 
2080816 91 
2081363 91 
2081719 103 
2081719 101 
2082628 100 
2082628 6
2082628 1584
2082628 10
2084629 25 
2085725 75 
2090121 73 
2090952 73 
2091310 73 
2091912 72 
2091912 70 
2092517 80 
2092584 83 
2097955 64 
2098183 256 
2098368 61 
2098435 151 
2098435 69 
2098518 93 
2098939 91 
2099322 91 
2099806 91 
2099968 103 
2099968 101 
2100873 100 
2100873 6
2100873 1584
2100873 11
2102875 25 
2112913 254 
2125640 75 
2126344 72 
2126344 70 
2126943 80 
2127009 83 
2129768 64 
2129941 256 
2130010 61 
2130075 150 
2130075 68 
2130075 65
2130151 92 
2131606 103 
2131606 101 
2132113 100 
2132113 6
2132113 1584
2132113 10
2134115 25 
2134159 75 
2134860 72 
2134860 70 
2135592 80 
2135659 83 
2137018 76 
2139151 64 
2139393 256 
2140804 62 
2140870 151 
2140870 69 
2140948 93 
2142403 103 
2142403 101 
2143308 100 
2143308 6
2143308 1584
2143308 10
2145310 25 
2148919 75 
2155350 254 
2177386 73 
2178034 72 
2178034 70 
2178641 80 
2178694 83 
2180040 64 
2180215 256 
2180280 61 
2180347 151 
2180347 69 
2180418 93 
2181881 103 
2181881 101 
2182787 100 
2182787 6
2182787 1584
2182787 10
2184785 25 
2184834 75 
2185536 72 
2185536 70 
2186131 80 
2186184 83 
2186837 64 
2187014 61 
2187077 153 
2187077 68 
2187077 65
2187155 92 
2187638 90 
2188612 103 
2188612 101 
2189116 100 
2189116 6
2189116 1584
2189116 10
2191118 25 
2191163 75 
2191635 73 
2196783 73 
2197386 72 
2197386 70 
2198006 80 
2198074 83 
2198526 64 
2198767 61 
2198832 151 
2198832 69 
2198911 93 
2199436 91 
2200363 103 
2200363 101 
2201271 100 
2201271 6
2201271 1584
2201271 11
2203271 25 
2203317 75 
2204022 72 
2204022 70 
2204630 80 
2204697 250 
2209603 76 
2210523 76 
2210588 83 
2213173 64 
2213348 256 
2213413 61 
2213480 150 
2213480 68 
2213480 65
2213557 92 
2213887 90 
2214213 90 
2214668 90 
2215009 103 
2215009 101 
2215518 100 
2215518 6
2215518 1584
2215518 10
2217519 25 
2217564 75 
2218267 72 
2218267 70 
2218864 80 
2218917 83 
2219025 64 
2219319 61 
2219384 151 
2219384 69 
2219462 93 
2220115 91 
2220916 103 
2220916 101 
2221824 100 
2221824 6
2221824 1584
2221824 10
2223824 25 
2223872 75 
2224573 72 
2224573 70 
2225181 80 
2225235 83 
2225554 64 
2226062 61 
2226128 151 
2226128 69 
2226208 93 
2227662 103 
2227662 101 
2228567 100 
2228567 6
2228567 1584
2228567 11
2230566 25 
2230615 75 
2231317 72 
2231317 70 
2231912 80 
2231965 83 
2232285 64 
2232460 256 
2232525 61 
2232591 150 
2232591 68 
2232591 65
2232667 92 
2233029 90 
2233419 90 
2233824 90 
2234124 103 
2234124 101 
2234632 100 
2234632 6
2234632 1584
2234632 11
2236632 25 
2236676 75 
2237378 72 
2237378 70 
2238162 80 
2238256 250 
2238962 76 
2239509 76 
2239575 83 
2240015 64 
2240191 256 
2240255 61 
2240322 150 
2240322 68 
2240322 65
2240397 92 
2241162 90 
2241428 90 
2241753 90 
2241857 103 
2241857 101 
2242366 100 
2242366 6
2242366 1584
2242366 11
2244363 25 
2244406 75 
2245110 72 
2245110 70 
2245719 80 
2245786 83 
2245946 64 
2246122 256 
2246186 61 
2246252 150 
2246252 68 
2246252 65
2246333 92 
2247331 90 
2247784 103 
2247784 101 
2248293 100 
2248293 6
2248293 1584
2248293 11
2250292 25 
2250337 75 
2251040 72 
2251040 70 
2251637 80 
2251690 83 
2251757 64 
2251997 61 
2252063 150 
2252063 68 
2252063 65
2252141 92 
2253434 90 
2253597 103 
2253597 101 
2254103 100 
2254103 6
2254103 1584
2254103 10
2256104 25 
2256148 75 
2256850 72 
2256850 70 
2257448 80 
2257501 83 
2257781 64 
2257956 256 
2258021 63 
2258087 150 
2258087 68 
2258087 65
2258164 92 
2259350 90 
2259619 103 
2259619 101 
2260127 100 
2260127 6
2260127 1584
2260127 10
2262126 25 
2262172 75 
2262872 72 
2262872 70 
2263472 80 
2263538 83 
2265258 64 
2265431 256 
2265500 61 
2265564 151 
2265564 69 
2265638 93 
2267095 103 
2267095 101 
2268003 100 
2268003 6
2268003 1584
2268003 11
2270004 25 
2278737 75 
2279442 73 
2279531 73 
2280048 254 
2280796 73 
2281068 73 
2281200 73 
2283245 73 
2283641 73 
2283851 73 
2283947 73 
2284553 73 
2284666 73 
2284778 73 
2284971 73 
2285412 73 
2286378 73 
2287327 73 
2287686 73 
2288661 73 
2289651 73 
2308804 73 
2309411 72 
2309411 70 
2310012 80 
2310079 83 
2310945 64 
2311121 256 
2311186 61 
2311252 150 
2311252 68 
2311252 65
2311328 92 
2311637 90 
2312021 90 
2312550 90 
2312785 103 
2312785 101 
2313290 100 
2313290 6
2313290 1584
2313290 10
2315291 25 
2315336 75 
2316036 72 
2316036 70 
2316636 80 
2316703 83 
2317076 64 
2319035 256 
2319741 255 
2320128 61 
2320423 151 
2320423 69 
2322515 91 
2322536 93 
2322536 103 
2322536 101 
2323446 100 
2323446 6
2323446 1584
2323446 11
2325447 25 
2325493 75 
2326195 72 
2326195 70 
2326805 80 
2326858 83 
2328204 64 
2328379 256 
2328444 61 
2328511 150 
2328511 68 
2328511 65
2328591 92 
2329455 90 
2329761 90 
2330041 103 
2330041 101 
2330551 100 
2330551 6
2330551 1584
2330551 11
2332551 25 
2332596 75 
2333302 72 
2333302 70 
2333429 250 
2347756 71 
2348249 80 
2348316 83 
2348823 252 
2349025 256 
2349089 61 
2349156 150 
2349156 68 
2349156 65
2349233 92 
2350039 90 
2350522 90 
2350686 103 
2350686 101 
2351196 100 
2351196 6
2351196 1584
2351196 10
2353195 25 
2353255 75 
2353956 72 
2353956 70 
2354607 250 
2373066 71 
2373385 80 
2373453 83 
2374918 252 
2375093 256 
2375158 61 
2375225 151 
2375225 69 
2375299 93 
2375794 91 
2376757 103 
2376757 101 
2377664 100 
2377664 6
2377664 1584
2377664 11
2379664 25 
2381608 75 
2384960 73 
2385566 72 
2385566 70 
2386113 250 
2387088 71 
2387366 80 
2387419 83 
2388219 64 
2388408 256 
2388472 61 
2388539 150 
2388539 68 
2388539 65
2388613 92 
2389373 90 
2389672 90 
2390072 103 
2390072 101 
2390579 100 
2390579 6
2390579 1584
2390579 11
2392579 25 
2392623 75 
2398492 73 
2401208 73 
2401810 72 
2401810 70 
2402413 80 
2402480 83 
2402653 64 
2402828 256 
2402893 61 
2402960 152 
2402960 69 
2403037 93 
2403473 91 
2403918 91 
2404219 91 
2404491 103 
2404491 101 
2405398 100 
2405398 6
2405398 1584
2405398 10
2407399 25 
2407444 75 
2408149 72 
2408149 70 
2408757 80 
2408824 83 
2410210 64 
2410505 61 
2410570 151 
2410570 69 
2410645 93 
2412102 103 
2412102 101 
2413008 100 
2413008 6
2413008 1584
2413008 10
2415010 25 
2415344 75 
2415747 73 
2416198 73 
2416659 73 
2417639 73 
2418245 73 
2418326 73 
2418930 72 
2418930 70 
2419526 80 
2419593 83 
2432307 252 
2434668 256 
2438984 61 
2439051 153 
2439051 68 
2439051 65
2439128 92 
2439518 90 
2439903 90 
2440262 90 
2440283 90 
2440584 103 
2440584 101 
2441090 100 
2441090 6
2441090 1584
2441090 11
2443091 25 
2443136 75 
2443837 72 
2443837 70 
2444435 80 
2444489 83 
2444675 64 
2444850 256 
2444915 61 
2444982 150 
2444982 68 
2444982 65
2445060 92 
2445654 90 
2446038 90 
2446516 103 
2446516 101 
2447024 100 
2447024 6
2447024 1584
2447024 10
2449021 25 
2449066 75 
2449772 72 
2449772 70 
2450380 80 
2450433 83 
2452259 64 
2452448 61 
2452512 151 
2452512 69 
2452586 93 
2454046 103 
2454046 101 
2454952 100 
2454952 6
2454952 1584
2454952 10
2456951 25 
2456997 75 
2457699 72 
2457699 70 
2458296 80 
2458350 83 
2459589 64 
2459817 256 
2467799 252 
2493121 61 
2493188 151 
2493188 69 
2493361 91 
2493382 93 
2494213 91 
2494722 103 
2494722 101 
2495628 100 
2495628 6
2495628 1584
2495628 10
2497629 25 
2498183 75 
2498892 72 
2498892 70 
2499239 250 
2499934 71 
2500265 80 
2500319 83 
2501145 64 
2501333 61 
2501398 151 
2501398 69 
2501481 93 
2502023 91 
2502931 103 
2502931 101 
2503838 100 
2503838 6
2503838 1584
2503838 11
2505837 25 
2505883 75 
2506587 72 
2506587 70 
2507182 80 
2507249 83 
2507316 64 
2509596 256 
2512035 61 
2512100 150 
2512100 68 
2512100 65
2512181 92 
2512978 90 
2513541 90 
2513631 103 
2513631 101 
2514140 100 
2514140 6
2514140 1584
2514140 11
2516139 25 
2516185 75 
2516889 72 
2516889 70 
2517485 80 
2517551 83 
2517671 64 
2517848 256 
2517911 61 
2517978 150 
2517978 68 
2517978 65
2518059 92 
2519506 103 
2519506 101 
2520017 100 
2520017 6
2520017 1584
2520017 10
2522018 25 
2522062 75 
2522768 72 
2522768 70 
2523375 80 
2523442 83 
2523615 64 
2523844 256 
2523909 61 
2523975 151 
2523975 69 
2524052 93 
2524708 91 
2525507 103 
2525507 101 
2526414 100 
2526414 6
2526414 1584
2526414 11
2528416 25 
2528473 75 
2529175 72 
2529175 70 
2529773 80 
2529839 83 
2530213 64 
2530439 61 
2530506 150 
2530506 68 
2530506 65
2530584 92 
2531719 90 
2531943 90 
2532038 103 
2532038 101 
2532545 100 
2532545 6
2532545 1584
2532545 11
2534545 25 
2534591 75 
2535296 72 
2535296 70 
2535903 80 
2535970 83 
2538063 64 
2538249 61 
2538316 150 
2538316 68 
2538316 65
2538396 92 
2538757 90 
2539847 103 
2539847 101 
2540355 100 
2540355 6
2540355 1584
2540355 10
2542355 25 
2542400 75 
2543106 72 
2543106 70 
2543887 80 
2543980 83 
2544380 64 
2544649 256 
2544740 61 
2544846 151 
2544846 69 
2544922 93 
2545347 91 
2546378 103 
2546378 101 
2547285 100 
2547285 6
2547285 1584
2547285 11
2549285 25 
2549334 75 
2550039 72 
2550039 70 
2550790 80 
2550884 83 
2551297 64 
2551550 61 
2551644 150 
2551644 68 
2551644 65
2551720 92 
2552061 90 
2552182 90 
2552760 90 
2553174 103 
2553174 101 
2553682 100 
2553682 6
2553682 1584
2553682 11
2555684 25 
2558590 75 
2558749 73 
2559351 72 
2559351 70 
2560107 80 
2560200 83 
2560373 64 
2569583 252 
2569822 61 
2569916 150 
2569916 68 
2569916 65
2569997 92 
2571362 90 
2571449 103 
2571449 101 
2571955 100 
2571955 6
2571955 1584
2571955 10
2573955 25 
2574001 75 
2574701 72 
2574701 70 
2575513 80 
2575593 83 
2583963 64 
2584216 61 
2584310 151 
2584310 69 
2584388 93 
2584757 91 
2585844 103 
2585844 101 
2586749 100 
2586749 6
2586749 1584
2586749 11
2588749 25 
2588794 75 
2589499 72 
2589499 70 
2590201 80 
2590267 83 
2590707 64 
2591000 256 
2591067 61 
2591133 152 
2591133 69 
2591210 93 
2592119 91 
2592559 91 
2592664 103 
2592664 101 
2593572 100 
2593572 6
2593572 1584
2593572 11
2595573 25 
2595618 75 
2596322 72 
2596322 70 
2596944 80 
2597078 250 
2597691 76 
2597757 83 
2598117 64 
2598425 255 
2600689 256 
2602517 61 
2602582 150 
2602582 68 
2602582 65
2602661 92 
2603384 90 
2603776 90 
2604113 103 
2604113 101 
2604620 100 
2604620 6
2604620 1584
2604620 11
2606621 25 
2606681 75 
2607384 72 
2607384 70 
2607993 80 
2608060 83 
2608126 64 
2608355 61 
2608420 150 
2608420 68 
2608420 65
2608499 92 
2609522 90 
2609956 103 
2609956 101 
2610459 100 
2610459 6
2610459 1584
2610459 10
2612460 25 
2612505 75 
2613208 72 
2613208 70 
2613804 80 
2613871 83 
2614990 64 
2615230 61 
2615297 151 
2615297 69 
2615370 93 
2616829 103 
2616829 101 
2617737 100 
2617737 6
2617737 1584
2617737 10
2619737 25 
2620402 75 
2620726 73 
2621331 72 
2621331 70 
2621934 80 
2622000 83 
2622400 64 
2622642 256 
2622707 61 
2622773 151 
2622773 69 
2622850 93 
2623284 91 
2623715 91 
2624121 91 
2624308 103 
2624308 101 
2625212 100 
2625212 6
2625212 1584
2625212 10
2627214 25 
2637252 254 
2643329 75 
2644031 72 
2644031 70 
2644631 80 
2644698 83 
2644977 64 
2645099 256 
2645164 61 
2645231 151 
2645231 69 
2645306 93 
2646139 91 
2646382 91 
2646761 103 
2646761 101 
2647670 100 
2647670 6
2647670 1584
2647670 11
2649670 25 
2649715 75 
2650418 72 
2650418 70 
2651015 80 
2651068 83 
2651388 64 
2651683 61 
2651748 150 
2651748 68 
2651748 65
2651825 92 
2652571 90 
2653279 103 
2653279 101 
2653787 100 
2653787 6
2653787 1584
2653787 11
2655787 25 
2655832 75 
2659073 73 
2659679 72 
2659679 70 
2660278 80 
2660344 83 
2661824 64 
2661998 256 
2662064 61 
2662130 150 
2662130 68 
2662130 65
2662207 92 
2663663 103 
2663663 101 
2664171 100 
2664171 6
2664171 1584
2664171 10
2666171 25 
2666215 75 
2666917 72 
2666917 70 
2667555 80 
2667608 83 
2668394 76 
2671540 76 
2671926 64 
2672419 256 
2672488 62 
2672552 151 
2672552 69 
2672629 93 
2672888 91 
2673748 91 
2674089 103 
2674089 101 
2675006 100 
2675006 6
2675006 1584
2675006 10
2677006 25 
2680190 75 
2680843 73 
2681478 72 
2681478 70 
2682082 80 
2682148 83 
2685467 64 
2685587 256 
2685655 61 
2685720 151 
2685720 69 
2685798 93 
2687253 103 
2687253 101 
2688161 100 
2688161 6
2688161 1584
2688161 11
2690160 25 
2690204 75 
2690904 72 
2690904 70 
2691638 80 
2691691 83 
2691798 64 
2691972 256 
2692104 61 
2692224 150 
2692224 68 
2692224 65
2692305 92 
2693112 90 
2693755 103 
2693755 101 
2694262 100 
2694262 6
2694262 1584
2694262 10
2696263 25 
2696322 75 
2697022 72 
2697022 70 
2697795 80 
2697875 83 
2699501 64 
2699741 61 
2707218 252 
2714695 151 
2714695 69 
2732752 91 
2732773 93 
2732773 103 
2732773 101 
2733690 100 
2733690 6
2733690 1584
2733690 10
2735687 25 
2738968 75 
2739672 72 
2739672 70 
2740271 80 
2740337 83 
2740510 64 
2740713 256 
2740777 61 
2740844 151 
2740844 69 
2740914 93 
2742374 103 
2742374 101 
2743282 100 
2743282 6
2743282 1584
2743282 11
2745284 25 
2746804 75 
2747747 73 
2748554 73 
2754396 73 
2755323 254 
2766616 73 
2766797 73 
2767398 72 
2767398 70 
2768006 80 
2768072 83 
2768605 64 
2768794 256 
2768858 61 
2768925 150 
2768925 68 
2768925 65
2769005 92 
2769328 90 
2769707 90 
2770369 90 
2770458 103 
2770458 101 
2770965 100 
2770965 6
2770965 1584
2770965 11
2772965 25 
2773009 75 
2773714 72 
2773714 70 
2774269 250 
2777111 71 
2778254 71 
2778574 80 
2778641 83 
2779574 64 
2779749 256 
2779814 61 
2779881 150 
2779881 68 
2779881 65
2779957 92 
2780638 90 
2780791 90 
2781415 103 
2781415 101 
2781920 100 
2781920 6
2781920 1584
2781920 10
2783921 25 
2783969 75 
2784674 72 
2784674 70 
2785278 80 
2785345 83 
2786864 64 
2787040 256 
2787104 61 
2787171 153 
2787171 68 
2787171 65
2787243 92 
2788704 103 
2788704 101 
2789209 100 
2789209 6
2789209 1584
2789209 10
2791211 25 
2791257 75 
2791958 72 
2791958 70 
2792555 80 
2792608 83 
2795567 76 
2795874 64 
2796049 256 
2801725 62 
2801791 151 
2801791 69 
2801864 93 
2803159 91 
2803323 103 
2803323 101 
2804231 100 
2804231 6
2804231 1584
2804231 11
2806233 25 
2806974 75 
2807675 72 
2807675 70 
2808362 80 
2808415 83 
2808735 64 
2809028 61 
2809148 150 
2809148 68 
2809148 65
2809225 92 
2810182 90 
2810685 103 
2810685 101 
2811202 100 
2811202 6
2811202 1584
2811202 10
2813201 25 
2813246 75 
2813947 72 
2813947 70 
2814679 80 
2814799 83 
2816865 64 
2817040 61 
2817105 151 
2817105 69 
2817182 93 
2818638 103 
2818638 101 
2819544 100 
2819544 6
2819544 1584
2819544 11
2821544 25 
2821589 75 
2822299 72 
2822299 70 
2822929 250 
2823091 71 
2823382 80 
2823449 83 
2823635 64 
2823929 256 
2823997 61 
2824115 150 
2824115 68 
2824115 65
2824244 90 
2824265 92 
2824599 90 
2825083 90 
2825432 90 
2825644 103 
2825644 101 
2826155 100 
2826155 6
2826155 1584
2826155 11
2828155 25 
2828202 75 
2828903 72 
2828903 70 
2829633 80 
2829699 83 
2830153 64 
2830341 61 
2830459 150 
2830459 68 
2830459 65
2830536 92 
2831991 103 
2831991 101 
2832498 100 
2832498 6
2832498 1584
2832498 10
2834498 25 
2836297 75 
2836472 73 
2837084 72 
2837084 70 
2837829 80 
2837923 83 
2839589 64 
2839855 61 
2839922 151 
2839922 69 
2839995 93 
2841455 103 
2841455 101 
2842363 100 
2842363 6
2842363 1584
2842363 11
2844362 25 
2844406 75 
2845109 72 
2845109 70 
2845413 250 
2845653 71 
2846172 80 
2846226 83 
2846586 64 
2846826 61 
2846893 150 
2846893 68 
2846893 65
2846967 92 
2848430 103 
2848430 101 
2848946 100 
2848946 6
2848946 1584
2848946 10
2850945 25 
2850996 75 
2851702 72 
2851702 70 
2852303 80 
2852370 83 
2854302 64 
2856557 256 
2856621 61 
2856688 151 
2856688 69 
2856882 91 
2856901 93 
2858220 103 
2858220 101 
2859127 100 
2859127 6
2859127 1584
2859127 11
2861128 25 
2861176 75 
2864195 73 
2865065 73 
2865666 72 
2865666 70 
2866284 80 
2866337 83 
2866670 64 
2866913 61 
2866977 150 
2866977 68 
2866977 65
2867054 92 
2867387 90 
2868158 90 
2868375 90 
2868508 103 
2868508 101 
2869015 100 
2869015 6
2869015 1584
2869015 10
2871016 25 
2871061 75 
2871764 72 
2871764 70 
2872361 80 
2872415 83 
2873121 64 
2873310 256 
2873441 61 
2873508 153 
2873508 68 
2873508 65
2873583 92 
2875040 103 
2875040 101 
2875547 100 
2875547 6
2875547 1584
2875547 10
2877547 25 
2877592 75 
2878294 72 
2878294 70 
2878892 80 
2878959 83 
2879292 64 
2879465 256 
2879534 61 
2879598 151 
2879598 69 
2879677 93 
2881131 103 
2881131 101 
2882039 100 
2882039 6
2882039 1584
2882039 10
2884038 25 
2884661 75 
2884735 73 
2885356 73 
2885947 73 
2886468 73 
2886840 73 
2887281 73 
2887643 73 
2888245 72 
2888245 70 
2888848 80 
2888914 83 
2889554 64 
2889730 256 
2889794 61 
2889861 151 
2889861 69 
2889935 93 
2890324 91 
2890662 91 
2890984 91 
2891393 103 
2891393 101 
2892299 100 
2892299 6
2892299 1584
2892299 11
2894301 25 
2894349 75 
2894536 73 
2895184 72 
2895184 70 
2895792 80 
2895858 83 
2896285 64 
2896473 61 
2896538 150 
2896538 68 
2896538 65
2896617 92 
2898072 103 
2898072 101 
2898577 100 
2898577 6
2898577 1584
2898577 10
2900578 25 
2900622 75 
2903228 73 
2903830 72 
2903830 70 
2904428 250 
2905068 71 
2914266 71 
2914544 80 
2914597 83 
2916170 252 
2916291 256 
2916356 61 
2916423 151 
2916423 69 
2916498 93 
2917954 103 
2917954 101 
2918862 100 
2918862 6
2918862 1584
2918862 11
2920862 25 
2930901 254 
2931801 75 
2940576 73 
2941180 72 
2941180 70 
2941785 80 
2941852 83 
2943025 64 
2943971 61 
2944038 150 
2944038 68 
2944038 65
2944112 92 
2944712 90 
2945164 90 
2945568 90 
2945568 103 
2945568 101 
2946076 100 
2946076 6
2946076 1584
2946076 11
2948077 25 
2948122 75 
2948828 72 
2948828 70 
2949569 80 
2949689 83 
2950728 64 
2951022 61 
2951142 152 
2951142 69 
2951219 93 
2951852 91 
2952673 103 
2952673 101 
2953581 100 
2953581 6
2953581 1584
2953581 11
2955580 25 
2955629 75 
2956333 72 
2956333 70 
2957072 80 
2957139 83 
2958925 64 
2959245 61 
2959365 150 
2959365 68 
2959365 65
2959441 92 
2959985 90 
2960124 90 
2960514 90 
2960899 103 
2960899 101 
2961404 100 
2961404 6
2961404 1584
2961404 10
2963405 25 
2963449 75 
2964153 72 
2964153 70 
2964896 80 
2964949 83 
2965389 64 
2965630 256 
2965749 63 
2965869 150 
2965869 68 
2965869 65
2965949 92 
2967397 103 
2967397 101 
2967908 100 
2967908 6
2967908 1584
2967908 10
2969908 25 
2969953 75 
2970654 72 
2970654 70 
2971386 80 
2971440 83 
2971813 64 
2972054 63 
2972173 150 
2972173 68 
2972173 65
2972254 92 
2973705 103 
2973705 101 
2974213 100 
2974213 6
2974213 1584
2974213 11
2976213 25 
2978779 75 
2979483 72 
2979483 70 
2980223 80 
2980316 83 
2980969 64 
2981209 61 
2981302 150 
2981302 68 
2981302 65
2981376 92 
2981747 90 
2982834 90 
2982834 103 
2982834 101 
2983342 100 
2983342 6
2983342 1584
2983342 10
2985341 25 
2985387 75 
2986089 72 
2986089 70 
2986780 80 
2986873 83 
2987353 64 
2987595 256 
2987659 63 
2987753 150 
2987753 68 
2987753 65
2987833 92 
2989283 103 
2989283 101 
2989793 100 
2989793 6
2989793 1584
2989793 10
2991792 25 
2991908 75 
2997284 73 
2997909 72 
2997909 70 
2998668 80 
2998761 83 
2999296 64 
3000134 256 
3007411 61 
3007478 151 
3007478 69 
3007552 93 
3009009 103 
3009009 101 
3009918 100 
3009918 6
3009918 1584
3009918 10
3011917 25 
3011962 75 
3012665 72 
3012665 70 
3013262 80 
3013315 83 
3016101 64 
3016276 256 
3016341 61 
3016407 151 
3016407 69 
3016485 93 
3017447 91 
3017938 103 
3017938 101 
3018847 100 
3018847 6
3018847 1584
3018847 10
3020847 25 
3020895 75 
3021597 72 
3021597 70 
3022205 80 
3022271 83 
3022645 64 
3022885 61 
3022951 151 
3022951 69 
3023029 93 
3023509 91 
3023657 91 
3023839 91 
3024424 91 
3024482 103 
3024482 101 
3025392 100 
3025392 6
3025392 1584
3025392 10
3027391 25 
3027436 75 
3028140 72 
3028140 70 
3028749 80 
3028815 83 
3029002 64 
3029295 61 
3029362 153 
3029362 68 
3029362 65
3029436 92 
3029794 90 
3030139 90 
3030894 103 
3030894 101 
3031402 100 
3031402 6
3031402 1584
3031402 11
3033402 25 
3033446 75 
3034152 72 
3034152 70 
3034760 80 
3034826 83 
3034893 64 
3035081 256 
3035146 61 
3035213 150 
3035213 68 
3035213 65
3035294 92 
3035758 90 
3036093 90 
3036745 103 
3036745 101 
3037251 100 
3037251 6
3037251 1584
3037251 11
3039251 25 
3039297 75 
3039954 73 
3040555 72 
3040555 70 
3041157 80 
3041210 83 
3041637 64 
3041879 61 
3042530 150 
3042530 68 
3042530 65
3042611 92 
3044060 103 
3044060 101 
3044568 100 
3044568 6
3044568 1584
3044568 11
3046568 25 
3046614 75 
3047316 72 
3047316 70 
3047914 80 
3047968 83 
3049780 64 
3049969 61 
3050033 150 
3050033 68 
3050033 65
3050107 92 
3050856 90 
3051568 103 
3051568 101 
3052078 100 
3052078 6
3052078 1584
3052078 11
3054076 25 
3054118 75 
3054820 72 
3054820 70 
3055417 80 
3055471 83 
3055537 64 
3055781 61 
3055844 150 
3055844 68 
3055844 65
3055925 92 
3057377 103 
3057377 101 
3057883 100 
3057883 6
3057883 1584
3057883 11
3059884 25 
3060204 75 
3060909 72 
3060909 70 
3061508 80 
3061562 83 
3062148 64 
3062337 61 
3062401 150 
3062401 68 
3062401 65
3062481 92 
3063716 90 
3063931 103 
3063931 101 
3064441 100 
3064441 6
3064441 1584
3064441 10
3066440 25 
3066490 75 
3067191 72 
3067191 70 
3067692 250 
3070426 71 
3070704 80 
3070758 83 
3071424 76 
3072770 64 
3072945 256 
3073010 61 
3073077 151 
3073077 69 
3073152 93 
3074607 103 
3074607 101 
3075516 100 
3075516 6
3075516 1584
3075516 10
3077517 25 
3081692 75 
3082393 72 
3082393 70 
3082993 80 
3083046 83 
3083526 64 
3083766 61 
3083832 151 
3083832 69 
3083911 93 
3084266 91 
3084557 91 
3084666 91 
3084826 91 
3085346 91 
3085363 103 
3085363 101 
3086271 100 
3086271 6
3086271 1584
3086271 11
3088272 25 
3088330 75 
3089032 72 
3089032 70 
3089630 80 
3089696 83 
3089763 64 
3090216 61 
3090283 150 
3090283 68 
3090283 65
3090362 92 
3090475 90 
3091001 90 
3091816 103 
3091816 101 
3092322 100 
3092322 6
3092322 1584
3092322 11
3094322 25 
3094415 75 
3095119 72 
3095119 70 
3095720 80 
3095787 83 
3096867 64 
3097107 61 
3097173 150 
3097173 68 
3097173 65
3097250 92 
3098108 90 
3098367 90 
3098707 103 
3098707 101 
3099211 100 
3099211 6
3099211 1584
3099211 10
3101213 25 
3101262 75 
3101964 72 
3101964 70 
3102704 80 
3102757 83 
3103077 64 
3103266 256 
3103331 63 
3103451 150 
3103451 68 
3103451 65
3103527 92 
3104818 90 
3104984 103 
3104984 101 
3105490 100 
3105490 6
3105490 1584
3105490 11
3107490 25 
3107539 75 
3108243 72 
3108243 70 
3108968 80 
3109022 83 
3109621 64 
3109861 61 
3109928 150 
3109928 68 
3109928 65
3110004 92 
3110337 90 
3111082 90 
3111457 103 
3111457 101 
3111968 100 
3111968 6
3111968 1584
3111968 11
3113968 25 
3114481 75 
3115182 72 
3115182 70 
3116059 71 
3116325 250 
3116660 71 
3116938 80 
3116991 83 
3117378 64 
3117580 61 
3117645 150 
3117645 68 
3117645 65
3117724 92 
3118501 90 
3118762 90 
3119176 103 
3119176 101 
3119687 100 
3119687 6
3119687 1584
3119687 11
3121685 25 
3121729 75 
3122432 72 
3122432 70 
3123042 80 
3123109 250 
3123751 76 
3123815 83 
3124002 64 
3124177 256 
3124242 61 
3124308 152 
3124308 69 
3124389 93 
3124931 91 
3125149 91 
3125369 91 
3125840 103 
3125840 101 
3126747 100 
3126747 6
3126747 1584
3126747 10
3128748 25 
3128796 75 
3129497 72 
3129497 70 
3130106 80 
3130173 83 
3130719 64 
3130908 61 
3130972 151 
3130972 69 
3131050 93 
3131476 91 
3131911 91 
3132377 91 
3132506 103 
3132506 101 
3133410 100 
3133410 6
3133410 1584
3133410 10
3135411 25 
3135456 75 
3136159 72 
3136159 70 
3136757 80 
3136823 83 
3137250 64 
3137492 256 
3137556 63 
3137623 150 
3137623 68 
3137623 65
3137702 92 
3138076 90 
3139154 103 
3139154 101 
3139662 100 
3139662 6
3139662 1584
3139662 11
3141663 25 
3141707 75 
3142412 72 
3142412 70 
3143021 80 
3143087 83 
3143207 64 
3143384 256 
3143447 61 
3143514 150 
3143514 68 
3143514 65
3143589 92 
3144742 90 
3145045 103 
3145045 101 
3145554 100 
3145554 6
3145554 1584
3145554 11
3147554 25 
3147598 75 
3148303 72 
3148303 70 
3148898 80 
3148951 83 
3149271 64 
3149393 256 
3149458 61 
3149524 150 
3149524 68 
3149524 65
3149597 92 
3151059 103 
3151059 101 
3151563 100 
3151563 6
3151563 1584
3151563 11
3153563 25 
3153609 75 
3154311 72 
3154311 70 
3154909 80 
3154962 83 
3155415 64 
3155671 61 
3155735 150 
3155735 68 
3155735 65
3155818 92 
3157267 103 
3157267 101 
3157778 100 
3157778 6
3157778 1584
3157778 10
3159775 25 
3169671 75 
3169815 254 
3170376 72 
3170376 70 
3170982 80 
3171035 83 
3171835 64 
3172077 61 
3172142 151 
3172142 69 
3172220 93 
3173676 103 
3173676 101 
3174582 100 
3174582 6
3174582 1584
3174582 10
3176582 25 
3177142 75 
3177388 73 
3177965 73 
3178521 73 
3178873 73 
3179709 73 
3180008 73 
3180596 73 
3181229 73 
3181397 73 
3181585 73 
3181973 73 
3182561 73 
3185220 73 
3185823 72 
3185823 70 
3186429 80 
3186495 83 
3187415 64 
3187591 256 
3187655 61 
3187722 153 
3187722 68 
3187722 65
3187800 92 
3188256 90 
3188599 90 
3188909 90 
3189225 90 
3189256 103 
3189256 101 
3189762 100 
3189762 6
3189762 1584
3189762 11
3191760 25 
3191806 75 
3192511 72 
3192511 70 
3193119 80 
3193186 83 
3193586 64 
3193708 256 
3193772 61 
3193839 150 
3193839 68 
3193839 65
3193919 92 
3194354 90 
3195369 103 
3195369 101 
3195878 100 
3195878 6
3195878 1584
3195878 10
3197879 25 
3201928 75 
3202632 72 
3202632 70 
3203235 80 
3203289 83 
3204035 64 
3204637 256 
3204701 63 
3204768 150 
3204768 68 
3204768 65
3204842 92 
3205218 90 
3206301 103 
3206301 101 
3206808 100 
3206808 6
3206808 1584
3206808 11
3208807 25 
3208855 75 
3209558 72 
3209558 70 
3210285 80 
3210339 83 
3211005 64 
3211208 61 
3211325 150 
3211325 68 
3211325 65
3211405 92 
3212233 90 
3212507 90 
3212855 103 
3212855 101 
3213365 100 
3213365 6
3213365 1584
3213365 10
3215366 25 
3215410 75 
3216114 72 
3216114 70 
3216856 80 
3216923 250 
3217522 76 
3218189 76 
3218256 83 
3218429 64 
3218724 256 
3218788 63 
3218908 150 
3218908 68 
3218908 65
3218987 92 
3220362 90 
3220445 103 
3220445 101 
3220965 100 
3220965 6
3220965 1584
3220965 10
3222962 25 
3223007 75 
3223711 72 
3223711 70 
3224493 80 
3224559 83 
3224679 64 
3225039 63 
3225668 150 
3225668 68 
3225668 65
3225747 92 
3227200 103 
3227200 101 
3227704 100 
3227704 6
3227704 1584
3227704 11
3229705 25 
3229754 75 
3230458 72 
3230458 70 
3231197 80 
3231317 83 
3231663 64 
3231852 61 
3231916 150 
3231916 68 
3231916 65
3231993 92 
3232927 90 
3233448 103 
3233448 101 
3233955 100 
3233955 6
3233955 1584
3233955 10
3235955 25 
3236003 75 
3236705 72 
3236705 70 
3236874 250 
3240299 71 
3240793 80 
3240859 83 
3241819 64 
3242047 61 
3242112 151 
3242112 69 
3242188 93 
3243643 103 
3243643 101 
3244550 100 
3244550 6
3244550 1584
3244550 10
3246551 25 
3256132 75 
3256412 73 
3256530 73 
3256593 254 
3258274 73 
3258700 73 
3261177 73 
3261650 73 
3261950 73 
3262421 73 
3263100 73 
3263551 73 
3264445 73 
3264915 73 
3265309 73 
3265861 73 
3266251 73 
3266473 73 
3267078 72 
3267078 70 
3267688 80 
3267755 250 
3267823 76 
3267888 83 
3269580 64 
3270609 256 
3270727 62 
3270793 151 
3270793 69 
3271113 91 
3271133 93 
3272093 91 
3272327 103 
3272327 101 
3273233 100 
3273233 6
3273233 1584
3273233 10
3275233 25 
3275878 75 
3276578 72 
3276578 70 
3277177 80 
3277244 83 
3277844 64 
3278137 256 
3279749 62 
3284894 151 
3284894 69 
3285771 91 
3285791 93 
3286428 103 
3286428 101 
3287332 100 
3287332 6
3287332 1584
3287332 11
3289333 25 
3289911 75 
3290160 73 
3290763 72 
3290763 70 
3291358 80 
3291425 83 
3291904 64 
3292093 61 
3292158 152 
3292158 69 
3292237 93 
3292616 91 
3293689 103 
3293689 101 
3294596 100 
3294596 6
3294596 1584
3294596 11
3296598 25 
3296642 75 
3297318 73 
3297927 72 
3297927 70 
3298528 80 
3298581 83 
3298848 64 
3299037 256 
3299101 61 
3299168 150 
3299168 68 
3299168 65
3299251 92 
3300699 103 
3300699 101 
3301208 100 
3301208 6
3301208 1584
3301208 11
3303207 25 
3303256 75 
3303962 72 
3303962 70 
3304566 80 
3304632 83 
3304912 64 
3306713 256 
3310003 61 
3310070 150 
3310070 68 
3310070 65
3310759 90 
3310778 92 
3311147 90 
3311542 90 
3311603 103 
3311603 101 
3312109 100 
3312109 6
3312109 1584
3312109 10
3314110 25 
3314155 75 
3314857 72 
3314857 70 
3315454 80 
3315508 83 
3316814 64 
3316989 256 
3317054 61 
3317120 151 
3317120 69 
3317196 93 
3317578 91 
3317711 91 
3318484 91 
3318654 103 
3318654 101 
3319560 100 
3319560 6
3319560 1584
3319560 10
3321559 25 
3321608 75 
3322313 72 
3322313 70 
3322918 80 
3322985 83 
3323411 64 
3323651 256 
3323718 61 
3323784 151 
3323784 69 
3323860 93 
3325316 103 
3325316 101 
3326223 100 
3326223 6
3326223 1584
3326223 11
3328224 25 
3328268 75 
3328975 72 
3328975 70 
3329582 80 
3329635 83 
3329902 64 
3330142 61 
3330208 150 
3330208 68 
3330208 65
3330284 92 
3330977 90 
3331400 90 
3331738 103 
3331738 101 
3332246 100 
3332246 6
3332246 1584
3332246 10
3334247 25 
3334292 75 
3334994 72 
3334994 70 
3335739 80 
3335859 250 
3339951 76 
3340017 83 
3346615 252 
3346803 256 
3346868 61 
3346934 151 
3346934 69 
3347010 93 
3347574 91 
3347865 91 
3347939 91 
3348387 91 
3348466 103 
3348466 101 
3349373 100 
3349373 6
3349373 1584
3349373 11
3351373 25 
3351422 75 
3352125 72 
3352125 70 
3352732 80 
3352799 83 
3353172 64 
3353347 256 
3353412 61 
3353478 150 
3353478 68 
3353478 65
3353553 92 
3354232 90 
3354636 90 
3355010 103 
3355010 101 
3355516 100 
3355516 6
3355516 1584
3355516 10
3357519 25 
3357562 75 
3358264 72 
3358264 70 
3358863 80 
3358916 83 
3359183 64 
3359358 256 
3359423 63 
3359489 150 
3359489 68 
3359489 65
3359568 92 
3361019 103 
3361019 101 
3361531 100 
3361531 6
3361531 1584
3361531 11
3363528 25 
3363574 75 
3364278 72 
3364278 70 
3364873 80 
3364940 83 
3365153 64 
3365393 61 
3365460 150 
3365460 68 
3365460 65
3365537 92 
3366419 90 
3366553 90 
3366738 90 
3366992 103 
3366992 101 
3367498 100 
3367498 6
3367498 1584
3367498 11
3369499 25 
3369545 75 
3370249 72 
3370249 70 
3370858 80 
3370911 83 
3371564 64 
3371739 256 
3371804 61 
3371871 150 
3371871 68 
3371871 65
3371949 92 
3373401 103 
3373401 101 
3373909 100 
3373909 6
3373909 1584
3373909 10
3375911 25 
3375955 75 
3376660 72 
3376660 70 
3377255 80 
3377308 83 
3432232 252 
3440097 256 
3470296 61 
3470362 151 
3470362 69 
3470439 93 
3471895 103 
3471895 101 
3472802 100 
3472802 6
3472802 1584
3472802 11
3474801 25 
3474850 75 
3474964 73 
3475623 72 
3475623 70 
3476333 80 
3476440 83 
3476840 64 
3477015 256 
3477133 61 
3477253 152 
3477253 69 
3477328 93 
3478784 103 
3478784 101 
3479693 100 
3479693 6
3479693 1584
3479693 11
3481692 25 
3481737 75 
3482437 72 
3482437 70 
3483010 250 
3483133 71 
3483304 71 
3483583 80 
3483650 83 
3484783 64 
3484958 256 
3485023 61 
3485089 150 
3485089 68 
3485089 65
3485169 92 
3485558 90 
3485625 90 
3485899 90 
3486330 90 
3486623 103 
3486623 101 
3487129 100 
3487129 6
3487129 1584
3487129 10
3489129 25 
3489174 75 
3489879 72 
3489879 70 
3490487 80 
3490540 83 
3495725 64 
3495900 256 
3495965 61 
3496031 151 
3496031 69 
3496106 93 
3497568 103 
3497568 101 
3498471 100 
3498471 6
3498471 1584
3498471 10
3500470 25 
3500515 75 
3501219 72 
3501219 70 
3501816 80 
3501882 83 
3507267 64 
3507509 61 
3507573 151 
3507573 69 
3507651 93 
3508078 91 
3508154 91 
3509107 103 
3509107 101 
3510013 100 
3510013 6
3510013 1584
3510013 10
3512013 25 
3512059 75 
3512760 72 
3512760 70 
3513358 80 
3513412 83 
3513731 64 
3513919 256 
3513984 61 
3514051 151 
3514051 69 
3514127 93 
3515585 103 
3515585 101 
3516489 100 
3516489 6
3516489 1584
3516489 11
3518491 25 
3518536 75 
3519240 72 
3519240 70 
3519848 80 
3519901 83 
3522047 64 
3522235 61 
3522300 150 
3522300 68 
3522300 65
3522380 92 
3523832 103 
3523832 101 
3524340 100 
3524340 6
3524340 1584
3524340 11
3526339 25 
3526384 75 
3527086 72 
3527086 70 
3527685 80 
3527751 83 
3528031 64 
3528206 256 
3528271 61 
3528338 152 
3528338 69 
3528416 93 
3528905 91 
3528981 91 
3529871 103 
3529871 101 
3530778 100 
3530778 6
3530778 1584
3530778 10
3532776 25 
3532822 75 
3533524 72 
3533524 70 
3534122 80 
3534189 83 
3534589 64 
3534817 256 
3534882 61 
3534948 151 
3534948 69 
3535025 93 
3536481 103 
3536481 101 
3537388 100 
3537388 6
3537388 1584
3537388 11
3539389 25 
3539433 75 
3540137 72 
3540137 70 
3540746 80 
3540813 83 
3541186 64 
3541374 61 
3541439 150 
3541439 68 
3541439 65
3541517 92 
3542208 90 
3542473 90 
3542972 103 
3542972 101 
3543479 100 
3543479 6
3543479 1584
3543479 11
3545478 25 
3545523 75 
3546225 72 
3546225 70 
3546823 80 
3546877 83 
3547676 64 
3547918 61 
3547983 150 
3547983 68 
3547983 65
3548064 92 
3548799 90 
3549028 90 
3549281 90 
3549521 103 
3549521 101 
3550036 100 
3550036 6
3550036 1584
3550036 10
3552036 25 
3552081 75 
3552784 72 
3552784 70 
3553381 80 
3553447 83 
3556673 64 
3556901 256 
3556966 61 
3557032 151 
3557032 69 
3557110 93 
3557595 91 
3557699 91 
3557907 91 
3558296 91 
3558564 103 
3558564 101 
3559473 100 
3559473 6
3559473 1584
3559473 10
3561472 25 
3561517 75 
3562219 72 
3562219 70 
3562817 80 
3562870 83 
3563403 64 
3563699 61 
3563763 151 
3563763 69 
3563837 93 
3564201 91 
3564572 91 
3564820 91 
3565241 91 
3565297 103 
3565297 101 
3566202 100 
3566202 6
3566202 1584
3566202 11
3568202 25 
3568247 75 
3568950 72 
3568950 70 
3569547 80 
3569614 250 
3570267 76 
3570333 83 
3570613 64 
3570789 256 
3570853 61 
3570920 150 
3570920 68 
3570920 65
3570997 92 
3571624 90 
3571807 90 
3572401 90 
3572453 103 
3572453 101 
3572959 100 
3572959 6
3572959 1584
3572959 10
3574960 25 
3575004 75 
3575708 72 
3575708 70 
3576304 80 
3576371 83 
3581595 64 
3581784 61 
3581849 151 
3581849 69 
3581926 93 
3583382 103 
3583382 101 
3584288 100 
3584288 6
3584288 1584
3584288 11
3586287 25 
3586333 75 
3587033 72 
3587033 70 
3587873 80 
3587979 83 
3588273 64 
3588395 256 
3588459 61 
3588526 152 
3588526 69 
3588604 93 
3589036 91 
3589379 91 
3589825 91 
3590060 103 
3590060 101 
3590967 100 
3590967 6
3590967 1584
3590967 11
3592965 25 
3593012 75 
3593714 72 
3593714 70 
3594443 80 
3594537 83 
3595789 64 
3595951 61 
3596016 150 
3596016 68 
3596016 65
3596097 92 
3596527 90 
3596941 90 
3597292 90 
3597547 103 
3597547 101 
3598055 100 
3598055 6
3598055 1584
3598055 10
3600057 25 
3600100 75 
3600802 72 
3600802 70 
3601534 80 
3601627 83 
3606612 64 
3606851 61 
3606945 151 
3606945 69 
3607019 93 
3607715 91 
3608476 103 
3608476 101 
3609383 100 
3609383 6
3609383 1584
3609383 11
3611384 25 
3611429 75 
3612133 72 
3612133 70 
3612822 80 
3612915 83 
3613009 64 
3613157 256 
3613249 61 
3613342 150 
3613342 68 
3613342 65
3613419 92 
3614272 90 
3614638 90 
3614875 103 
3614875 101 
3615383 100 
3615383 6
3615383 1584
3615383 10
3617382 25 
3617426 75 
3618129 72 
3618129 70 
3618886 80 
3618966 83 
3620566 64 
3620754 256 
3620845 61 
3620939 151 
3620939 69 
3621014 93 
3622469 103 
3622469 101 
3623377 100 
3623377 6
3623377 1584
3623377 10
3625379 25 
3625620 75 
3626323 72 
3626323 70 
3627030 80 
3627096 83 
3628069 64 
3628376 61 
3628443 151 
3628443 69 
3628517 93 
3629196 91 
3629979 103 
3629979 101 
3630895 100 
3630895 6
3630895 1584
3630895 11
3632895 25 
3642934 254 
3648917 75 
3649618 72 
3649618 70 
3649913 250 
3650126 71 
3650566 80 
3650633 83 
3651006 64 
3651195 256 
3651259 61 
3651326 150 
3651326 68 
3651326 65
3651403 92 
3652096 90 
3652451 90 
3652856 103 
3652856 101 
3653364 100 
3653364 6
3653364 1584
3653364 11
3655365 25 
3655411 75 
3656113 72 
3656113 70 
3656710 250 
3660216 71 
3660535 80 
3660589 83 
3663454 64 
3663642 61 
3663707 150 
3663707 68 
3663707 65
3663785 92 
3664147 90 
3664587 90 
3664940 90 
3665239 103 
3665239 101 
3665747 100 
3665747 6
3665747 1584
3665747 10
3667747 25 
3667792 75 
3668495 72 
3668495 70 
3669092 80 
3669158 83 
3670345 64 
3670851 61 
3670918 151 
3670918 69 
3670991 93 
3672449 103 
3672449 101 
3673357 100 
3673357 6
3673357 1584
3673357 10
3675356 25 
3675405 75 
3678268 73 
3678930 72 
3678930 70 
3679541 80 
3679607 83 
3679994 64 
3680183 256 
3680247 61 
3680314 151 
3680314 69 
3680397 93 
3680722 91 
3681100 91 
3681484 91 
3681564 91 
3681714 91 
3681844 103 
3681844 101 
3682753 100 
3682753 6
3682753 1584
3682753 11
3684754 25 
3684802 75 
3685107 73 
3685809 72 
3685809 70 
3686418 80 
3686471 83 
3686644 64 
3686834 61 
3686898 150 
3686898 68 
3686898 65
3686980 92 
3687688 90 
3688105 90 
3688428 103 
3688428 101 
3688938 100 
3688938 6
3688938 1584
3688938 10
3690938 25 
3690983 75 
3691687 72 
3691687 70 
3692295 80 
3692349 83 
3693255 64 
3693444 256 
3693508 61 
3693575 151 
3693575 69 
3693645 93 
3695108 103 
3695108 101 
3696013 100 
3696013 6
3696013 1584
3696013 11
3698015 25 
3707426 75 
3708052 254 
3708221 73 
3719724 73 
3720332 72 
3720332 70 
3720937 80 
3721003 83 
3721377 64 
3721616 61 
3721683 150 
3721683 68 
3721683 65
3721759 92 
3722128 90 
3722423 90 
3722627 90 
3722873 90 
3723216 103 
3723216 101 
3723723 100 
3723723 6
3723723 1584
3723723 10
3725724 25 
3726042 75 
3726744 72 
3726744 70 
3727001 250 
3727680 71 
3728240 80 
3728307 83 
3728840 64 
3729042 61 
3729160 151 
3729160 69 
3729223 93 
3730679 103 
3730679 101 
3731590 100 
3731590 6
3731590 1584
3731590 10
3733589 25 
3733630 75 
3734333 72 
3734333 70 
3734824 71 
3734997 250 
3735171 71 
3735439 71 
3735932 71 
3746755 71 
3747192 80 
3747259 83 
3748378 252 
3748565 61 
3748632 151 
3748632 69 
3748708 93 
3750164 103 
3750164 101 
3751070 100 
3751070 6
3751070 1584
3751070 11
3753070 25 
3758340 75 
3758410 73 
3759065 72 
3759065 70 
3759680 80 
3759747 83 
3759867 64 
3759989 256 
3760293 61 
3760360 150 
3760360 68 
3760360 65
3760436 92 
3761214 90 
3761563 90 
3761892 103 
3761892 101 
3762399 100 
3762399 6
3762399 1584
3762399 10
3764399 25 
3764448 75 
3765150 72 
3765150 70 
3765758 80 
3765824 83 
3766717 64 
3766957 61 
3767024 151 
3767024 69 
3767096 93 
3768554 103 
3768554 101 
3769464 100 
3769464 6
3769464 1584
3769464 10
3771462 25 
3771508 75 
3772210 72 
3772210 70 
3772701 250 
3778247 71 
3778379 71 
3778712 80 
3778779 83 
3779445 64 
3779621 256 
3779685 61 
3779752 151 
3779752 69 
3779829 93 
3780254 91 
3780466 91 
3780855 91 
3781191 91 
3781286 103 
3781286 101 
3782191 100 
3782191 6
3782191 1584
3782191 11
3784190 25 
3784236 75 
3784938 72 
3784938 70 
3785536 250 
3785765 71 
3786042 80 
3786109 83 
3786429 64 
3786615 61 
3786682 150 
3786682 68 
3786682 65
3786760 92 
3787643 90 
3788160 90 
3788214 103 
3788214 101 
3788722 100 
3788722 6
3788722 1584
3788722 11
3790723 25 
3790767 75 
3791471 72 
3791471 70 
3792066 80 
3792133 250 
3798437 76 
3798504 83 
3799450 64 
3799637 61 
3799703 152 
3799703 69 
3799779 93 
3800174 91 
3800418 91 
3800500 91 
3800760 91 
3801239 103 
3801239 101 
3802143 100 
3802143 6
3802143 1584
3802143 10
3804142 25 
3804188 75 
3804554 73 
3805204 72 
3805204 70 
3805807 80 
3805861 83 
3806314 64 
3806540 256 
3806607 61 
3806674 151 
3806674 69 
3806751 93 
3807140 91 
3807575 91 
3808206 103 
3808206 101 
3809113 100 
3809113 6
3809113 1584
3809113 10
3811114 25 
3811593 75 
3812298 72 
3812298 70 
3812898 80 
3812964 83 
3813511 64 
3813753 61 
3813817 151 
3813817 69 
3813893 93 
3815355 103 
3815355 101 
3816270 100 
3816270 6
3816270 1584
3816270 10
3818270 25 
3818315 75 
3819017 72 
3819017 70 
3819455 250 
3826212 71 
3826492 80 
3826559 83 
3827625 64 
3827865 61 
3827931 151 
3827931 69 
3828009 93 
3828417 91 
3828696 91 
3828940 91 
3829068 91 
3829411 91 
3829461 103 
3829461 101 
3830371 100 
3830371 6
3830371 1584
3830371 11
3832372 25 
3832417 75 
3833119 72 
3833119 70 
3833729 80 
3833782 83 
3833942 64 
3834131 61 
3834195 150 
3834195 68 
3834195 65
3834272 92 
3835726 103 
3835726 101 
3836235 100 
3836235 6
3836235 1584
3836235 10
3838235 25 
3838280 75 
3842539 73 
3843144 72 
3843144 70 
3843633 250 
3845417 71 
3845977 80 
3846097 83 
3846657 64 
3846845 256 
3846963 61 
3847030 151 
3847030 69 
3847110 93 
3847601 91 
3847795 91 
3847934 91 
3848314 91 
3848404 91 
3848568 103 
3848568 101 
3849484 100 
3849484 6
3849484 1584
3849484 11
3851482 25 
3851782 75 
3852484 72 
3852484 70 
3852841 250 
3852962 71 
3853454 80 
3853574 83 
3854240 64 
3854547 61 
3854614 150 
3854614 68 
3854614 65
3854690 92 
3855013 90 
3856145 103 
3856145 101 
3856656 100 
3856656 6
3856656 1584
3856656 11
3858653 25 
3858698 75 
3859401 72 
3859401 70 
3860171 80 
3860225 83 
3861611 64 
3861732 256 
3862037 61 
3867701 152 
3867701 69 
3867919 91 
3867940 93 
3869234 103 
3869234 101 
3870140 100 
3870140 6
3870140 1584
3870140 10
3872142 25 
3872186 75 
3872888 72 
3872888 70 
3873632 250 
3873861 71 
3874112 71 
3874485 80 
3874605 83 
3875071 64 
3875431 61 
3875551 151 
3875551 69 
3875626 93 
3876036 91 
3876357 91 
3876772 91 
3877084 103 
3877084 101 
3877991 100 
3877991 6
3877991 1584
3877991 11
3879990 25 
3880038 75 
3880738 72 
3880738 70 
3881469 80 
3881535 83 
3881655 64 
3881844 256 
3881909 61 
3882029 150 
3882029 68 
3882029 65
3882109 92 
3882934 90 
3883234 90 
3883563 103 
3883563 101 
3884069 100 
3884069 6
3884069 1584
3884069 11
3886068 25 
3886113 75 
3886817 72 
3886817 70 
3887600 80 
3887706 83 
3887826 64 
3888002 256 
3888119 61 
3888186 150 
3888186 68 
3888186 65
3888266 92 
3889720 103 
3889720 101 
3890224 100 
3890224 6
3890224 1584
3890224 11
3892226 25 
3892271 75 
3892972 72 
3892972 70 
3893330 250 
3894903 71 
3898275 71 
3898783 80 
3898901 83 
3899834 64 
3899957 256 
3900021 61 
3900141 150 
3900141 68 
3900141 65
3900215 92 
3900545 90 
3901326 90 
3901647 90 
3901670 103 
3901670 101 
3902181 100 
3902181 6
3902181 1584
3902181 11
3904180 25 
3904226 75 
3904930 72 
3904930 70 
3905525 250 
3906607 71 
3906951 80 
3907485 250 
3908221 76 
3908937 76 
3909244 76 
3909310 83 
3909444 64 
3909513 256 
3910243 61 
3910310 150 
3910310 68 
3910310 65
3910391 92 
3911840 103 
3911840 101 
3912353 100 
3912353 6
3912353 1584
3912353 10
3914350 25 
3914394 75 
3915095 72 
3915095 70 
3915694 80 
3915748 83 
3917347 64 
3917600 61 
3917667 151 
3917667 69 
3917743 93 
3919200 103 
3919200 101 
3920110 100 
3920110 6
3920110 1584
3920110 10
3922107 25 
3922527 75 
3923228 72 
3923228 70 
3923824 80 
3923891 83 
3924157 64 
3924413 256 
3925213 62 
3925277 151 
3925277 69 
3925592 91 
3926266 91 
3926287 93 
3926693 91 
3926808 103 
3926808 101 
3927716 100 
3927716 6
3927716 1584
3927716 10
3929716 25 
3939755 254 
3963163 75 
3963867 72 
3963867 70 
3964474 80 
3964540 83 
3965034 64 
3965209 256 
3965273 61 
3965340 153 
3965340 68 
3965340 65
3965421 92 
3966874 103 
3966874 101 
3967378 100 
3967378 6
3967378 1584
3967378 10
3969380 25 
3969424 75 
3970128 72 
3970128 70 
3970724 80 
3970791 83 
3970966 64 
3973137 256 
3973952 61 
3974016 151 
3974016 69 
3974094 93 
3975549 103 
3975549 101 
3976455 100 
3976455 6
3976455 1584
3976455 11
3978457 25 
3980334 75 
3980641 73 
3981302 72 
3981302 70 
3981906 80 
3981973 83 
3983146 64 
3983335 61 
3983399 150 
3983399 68 
3983399 65
3983478 92 
3984154 90 
3984771 90 
3984930 103 
3984930 101 
3984970 102 
