0 100 
0 1
0 1586
0 10
1994 25 
2047 75 
2751 72 
2751 70 
3639 80 
3759 83 
4146 64 
4387 62 
4452 151 
4452 69 
4529 93 
5985 103 
5985 101 
6892 100 
6892 1
6892 1586
6892 10
8891 25 
8937 75 
9642 72 
9642 70 
10423 80 
10530 83 
11009 64 
11237 256 
11356 61 
11423 150 
11423 68 
11423 65
11500 92 
11877 90 
12954 103 
12954 101 
13461 100 
13461 1
13461 1586
13461 11
15463 25 
15510 75 
16211 72 
16211 70 
17060 80 
17180 83 
17447 64 
17688 256 
17753 62 
17873 150 
17873 68 
17873 65
17950 92 
18384 90 
19403 103 
19403 101 
19912 100 
19912 1
19912 1586
19912 10
21913 25 
21959 75 
22660 72 
22660 70 
23391 80 
23444 83 
23924 64 
24152 256 
24217 61 
24284 150 
24284 68 
24284 65
24363 92 
24730 90 
25819 103 
25819 101 
26324 100 
26324 1
26324 1586
26324 11
28323 25 
28369 75 
29071 72 
29071 70 
29868 80 
29988 250 
30641 76 
30761 83 
32174 64 
32416 256 
32481 62 
32547 152 
32547 69 
32621 93 
34078 103 
34078 101 
34986 100 
34986 1
34986 1586
34986 11
36987 25 
37031 75 
37731 72 
37731 70 
38331 80 
38385 83 
38865 64 
39211 61 
39278 151 
39278 69 
39356 93 
40812 103 
40812 101 
41717 100 
41717 1
41717 1586
41717 11
43718 25 
43762 75 
44469 72 
44469 70 
45062 80 
45129 83 
45715 64 
45958 61 
46022 151 
46022 69 
46098 93 
47555 103 
47555 101 
48460 100 
48460 1
48460 1586
48460 10
50460 25 
50506 75 
51211 72 
51211 70 
51819 80 
51872 83 
52406 64 
52647 61 
52712 150 
52712 68 
52712 65
52790 92 
54245 103 
54245 101 
54750 100 
54750 1
54750 1586
54750 10
56752 25 
56800 75 
57501 72 
57501 70 
58097 80 
58163 83 
58216 64 
58445 256 
58510 61 
58576 150 
58576 68 
58576 65
58657 92 
60107 103 
60107 101 
60616 100 
60616 1
60616 1586
60616 11
62616 25 
62662 75 
63366 72 
63366 70 
63974 80 
64041 83 
64334 64 
64575 63 
64640 151 
64640 69 
64721 93 
66174 103 
66174 101 
67078 100 
67078 1
67078 1586
67078 10
69080 25 
69125 75 
69828 72 
69828 70 
70438 80 
70492 83 
70598 64 
70840 61 
70905 150 
70905 68 
70905 65
70982 92 
72437 103 
72437 101 
72944 100 
72944 1
72944 1586
72944 11
74943 25 
74989 75 
75692 72 
75692 70 
76289 80 
76356 83 
76422 64 
76716 61 
76782 153 
76782 68 
76782 65
76860 92 
77381 90 
78316 103 
78316 101 
78822 100 
78822 1
78822 1586
78822 10
80822 25 
80866 75 
81571 72 
81571 70 
82180 80 
82247 83 
82366 64 
82595 256 
82660 61 
82726 150 
82726 68 
82726 65
82803 92 
83140 90 
84257 103 
84257 101 
84765 100 
84765 1
84765 1586
84765 10
86766 25 
86814 75 
87518 72 
87518 70 
88124 80 
88257 250 
89444 76 
89510 83 
89670 64 
89912 61 
89977 150 
89977 68 
89977 65
90053 92 
91510 103 
91510 101 
92017 100 
92017 1
92017 1586
92017 11
94016 25 
94061 75 
94766 72 
94766 70 
95374 80 
95428 83 
96521 64 
96909 256 
96974 63 
97040 151 
97040 69 
97119 93 
98574 103 
98574 101 
99480 100 
99480 1
99480 1586
99480 11
101480 25 
101525 75 
102226 72 
102226 70 
102825 80 
102878 83 
104051 64 
104319 62 
104384 150 
104384 68 
104384 65
104460 92 
104861 90 
105914 103 
105914 101 
106428 100 
106428 1
106428 1586
106428 10
108425 25 
108468 75 
109172 72 
109172 70 
109768 250 
110248 71 
110528 80 
110595 83 
110875 64 
111103 61 
111168 150 
111168 68 
111168 65
111248 92 
112701 103 
112701 101 
113207 100 
113207 1
113207 1586
113207 10
115207 25 
115252 75 
115957 72 
115957 70 
116552 80 
116619 83 
116672 64 
116914 61 
116979 150 
116979 68 
116979 65
117058 92 
118512 103 
118512 101 
119018 100 
119018 1
119018 1586
119018 11
121017 25 
121063 75 
121765 72 
121765 70 
122363 80 
122430 83 
122870 64 
123216 63 
123283 151 
123283 69 
123361 93 
124817 103 
124817 101 
125723 100 
125723 1
125723 1586
125723 11
127723 25 
127768 75 
128472 72 
128472 70 
129067 80 
129120 83 
130213 64 
130587 62 
130653 150 
130653 68 
130653 65
130724 92 
131142 90 
132183 103 
132183 101 
132693 100 
132693 1
132693 1586
132693 11
134693 25 
134741 75 
135445 72 
135445 70 
136197 80 
136277 83 
136517 64 
136691 256 
136786 62 
136851 150 
136851 68 
136851 65
136930 92 
138382 103 
138382 101 
138889 100 
138889 1
138889 1586
138889 10
140890 25 
140940 75 
141643 72 
141643 70 
142328 80 
142408 83 
142502 64 
142703 256 
142768 61 
142861 152 
142861 69 
142935 93 
144392 103 
144392 101 
145302 100 
145302 1
145302 1586
145302 10
147301 25 
147346 75 
148048 72 
148048 70 
149446 71 
149725 80 
149819 83 
150138 64 
150366 256 
150432 62 
150498 151 
150498 69 
150576 93 
150840 91 
152031 103 
152031 101 
152940 100 
152940 1
152940 1586
152940 11
154937 25 
154982 75 
155684 72 
155684 70 
156442 80 
156522 83 
157322 64 
157549 62 
157642 150 
157642 68 
157642 65
157717 92 
158745 90 
159176 103 
159176 101 
159682 100 
159682 1
159682 1586
159682 10
161683 25 
161739 75 
162443 72 
162443 70 
163186 80 
163280 83 
164226 64 
164467 61 
164559 150 
164559 68 
164559 65
164640 92 
165084 90 
166092 103 
166092 101 
166598 100 
166598 1
166598 1586
166598 11
168598 25 
168644 75 
169346 72 
169346 70 
170037 80 
170117 83 
170410 64 
170611 256 
170703 62 
170797 150 
170797 68 
170797 65
170878 92 
172331 103 
172331 101 
172835 100 
172835 1
172835 1586
172835 11
174836 25 
174886 75 
175588 72 
175588 70 
176341 80 
176434 250 
177007 76 
177074 83 
177287 64 
177529 62 
177620 150 
177620 68 
177620 65
177697 92 
178259 90 
179152 103 
179152 101 
179659 100 
179659 1
179659 1586
179659 10
181661 25 
181708 75 
182412 72 
182412 70 
183125 80 
183218 83 
183338 64 
183726 61 
183818 150 
183818 68 
183818 65
183895 92 
184284 90 
185347 103 
185347 101 
185856 100 
185856 1
185856 1586
185856 11
187858 25 
187902 75 
188607 72 
188607 70 
189309 80 
189362 83 
189629 64 
189817 62 
189882 150 
189882 68 
189882 65
189956 92 
191416 103 
191416 101 
191921 100 
191921 1
191921 1586
191921 10
193921 25 
193979 75 
194685 72 
194685 70 
195280 80 
195346 83 
195400 64 
195694 61 
195759 150 
195759 68 
195759 65
195835 92 
197292 103 
197292 101 
197800 100 
197800 1
197800 1586
197800 11
199799 25 
199847 75 
200552 72 
200552 70 
201157 80 
201211 83 
201477 64 
201719 256 
201784 62 
201850 150 
201850 68 
201850 65
201929 92 
202540 90 
203380 103 
203380 101 
203889 100 
203889 1
203889 1586
203889 10
205889 25 
205934 75 
206636 72 
206636 70 
207236 80 
207301 250 
208514 76 
208581 83 
208794 64 
209036 256 
209101 61 
209167 150 
209167 68 
209167 65
209249 92 
209597 90 
210699 103 
210699 101 
211207 100 
211207 5
211207 1586
211207 11
211207 78 
213205 25 
213251 75 
213954 72 
213954 70 
214552 80 
214605 83 
214978 64 
215153 62 
215218 150 
215218 68 
215218 65
215292 92 
216747 103 
216747 101 
217259 100 
217259 5
217259 1586
217259 10
219258 25 
219302 75 
220005 72 
220005 70 
220602 80 
220656 83 
220922 64 
221097 256 
221162 61 
221229 151 
221229 69 
221306 93 
222760 103 
222760 101 
223668 100 
223668 5
223668 1586
223668 11
225668 25 
225716 75 
226422 72 
226422 70 
227026 80 
227080 83 
227240 64 
227468 256 
227533 62 
227600 150 
227600 68 
227600 65
227676 92 
228067 90 
229130 103 
229130 101 
229639 100 
229639 5
229639 1586
229639 11
231640 25 
231687 75 
232395 72 
232395 70 
232997 80 
233064 83 
233131 64 
233306 256 
233437 62 
233504 150 
233504 68 
233504 65
233577 92 
235037 103 
235037 101 
235544 100 
235544 5
235544 1586
235544 10
237544 25 
237591 75 
238296 72 
238296 70 
238902 80 
238968 250 
240248 76 
240301 83 
240514 64 
240742 61 
240807 153 
240807 68 
240807 65
240885 92 
241314 90 
242338 103 
242338 101 
242847 100 
242847 5
242847 1586
242847 10
244847 25 
244891 75 
245595 72 
245595 70 
246192 80 
246245 83 
246672 64 
246860 61 
246925 151 
246925 69 
247003 93 
248456 103 
248456 101 
249365 100 
249365 5
249365 1586
249365 10
251364 25 
251413 75 
252117 72 
252117 70 
252722 80 
252776 83 
253789 64 
254069 63 
254135 150 
254135 68 
254135 65
254213 92 
255665 103 
255665 101 
256174 100 
256174 5
256174 1586
256174 11
258175 25 
258223 75 
258932 72 
258932 70 
259533 80 
259587 83 
259706 64 
259948 62 
260013 150 
260013 68 
260013 65
260092 92 
260656 90 
261546 103 
261546 101 
262051 100 
262051 5
262051 1586
262051 11
264052 25 
264101 75 
264801 72 
264801 70 
265397 80 
265464 83 
265530 64 
265705 256 
265837 62 
265904 150 
265904 68 
265904 65
265982 92 
267435 103 
267435 101 
267942 100 
267942 5
267942 1586
267942 11
269943 25 
269993 75 
270695 72 
270695 70 
271288 80 
271355 83 
271408 64 
271584 256 
271648 62 
271715 150 
271715 68 
271715 65
271790 92 
272293 90 
273246 103 
273246 101 
273754 100 
273754 5
273754 1586
273754 11
275754 25 
275803 75 
276506 72 
276506 70 
277112 80 
277179 83 
277246 64 
277420 256 
277486 62 
277552 150 
277552 68 
277552 65
277629 92 
278207 90 
279084 103 
279084 101 
279592 100 
279592 5
279592 1586
279592 10
281592 25 
281636 75 
282339 72 
282339 70 
282937 80 
283003 83 
283376 64 
283671 61 
283736 151 
283736 69 
283815 93 
285268 103 
285268 101 
286175 100 
286175 5
286175 1586
286175 10
288175 25 
288220 75 
288925 72 
288925 70 
289708 80 
289827 83 
290374 64 
290628 63 
290693 150 
290693 68 
290693 65
290765 92 
292225 103 
292225 101 
292732 100 
292732 5
292732 1586
292732 11
294734 25 
294779 75 
295485 72 
295485 70 
296211 80 
296304 250 
296864 76 
296917 83 
297077 64 
297280 256 
297344 62 
297411 152 
297411 69 
297489 93 
298945 103 
298945 101 
299849 100 
299849 5
299849 1586
299849 10
301851 25 
301895 75 
302600 72 
302600 70 
303302 80 
303368 83 
304594 64 
305207 61 
305274 151 
305274 69 
305343 93 
306808 103 
306808 101 
307713 100 
307713 5
307713 1586
307713 10
309713 25 
309758 75 
310458 72 
310458 70 
311058 80 
311112 83 
313724 76 
313990 64 
315338 61 
315403 151 
315403 69 
315475 93 
316936 103 
316936 101 
317842 100 
317842 5
317842 1586
317842 11
319843 25 
319888 75 
320591 72 
320591 70 
321187 80 
321241 83 
321774 64 
322015 62 
322080 150 
322080 68 
322080 65
322160 92 
322596 90 
323609 103 
323609 101 
324119 100 
324119 5
324119 1586
324119 10
326119 25 
326166 75 
326869 72 
326869 70 
327465 80 
327531 83 
327585 64 
327933 63 
327998 150 
327998 68 
327998 65
328073 92 
329532 103 
329532 101 
330037 100 
330037 5
330037 1586
330037 11
332038 25 
332083 75 
332785 72 
332785 70 
333382 80 
333449 83 
333556 64 
333797 62 
333862 150 
333862 68 
333862 65
333944 92 
334453 90 
335392 103 
335392 101 
335903 100 
335903 5
335903 1586
335903 10
337902 25 
337946 75 
338651 72 
338651 70 
339260 80 
339327 250 
340593 76 
340659 83 
340939 64 
341167 256 
341352 63 
341419 150 
341419 68 
341419 65
341494 92 
342949 103 
342949 101 
343459 100 
343459 5
343459 1586
343459 11
345460 25 
345712 75 
346411 72 
346411 70 
347017 80 
347083 83 
347150 64 
347432 256 
347497 62 
347563 150 
347563 68 
347563 65
347629 92 
348019 90 
349080 103 
349080 101 
349590 100 
349590 5
349590 1586
349590 11
351589 25 
351638 75 
352339 72 
352339 70 
352934 80 
352988 83 
353054 64 
353296 256 
353361 62 
353427 150 
353427 68 
353427 65
353494 92 
354947 103 
354947 101 
355452 100 
355452 5
355452 1586
355452 10
357453 25 
357498 75 
358203 72 
358203 70 
358799 80 
358865 83 
358932 64 
359159 256 
359225 63 
359292 150 
359292 68 
359292 65
359368 92 
360824 103 
360824 101 
361330 100 
361330 5
361330 1586
361330 11
363332 25 
363377 75 
364079 72 
364079 70 
364689 80 
364743 83 
370833 64 
371007 256 
371075 62 
371140 152 
371140 69 
371215 93 
371678 91 
372675 103 
372675 101 
373579 100 
373579 5
373579 1586
373579 10
375580 25 
375638 75 
376343 72 
376343 70 
376938 80 
376991 83 
377911 64 
378152 63 
378217 150 
378217 68 
378217 65
378295 92 
379749 103 
379749 101 
380258 100 
380258 5
380258 1586
380258 10
382257 25 
382301 75 
383003 72 
383003 70 
383602 80 
383655 83 
383721 64 
383949 256 
384015 63 
384081 150 
384081 68 
384081 65
384166 92 
385615 103 
385615 101 
386122 100 
386122 4
386122 1586
386122 10
386122 78 
388122 25 
388168 75 
388872 72 
388872 70 
389479 80 
389546 83 
389652 64 
389894 63 
389959 151 
389959 69 
390034 93 
391490 103 
391490 101 
392398 100 
392398 4
392398 1586
392398 11
394397 25 
394445 75 
395147 72 
395147 70 
395743 80 
395796 83 
395970 64 
396318 62 
396383 151 
396383 69 
396454 93 
396775 91 
397915 103 
397915 101 
398824 100 
398824 4
398824 1586
398824 10
400823 25 
400867 75 
401570 72 
401570 70 
402167 80 
402220 83 
403127 64 
404060 61 
404126 153 
404126 68 
404126 65
404205 92 
404623 90 
405658 103 
405658 101 
406165 100 
406165 4
406165 1586
406165 11
408167 25 
408210 75 
408912 72 
408912 70 
409657 80 
409737 83 
409912 64 
410218 62 
410310 151 
410310 69 
410371 93 
411830 103 
411830 101 
412737 100 
412737 4
412737 1586
412737 11
414738 25 
414785 75 
415489 72 
415489 70 
416175 80 
416268 83 
417547 64 
418975 256 
419067 61 
419160 150 
419160 68 
419160 65
419232 92 
419651 90 
420694 103 
420694 101 
421202 100 
421202 4
421202 1586
421202 10
423202 25 
423247 75 
423951 72 
423951 70 
424705 80 
424798 83 
424878 64 
425198 63 
425291 151 
425291 69 
425364 93 
426823 103 
426823 101 
427731 100 
427731 4
427731 1586
427731 10
429730 25 
429775 75 
430477 72 
430477 70 
431235 80 
431302 83 
431462 64 
432996 256 
433062 61 
433154 151 
433154 69 
433212 93 
434076 91 
434673 103 
434673 101 
435582 100 
435582 4
435582 1586
435582 10
437582 25 
437625 75 
438326 72 
438326 70 
439019 80 
439072 83 
439979 64 
440553 256 
440645 61 
440711 151 
440711 69 
440786 93 
442244 103 
442244 101 
443150 100 
443150 4
443150 1586
443150 11
445150 25 
445423 75 
445569 73 
446094 73 
446702 72 
446702 70 
447148 71 
447642 80 
447722 83 
448841 64 
450522 61 
450587 150 
450587 68 
450587 65
450659 92 
451088 90 
452119 103 
452119 101 
452628 100 
452628 4
452628 1586
452628 11
454626 25 
454675 75 
455378 72 
455378 70 
456078 80 
456131 83 
457091 64 
457637 256 
457706 61 
457771 150 
457771 68 
457771 65
457841 92 
458218 90 
459303 103 
459303 101 
459811 100 
459811 4
459811 1586
459811 11
461811 25 
461856 75 
462557 72 
462557 70 
463155 80 
463209 83 
463328 64 
463570 61 
463635 150 
463635 68 
463635 65
463713 92 
464702 90 
465165 103 
465165 101 
465675 100 
465675 4
465675 1586
465675 10
467675 25 
467719 75 
468425 72 
468425 70 
469019 80 
469073 83 
469819 64 
470434 63 
470499 151 
470499 69 
470576 93 
471000 91 
472029 103 
472029 101 
472939 100 
472939 4
472939 1586
472939 11
474939 25 
474988 75 
475692 72 
475692 70 
476296 80 
476363 83 
476416 64 
476763 61 
476830 150 
476830 68 
476830 65
476904 92 
477346 90 
478359 103 
478359 101 
478868 100 
478868 4
478868 1586
478868 11
480870 25 
480914 75 
481619 72 
481619 70 
482214 80 
482267 83 
482387 64 
482667 61 
482734 152 
482734 69 
482807 93 
484267 103 
484267 101 
485174 100 
485174 4
485174 1586
485174 11
487173 25 
487221 75 
487923 72 
487923 70 
488518 80 
488571 83 
490117 76 
491770 76 
492196 64 
492424 256 
492490 61 
492556 150 
492556 68 
492556 65
492635 92 
492978 90 
494090 103 
494090 101 
494596 100 
494596 4
494596 1586
494596 11
496596 25 
496640 75 
497344 72 
497344 70 
497954 80 
498021 83 
498247 64 
498542 256 
498607 61 
498674 150 
498674 68 
498674 65
498750 92 
499201 90 
500207 103 
500207 101 
500713 100 
500713 4
500713 1586
500713 10
502714 25 
502761 75 
503463 72 
503463 70 
504058 80 
504125 83 
504778 64 
505539 256 
505604 63 
505671 151 
505671 69 
505749 93 
507205 103 
507205 101 
508109 100 
508109 4
508109 1586
508109 11
510110 25 
510155 75 
510858 72 
510858 70 
511455 80 
511522 83 
511642 64 
511924 61 
511988 150 
511988 68 
511988 65
512064 92 
512518 90 
513517 103 
513517 101 
514029 100 
514029 4
514029 1586
514029 10
516027 25 
516073 75 
516773 72 
516773 70 
517373 80 
517426 83 
517906 64 
519465 62 
519532 150 
519532 68 
519532 65
519612 92 
520064 90 
521064 103 
521064 101 
521572 100 
521572 4
521572 1586
521572 10
523571 25 
523617 75 
524321 72 
524321 70 
524916 80 
524970 83 
525130 64 
525358 62 
525423 150 
525423 68 
525423 65
525497 92 
525938 90 
526955 103 
526955 101 
527462 100 
527462 4
527462 1586
527462 10
529461 25 
529507 75 
530211 72 
530211 70 
530807 80 
530860 83 
530914 64 
531102 62 
531167 150 
531167 68 
531167 65
531241 92 
531831 90 
532699 103 
532699 101 
533205 100 
533205 4
533205 1586
533205 10
535206 25 
535256 75 
535957 72 
535957 70 
536565 80 
536631 250 
537924 76 
537991 83 
538311 64 
538539 256 
538604 62 
538671 150 
538671 68 
538671 65
538750 92 
539203 90 
540200 103 
540200 101 
540709 100 
540709 4
540709 1586
540709 11
542709 25 
542756 75 
543459 72 
543459 70 
544068 80 
544122 83 
544282 64 
544510 256 
544575 61 
544641 150 
544641 68 
544641 65
544721 92 
545221 90 
546176 103 
546176 101 
546682 100 
546682 4
546682 1586
546682 10
548680 25 
548729 75 
549432 72 
549432 70 
550026 80 
550079 83 
550186 64 
550479 62 
550546 150 
550546 68 
550546 65
550607 92 
551065 90 
552062 103 
552062 101 
552572 100 
552572 4
552572 1586
552572 10
554572 25 
554620 75 
555322 72 
555322 70 
555970 80 
556037 83 
556197 64 
556438 62 
556556 150 
556556 68 
556556 65
556635 92 
557038 90 
558088 103 
558088 101 
558596 100 
558596 4
558596 1586
558596 10
560595 25 
560654 75 
561355 72 
561355 70 
562087 80 
562154 83 
562261 64 
562555 62 
562621 150 
562621 68 
562621 65
562700 92 
563167 90 
564155 103 
564155 101 
564659 100 
564659 4
564659 1586
564659 11
566661 25 
566718 75 
567422 72 
567422 70 
568165 80 
568285 250 
568938 76 
569686 76 
570406 76 
570471 83 
570698 64 
570872 62 
572696 151 
572696 69 
572768 93 
573302 91 
574230 103 
574230 101 
575137 100 
575137 4
575137 1586
575137 11
577137 25 
577180 75 
577885 72 
577885 70 
578481 80 
578534 83 
581519 64 
582122 256 
582186 255 
583933 62 
583998 151 
583998 69 
584064 93 
584674 91 
585516 103 
585516 101 
586425 100 
586425 4
586425 1586
586425 10
588425 25 
588469 75 
589173 72 
589173 70 
589769 80 
589823 83 
589929 64 
590171 62 
590236 152 
590236 69 
590312 93 
591766 103 
591766 101 
592676 100 
592676 4
592676 1586
592676 11
594675 25 
594725 75 
595427 72 
595427 70 
596020 80 
596073 83 
596393 64 
596886 256 
597195 61 
597246 150 
597246 68 
597246 65
597318 92 
597769 90 
598777 103 
598777 101 
599286 100 
599286 4
599286 1586
599286 10
601286 25 
601334 75 
602038 72 
602038 70 
602644 80 
602697 83 
603444 64 
603992 256 
604057 62 
604110 150 
604110 68 
604110 65
604185 92 
604581 90 
605646 103 
605646 101 
606151 100 
606151 4
606151 1586
606151 11
608151 25 
608195 75 
608900 72 
608900 70 
609508 80 
609561 83 
610201 64 
610603 61 
610667 150 
610667 68 
610667 65
610747 92 
611149 90 
612199 103 
612199 101 
612707 100 
612707 6
612707 1586
612707 11
612707 78 
614707 25 
614752 75 
615454 72 
615454 70 
616052 80 
616118 83 
616185 64 
616413 256 
616478 61 
616545 152 
616545 69 
616618 93 
618076 103 
618076 101 
618984 100 
618984 6
618984 1586
618984 11
620984 25 
623878 75 
624410 73 
625592 73 
626194 72 
626194 70 
626794 80 
626847 83 
630099 64 
630887 61 
630952 150 
630952 68 
630952 65
631025 92 
631479 90 
632487 103 
632487 101 
632991 100 
632991 6
632991 1586
632991 10
634991 25 
635041 75 
635745 72 
635745 70 
636350 80 
636403 83 
636617 64 
636898 256 
636963 62 
637030 151 
637030 69 
637096 93 
637551 91 
638550 103 
638550 101 
639455 100 
639455 6
639455 1586
639455 11
641456 25 
641501 75 
642203 72 
642203 70 
642801 80 
642854 83 
643920 64 
644376 61 
644440 150 
644440 68 
644440 65
644515 92 
644891 90 
645970 103 
645970 101 
646478 100 
646478 6
646478 1586
646478 10
648480 25 
648537 75 
649239 72 
649239 70 
649851 80 
649904 83 
650238 64 
650519 256 
650584 61 
650651 151 
650651 69 
650728 93 
652183 103 
652183 101 
653089 100 
653089 6
653089 1586
653089 10
655089 25 
655134 75 
655839 72 
655839 70 
656435 80 
657595 250 
658074 76 
658141 83 
658674 64 
658956 256 
659021 62 
659074 151 
659074 69 
659145 93 
659683 91 
660607 103 
660607 101 
661512 100 
661512 6
661512 1586
661512 11
663514 25 
663558 75 
664263 72 
664263 70 
664872 80 
664925 83 
665405 64 
665700 61 
665764 150 
665764 68 
665764 65
665836 92 
666239 90 
667298 103 
667298 101 
667803 100 
667803 6
667803 1586
667803 10
669805 25 
669849 75 
670551 72 
670551 70 
671335 80 
671389 83 
672322 64 
672497 256 
672615 63 
672735 150 
672735 68 
672735 65
672812 92 
674269 103 
674269 101 
674774 100 
674774 6
674774 1586
674774 11
676774 25 
676819 75 
677522 72 
677522 70 
678279 80 
678346 83 
678453 64 
678734 256 
678799 61 
678919 150 
678919 68 
678919 65
678998 92 
679414 90 
680450 103 
680450 101 
680958 100 
680958 6
680958 1586
680958 10
682958 25 
683003 75 
683707 72 
683707 70 
684450 80 
684517 83 
684810 64 
685038 256 
685103 63 
685170 150 
685170 68 
685170 65
685235 92 
686691 103 
686691 101 
687196 100 
687196 6
687196 1586
687196 10
689196 25 
689240 75 
689942 72 
689942 70 
690541 80 
690594 83 
691234 64 
691740 61 
691807 151 
691807 69 
691885 93 
693338 103 
693338 101 
694247 100 
694247 6
694247 1586
694247 11
696246 25 
696291 75 
696994 72 
696994 70 
697591 80 
697645 83 
706388 64 
706616 256 
706681 61 
706747 152 
706747 69 
706823 93 
707376 91 
707841 91 
708184 91 
708277 103 
708277 101 
709191 100 
709191 6
709191 1586
709191 10
711187 25 
711231 75 
711481 73 
712081 72 
712081 70 
712678 80 
712732 83 
713638 64 
714013 256 
714078 61 
714144 151 
714144 69 
714218 93 
715640 91 
715675 103 
715675 101 
716584 100 
716584 6
716584 1586
716584 11
718585 25 
718628 75 
719335 72 
719335 70 
719929 80 
719982 83 
720355 64 
720796 256 
720862 61 
720928 150 
720928 68 
720928 65
721004 92 
721380 90 
722460 103 
722460 101 
722967 100 
722967 6
722967 1586
722967 10
724968 25 
725406 75 
726106 72 
726106 70 
726713 80 
726766 83 
728205 64 
728500 63 
728565 150 
728565 68 
728565 65
728639 92 
730098 103 
730098 101 
730605 100 
730605 6
730605 1586
730605 10
732605 25 
732650 75 
733239 73 
733842 72 
733842 70 
734443 80 
734496 83 
734816 64 
735096 256 
735164 63 
735229 150 
735229 68 
735229 65
735309 92 
736690 90 
736765 103 
736765 101 
737271 100 
737271 6
737271 1586
737271 11
739268 25 
739313 75 
740014 72 
740014 70 
740613 80 
740667 83 
742053 64 
742561 61 
742626 150 
742626 68 
742626 65
742696 92 
743138 90 
744160 103 
744160 101 
744666 100 
744666 6
744666 1586
744666 11
746665 25 
746710 75 
747412 72 
747412 70 
748010 80 
748064 83 
748330 64 
748945 63 
749010 151 
749010 69 
749075 93 
749632 91 
750527 103 
750527 101 
751438 100 
751438 6
751438 1586
751438 10
753436 25 
753481 75 
754182 72 
754182 70 
754781 80 
754848 83 
756127 64 
757728 256 
757793 61 
757860 151 
757860 69 
757929 93 
758552 91 
759393 103 
759393 101 
760299 100 
760299 6
760299 1586
760299 11
762299 25 
762344 75 
763049 72 
763049 70 
763644 80 
763697 83 
764550 64 
765152 256 
765484 61 
765550 150 
765550 68 
765550 65
765622 92 
766062 90 
767082 103 
767082 101 
767588 100 
767588 6
767588 1586
767588 10
769590 25 
769637 75 
770342 72 
770342 70 
770947 80 
771001 83 
771267 64 
771615 63 
771681 150 
771681 68 
771681 65
771756 92 
772120 90 
773210 103 
773210 101 
773720 100 
773720 6
773720 1586
773720 11
775719 25 
775765 75 
776469 72 
776469 70 
777065 80 
777132 83 
777292 64 
777505 256 
777638 61 
777705 150 
777705 68 
777705 65
777787 92 
778131 90 
779234 103 
779234 101 
779743 100 
779743 6
779743 1586
779743 11
781744 25 
781790 75 
782495 72 
782495 70 
783089 80 
783143 83 
784022 64 
784277 256 
784409 63 
784475 151 
784475 69 
784539 93 
785348 91 
785995 103 
785995 101 
786901 100 
786901 6
786901 1586
786901 11
788902 25 
788946 75 
789650 72 
789650 70 
790246 80 
790299 83 
791206 64 
791927 61 
791992 152 
791992 69 
792061 93 
792451 91 
793524 103 
793524 101 
794432 100 
794432 6
794432 1586
794432 10
796433 25 
806472 254 
812992 75 
813693 72 
813693 70 
814290 250 
843984 71 
844304 80 
844357 83 
856245 252 
856753 256 
856819 61 
857021 151 
857021 69 
857093 93 
857557 91 
857667 91 
858549 103 
858549 101 
859458 100 
859458 6
859458 1586
859458 10
861459 25 
863553 75 
865150 73 
865755 72 
865755 70 
866348 80 
866415 83 
866841 64 
867069 256 
867134 61 
867201 151 
867201 69 
867278 93 
868733 103 
868733 101 
869639 100 
869639 6
869639 1586
869639 11
871641 25 
871685 75 
872389 72 
872389 70 
872985 80 
873038 83 
873572 64 
873853 256 
873918 61 
873985 150 
873985 68 
873985 65
874064 92 
874590 90 
875513 103 
875513 101 
876025 100 
876025 6
876025 1586
876025 10
878025 25 
878069 75 
878772 72 
878772 70 
879369 80 
879423 83 
880276 64 
880662 61 
880729 151 
880729 69 
880810 93 
881680 91 
882236 91 
882259 103 
882259 101 
883168 100 
883168 6
883168 1586
883168 11
885168 25 
885214 75 
885917 72 
885917 70 
886660 80 
886713 83 
894336 64 
896109 252 
918433 61 
918500 150 
918500 68 
918500 65
918572 92 
919065 90 
919454 90 
920030 103 
920030 101 
920539 100 
920539 6
920539 1586
920539 10
922539 25 
922584 75 
923289 72 
923289 70 
923884 80 
923937 83 
925643 76 
926656 64 
926938 256 
927109 61 
927176 151 
927176 69 
927252 93 
928708 103 
928708 101 
929615 100 
929615 6
929615 1586
929615 11
931615 25 
931665 75 
941654 254 
992288 73 
992920 72 
992920 70 
993455 71 
993882 80 
993935 83 
998853 64 
1003131 252 
1005025 256 
1005090 61 
1005157 150 
1005157 68 
1005157 65
1005233 92 
1005726 90 
1005839 90 
1006482 90 
1006691 103 
1006691 101 
1007200 100 
1007200 6
1007200 1586
1007200 11
1009198 25 
1009255 75 
1009958 72 
1009958 70 
1010555 80 
1010621 83 
1010688 64 
1010968 61 
1011035 150 
1011035 68 
1011035 65
1011108 92 
1012363 90 
1012568 103 
1012568 101 
1013074 100 
1013074 6
1013074 1586
1013074 11
1015073 25 
1015119 75 
1015822 72 
1015822 70 
1016419 80 
1016472 83 
1021537 64 
1021765 256 
1021897 61 
1021963 150 
1021963 68 
1021963 65
1022043 92 
1023426 90 
1023495 103 
1023495 101 
1024002 100 
1024002 6
1024002 1586
1024002 10
1026003 25 
1026047 75 
1026748 72 
1026748 70 
1027348 80 
1027401 83 
1027881 64 
1028161 256 
1028282 61 
1028334 151 
1028334 69 
1028408 93 
1029007 91 
1029868 103 
1029868 101 
1030774 100 
1030774 6
1030774 1586
1030774 10
1032773 25 
1032818 75 
1033519 72 
1033519 70 
1034118 80 
1034185 83 
1035358 64 
1035693 61 
1035758 151 
1035758 69 
1035832 93 
1036377 91 
1036638 91 
1037291 103 
1037291 101 
1038196 100 
1038196 6
1038196 1586
1038196 10
1040198 25 
1040242 75 
1040943 72 
1040943 70 
1041542 80 
1041609 83 
1046327 64 
1051031 252 
1071223 256 
1071291 61 
1071356 151 
1071356 69 
1071430 93 
1072046 91 
1072888 103 
1072888 101 
1073799 100 
1073799 6
1073799 1586
1073799 10
1075796 25 
1075840 75 
1076546 72 
1076546 70 
1077167 80 
1077220 83 
1077967 64 
1078142 256 
1078207 61 
1078273 151 
1078273 69 
1078347 93 
1079806 103 
1079806 101 
1080713 100 
1080713 6
1080713 1586
1080713 11
1082713 25 
1092754 254 
1136432 75 
1137133 72 
1137133 70 
1137902 80 
1137982 83 
1141700 64 
1141902 256 
1141994 61 
1142087 150 
1142087 68 
1142087 65
1142165 92 
1142546 90 
1143208 90 
1143496 90 
1143620 103 
1143620 101 
1144129 100 
1144129 6
1144129 1586
1144129 10
1146126 25 
1146170 75 
1146872 72 
1146872 70 
1147551 80 
1147605 83 
1148084 64 
1148313 256 
1148378 61 
1148444 153 
1148444 68 
1148444 65
1148522 92 
1148983 90 
1149977 103 
1149977 101 
1150483 100 
1150483 6
1150483 1586
1150483 11
1152484 25 
1152528 75 
1153229 72 
1153229 70 
1153829 80 
1153882 83 
1171342 252 
1171850 256 
1186842 61 
1186908 150 
1186908 68 
1186908 65
1186983 92 
1188439 103 
1188439 101 
1188947 100 
1188947 6
1188947 1586
1188947 11
1190948 25 
1190992 75 
1191696 72 
1191696 70 
1192293 80 
1192359 83 
1194065 64 
1194253 256 
1194319 61 
1194385 150 
1194385 68 
1194385 65
1194464 92 
1195234 90 
1195916 103 
1195916 101 
1196429 100 
1196429 6
1196429 1586
1196429 11
1198428 25 
1198482 75 
1199187 72 
1199187 70 
1199783 80 
1199836 83 
1256013 252 
1256188 256 
1256253 61 
1256320 150 
1256320 68 
1256320 65
1256404 92 
1257850 103 
1257850 101 
1258359 100 
1258359 6
1258359 1586
1258359 11
1260358 25 
1260404 75 
1261106 72 
1261106 70 
1261704 80 
1261758 83 
1262077 64 
1262252 256 
1262317 61 
1262384 150 
1262384 68 
1262384 65
1262461 92 
1263777 90 
1263916 103 
1263916 101 
1264424 100 
1264424 6
1264424 1586
1264424 11
1266423 25 
1276462 254 
1312961 75 
1313667 72 
1313667 70 
1314269 80 
1314322 83 
1315708 64 
1316001 61 
1316068 152 
1316068 69 
1316146 93 
1316607 91 
1316809 91 
1317601 103 
1317601 101 
1318508 100 
1318508 6
1318508 1586
1318508 10
1320507 25 
1321164 75 
1321866 72 
1321866 70 
1322465 80 
1322532 83 
1322812 64 
1322987 256 
1323052 61 
1323119 151 
1323119 69 
1323196 93 
1324650 103 
1324650 101 
1325559 100 
1325559 6
1325559 1586
1325559 10
1327557 25 
1327602 75 
1328306 72 
1328306 70 
1328903 80 
1328969 83 
1329249 64 
1329598 256 
1329662 62 
1338406 252 
1400620 151 
1400620 69 
1623663 91 
1666633 91 
1666650 93 
1666650 103 
1666650 101 
1667562 100 
1667562 6
1667562 1586
1667562 10
1669564 25 
1669620 75 
1670322 72 
1670322 70 
1671068 80 
1671161 83 
1672667 64 
1672895 256 
1673053 61 
1673120 151 
1673120 69 
1673196 93 
1673629 91 
1673816 91 
1674281 91 
1674515 91 
1674651 103 
1674651 101 
1675558 100 
1675558 6
1675558 1586
1675558 10
1677562 25 
1677608 75 
1678313 72 
1678313 70 
1678918 80 
1678971 83 
1679357 64 
1679639 256 
1680425 61 
1688407 252 
1702081 151 
1702081 69 
1702156 93 
1703613 103 
1703613 101 
1704520 100 
1704520 6
1704520 1586
1704520 11
1706521 25 
1706565 75 
1707268 72 
1707268 70 
1707866 80 
1707932 83 
1708519 64 
1708760 256 
1708825 61 
1708892 150 
1708892 68 
1708892 65
1708969 92 
1709354 90 
1709412 90 
1710426 103 
1710426 101 
1710932 100 
1710932 6
1710932 1586
1710932 10
1712932 25 
1712976 75 
1713677 72 
1713677 70 
1714276 80 
1714330 83 
1714916 64 
1715478 63 
1715542 150 
1715542 68 
1715542 65
1715623 92 
1715993 90 
1716741 90 
1716978 90 
1717075 103 
1717075 101 
1717578 100 
1717578 6
1717578 1586
1717578 10
1719581 25 
1719627 75 
1720329 72 
1720329 70 
1720927 80 
1720980 83 
1721033 64 
1721328 63 
1721393 150 
1721393 68 
1721393 65
1721476 92 
1722920 103 
1722920 101 
1723432 100 
1723432 6
1723432 1586
1723432 11
1725433 25 
1725477 75 
1726183 72 
1726183 70 
1726791 80 
1726844 83 
1727071 64 
1727232 256 
1727364 61 
1727431 150 
1727431 68 
1727431 65
1727508 92 
1728963 103 
1728963 101 
1729471 100 
1729471 6
1729471 1586
1729471 10
1731471 25 
1741511 254 
1753952 75 
1754657 72 
1754657 70 
1755259 80 
1755326 83 
1755712 64 
1756006 61 
1756072 151 
1756072 69 
1756153 93 
1756565 91 
1757603 103 
1757603 101 
1758513 100 
1758513 6
1758513 1586
1758513 11
1760511 25 
1760556 75 
1761258 72 
1761258 70 
1761857 80 
1761910 83 
1762336 64 
1763056 61 
1763123 150 
1763123 68 
1763123 65
1763186 92 
1763612 90 
1764643 103 
1764643 101 
1765149 100 
1765149 6
1765149 1586
1765149 11
1767149 25 
1767208 75 
1767913 72 
1767913 70 
1768520 80 
1768587 83 
1768720 64 
1768895 256 
1768960 61 
1769027 150 
1769027 68 
1769027 65
1769106 92 
1770561 103 
1770561 101 
1771065 100 
1771065 6
1771065 1586
1771065 11
1773067 25 
1773115 75 
1773815 72 
1773815 70 
1774545 80 
1774598 83 
1774838 64 
1775107 61 
1775211 150 
1775211 68 
1775211 65
1775277 92 
1776362 90 
1776731 103 
1776731 101 
1777238 100 
1777238 6
1777238 1586
1777238 10
1779237 25 
1789275 254 
1832763 75 
1833468 72 
1833468 70 
1834227 80 
1834306 83 
1838625 64 
1839066 256 
1843636 252 
1861215 61 
1861282 151 
1861282 69 
1861631 91 
1861653 93 
1862814 103 
1862814 101 
1863721 100 
1863721 6
1863721 1586
1863721 11
1865721 25 
1874418 75 
1874717 73 
1875350 72 
1875350 70 
1876102 80 
1876182 83 
1886871 252 
1887113 256 
1887178 61 
1887271 150 
1887271 68 
1887271 65
1887352 92 
1887742 90 
1888803 103 
1888803 101 
1889310 100 
1889310 6
1889310 1586
1889310 10
1891310 25 
1891355 75 
1892060 72 
1892060 70 
1892816 80 
1892895 83 
1893149 64 
1893337 256 
1893402 61 
1893495 153 
1893495 68 
1893495 65
1893576 92 
1894144 90 
1895033 103 
1895033 101 
1895549 100 
1895549 6
1895549 1586
1895549 10
1897548 25 
1897597 75 
1898300 72 
1898300 70 
1899013 80 
1899066 83 
1899399 64 
1899575 256 
1899639 61 
1899706 151 
1899706 69 
1899783 93 
1900427 91 
1900783 91 
1901241 103 
1901241 101 
1902145 100 
1902145 6
1902145 1586
1902145 11
1904146 25 
1904190 75 
1904891 72 
1904891 70 
1905490 80 
1905557 83 
1905717 64 
1905958 61 
1906023 150 
1906023 68 
1906023 65
1906097 92 
1907558 103 
1907558 101 
1908062 100 
1908062 6
1908062 1586
1908062 10
1910064 25 
1910108 75 
1910809 72 
1910809 70 
1911408 80 
1911461 83 
1932612 252 
1935200 256 
1935265 61 
1935331 153 
1935331 68 
1935331 65
1935572 90 
1935588 92 
1935881 90 
1936863 103 
1936863 101 
1937372 100 
1937372 6
1937372 1586
1937372 11
1939371 25 
1939415 75 
1940119 72 
1940119 70 
1940716 80 
1940769 83 
1941302 64 
1941544 61 
1941609 150 
1941609 68 
1941609 65
1941687 92 
1943141 103 
1943141 101 
1943647 100 
1943647 6
1943647 1586
1943647 11
1945648 25 
1945693 75 
1946397 72 
1946397 70 
1947006 80 
1947060 83 
1947500 64 
1947674 256 
1947739 61 
1947806 150 
1947806 68 
1947806 65
1947887 92 
1949338 103 
1949338 101 
1949847 100 
1949847 6
1949847 1586
1949847 11
1951845 25 
1959649 75 
1959797 73 
1961884 254 
1968348 73 
1970665 73 
1975972 73 
1976576 72 
1976576 70 
1977234 250 
1978633 71 
1978953 80 
1979007 83 
1980246 64 
1980539 256 
1981259 61 
1981326 150 
1981326 68 
1981326 65
1981400 92 
1982858 103 
1982858 101 
1983363 100 
1983363 6
1983363 1586
1983363 11
1985365 25 
1995403 254 
2011737 75 
2012438 72 
2012438 70 
2013179 80 
2013299 83 
2017244 64 
2017419 256 
2017484 61 
2017550 150 
2017550 68 
2017550 65
2017629 92 
2018217 90 
2018304 90 
2019085 103 
2019085 101 
2019591 100 
2019591 6
2019591 1586
2019591 10
2021590 25 
2021649 75 
2022351 72 
2022351 70 
2022948 80 
2023015 83 
2023868 64 
2024097 256 
2025467 62 
2025534 151 
2025534 69 
2083122 91 
2083149 93 
2083149 103 
2083149 101 
2084057 100 
2084057 6
2084057 1586
2084057 10
2086057 25 
2086101 75 
2086806 72 
2086806 70 
2087415 80 
2087468 83 
2087575 64 
2087868 61 
2087935 151 
2087935 69 
2088014 93 
2088547 91 
2089467 103 
2089467 101 
2090375 100 
2090375 6
2090375 1586
2090375 10
2092373 25 
2102415 254 
2232083 75 
2232194 73 
2232862 72 
2232862 70 
2233607 80 
2233674 83 
2234047 64 
2234169 256 
2234234 61 
2234301 151 
2234301 69 
2234377 93 
2235833 103 
2235833 101 
2236739 100 
2236739 6
2236739 1586
2236739 10
2238740 25 
2248353 75 
2248642 73 
2248779 254 
2249404 73 
2250009 72 
2250009 70 
2250361 250 
2250974 71 
2251560 71 
2253586 71 
2253959 80 
2254026 83 
2256291 64 
2259199 61 
2260196 252 
2265956 151 
2265956 69 
2266032 93 
2266482 91 
2267487 103 
2267487 101 
2268392 100 
2268392 6
2268392 1586
2268392 11
2270394 25 
2272271 75 
2272976 72 
2272976 70 
2273578 80 
2273631 83 
2273951 76 
2275977 64 
2276310 256 
2276885 61 
2276950 150 
2276950 68 
2276950 65
2277025 92 
2278480 103 
2278480 101 
2278988 100 
2278988 6
2278988 1586
2278988 11
2280989 25 
2281033 75 
2281734 72 
2281734 70 
2282334 80 
2282387 83 
2290930 76 
2295462 252 
2297090 256 
2301299 61 
2301366 150 
2301366 68 
2301366 65
2301445 92 
2302791 90 
2302902 103 
2302902 101 
2303408 100 
2303408 6
2303408 1586
2303408 10
2305406 25 
2305450 75 
2306156 72 
2306156 70 
2306751 80 
2306817 83 
2307777 64 
2308005 256 
2308070 61 
2308137 151 
2308137 69 
2308214 93 
2309671 103 
2309671 101 
2310576 100 
2310576 6
2310576 1586
2310576 10
2312577 25 
2312625 75 
2313329 72 
2313329 70 
2313934 80 
2314001 83 
2314107 64 
2314336 256 
2314401 61 
2314467 153 
2314467 68 
2314467 65
2314544 92 
2314928 90 
2316004 103 
2316004 101 
2316508 100 
2316508 6
2316508 1586
2316508 10
2318507 25 
2318551 75 
2319254 72 
2319254 70 
2319852 80 
2319906 83 
2319958 64 
2325811 256 
2325876 61 
2325943 151 
2325943 69 
2326005 93 
2326270 91 
2327462 103 
2327462 101 
2328368 100 
2328368 6
2328368 1586
2328368 10
2330368 25 
2330413 75 
2331114 72 
2331114 70 
2331713 80 
2331767 83 
2331873 64 
2332115 61 
2332180 151 
2332180 69 
2332259 93 
2332700 91 
2332796 91 
2332895 91 
2333682 91 
2333709 103 
2333709 101 
2334620 100 
2334620 6
2334620 1586
2334620 11
2336619 25 
2346659 254 
2365261 75 
2365967 72 
2365967 70 
2366766 80 
2366872 83 
2367912 64 
2368153 61 
2368272 150 
2368272 68 
2368272 65
2368352 92 
2368740 90 
2369804 103 
2369804 101 
2370314 100 
2370314 6
2370314 1586
2370314 11
2372313 25 
2372356 75 
2373059 72 
2373059 70 
2373803 80 
2373923 83 
2375229 64 
2375522 61 
2375642 150 
2375642 68 
2375642 65
2375722 92 
2377175 103 
2377175 101 
2377680 100 
2377680 6
2377680 1586
2377680 11
2379681 25 
2389719 254 
2393333 75 
2396314 73 
2396921 72 
2396921 70 
2397659 80 
2397713 83 
2400085 64 
2400500 256 
2402044 61 
2402164 150 
2402164 68 
2402164 65
2402241 92 
2403696 103 
2403696 101 
2404204 100 
2404204 6
2404204 1586
2404204 10
2406205 25 
2406252 75 
2406326 73 
2406986 72 
2406986 70 
2407722 80 
2407842 83 
2408655 64 
2408776 256 
2408841 61 
2408961 151 
2408961 69 
2409037 93 
2409417 91 
2409659 91 
2410110 91 
2410498 103 
2410498 101 
2411401 100 
2411401 6
2411401 1586
2411401 11
2413401 25 
2413445 75 
2414151 72 
2414151 70 
2414919 80 
2415012 83 
2415106 64 
2415254 256 
2415319 61 
2415412 150 
2415412 68 
2415412 65
2415492 92 
2416943 103 
2416943 101 
2417452 100 
2417452 6
2417452 1586
2417452 10
2419453 25 
2419496 75 
2420199 72 
2420199 70 
2420423 250 
2424595 71 
2425874 71 
2426476 71 
2426754 80 
2426807 83 
2428327 64 
2428502 256 
2428567 61 
2428633 151 
2428633 69 
2428706 93 
2429100 91 
2430167 103 
2430167 101 
2431072 100 
2431072 6
2431072 1586
2431072 10
2433074 25 
2433117 75 
2433819 72 
2433819 70 
2434418 80 
2434471 83 
2434631 64 
2434857 61 
2434924 151 
2434924 69 
2435003 93 
2435386 91 
2435528 91 
2435846 91 
2436133 91 
2436456 103 
2436456 101 
2437363 100 
2437363 6
2437363 1586
2437363 11
2439363 25 
2441323 75 
2442024 72 
2442024 70 
2442627 80 
2442681 83 
2443494 64 
2443669 256 
2443734 61 
2443800 152 
2443800 69 
2443866 93 
2445321 103 
2445321 101 
2446226 100 
2446226 6
2446226 1586
2446226 10
2448225 25 
2448271 75 
2448971 72 
2448971 70 
2449571 80 
2449625 83 
2452557 64 
2452745 61 
2452810 151 
2452810 69 
2452888 93 
2454341 103 
2454341 101 
2455249 100 
2455249 6
2455249 1586
2455249 10
2457251 25 
2457294 75 
2457995 72 
2457995 70 
2458607 80 
2458661 83 
2458927 64 
2459167 61 
2459234 151 
2459234 69 
2459312 93 
2460764 103 
2460764 101 
2461673 100 
2461673 6
2461673 1586
2461673 11
2463674 25 
2464377 75 
2465217 73 
2467577 73 
2471918 73 
2472171 73 
2472774 72 
2472774 70 
2473375 80 
2473428 83 
2473801 64 
2473976 256 
2474041 61 
2474108 150 
2474108 68 
2474108 65
2474187 92 
2475640 103 
2475640 101 
2476147 100 
2476147 6
2476147 1586
2476147 10
2478148 25 
2478195 75 
2478900 72 
2478900 70 
2479505 80 
2479559 83 
2480358 64 
2480533 256 
2480598 63 
2480665 150 
2480665 68 
2480665 65
2480741 92 
2482198 103 
2482198 101 
2482707 100 
2482707 6
2482707 1586
2482707 11
2484705 25 
2484750 75 
2485452 72 
2485452 70 
2486049 80 
2486103 83 
2486476 64 
2486716 61 
2486782 150 
2486782 68 
2486782 65
2486852 92 
2487832 90 
2488305 103 
2488305 101 
2488813 100 
2488813 6
2488813 1586
2488813 11
2490811 25 
2490853 75 
2491555 72 
2491555 70 
2492154 80 
2492220 250 
2493060 76 
2493127 83 
2493246 64 
2493488 61 
2493553 150 
2493553 68 
2493553 65
2493616 92 
2495072 103 
2495072 101 
2495579 100 
2495579 6
2495579 1586
2495579 10
2497579 25 
2497627 75 
2498333 72 
2498333 70 
2498937 80 
2498991 83 
2499684 64 
2500139 63 
2500204 150 
2500204 68 
2500204 65
2500285 92 
2501738 103 
2501738 101 
2502247 100 
2502247 6
2502247 1586
2502247 11
2504245 25 
2504288 75 
2506508 73 
2506796 73 
2507526 73 
2507880 73 
2508127 73 
2509700 73 
2510728 73 
2511446 73 
2511808 73 
2512086 73 
2512165 73 
2512856 73 
2513040 73 
2513383 73 
2514088 73 
2514284 254 
2514477 73 
2516520 73 
2516722 73 
2517059 73 
2517324 73 
2517692 73 
2518037 73 
2518719 73 
2518859 73 
2519479 73 
2519814 73 
2520270 73 
2520756 73 
2521521 73 
2522120 72 
2522120 70 
2522861 80 
2522969 250 
2523554 76 
2523674 83 
2523847 64 
2524076 256 
2524140 61 
2524260 150 
2524260 68 
2524260 65
2524336 92 
2524773 90 
2525790 103 
2525790 101 
2526301 100 
2526301 6
2526301 1586
2526301 10
2528299 25 
2528345 75 
2529047 72 
2529047 70 
2529685 250 
2541080 71 
2541400 80 
2542546 250 
2543146 76 
2543212 83 
2543532 252 
2543774 61 
2543839 151 
2543839 69 
2543916 93 
2544376 91 
2544715 91 
2545127 91 
2545372 103 
2545372 101 
2546277 100 
2546277 6
2546277 1586
2546277 10
2548278 25 
2548324 75 
2549027 72 
2549027 70 
2549410 250 
2552239 71 
2552515 80 
2552582 83 
2554195 64 
2554370 61 
2554434 151 
2554434 69 
2554512 93 
2555049 91 
2555298 91 
2555736 91 
2555968 103 
2555968 101 
2556873 100 
2556873 6
2556873 1586
2556873 11
2558875 25 
2559535 75 
2560236 72 
2560236 70 
2560832 80 
2560885 83 
2561045 64 
2561220 256 
2561285 61 
2561352 150 
2561352 68 
2561352 65
2561427 92 
2562886 103 
2562886 101 
2563391 100 
2563391 6
2563391 1586
2563391 11
2565390 25 
2565436 75 
2566139 72 
2566139 70 
2566736 80 
2566789 83 
2567802 64 
2573868 61 
2573933 150 
2573933 68 
2573933 65
2574009 92 
2575467 103 
2575467 101 
2575973 100 
2575973 6
2575973 1586
2575973 10
2577972 25 
2578018 75 
2578722 72 
2578722 70 
2579317 80 
2579371 83 
2579637 64 
2579878 63 
2579944 150 
2579944 68 
2579944 65
2580019 92 
2581476 103 
2581476 101 
2581982 100 
2581982 6
2581982 1586
2581982 10
2583983 25 
2594022 254 
2638299 75 
2639005 72 
2639005 70 
2639799 80 
2639866 83 
2641425 64 
2641613 61 
2641678 151 
2641678 69 
2641756 93 
2642128 91 
2642928 91 
2643110 91 
2643211 103 
2643211 101 
2644118 100 
2644118 6
2644118 1586
2644118 11
2646118 25 
2646162 75 
2648319 73 
2648921 72 
2648921 70 
2649528 80 
2649595 83 
2649702 64 
2649878 256 
2649941 61 
2650008 152 
2650008 69 
2650081 93 
2650662 91 
2650778 91 
2651123 91 
2651543 103 
2651543 101 
2652447 100 
2652447 6
2652447 1586
2652447 11
2654449 25 
2656674 75 
2657378 72 
2657378 70 
2657978 80 
2658031 83 
2658685 64 
2658859 256 
2658924 61 
2658991 150 
2658991 68 
2658991 65
2659053 92 
2659535 90 
2659760 90 
2660084 90 
2660280 90 
2660509 103 
2660509 101 
2661016 100 
2661016 6
2661016 1586
2661016 10
2663017 25 
2663062 75 
2663767 72 
2663767 70 
2664363 80 
2664429 83 
2664482 64 
2667109 256 
2672521 255 
2672585 61 
2672639 153 
2672639 68 
2672639 65
2672701 92 
2674156 103 
2674156 101 
2674665 100 
2674665 6
2674665 1586
2674665 11
2676665 25 
2676709 75 
2677413 72 
2677413 70 
2679396 71 
2679504 250 
2679769 71 
2680089 80 
2680142 83 
2684141 64 
2684261 256 
2684329 61 
2684394 150 
2684394 68 
2684394 65
2684475 92 
2684948 90 
2685507 90 
2685926 103 
2685926 101 
2686434 100 
2686434 6
2686434 1586
2686434 10
2688433 25 
2688478 75 
2689183 72 
2689183 70 
2689778 80 
2689845 83 
2690005 64 
2690180 256 
2690245 61 
2690311 151 
2690311 69 
2690387 93 
2690917 91 
2691101 91 
2691196 91 
2691515 91 
2691716 91 
2691840 103 
2691840 101 
2692750 100 
2692750 6
2692750 1586
2692750 10
2694751 25 
2694799 75 
2695505 72 
2695505 70 
2696109 250 
2696271 71 
2696655 71 
2696935 80 
2696989 83 
2697575 64 
2697750 256 
2697815 61 
2697882 151 
2697882 69 
2697958 93 
2698375 91 
2699415 103 
2699415 101 
2700321 100 
2700321 6
2700321 1586
2700321 11
2702321 25 
2702365 75 
2703070 72 
2703070 70 
2703666 80 
2703719 83 
2704199 64 
2704426 61 
2704492 150 
2704492 68 
2704492 65
2704570 92 
2706025 103 
2706025 101 
2706532 100 
2706532 6
2706532 1586
2706532 10
2708533 25 
2708576 75 
2709278 72 
2709278 70 
2709877 80 
2709930 83 
2710197 64 
2710371 256 
2710436 63 
2710503 150 
2710503 68 
2710503 65
2710579 92 
2712036 103 
2712036 101 
2712545 100 
2712545 6
2712545 1586
2712545 11
2714544 25 
2714588 75 
2715288 72 
2715288 70 
2715887 80 
2715941 83 
2716207 64 
2716382 256 
2716447 61 
2716514 150 
2716514 68 
2716514 65
2716591 92 
2717059 90 
2718045 103 
2718045 101 
2718553 100 
2718553 6
2718553 1586
2718553 11
2720553 25 
2720598 75 
2721300 72 
2721300 70 
2721898 80 
2721952 83 
2722218 64 
2722406 61 
2722471 150 
2722471 68 
2722471 65
2722550 92 
2723546 90 
2723919 90 
2724005 103 
2724005 101 
2724511 100 
2724511 6
2724511 1586
2724511 11
2726510 25 
2726557 75 
2727261 72 
2727261 70 
2727856 80 
2727909 83 
2728709 64 
2728990 256 
2729055 63 
2729122 151 
2729122 69 
2729201 93 
2730653 103 
2730653 101 
2731562 100 
2731562 6
2731562 1586
2731562 10
2733562 25 
2742939 75 
2743135 73 
2743603 254 
2743793 72 
2743793 70 
2744516 80 
2744569 83 
2747035 64 
2747156 256 
2747274 61 
2747394 151 
2747394 69 
2747468 93 
2747846 91 
2747974 91 
2748404 91 
2748923 103 
2748923 101 
2749833 100 
2749833 6
2749833 1586
2749833 11
2751834 25 
2751878 75 
2752583 72 
2752583 70 
2753352 80 
2753432 83 
2753565 64 
2753832 61 
2753925 150 
2753925 68 
2753925 65
2754000 92 
2755455 103 
2755455 101 
2755963 100 
2755963 6
2755963 1586
2755963 10
2757965 25 
2758010 75 
2758712 72 
2758712 70 
2759483 80 
2759576 83 
2760056 64 
2762628 62 
2762695 153 
2762695 68 
2762695 65
2762772 92 
2763996 90 
2764226 103 
2764226 101 
2764735 100 
2764735 6
2764735 1586
2764735 11
2766734 25 
2766779 75 
2767481 72 
2767481 70 
2768253 80 
2768346 250 
2769454 76 
2769519 83 
2769838 64 
2770080 61 
2770145 150 
2770145 68 
2770145 65
2770224 92 
2770940 90 
2771369 90 
2771677 103 
2771677 101 
2772187 100 
2772187 6
2772187 1586
2772187 11
2774185 25 
2774229 75 
2774930 72 
2774930 70 
2775676 80 
2775769 250 
2776503 76 
2776596 83 
2776742 64 
2777024 256 
2777089 61 
2777182 150 
2777182 68 
2777182 65
2777259 92 
2778715 103 
2778715 101 
2779221 100 
2779221 6
2779221 1586
2779221 11
2781222 25 
2781266 75 
2781970 72 
2781970 70 
2782726 80 
2782806 83 
2782940 64 
2783114 61 
2783206 150 
2783206 68 
2783206 65
2783282 92 
2784421 90 
2784557 90 
2784739 103 
2784739 101 
2785246 100 
2785246 6
2785246 1586
2785246 10
2787246 25 
2787291 75 
2787995 72 
2787995 70 
2788804 80 
2788884 83 
2789137 64 
2789312 256 
2789404 63 
2789497 150 
2789497 68 
2789497 65
2789579 92 
2791031 103 
2791031 101 
2791537 100 
2791537 6
2791537 1586
2791537 11
2793537 25 
2793581 75 
2794286 72 
2794286 70 
2795015 80 
2795095 83 
2804225 64 
2804464 252 
2804531 150 
2804531 68 
2804531 65
2804606 92 
2805649 90 
2806061 103 
2806061 101 
2806571 100 
2806571 6
2806571 1586
2806571 10
2808570 25 
2808619 75 
2809324 72 
2809324 70 
2810088 80 
2810182 83 
2810502 64 
2810663 256 
2810728 63 
2810821 150 
2810821 68 
2810821 65
2810898 92 
2812353 103 
2812353 101 
2812861 100 
2812861 6
2812861 1586
2812861 10
2814862 25 
2814920 75 
2815621 72 
2815621 70 
2816326 80 
2816379 83 
2816752 64 
2816940 61 
2817005 151 
2817005 69 
2817086 93 
2817811 91 
2818260 91 
2818536 103 
2818536 101 
2819444 100 
2819444 6
2819444 1586
2819444 10
2821444 25 
2821489 75 
2822190 72 
2822190 70 
2822790 80 
2822843 83 
2823976 64 
2824590 256 
2824656 61 
2824709 151 
2824709 69 
2824783 93 
2825217 91 
2825349 91 
2825550 91 
2825951 91 
2826240 103 
2826240 101 
2827148 100 
2827148 6
2827148 1586
2827148 10
2829148 25 
2829193 75 
2829897 72 
2829897 70 
2830493 80 
2830560 83 
2830933 64 
2831108 256 
2831173 61 
2831240 151 
2831240 69 
2831303 93 
2832757 103 
2832757 101 
2833665 100 
2833665 6
2833665 1586
2833665 11
2835666 25 
2835710 75 
2836414 72 
2836414 70 
2837011 80 
2837077 83 
2837344 64 
2837584 61 
2837650 150 
2837650 68 
2837650 65
2837727 92 
2838619 90 
2839180 103 
2839180 101 
2839689 100 
2839689 6
2839689 1586
2839689 10
2841689 25 
2841735 75 
2843917 73 
2844517 72 
2844517 70 
2845114 80 
2845167 83 
2845487 64 
2845729 256 
2845794 61 
2845860 151 
2845860 69 
2845937 93 
2847391 103 
2847391 101 
2848300 100 
2848300 6
2848300 1586
2848300 10
2850299 25 
2850348 75 
2850921 73 
2851523 72 
2851523 70 
2852124 80 
2852178 83 
2852617 64 
2852846 256 
2852911 63 
2852977 150 
2852977 68 
2852977 65
2853056 92 
2854510 103 
2854510 101 
2855018 100 
2855018 6
2855018 1586
2855018 11
2857016 25 
2857061 75 
2857763 72 
2857763 70 
2858362 80 
2858415 83 
2858482 64 
2858710 256 
2858775 61 
2858842 152 
2858842 69 
2858921 93 
2859364 91 
2860165 91 
2860372 103 
2860372 101 
2861282 100 
2861282 6
2861282 1586
2861282 11
2863281 25 
2863329 75 
2864034 72 
2864034 70 
2864639 80 
2864692 83 
2865172 64 
2865414 61 
2865479 150 
2865479 68 
2865479 65
2865558 92 
2866448 90 
2866625 90 
2867011 103 
2867011 101 
2867519 100 
2867519 6
2867519 1586
2867519 11
2869518 25 
2869563 75 
2870264 72 
2870264 70 
2870863 80 
2870916 83 
2871236 64 
2871425 61 
2871490 150 
2871490 68 
2871490 65
2871571 92 
2872635 90 
2873024 103 
2873024 101 
2873531 100 
2873531 6
2873531 1586
2873531 10
2875529 25 
2875574 75 
2876277 72 
2876277 70 
2876874 80 
2876941 83 
2877700 64 
2877915 61 
2877980 151 
2877980 69 
2878059 93 
2879512 103 
2879512 101 
2880420 100 
2880420 6
2880420 1586
2880420 11
2882421 25 
2892459 254 
2894688 75 
2895389 72 
2895389 70 
2895986 80 
2896039 83 
2901277 64 
2902143 256 
2902210 62 
2902277 151 
2902277 69 
2902356 93 
2903810 103 
2903810 101 
2904716 100 
2904716 6
2904716 1586
2904716 10
2906716 25 
2906761 75 
2907463 72 
2907463 70 
2908061 80 
2908115 83 
2908541 64 
2908754 256 
2908821 61 
2908887 151 
2908887 69 
2908966 93 
2910421 103 
2910421 101 
2911326 100 
2911326 6
2911326 1586
2911326 11
2913327 25 
2913371 75 
2914075 72 
2914075 70 
2914672 80 
2914738 83 
2915005 64 
2915193 256 
2915258 61 
2915325 150 
2915325 68 
2915325 65
2915401 92 
2915835 90 
2916856 103 
2916856 101 
2917363 100 
2917363 6
2917363 1586
2917363 11
2919364 25 
2919409 75 
2920112 72 
2920112 70 
2920922 80 
2920989 250 
2923135 76 
2923255 83 
2923535 64 
2923709 256 
2923828 61 
2923894 150 
2923894 68 
2923894 65
2923971 92 
2924557 90 
2925147 90 
2925427 103 
2925427 101 
2925933 100 
2925933 6
2925933 1586
2925933 10
2927934 25 
2927979 75 
2928681 72 
2928681 70 
2929439 80 
2929545 83 
2930025 64 
2930214 256 
2930332 63 
2930452 150 
2930452 68 
2930452 65
2930530 92 
2931984 103 
2931984 101 
2932492 100 
2932492 6
2932492 1586
2932492 10
2934491 25 
2934535 75 
2935236 72 
2935236 70 
2935969 80 
2936089 250 
2937196 76 
2937316 83 
2937543 64 
2937825 256 
2937942 63 
2938009 150 
2938009 68 
2938009 65
2938091 92 
2939539 103 
2939539 101 
2940047 100 
2940047 6
2940047 1586
2940047 10
2942049 25 
2952086 254 
2960526 75 
2961227 72 
2961227 70 
2961999 80 
2962052 83 
2962545 64 
2962721 256 
2962838 61 
2962905 151 
2962905 69 
2962987 93 
2963307 91 
2964443 103 
2964443 101 
2965358 100 
2965358 6
2965358 1586
2965358 11
2967358 25 
2967403 75 
2968104 72 
2968104 70 
2968849 80 
2968902 83 
2969116 64 
2969289 61 
2969409 150 
2969409 68 
2969409 65
2969487 92 
2970941 103 
2970941 101 
2971448 100 
2971448 6
2971448 1586
2971448 11
2973448 25 
2973493 75 
2974195 72 
2974195 70 
2974953 80 
2975047 250 
2975886 76 
2975940 83 
2976259 64 
2976448 256 
2976513 61 
2976606 150 
2976606 68 
2976606 65
2976685 92 
2977190 90 
2978136 103 
2978136 101 
2978646 100 
2978646 6
2978646 1586
2978646 10
2980645 25 
2989380 75 
2990082 72 
2990082 70 
2990840 80 
2990933 83 
2991067 64 
2991295 256 
2991386 61 
2991453 151 
2991453 69 
2991529 93 
2991780 91 
2991926 91 
2992828 91 
2992985 103 
2992985 101 
2993893 100 
2993893 6
2993893 1586
2993893 11
2995894 25 
2999759 75 
3000460 72 
3000460 70 
3001209 80 
3001289 83 
3001849 64 
3002089 61 
3002182 152 
3002182 69 
3002257 93 
3002546 91 
3003712 103 
3003712 101 
3004623 100 
3004623 6
3004623 1586
3004623 10
3006621 25 
3006666 75 
3007370 72 
3007370 70 
3008140 80 
3008220 83 
3008381 64 
3017602 252 
3057961 62 
3058026 151 
3058026 69 
3058100 93 
3059559 103 
3059559 101 
3060465 100 
3060465 6
3060465 1586
3060465 11
3062464 25 
3062525 75 
3063227 72 
3063227 70 
3063823 80 
3063876 83 
3064156 64 
3064331 256 
3064396 61 
3064463 150 
3064463 68 
3064463 65
3064542 92 
3064875 90 
3065781 90 
3065997 103 
3065997 101 
3066503 100 
3066503 6
3066503 1586
3066503 10
3068503 25 
3075437 75 
3076138 72 
3076138 70 
3084894 250 
3123958 71 
3124278 80 
3124345 83 
3125531 252 
3125759 256 
3125824 61 
3125891 151 
3125891 69 
3125963 93 
3127423 103 
3127423 101 
3128331 100 
3128331 6
3128331 1586
3128331 10
3130331 25 
3130376 75 
3131079 72 
3131079 70 
3131688 80 
3131742 83 
3132168 64 
3132356 256 
3132421 61 
3132488 151 
3132488 69 
3132561 93 
3132934 91 
3133893 91 
3134014 91 
3134020 103 
3134020 101 
3134928 100 
3134928 6
3134928 1586
3134928 11
3136927 25 
3136972 75 
3137675 72 
3137675 70 
3138272 80 
3138406 250 
3138980 76 
3139618 76 
3139685 83 
3139965 64 
3140139 256 
3140205 61 
3140271 152 
3140271 69 
3140349 93 
3140811 91 
3140909 91 
3141408 91 
3141657 91 
3141805 103 
3141805 101 
3142710 100 
3142710 6
3142710 1586
3142710 11
3144711 25 
3144755 75 
3145459 72 
3145459 70 
3146002 250 
3148136 71 
3150187 71 
3150507 80 
3150561 83 
3151267 64 
3151455 61 
3151520 150 
3151520 68 
3151520 65
3151595 92 
3151968 90 
3152277 90 
3153054 103 
3153054 101 
3153558 100 
3153558 6
3153558 1586
3153558 11
3155559 25 
3155608 75 
3156313 72 
3156313 70 
3156918 80 
3156985 83 
3158584 64 
3158825 61 
3158890 150 
3158890 68 
3158890 65
3158971 92 
3159542 90 
3160027 90 
3160423 103 
3160423 101 
3160932 100 
3160932 6
3160932 1586
3160932 10
3162931 25 
3171753 75 
3172010 73 
3172613 72 
3172613 70 
3173218 80 
3173284 83 
3174191 64 
3174432 61 
3174497 151 
3174497 69 
3174580 93 
3174924 91 
3175318 91 
3175728 91 
3176027 103 
3176027 101 
3176936 100 
3176936 6
3176936 1586
3176936 11
3178936 25 
3178982 75 
3179688 72 
3179688 70 
3180295 80 
3180361 83 
3181694 64 
3181869 256 
3181934 61 
3182001 150 
3182001 68 
3182001 65
3182081 92 
3182484 90 
3182822 90 
3183531 103 
3183531 101 
3184040 100 
3184040 6
3184040 1586
3184040 10
3186040 25 
3186086 75 
3186790 72 
3186790 70 
3187399 80 
3187452 83 
3187839 64 
3188079 63 
3188145 150 
3188145 68 
3188145 65
3188229 92 
3189676 103 
3189676 101 
3190184 100 
3190184 6
3190184 1586
3190184 10
3192185 25 
3192229 75 
3192932 72 
3192932 70 
3193529 80 
3193584 83 
3193902 64 
3194184 256 
3194249 63 
3194316 150 
3194316 68 
3194316 65
3194394 92 
3195846 103 
3195846 101 
3196356 100 
3196356 6
3196356 1586
3196356 11
3198356 25 
3198399 75 
3199101 72 
3199101 70 
3199700 80 
3199900 250 
3200446 76 
3201126 76 
3201193 83 
3201566 64 
3201808 61 
3201873 150 
3201873 68 
3201873 65
3201951 92 
3203403 103 
3203403 101 
3203912 100 
3203912 6
3203912 1586
3203912 10
3205912 25 
3205957 75 
3206662 72 
3206662 70 
3207257 80 
3207310 83 
3207590 64 
3207858 63 
3207923 150 
3207923 68 
3207923 65
3208001 92 
3209454 103 
3209454 101 
3209964 100 
3209964 6
3209964 1586
3209964 10
3211962 25 
3212008 75 
3212712 72 
3212712 70 
3213308 80 
3213361 83 
3213841 64 
3214069 256 
3214134 63 
3214201 150 
3214201 68 
3214201 65
3214281 92 
3215733 103 
3215733 101 
3216240 100 
3216240 6
3216240 1586
3216240 10
3218240 25 
3218289 75 
3218993 72 
3218993 70 
3219599 80 
3219652 83 
3222077 64 
3222317 61 
3222384 151 
3222384 69 
3222464 93 
3222871 91 
3223311 91 
3223731 91 
3223918 103 
3223918 101 
3224823 100 
3224823 6
3224823 1586
3224823 10
3226824 25 
3227118 75 
3227844 73 
3228240 73 
3228735 73 
3229195 73 
3229726 73 
3230238 73 
3230584 73 
3231346 73 
3231610 73 
3232049 73 
3232446 73 
3232791 73 
3233391 72 
3233391 70 
3233513 250 
3234312 71 
3234806 80 
3234859 83 
3237258 64 
3237446 61 
3237511 151 
3237511 69 
3237586 93 
3239044 103 
3239044 101 
3239949 100 
3239949 6
3239949 1586
3239949 10
3241951 25 
3241996 75 
3242701 72 
3242701 70 
3243309 80 
3243362 83 
3245308 76 
3246014 76 
3247107 76 
3248213 64 
3248348 256 
3252825 252 
3256317 62 
3300925 151 
3300925 69 
3301385 91 
3301405 93 
3302458 103 
3302458 101 
3303364 100 
3303364 6
3303364 1586
3303364 11
3305364 25 
3305413 75 
3306117 72 
3306117 70 
3306722 80 
3306776 83 
3306989 64 
3307229 61 
3307295 150 
3307295 68 
3307295 65
3307377 92 
3308827 103 
3308827 101 
3309334 100 
3309334 6
3309334 1586
3309334 11
3311335 25 
3311380 75 
3312085 72 
3312085 70 
3312813 80 
3312880 83 
3313040 64 
3313215 256 
3313280 61 
3313346 150 
3313346 68 
3313346 65
3313423 92 
3314556 90 
3314881 103 
3314881 101 
3315390 100 
3315390 6
3315390 1586
3315390 11
3317389 25 
3317431 75 
3318133 72 
3318133 70 
3318411 250 
3350371 71 
3350851 80 
3350917 83 
3355182 252 
3355370 61 
3355436 152 
3355436 69 
3355507 93 
3355899 91 
3356705 91 
3356967 103 
3356967 101 
3357876 100 
3357876 6
3357876 1586
3357876 11
3359876 25 
3359933 75 
3360636 72 
3360636 70 
3361233 80 
3361300 83 
3361566 64 
3361806 61 
3361873 150 
3361873 68 
3361873 65
3361952 92 
3362332 90 
3362641 90 
3363131 90 
3363406 103 
3363406 101 
3363912 100 
3363912 6
3363912 1586
3363912 11
3365912 25 
3365957 75 
3366659 72 
3366659 70 
3367257 250 
3369978 71 
3371522 71 
3371842 80 
3371895 83 
3373295 64 
3373523 256 
3373588 61 
3373655 150 
3373655 68 
3373655 65
3373737 92 
3374089 90 
3374520 90 
3374636 90 
3375189 103 
3375189 101 
3375693 100 
3375693 6
3375693 1586
3375693 10
3377695 25 
3377739 75 
3378444 72 
3378444 70 
3379039 80 
3379092 83 
3380159 64 
3386864 256 
3386929 61 
3386996 151 
3386996 69 
3387069 93 
3388533 103 
3388533 101 
3389435 100 
3389435 6
3389435 1586
3389435 11
3391435 25 
3391480 75 
3392183 72 
3392183 70 
3392780 80 
3392833 83 
3393368 64 
3393608 61 
3393673 150 
3393673 68 
3393673 65
3393751 92 
3395204 103 
3395204 101 
3395713 100 
3395713 6
3395713 1586
3395713 11
3397713 25 
3397757 75 
3401104 73 
3401706 72 
3401706 70 
3402309 80 
3402363 83 
3406748 64 
3406922 256 
3406987 61 
3407054 150 
3407054 68 
3407054 65
3407126 92 
3407423 90 
3408585 103 
3408585 101 
3409093 100 
3409093 6
3409093 1586
3409093 10
3411093 25 
3411153 75 
3411856 72 
3411856 70 
3412452 80 
3412505 83 
3413038 64 
3413333 63 
3413398 150 
3413398 68 
3413398 65
3413473 92 
3413899 90 
3414731 90 
3414935 90 
3414935 103 
3414935 101 
3415452 100 
3415452 6
3415452 1586
3415452 10
3417451 25 
3417496 75 
3418200 72 
3418200 70 
3418956 80 
3419009 83 
3419116 64 
3419462 63 
3419596 152 
3419596 69 
3419674 93 
3421068 91 
3421128 103 
3421128 101 
3422047 100 
3422047 6
3422047 1586
3422047 11
3424048 25 
3424094 75 
3424479 73 
3425470 73 
3425728 73 
3426663 73 
3427232 73 
3427837 72 
3427837 70 
3428578 80 
3428698 250 
3429298 76 
3430114 76 
3430231 83 
3430284 64 
3430513 256 
3430578 61 
3430644 150 
3430644 68 
3430644 65
3430723 92 
3431266 90 
3432179 103 
3432179 101 
3432683 100 
3432683 6
3432683 1586
3432683 10
3434683 25 
3434741 75 
3435443 72 
3435443 70 
3436162 80 
3436282 83 
3436389 64 
3436724 256 
3436842 63 
3436962 150 
3436962 68 
3436962 65
3437040 92 
3438494 103 
3438494 101 
3439000 100 
3439000 6
3439000 1586
3439000 10
3441000 25 
3441059 75 
3441760 72 
3441760 70 
3442413 250 
3448117 71 
3448397 80 
3448464 83 
3449450 64 
3449691 61 
3449756 151 
3449756 69 
3449821 93 
3450226 91 
3450315 91 
3450464 91 
3451040 91 
3451125 91 
3451280 103 
3451280 101 
3452196 100 
3452196 6
3452196 1586
3452196 11
3454195 25 
3454693 75 
3454938 73 
3455190 73 
3455793 72 
3455793 70 
3456394 80 
3456447 83 
3456780 64 
3456955 256 
3457020 61 
3457087 150 
3457087 68 
3457087 65
3457163 92 
3458619 103 
3458619 101 
3459125 100 
3459125 6
3459125 1586
3459125 11
3461126 25 
3461171 75 
3461874 72 
3461874 70 
3462471 80 
3462538 83 
3464205 64 
3464392 61 
3464457 150 
3464457 68 
3464457 65
3464532 92 
3465990 103 
3465990 101 
3466495 100 
3466495 6
3466495 1586
3466495 10
3468496 25 
3468541 75 
3469246 72 
3469246 70 
3469841 250 
3470056 71 
3470961 71 
3471281 80 
3471334 83 
3474346 76 
3474466 76 
3480637 252 
3482116 62 
3482183 151 
3482183 69 
3508645 91 
3508672 93 
3508672 103 
3508672 101 
3509588 100 
3509588 6
3509588 1586
3509588 11
3511586 25 
3511643 75 
3512348 72 
3512348 70 
3512943 80 
3512997 83 
3513063 64 
3513292 61 
3513357 150 
3513357 68 
3513357 65
3513431 92 
3513935 90 
3514889 103 
3514889 101 
3515394 100 
3515394 6
3515394 1586
3515394 11
3517396 25 
3517441 75 
3518142 72 
3518142 70 
3518741 80 
3518808 83 
3518874 64 
3519049 256 
3519114 61 
3519181 150 
3519181 68 
3519181 65
3519260 92 
3520718 103 
3520718 101 
3521220 100 
3521220 6
3521220 1586
3521220 11
3523220 25 
3523265 75 
3523969 72 
3523969 70 
3524565 80 
3524619 83 
3524779 64 
3525020 61 
3525085 150 
3525085 68 
3525085 65
3525166 92 
3526618 103 
3526618 101 
3527125 100 
3527125 6
3527125 1586
3527125 10
3529124 25 
3529169 75 
3529874 72 
3529874 70 
3530470 80 
3530523 83 
3531376 64 
3531604 63 
3531669 150 
3531669 68 
3531669 65
3531745 92 
3532455 90 
3533207 103 
3533207 101 
3533710 100 
3533710 3
3533710 1586
3533710 11
3533710 78 
3535709 25 
3545749 254 
3577071 75 
3586837 73 
3587508 72 
3587508 70 
3587992 71 
3588525 80 
3588632 83 
3589592 64 
3589765 256 
3589833 61 
3589898 151 
3589898 69 
3589978 93 
3590493 91 
3590998 91 
3591070 91 
3591215 91 
3591298 91 
3591430 103 
3591430 101 
3592338 100 
3592338 3
3592338 1586
3592338 10
3594338 25 
3594382 75 
3595086 72 
3595086 70 
3595696 80 
3595749 83 
3596016 64 
3596244 61 
3596309 153 
3596309 68 
3596309 65
3596384 92 
3596823 90 
3597840 103 
3597840 101 
3598348 100 
3598348 3
3598348 1586
3598348 10
3600349 25 
3600665 75 
3606218 73 
3606546 73 
3607147 72 
3607147 70 
3607744 80 
3607797 83 
3608491 64 
3608665 256 
3608730 61 
3608797 151 
3608797 69 
3608863 93 
3609218 91 
3610007 91 
3610318 103 
3610318 101 
3611224 100 
3611224 3
3611224 1586
3611224 10
3613223 25 
3613267 75 
3613972 72 
3613972 70 
3614568 80 
3614635 250 
3615408 76 
3615474 83 
3615741 64 
3616036 256 
3616634 61 
3616700 151 
3616700 69 
3616777 93 
3617227 91 
3617413 91 
3618018 91 
3618231 103 
3618231 101 
3619143 100 
3619143 3
3619143 1586
3619143 10
3621140 25 
3621544 75 
3622248 72 
3622248 70 
3622845 80 
3622898 83 
3623165 64 
3623391 61 
3623458 151 
3623458 69 
3623526 93 
3623899 91 
3624280 91 
3624510 91 
3624860 91 
3624976 103 
3624976 101 
3625884 100 
3625884 3
3625884 1586
3625884 11
3627885 25 
3637924 254 
3674566 75 
3675269 72 
3675269 70 
3675876 80 
3675929 83 
3676089 64 
3676265 256 
3676836 61 
3676902 151 
3676902 69 
3677102 91 
3677124 93 
3677350 91 
3678083 91 
3678434 91 
3678434 103 
3678434 101 
3679342 100 
3679342 3
3679342 1586
3679342 11
3681341 25 
3691379 254 
3707286 75 
3707990 72 
3707990 70 
3708716 80 
3709289 250 
3709902 76 
3710008 83 
3710275 64 
3710450 256 
3710568 61 
3710635 151 
3710635 69 
3710712 93 
3711058 91 
3711867 91 
3712165 103 
3712165 101 
3713075 100 
3713075 3
3713075 1586
3713075 10
3715074 25 
3716945 75 
3717650 72 
3717650 70 
3718418 80 
3718485 83 
3718818 64 
3718992 256 
3719060 61 
3719125 151 
3719125 69 
3719202 93 
3719568 91 
3720656 103 
3720656 101 
3721564 100 
3721564 3
3721564 1586
3721564 10
3723564 25 
3723608 75 
3724309 72 
3724309 70 
3724909 80 
3724976 83 
3725029 64 
3726831 256 
3726895 61 
3726961 151 
3726961 69 
3727037 93 
3728494 103 
3728494 101 
3729400 100 
3729400 3
3729400 1586
3729400 11
3731400 25 
3731445 75 
3732149 72 
3732149 70 
3732746 80 
3732812 83 
3733612 64 
3737279 61 
3737344 151 
3737344 69 
3737425 93 
3737598 91 
3737908 91 
3738309 91 
3738737 91 
3738873 103 
3738873 101 
3739784 100 
3739784 3
3739784 1586
3739784 10
3741784 25 
3741828 75 
3742532 72 
3742532 70 
3743128 80 
3743195 83 
3743368 64 
3743556 61 
3743621 151 
3743621 69 
3743696 93 
3744129 91 
3744823 91 
3744960 91 
3745130 91 
3745154 103 
3745154 101 
3746061 100 
3746061 3
3746061 1586
3746061 11
3748060 25 
3748105 75 
3748806 72 
3748806 70 
3749405 80 
3749459 83 
3749779 64 
3750019 61 
3750085 151 
3750085 69 
3750154 93 
3750617 91 
3750978 91 
3751368 91 
3751618 103 
3751618 101 
3752527 100 
3752527 3
3752527 1586
3752527 11
3754525 25 
3754694 75 
3755399 72 
3755399 70 
3756003 80 
3756056 83 
3756163 64 
3756404 61 
3756469 153 
3756469 68 
3756469 65
3756548 92 
3757614 90 
3758000 103 
3758000 101 
3758508 100 
3758508 3
3758508 1586
3758508 10
3760508 25 
3760553 75 
3761259 72 
3761259 70 
3761854 80 
3761920 83 
3763520 64 
3763761 61 
3763826 151 
3763826 69 
3763905 93 
3765357 103 
3765357 101 
3766266 100 
3766266 3
3766266 1586
3766266 11
3768267 25 
3768310 75 
3769012 72 
3769012 70 
3769610 80 
3769677 83 
3769997 64 
3770239 61 
3770303 151 
3770303 69 
3770380 93 
3770873 91 
3771168 91 
3771835 103 
3771835 101 
3772744 100 
3772744 3
3772744 1586
3772744 11
3774743 25 
3776364 75 
3776533 73 
3777156 73 
3777716 73 
3778066 73 
3778464 73 
3778755 73 
3779698 73 
3780169 73 
3780925 73 
3781504 73 
3782293 73 
3782895 72 
3782895 70 
3783391 250 
3784139 71 
3784418 80 
3784484 83 
3785231 64 
3785393 256 
3785457 61 
3785524 151 
3785524 69 
3785584 93 
3787043 103 
3787043 101 
3787950 100 
3787950 3
3787950 1586
3787950 10
3789949 25 
3789994 75 
3790700 72 
3790700 70 
3791295 80 
3791361 83 
3792401 64 
3792616 61 
3792681 153 
3792681 68 
3792681 65
3792755 92 
3793181 90 
3794215 103 
3794215 101 
3794720 100 
3794720 3
3794720 1586
3794720 10
3796720 25 
3796765 75 
3801922 73 
3803184 73 
3805787 73 
3806389 72 
3806389 70 
3807008 80 
3807448 76 
3807515 250 
3808141 76 
3808208 83 
3808634 64 
3808849 256 
3808914 255 
3813753 62 
3814272 150 
3814272 68 
3814272 65
3814976 90 
3815002 92 
3815622 90 
3815806 103 
3815806 101 
3816312 100 
3816312 3
3816312 1586
3816312 11
3818311 25 
3818356 75 
3819057 72 
3819057 70 
3819803 80 
3819923 83 
3819976 64 
3820205 256 
3820323 61 
3820389 151 
3820389 69 
3820464 93 
3820986 91 
3821480 91 
3821850 91 
3821921 103 
3821921 101 
3822828 100 
3822828 3
3822828 1586
3822828 11
3824829 25 
3824873 75 
3825575 72 
3825575 70 
3826320 80 
3826373 83 
3826640 64 
3826815 256 
3826880 61 
3827000 151 
3827000 69 
3827078 93 
3828534 103 
3828534 101 
3829439 100 
3829439 3
3829439 1586
3829439 10
3831439 25 
3831484 75 
3832185 72 
3832185 70 
3832904 80 
3832957 83 
3833091 64 
3833264 61 
3833384 151 
3833384 69 
3833449 93 
3833847 91 
3834544 91 
3834905 103 
3834905 101 
3835810 100 
3835810 3
3835810 1586
3835810 11
3837809 25 
3837854 75 
3838561 72 
3838561 70 
3839301 80 
3839409 83 
3840114 64 
3840409 256 
3840528 61 
3840594 151 
3840594 69 
3840664 93 
3842132 103 
3842132 101 
3843050 100 
3843050 3
3843050 1586
3843050 10
3845047 25 
3845114 75 
3845815 72 
3845815 70 
3846578 80 
3846685 83 
3847351 64 
3847698 61 
3847765 151 
3847765 69 
3847838 93 
3848256 91 
3848796 91 
3849298 103 
3849298 101 
3850217 100 
3850217 3
3850217 1586
3850217 10
3852218 25 
3855040 75 
3862258 254 
3862756 73 
3899608 73 
3900210 72 
3900210 70 
3900743 71 
3901249 80 
3901329 83 
3902742 64 
3902917 256 
3902982 61 
3903088 151 
3903088 69 
3903166 93 
3903537 91 
3904008 91 
3904618 103 
3904618 101 
3905527 100 
3905527 3
3905527 1586
3905527 11
3907528 25 
3907576 75 
3908276 72 
3908276 70 
3909019 80 
3909086 83 
3909166 64 
3909394 256 
3909486 61 
3909579 151 
3909579 69 
3909656 93 
3910788 91 
3911110 103 
3911110 101 
3912018 100 
3912018 3
3912018 1586
3912018 11
3914018 25 
3914063 75 
3914764 72 
3914764 70 
3915377 250 
3915459 71 
3915790 80 
3915870 83 
3916736 64 
3916965 256 
3917029 61 
3917122 153 
3917122 68 
3917122 65
3917201 92 
3918655 103 
3918655 101 
3919163 100 
3919163 3
3919163 1586
3919163 11
3921162 25 
3925009 75 
3925709 72 
3925709 70 
3926439 80 
3926492 83 
3926812 64 
3927040 61 
3927105 151 
3927105 69 
3927179 93 
3927548 91 
3928638 103 
3928638 101 
3929543 100 
3929543 3
3929543 1586
3929543 10
3931545 25 
3931589 75 
3932292 72 
3932292 70 
3932889 80 
3932956 83 
3933236 64 
3933411 256 
3933476 61 
3933542 151 
3933542 69 
3933619 93 
3935073 103 
3935073 101 
3935981 100 
3935981 3
3935981 1586
3935981 10
3937981 25 
3938027 75 
3938728 72 
3938728 70 
3938847 250 
3972340 71 
3972819 80 
3972886 83 
3973366 252 
3973541 256 
3973606 61 
3973672 151 
3973672 69 
3973749 93 
3975204 103 
3975204 101 
3976111 100 
3976111 3
3976111 1586
3976111 11
3978111 25 
3978157 75 
3978861 72 
3978861 70 
3979457 80 
3979523 83 
3979577 64 
3979818 61 
3979883 151 
3979883 69 
3979960 93 
3980446 91 
3981415 103 
3981415 101 
3982322 100 
3982322 3
3982322 1586
3982322 10
3984323 25 
3984371 75 
3985071 72 
3985071 70 
3985667 80 
3985721 83 
3985987 64 
3986322 256 
3986387 63 
3986454 151 
3986454 69 
3986530 93 
3987868 91 
3987916 91 
3987991 103 
3987991 101 
3988907 100 
3988907 3
3988907 1586
3988907 11
3990907 25 
3991396 75 
3992098 72 
3992098 70 
3992691 80 
3992758 83 
3993198 64 
3993373 256 
3993437 61 
3993504 151 
3993504 69 
3993579 93 
3995038 103 
3995038 101 
3995943 100 
3995943 3
3995943 1586
3995943 10
3997944 25 
3997988 75 
3998693 72 
3998693 70 
3999302 80 
3999355 83 
3999995 64 
4000221 61 
4000288 151 
4000288 69 
4000361 93 
4001821 103 
4001821 101 
4002727 100 
4002727 3
4002727 1586
4002727 10
4004728 25 
4014767 254 
4041844 75 
4042096 73 
4042699 72 
4042699 70 
4043457 80 
4043510 83 
4090650 252 
4092423 256 
4092730 61 
4092796 151 
4092796 69 
4092870 93 
4093271 91 
4093378 91 
4093704 91 
4094327 103 
4094327 101 
4095236 100 
4095236 3
4095236 1586
4095236 10
4097235 25 
4097284 75 
4097988 72 
4097988 70 
4098594 80 
4098647 83 
4098860 64 
4099100 61 
4099167 151 
4099167 69 
4099244 93 
4099566 91 
4100697 103 
4100697 101 
4101607 100 
4101607 3
4101607 1586
4101607 10
4103607 25 
4103651 75 
4104356 72 
4104356 70 
4104951 80 
4105005 83 
4105111 64 
4114454 252 
4140283 61 
4140350 151 
4140350 69 
4140429 93 
4140825 91 
4141880 103 
4141880 101 
4142790 100 
4142790 3
4142790 1586
4142790 10
4144789 25 
4144834 75 
4145535 72 
4145535 70 
4146281 80 
4146387 83 
4146827 64 
4147069 256 
4147187 61 
4147307 151 
4147307 69 
4147379 93 
4148840 103 
4148840 101 
4149747 100 
4149747 3
4149747 1586
4149747 10
4151747 25 
4152108 75 
4152808 72 
4152808 70 
4153531 80 
4153584 83 
4154171 64 
4154466 61 
4154531 151 
4154531 69 
4154610 93 
4154992 91 
4155128 91 
4156065 103 
4156065 101 
4156971 100 
4156971 3
4156971 1586
4156971 11
4158970 25 
4159018 75 
4159720 72 
4159720 70 
4160315 80 
4160368 83 
4160528 64 
4160755 61 
4160821 151 
4160821 69 
4160899 93 
4161355 91 
4162354 103 
4162354 101 
4163261 100 
4163261 3
4163261 1586
4163261 11
4165260 25 
4165310 75 
4166011 72 
4166011 70 
4166606 80 
4166659 83 
4167032 64 
4167325 63 
4167392 152 
4167392 69 
4167472 93 
4167891 91 
4168307 91 
4168924 103 
4168924 101 
4169831 100 
4169831 3
4169831 1586
4169831 10
4171832 25 
4177080 75 
4177783 72 
4177783 70 
4178387 80 
4178441 83 
4178921 64 
4179215 63 
4179280 151 
4179280 69 
4179358 93 
4180815 103 
4180815 101 
4181719 100 
4181719 3
4181719 1586
4181719 11
4183720 25 
4183764 75 
4184467 72 
4184467 70 
4185065 80 
4185131 83 
4185664 64 
4186012 61 
4186078 151 
4186078 69 
4186150 93 
4186584 91 
4187057 91 
4187255 91 
4187608 103 
4187608 101 
4188516 100 
4188516 3
4188516 1586
4188516 11
4190516 25 
4190561 75 
4191264 72 
4191264 70 
4191862 80 
4191915 83 
4192195 64 
4192437 61 
4192502 151 
4192502 69 
4192578 93 
4193024 91 
4193425 91 
4193539 91 
4194032 103 
4194032 101 
4194940 100 
4194940 3
4194940 1586
4194940 11
4196941 25 
4197226 75 
4197930 72 
4197930 70 
4198539 80 
4198606 83 
4199032 64 
4199459 62 
4199525 151 
4199525 69 
4199583 93 
4200166 91 
4201047 103 
4201047 101 
4201953 100 
4201953 3
4201953 1586
4201953 11
4203952 25 
4204010 75 
4204714 72 
4204714 70 
4205310 80 
4205363 83 
4205789 64 
4206071 256 
4206136 61 
4206203 151 
4206203 69 
4206273 93 
4206723 91 
4207103 91 
4207736 103 
4207736 101 
4208642 100 
4208642 3
4208642 1586
4208642 11
4210643 25 
4210686 75 
4211391 72 
4211391 70 
4211987 80 
4212040 83 
4212467 64 
4212748 256 
4212813 61 
4212880 151 
4212880 69 
4212958 93 
4213555 91 
4214087 91 
4214416 103 
4214416 101 
4215337 100 
4215337 3
4215337 1586
4215337 10
4217334 25 
4217377 75 
4218080 72 
4218080 70 
4218677 80 
4218731 83 
4219424 64 
4219717 61 
4219784 153 
4219784 68 
4219784 65
4219864 92 
4220227 90 
4221315 103 
4221315 101 
4221824 100 
4221824 3
4221824 1586
4221824 10
4223823 25 
4223868 75 
4229065 73 
4229668 72 
4229668 70 
4230273 80 
4230326 83 
4230752 64 
4230874 256 
4230939 61 
4231006 151 
4231006 69 
4231084 93 
4231456 91 
4231816 91 
4231995 91 
4232188 91 
4232494 91 
4232534 103 
4232534 101 
4233445 100 
4233445 3
4233445 1586
4233445 11
4235445 25 
4235489 75 
4236195 72 
4236195 70 
4236790 80 
4236857 83 
4236963 64 
4237243 61 
4237310 151 
4237310 69 
4237379 93 
4237840 91 
4238830 103 
4238830 101 
4239737 100 
4239737 3
4239737 1586
4239737 11
4241736 25 
4241780 75 
4242483 72 
4242483 70 
4243081 80 
4243134 83 
4244200 64 
4244428 61 
4244493 151 
4244493 69 
4244571 93 
4244943 91 
4245464 91 
4246027 103 
4246027 101 
4246933 100 
4246933 3
4246933 1586
4246933 10
4248933 25 
4248977 75 
4249680 72 
4249680 70 
4250278 80 
4250331 83 
4250597 64 
4250839 61 
4250904 151 
4250904 69 
4250977 93 
4251339 91 
4251424 91 
4252439 103 
4252439 101 
4253344 100 
4253344 3
4253344 1586
4253344 10
4255343 25 
4255388 75 
4256089 72 
4256089 70 
4256822 80 
4256928 83 
4257741 64 
4258249 63 
4258314 151 
4258314 69 
4258389 93 
4259270 91 
4259553 91 
4259849 103 
4259849 101 
4260753 100 
4260753 3
4260753 1586
4260753 10
4262754 25 
4262829 75 
4263530 72 
4263530 70 
4264125 80 
4264179 83 
4264872 64 
4265100 256 
4265165 61 
4265231 151 
4265231 69 
4265305 93 
4265692 91 
4265945 91 
4266508 91 
4266763 103 
4266763 101 
4267670 100 
4267670 3
4267670 1586
4267670 11
4269672 25 
4269719 75 
4270423 72 
4270423 70 
4271029 80 
4271082 83 
4271562 64 
4271884 256 
4272002 61 
4272069 151 
4272069 69 
4272144 93 
4272552 91 
4273599 103 
4273599 101 
4274507 100 
4274507 3
4274507 1586
4274507 11
4276508 25 
4276552 75 
4277256 72 
4277256 70 
4277853 80 
4277906 83 
4278399 64 
4278574 256 
4278639 61 
4278706 151 
4278706 69 
4278784 93 
4280238 103 
4280238 101 
4281145 100 
4281145 3
4281145 1586
4281145 11
4283145 25 
4283194 75 
4283895 72 
4283895 70 
4284490 80 
4284557 83 
4284930 64 
4285811 63 
4285876 150 
4285876 68 
4285876 65
4285955 92 
4287408 103 
4287408 101 
4287916 100 
4287916 3
4287916 1586
4287916 10
4289916 25 
4289961 75 
4290661 72 
4290661 70 
4291261 80 
4291327 83 
4291700 64 
4292155 256 
4292220 63 
4292274 151 
4292274 69 
4292351 93 
4293461 91 
4293809 103 
4293809 101 
4294713 100 
4294713 3
4294713 1586
4294713 10
4296713 25 
4296759 75 
4297463 72 
4297463 70 
4298058 80 
4298111 83 
4298484 64 
4298764 256 
4298831 61 
4298897 151 
4298897 69 
4298972 93 
4299376 91 
4300432 103 
4300432 101 
4301337 100 
4301337 3
4301337 1586
4301337 11
4303337 25 
4303381 75 
4304085 72 
4304085 70 
4304682 80 
4304735 83 
4305055 64 
4305230 256 
4305295 62 
4305361 151 
4305361 69 
4305440 93 
4305835 91 
4306228 91 
4306893 103 
4306893 101 
4307814 100 
4307814 3
4307814 1586
4307814 11
4309815 25 
4309859 75 
4310562 72 
4310562 70 
4311159 80 
4311212 83 
4311745 64 
4312012 61 
4312079 153 
4312079 68 
4312079 65
4312159 92 
4312510 90 
4312994 90 
4313378 90 
4313612 103 
4313612 101 
4314118 100 
4314118 3
4314118 1586
4314118 10
4316118 25 
4316162 75 
4316863 72 
4316863 70 
4317463 80 
4317516 83 
4318010 64 
4318238 256 
4318303 61 
4318369 151 
4318369 69 
4318431 93 
4318750 91 
4318834 91 
4319714 91 
4319887 103 
4319887 101 
4320795 100 
4320795 3
4320795 1586
4320795 10
4322796 25 
4322840 75 
4323541 72 
4323541 70 
4324140 80 
4324194 83 
4324900 64 
4325368 61 
4325433 151 
4325433 69 
4325507 93 
4326134 91 
4326637 91 
4326962 103 
4326962 101 
4327871 100 
4327871 3
4327871 1586
4327871 11
4329874 25 
4331277 75 
4331979 72 
4331979 70 
4332577 80 
4332643 83 
4333297 64 
4333590 256 
4333656 61 
4333723 151 
4333723 69 
4333802 93 
4335254 103 
4335254 101 
4336162 100 
4336162 3
4336162 1586
4336162 10
4338163 25 
4338207 75 
4338911 72 
4338911 70 
4339507 80 
4339574 83 
4340054 64 
4340562 256 
4340627 61 
4340693 151 
4340693 69 
4340768 93 
4341243 91 
4341670 91 
4342124 91 
4342226 103 
4342226 101 
4343133 100 
4343133 3
4343133 1586
4343133 10
4345134 25 
4345177 75 
4345881 72 
4345881 70 
4346478 80 
4346531 83 
4347184 64 
4347465 256 
4347797 61 
4347864 151 
4347864 69 
4347939 93 
4348377 91 
4349395 103 
4349395 101 
4350304 100 
4350304 3
4350304 1586
4350304 10
4352303 25 
4352348 75 
4353050 72 
4353050 70 
4353648 80 
4353701 83 
4354075 64 
4354543 61 
4354608 151 
4354608 69 
4354682 93 
4356140 103 
4356140 101 
4357048 100 
4357048 3
4357048 1586
4357048 10
4359046 25 
4359414 75 
4360114 72 
4360114 70 
4360845 80 
4360978 83 
4362178 64 
4362404 256 
4362458 61 
4362578 151 
4362578 69 
4362652 93 
4363064 91 
4364110 103 
4364110 101 
4365018 100 
4365018 3
4365018 1586
4365018 11
4367018 25 
4369993 75 
4370694 72 
4370694 70 
4370934 250 
4371747 71 
4372827 71 
4373373 80 
4373480 83 
4376199 64 
4376853 61 
4376918 151 
4376918 69 
4376994 93 
4377382 91 
4377485 91 
4377714 91 
4378132 91 
4378450 103 
4378450 101 
4379357 100 
4379357 3
4379357 1586
4379357 11
4381358 25 
4381402 75 
4382105 72 
4382105 70 
4382904 80 
4383023 83 
4383236 64 
4383636 61 
4383702 151 
4383702 69 
4383761 93 
4384299 91 
4384679 91 
4385221 103 
4385221 101 
4386128 100 
4386128 3
4386128 1586
4386128 11
4388129 25 
4388173 75 
4388876 72 
4388876 70 
4389473 80 
4389528 83 
4389900 64 
4390873 63 
4391287 152 
4391287 69 
4459951 91 
4460063 91 
4460079 93 
4460079 103 
4460079 101 
4460990 100 
4460990 3
4460990 1586
4460990 10
4462992 25 
4463039 75 
4463743 72 
4463743 70 
4464349 80 
4464402 83 
4464629 64 
4464869 61 
4464935 151 
4464935 69 
4465021 93 
4465342 91 
4465735 91 
4466343 91 
4466469 103 
4466469 101 
4467374 100 
4467374 3
4467374 1586
4467374 10
4469375 25 
4469419 75 
4470124 72 
4470124 70 
4470720 80 
4470773 83 
4471146 64 
4471441 256 
4471506 61 
4471572 151 
4471572 69 
4471653 93 
4473106 103 
4473106 101 
4474011 100 
4474011 3
4474011 1586
4474011 11
4476012 25 
4476295 75 
4476999 72 
4476999 70 
4477597 80 
4477663 83 
4477770 64 
4477998 256 
4478063 61 
4478130 151 
4478130 69 
4478197 93 
4478637 91 
4478725 91 
4479119 91 
4479468 91 
4479649 103 
4479649 101 
4480555 100 
4480555 3
4480555 1586
4480555 11
4482556 25 
4492596 254 
4496691 75 
4497396 72 
4497396 70 
4498175 80 
4498241 83 
4498934 64 
4499441 63 
4499508 150 
4499508 68 
4499508 65
4499584 92 
4499961 90 
4500983 90 
4501037 103 
4501037 101 
4501547 100 
4501547 3
4501547 1586
4501547 10
4503547 25 
4503592 75 
4504295 72 
4504295 70 
4504892 80 
4504945 83 
4505159 64 
4505360 256 
4505425 61 
4505492 151 
4505492 69 
4505569 93 
4505895 91 
4507024 103 
4507024 101 
4507930 100 
4507930 3
4507930 1586
4507930 10
4509931 25 
4510781 75 
4511482 72 
4511482 70 
4512089 80 
4512156 83 
4513595 64 
4513784 61 
4513848 151 
4513848 69 
4514177 91 
4514203 93 
4515383 103 
4515383 101 
4516288 100 
4516288 3
4516288 1586
4516288 11
4518288 25 
4518332 75 
4523831 73 
4528328 254 
4528695 73 
4529300 72 
4529300 70 
4529788 250 
4529910 71 
4530122 71 
4530441 80 
4530508 83 
4531188 64 
4531416 256 
4531481 61 
4531548 151 
4531548 69 
4531623 93 
4531961 91 
4533080 103 
4533080 101 
4533986 100 
4533986 3
4533986 1586
4533986 10
4535986 25 
4536277 75 
4536982 72 
4536982 70 
4537585 80 
4537652 83 
4538305 64 
4538587 256 
4538718 61 
4538785 153 
4538785 68 
4538785 65
4538864 92 
4539221 90 
4540318 103 
4540318 101 
4540824 100 
4540824 3
4540824 1586
4540824 11
4542823 25 
4542883 75 
4543587 72 
4543587 70 
4544182 80 
4544236 83 
4545249 64 
4545490 61 
4545555 151 
4545555 69 
4545634 93 
4547088 103 
4547088 101 
4547995 100 
4547995 3
4547995 1586
4547995 11
4549994 25 
4550043 75 
4550747 72 
4550747 70 
4551353 80 
4551419 83 
4551846 64 
4552406 61 
4552472 151 
4552472 69 
4552545 93 
4552931 91 
4553658 91 
4554003 103 
4554003 101 
4554913 100 
4554913 3
4554913 1586
4554913 10
4556912 25 
4556957 75 
4557658 72 
4557658 70 
4558257 80 
4558310 83 
4558790 64 
4559031 256 
4559096 61 
4559163 151 
4559163 69 
4559240 93 
4559594 91 
4559695 91 
4560697 103 
4560697 101 
4561601 100 
4561601 3
4561601 1586
4561601 11
4563601 25 
4563648 75 
4564346 73 
4564903 73 
4565129 73 
4565413 73 
4565862 73 
4566603 73 
4567207 72 
4567207 70 
4567813 80 
4567879 83 
4567999 64 
4568840 63 
4568905 150 
4568905 68 
4568905 65
4568984 92 
4569350 90 
4570128 90 
4570436 103 
4570436 101 
4570946 100 
4570946 3
4570946 1586
4570946 10
4572944 25 
4572992 75 
4573694 72 
4573694 70 
4574290 80 
4574343 83 
4574516 76 
4575103 64 
4575345 256 
4575409 61 
4575476 151 
4575476 69 
4575560 93 
4577010 103 
4577010 101 
4577916 100 
4577916 3
4577916 1586
4577916 11
4579915 25 
4581109 75 
4581394 73 
4582001 72 
4582001 70 
4582340 250 
4583046 71 
4583366 80 
4583419 83 
4584539 64 
4584767 256 
4584832 61 
4584899 151 
4584899 69 
4584979 93 
4585495 91 
4586432 103 
4586432 101 
4587338 100 
4587338 3
4587338 1586
4587338 10
4589339 25 
4589383 75 
4590087 72 
4590087 70 
4590696 80 
4590763 83 
4591630 64 
4591911 256 
4591976 61 
4592042 151 
4592042 69 
4592105 93 
4593562 103 
4593562 101 
4594469 100 
4594469 3
4594469 1586
4594469 11
4596469 25 
4596514 75 
4597216 72 
4597216 70 
4597853 80 
4597907 83 
4598480 64 
4599242 256 
4599333 63 
4599399 150 
4599399 68 
4599399 65
4599459 92 
4599832 90 
4600917 103 
4600917 101 
4601424 100 
4601424 3
4601424 1586
4601424 11
4603426 25 
4603470 75 
4604172 72 
4604172 70 
4604891 80 
4604957 83 
4605117 64 
4605358 63 
4605424 150 
4605424 68 
4605424 65
4605505 92 
4606654 90 
4606954 103 
4606954 101 
4607462 100 
4607462 3
4607462 1586
4607462 11
4609462 25 
4609508 75 
4610213 72 
4610213 70 
4610808 80 
4610861 83 
4611195 64 
4611316 256 
4611381 63 
4611448 150 
4611448 68 
4611448 65
4611528 92 
4612978 103 
4612978 101 
4613488 100 
4613488 3
4613488 1586
4613488 10
4615487 25 
4615532 75 
4616233 72 
4616233 70 
4616832 80 
4616886 83 
4618272 64 
4621630 256 
4622043 61 
4622110 151 
4622110 69 
4622188 93 
4623642 103 
4623642 101 
4624549 100 
4624549 3
4624549 1586
4624549 11
4626549 25 
4631128 75 
4631830 72 
4631830 70 
4632426 80 
4632492 83 
4633265 64 
4633600 256 
4633665 63 
4633732 150 
4633732 68 
4633732 65
4633812 92 
4634179 90 
4635264 103 
4635264 101 
4635772 100 
4635772 3
4635772 1586
4635772 10
4637772 25 
4638389 75 
4639091 72 
4639091 70 
4639689 80 
4639743 83 
4640276 64 
4642222 256 
4646155 61 
4646220 151 
4646220 69 
4646296 93 
4646572 91 
4647753 103 
4647753 101 
4648660 100 
4648660 3
4648660 1586
4648660 10
4650659 25 
4650706 75 
4651407 72 
4651407 70 
4652004 80 
4652058 83 
4652697 64 
4652819 256 
4661494 252 
4725427 255 
4731545 62 
4731611 150 
4731611 68 
4731611 65
4731687 92 
4733145 103 
4733145 101 
4733651 100 
4733651 3
4733651 1586
4733651 10
4735650 25 
4735696 75 
4736398 72 
4736398 70 
4736996 80 
4737049 83 
4737849 64 
4738770 256 
4740728 61 
4740794 151 
4740794 69 
4740871 93 
4742326 103 
4742326 101 
4743232 100 
4743232 3
4743232 1586
4743232 11
4745233 25 
4745279 75 
4745724 73 
4746326 72 
4746326 70 
4746925 80 
4746978 83 
4747258 64 
4747498 61 
4747565 153 
4747565 68 
4747565 65
4747639 92 
4747985 90 
4748093 90 
4748618 90 
4749097 103 
4749097 101 
4749603 100 
4749603 3
4749603 1586
4749603 10
4751605 25 
4751649 75 
4752350 72 
4752350 70 
4752949 80 
4753002 83 
4753269 64 
4753509 63 
4753575 151 
4753575 69 
4753652 93 
4754457 91 
4755107 103 
4755107 101 
4756016 100 
4756016 3
4756016 1586
4756016 11
4758014 25 
4758917 75 
4759618 72 
4759618 70 
4760213 80 
4760279 83 
4760866 64 
4761054 61 
4761119 151 
4761119 69 
4761193 93 
4761559 91 
4761845 91 
4762529 91 
4762649 103 
4762649 101 
4763558 100 
4763558 3
4763558 1586
4763558 10
4765559 25 
4765603 75 
4766307 72 
4766307 70 
4766903 80 
4766957 83 
4767236 64 
4767691 63 
4768197 153 
4768197 68 
4768197 65
4768274 92 
4768676 90 
4768866 90 
4769729 103 
4769729 101 
4770237 100 
4770237 3
4770237 1586
4770237 11
4772235 25 
4772280 75 
4772985 72 
4772985 70 
4773581 80 
4773634 83 
4774007 64 
4774289 256 
4774354 61 
4774407 151 
4774407 69 
4774482 93 
4774883 91 
4775511 91 
4775939 103 
4775939 101 
4776847 100 
4776847 3
4776847 1586
4776847 10
4778847 25 
4783549 75 
4784252 72 
4784252 70 
4784856 80 
4784909 83 
4785602 64 
4785844 256 
4785909 61 
4785975 151 
4785975 69 
4786055 93 
4786322 91 
4786700 91 
4787042 91 
4787299 91 
4787506 103 
4787506 101 
4788414 100 
4788414 3
4788414 1586
4788414 11
4790416 25 
4790463 75 
4791163 72 
4791163 70 
4791786 80 
4791840 83 
4792120 64 
4792519 61 
4792586 151 
4792586 69 
4792657 93 
4794122 103 
4794122 101 
4795026 100 
4795026 3
4795026 1586
4795026 10
4797025 25 
4797070 75 
4797773 72 
4797773 70 
4798370 80 
4798424 83 
4799170 64 
4799838 63 
4799903 151 
4799903 69 
4799981 93 
4801051 91 
4801436 103 
4801436 101 
4802342 100 
4802342 3
4802342 1586
4802342 10
4804343 25 
4804951 75 
4805659 72 
4805659 70 
4806407 250 
4806700 71 
4807235 71 
4807566 80 
4807660 83 
4808113 76 
4812644 64 
4812953 62 
4815896 252 
4816923 255 
4822587 150 
4822587 68 
4822587 65
4823204 90 
4823225 92 
4823371 90 
4823811 90 
4824122 90 
4824122 103 
4824122 101 
4824639 100 
4824639 3
4824639 1586
4824639 11
4826640 25 
4826684 75 
4827387 72 
4827387 70 
4828105 80 
4828171 83 
4828238 64 
4828544 63 
4828611 150 
4828611 68 
4828611 65
4828689 92 
4830143 103 
4830143 101 
4830649 100 
4830649 3
4830649 1586
4830649 11
4832651 25 
4832695 75 
4833397 72 
4833397 70 
4833995 80 
4834049 83 
4834529 64 
4834704 256 
4834768 63 
4834835 150 
4834835 68 
4834835 65
4834913 92 
4836369 103 
4836369 101 
4836877 100 
4836877 3
4836877 1586
4836877 10
4838874 25 
4838919 75 
4839623 72 
4839623 70 
4840220 80 
4840273 83 
4840539 64 
4840779 61 
4840846 153 
4840846 68 
4840846 65
4840922 92 
4841258 90 
4842380 103 
4842380 101 
4842886 100 
4842886 3
4842886 1586
4842886 11
4844885 25 
4844930 75 
4845631 72 
4845631 70 
4846230 80 
4846297 83 
4846404 64 
4846632 63 
4846697 150 
4846697 68 
4846697 65
4846777 92 
4848230 103 
4848230 101 
4848736 100 
4848736 3
4848736 1586
4848736 10
4850736 25 
4850782 75 
4851483 72 
4851483 70 
4852083 80 
4852148 83 
4852521 64 
4852696 256 
4852762 61 
4852828 151 
4852828 69 
4852902 93 
4853282 91 
4853520 91 
4854357 103 
4854357 101 
4855266 100 
4855266 3
4855266 1586
4855266 11
4857266 25 
4857312 75 
4858015 72 
4858015 70 
4858612 80 
4858665 83 
4860051 64 
4860226 256 
4860291 61 
4860358 151 
4860358 69 
4860434 93 
4861890 103 
4861890 101 
4862798 100 
4862798 3
4862798 1586
4862798 10
4864797 25 
4868483 75 
4869186 72 
4869186 70 
4869781 80 
4869847 83 
4870887 64 
4871129 61 
4871193 151 
4871193 69 
4871267 93 
4872726 103 
4872726 101 
4873634 100 
4873634 3
4873634 1586
4873634 10
4875633 25 
4875677 75 
4876378 72 
4876378 70 
4876978 80 
4877031 83 
4877684 64 
4877859 256 
4877924 61 
4877991 151 
4877991 69 
4878069 93 
4878430 91 
4879225 91 
4879524 103 
4879524 101 
4880431 100 
4880431 3
4880431 1586
4880431 11
4882430 25 
4882475 75 
4883179 72 
4883179 70 
4883775 80 
4883828 83 
4884148 64 
4884323 256 
4884388 61 
4884456 151 
4884456 69 
4884534 93 
4885985 103 
4885985 101 
4886895 100 
4886895 3
4886895 1586
4886895 11
4888894 25 
4889002 75 
4889706 72 
4889706 70 
4890306 80 
4890359 83 
4890905 64 
4891640 256 
4891705 63 
4891771 150 
4891771 68 
4891771 65
4891852 92 
4892197 90 
4893306 103 
4893306 101 
4893342 102 
