0 100 
0 5
0 1567
0 10
1994 25 
3079 75 
3165 73 
3780 72 
3780 70 
4585 80 
4639 83 
5185 64 
5373 256 
5492 62 
5558 151 
5558 69 
5633 93 
7090 103 
7090 101 
7999 100 
7999 5
7999 1567
7999 10
9999 25 
10046 75 
10701 72 
10701 70 
11356 80 
11409 83 
12582 64 
12864 256 
12982 63 
13048 150 
13048 68 
13048 65
13149 92 
14583 103 
14583 101 
15089 100 
15089 5
15089 1567
15089 11
17089 25 
17132 75 
17783 72 
17783 70 
18473 80 
18553 83 
20072 64 
20247 256 
20312 62 
20379 150 
20379 68 
20379 65
20456 92 
21246 90 
21909 103 
21909 101 
22418 100 
22418 5
22418 1567
22418 10
24419 25 
24463 75 
25115 72 
25115 70 
25723 80 
25803 83 
26270 64 
26524 256 
26616 63 
26709 150 
26709 68 
26709 65
26789 92 
28241 103 
28241 101 
28749 100 
28749 5
28749 1567
28749 11
30749 25 
30794 75 
31447 72 
31447 70 
32080 80 
32134 83 
33467 64 
33641 256 
33706 62 
33773 150 
33773 68 
33773 65
33850 92 
35307 103 
35307 101 
35813 100 
35813 5
35813 1567
35813 10
37812 25 
37857 75 
38509 72 
38509 70 
39011 80 
39078 83 
39198 64 
39492 63 
39557 150 
39557 68 
39557 65
39641 92 
41088 103 
41088 101 
41596 100 
41596 5
41596 1567
41596 11
43596 25 
43641 75 
44297 72 
44297 70 
44795 80 
44862 83 
44929 64 
45117 62 
45182 150 
45182 68 
45182 65
45261 92 
46714 103 
46714 101 
47221 100 
47221 5
47221 1567
47221 11
49220 25 
49266 75 
49919 72 
49919 70 
50419 80 
50486 83 
50646 64 
50859 62 
50926 152 
50926 69 
51004 93 
51699 91 
52457 103 
52457 101 
53365 100 
53365 5
53365 1567
53365 10
55366 25 
55410 75 
56065 72 
56065 70 
56564 80 
56617 83 
57683 64 
57911 256 
57976 63 
58043 150 
58043 68 
58043 65
58117 92 
59575 103 
59575 101 
60086 100 
60086 5
60086 1567
60086 11
62084 25 
62128 75 
62781 72 
62781 70 
63281 80 
63347 83 
63627 64 
63802 256 
63867 61 
63934 151 
63934 69 
64012 93 
65467 103 
65467 101 
66373 100 
66373 5
66373 1567
66373 11
68374 25 
68418 75 
69069 72 
69069 70 
69558 80 
69611 83 
70838 64 
71666 63 
71731 151 
71731 69 
71807 93 
73261 103 
73261 101 
74169 100 
74169 5
74169 1567
74169 10
76170 25 
76215 75 
76867 72 
76867 70 
77355 80 
77408 83 
77968 64 
78370 61 
78435 153 
78435 68 
78435 65
78509 92 
79022 90 
79964 103 
79964 101 
80475 100 
80475 5
80475 1567
80475 10
82477 25 
82519 75 
83170 72 
83170 70 
83659 80 
83726 83 
83792 64 
83967 256 
84032 61 
84099 151 
84099 69 
84174 93 
85630 103 
85630 101 
86538 100 
86538 5
86538 1567
86538 11
88538 25 
88586 75 
89240 72 
89240 70 
89736 80 
89790 83 
90443 64 
91522 256 
98773 61 
98839 151 
98839 69 
98913 93 
100374 103 
100374 101 
101278 100 
101278 5
101278 1567
101278 11
103279 25 
103323 75 
103979 72 
103979 70 
104477 80 
104544 83 
105996 64 
106344 63 
106409 151 
106409 69 
106486 93 
107943 103 
107943 101 
108849 100 
108849 5
108849 1567
108849 11
110849 25 
110893 75 
111546 72 
111546 70 
112034 80 
112087 83 
112940 64 
114234 256 
114299 62 
114366 150 
114366 68 
114366 65
114443 92 
115897 103 
115897 101 
116405 100 
116405 5
116405 1567
116405 10
118406 25 
118454 75 
119106 72 
119106 70 
119604 80 
119657 83 
120044 64 
120552 61 
120617 151 
120617 69 
120691 93 
122149 103 
122149 101 
123056 100 
123056 5
123056 1567
123056 11
125056 25 
125100 75 
125751 72 
125751 70 
126241 80 
126294 83 
126934 64 
127176 62 
127241 150 
127241 68 
127241 65
127317 92 
128775 103 
128775 101 
129280 100 
129280 5
129280 1567
129280 10
131281 25 
131326 75 
131980 72 
131980 70 
132652 80 
132718 250 
134399 76 
134451 83 
134824 64 
134999 256 
135117 63 
135237 150 
135237 68 
135237 65
135314 92 
136768 103 
136768 101 
137276 100 
137276 5
137276 1567
137276 10
139278 25 
139321 75 
139972 72 
139972 70 
140595 80 
140702 83 
141981 64 
142902 256 
143021 62 
143141 151 
143141 69 
143220 93 
144672 103 
144672 101 
145579 100 
145579 5
145579 1567
145579 11
147581 25 
147624 75 
148279 72 
148279 70 
148992 80 
149072 83 
149605 64 
149833 62 
149926 150 
149926 68 
149926 65
150001 92 
151456 103 
151456 101 
151965 100 
151965 5
151965 1567
151965 10
153964 25 
154012 75 
154665 72 
154665 70 
155242 80 
155336 83 
155775 64 
156070 256 
156162 63 
156255 150 
156255 68 
156255 65
156333 92 
157784 103 
157784 101 
158294 100 
158294 5
158294 1567
158294 11
160294 25 
160344 75 
160996 72 
160996 70 
161600 80 
161666 83 
162039 64 
162214 62 
162279 150 
162279 68 
162279 65
162357 92 
163813 103 
163813 101 
164319 100 
164319 5
164319 1567
164319 10
166318 25 
166363 75 
167016 72 
167016 70 
167517 80 
167584 83 
168130 64 
168572 256 
168637 63 
168703 150 
168703 68 
168703 65
168780 92 
170235 103 
170235 101 
170743 100 
170743 5
170743 1567
170743 11
172744 25 
172793 75 
173448 72 
173448 70 
173941 80 
173995 83 
177513 64 
177741 256 
177806 62 
177873 150 
177873 68 
177873 65
177949 92 
179407 103 
179407 101 
179911 100 
179911 5
179911 1567
179911 10
181911 25 
181958 75 
182611 72 
182611 70 
183111 80 
183164 83 
183750 64 
184045 63 
184110 150 
184110 68 
184110 65
184184 92 
185643 103 
185643 101 
186149 100 
186149 5
186149 1567
186149 11
188149 25 
188194 75 
188846 72 
188846 70 
189335 80 
189388 83 
189615 64 
189789 256 
189854 62 
189921 152 
189921 69 
189998 93 
191453 103 
191453 101 
192359 100 
192359 5
192359 1567
192359 10
194361 25 
194405 75 
195060 72 
195060 70 
195559 80 
195612 83 
196838 64 
198038 256 
198104 61 
198171 151 
198171 69 
198248 93 
199701 103 
199701 101 
200611 100 
200611 5
200611 1567
200611 11
202611 25 
202658 75 
203311 72 
203311 70 
203809 80 
203862 83 
207114 76 
207594 64 
208782 256 
209475 62 
209540 150 
209540 68 
209540 65
209621 92 
211071 103 
211071 101 
211580 100 
211580 5
211580 1567
211580 10
213580 25 
213636 75 
214292 72 
214292 70 
214791 80 
214857 83 
214924 64 
215154 63 
215218 150 
215218 68 
215218 65
215297 92 
216746 103 
216746 101 
217258 100 
217258 5
217258 1567
217258 10
219258 25 
219305 75 
219958 72 
219958 70 
220455 80 
220522 83 
220642 64 
220870 256 
220935 63 
221001 150 
221001 68 
221001 65
221079 92 
222535 103 
222535 101 
223040 100 
223040 5
223040 1567
223040 11
225041 25 
225086 75 
225738 72 
225738 70 
226227 80 
226293 83 
226519 64 
226694 256 
226759 62 
226826 150 
226826 68 
226826 65
226903 92 
228357 103 
228357 101 
228865 100 
228865 5
228865 1567
228865 10
230866 25 
230910 75 
231561 72 
231561 70 
232050 80 
232117 83 
232610 64 
232906 63 
232970 150 
232970 68 
232970 65
233049 92 
234503 103 
234503 101 
235010 100 
235010 5
235010 1567
235010 11
237010 25 
237058 75 
237713 72 
237713 70 
238208 80 
238274 83 
238594 64 
238769 256 
238834 62 
238901 150 
238901 68 
238901 65
238979 92 
240433 103 
240433 101 
240941 100 
240941 5
240941 1567
240941 11
242940 25 
242985 75 
243640 72 
243640 70 
244138 80 
244205 83 
244378 64 
244567 256 
244632 62 
244698 150 
244698 68 
244698 65
244777 92 
246230 103 
246230 101 
246737 100 
246737 1
246737 1567
246737 10
246737 78 
248738 25 
248782 75 
249437 72 
249437 70 
249936 80 
249989 83 
250736 64 
251017 256 
251082 63 
251149 151 
251149 69 
251227 93 
252004 91 
252681 103 
252681 101 
253588 100 
253588 1
253588 1567
253588 10
255588 25 
255632 75 
256286 72 
256286 70 
256786 80 
256840 83 
257533 64 
257974 256 
258039 61 
258106 152 
258106 69 
258991 91 
307077 91 
319863 91 
319879 93 
319879 103 
319879 101 
320786 100 
320786 1
320786 1567
320786 11
322787 25 
322831 75 
323120 73 
323671 72 
323671 70 
324305 80 
324412 83 
324625 64 
324746 256 
324865 62 
324931 150 
324931 68 
324931 65
325008 92 
326466 103 
326466 101 
326971 100 
326971 1
326971 1567
326971 11
328970 25 
329015 75 
329672 72 
329672 70 
330316 80 
330382 250 
330902 76 
330969 83 
331075 64 
331250 256 
331315 62 
331435 150 
331435 68 
331435 65
331510 92 
332966 103 
332966 101 
333476 100 
333476 1
333476 1567
333476 10
335474 25 
335545 75 
335788 73 
336369 72 
336369 70 
336993 80 
337113 83 
337166 64 
337448 256 
337566 63 
337633 151 
337633 69 
337707 93 
339164 103 
339164 101 
340072 100 
340072 1
340072 1567
340072 11
342072 25 
342116 75 
342770 72 
342770 70 
343390 80 
343457 83 
343937 64 
344126 62 
344190 150 
344190 68 
344190 65
344265 92 
345724 103 
345724 101 
346230 100 
346230 1
346230 1567
346230 10
348229 25 
348279 75 
348932 72 
348932 70 
349428 80 
349494 83 
350027 64 
350869 61 
350934 150 
350934 68 
350934 65
351012 92 
351449 90 
352463 103 
352463 101 
352972 100 
352972 1
352972 1567
352972 11
354973 25 
355018 75 
355670 72 
355670 70 
356158 80 
356225 83 
356278 64 
356453 256 
356518 62 
356585 150 
356585 68 
356585 65
356664 92 
358115 103 
358115 101 
358624 100 
358624 1
358624 1567
358624 11
360624 25 
360669 75 
361321 72 
361321 70 
361809 80 
361876 83 
361942 64 
362117 256 
362182 62 
362249 150 
362249 68 
362249 65
362326 92 
363783 103 
363783 101 
364289 100 
364289 1
364289 1567
364289 11
366289 25 
366967 75 
367618 72 
367618 70 
368220 250 
368593 71 
368806 80 
368940 250 
369553 76 
369606 83 
369872 64 
370061 62 
370126 150 
370126 68 
370126 65
370204 92 
371658 103 
371658 101 
372165 100 
372165 1
372165 1567
372165 10
374166 25 
374369 75 
375024 72 
375024 70 
375577 71 
375950 80 
376003 83 
379322 64 
379830 256 
379895 61 
379962 152 
379962 69 
380040 93 
380582 91 
381248 91 
381492 103 
381492 101 
382401 100 
382401 1
382401 1567
382401 10
384400 25 
384446 75 
385096 72 
385096 70 
385586 80 
385653 83 
386665 64 
387000 256 
387065 63 
387132 151 
387132 69 
387209 93 
388662 103 
388662 101 
389571 100 
389571 1
389571 1567
389571 10
391571 25 
391630 75 
392283 72 
392283 70 
392783 80 
392836 83 
394062 64 
394664 256 
394729 62 
394795 151 
394795 69 
394869 93 
396328 103 
396328 101 
397234 100 
397234 1
397234 1567
397234 10
399235 25 
399283 75 
399937 72 
399937 70 
400433 80 
400500 83 
401566 64 
402927 61 
402992 150 
402992 68 
402992 65
403067 92 
403504 90 
404524 103 
404524 101 
405030 100 
405030 1
405030 1567
405030 11
407032 25 
407079 75 
407733 72 
407733 70 
408230 80 
408296 83 
408403 64 
408578 256 
408643 62 
408710 150 
408710 68 
408710 65
408785 92 
410242 103 
410242 101 
410748 100 
410748 1
410748 1567
410748 10
412749 25 
412797 75 
413451 72 
413451 70 
413947 80 
414014 83 
414294 64 
414469 256 
414534 61 
414600 150 
414600 68 
414600 65
414679 92 
416133 103 
416133 101 
416644 100 
416644 1
416644 1567
416644 11
418642 25 
418684 75 
419336 72 
419336 70 
419825 80 
419892 83 
420012 64 
420186 256 
420251 62 
420318 150 
420318 68 
420318 65
420397 92 
421846 103 
421846 101 
422358 100 
422358 1
422358 1567
422358 11
424358 25 
424402 75 
425055 72 
425055 70 
425542 80 
425609 83 
425769 64 
425944 256 
426009 62 
426076 150 
426076 68 
426076 65
426157 92 
427606 103 
427606 101 
428115 100 
428115 1
428115 1567
428115 10
430116 25 
430159 75 
430809 72 
430809 70 
431300 80 
431367 83 
431966 64 
432141 256 
432206 61 
432273 150 
432273 68 
432273 65
432349 92 
433790 90 
433807 103 
433807 101 
434313 100 
434313 1
434313 1567
434313 11
436312 25 
436707 75 
437362 72 
437362 70 
437857 80 
438057 250 
438564 76 
438630 83 
438857 64 
438979 62 
439043 150 
439043 68 
439043 65
439117 92 
440576 103 
440576 101 
441082 100 
441082 1
441082 1567
441082 11
443081 25 
443127 75 
443778 72 
443778 70 
444455 80 
444521 250 
445108 76 
445934 76 
445987 83 
446107 64 
446402 256 
446520 62 
446587 150 
446587 68 
446587 65
446665 92 
448121 103 
448121 101 
448627 100 
448627 6
448627 1567
448627 10
448627 78 
450626 25 
450671 75 
451323 72 
451323 70 
452038 250 
452491 71 
452731 80 
452811 83 
453051 64 
453279 256 
453371 61 
453464 151 
453464 69 
453539 93 
454268 91 
454998 103 
454998 101 
455903 100 
455903 6
455903 1567
455903 10
457905 25 
457948 75 
458602 72 
458602 70 
459302 80 
459382 83 
460981 64 
461209 61 
461301 153 
461301 68 
461301 65
461374 92 
462832 103 
462832 101 
463340 100 
463340 6
463340 1567
463340 11
465341 25 
465385 75 
466039 72 
466039 70 
466632 80 
466712 83 
466953 64 
467100 256 
467192 62 
467285 151 
467285 69 
467358 93 
467956 91 
468819 103 
468819 101 
469725 100 
469725 6
469725 1567
469725 10
471723 25 
471773 75 
471836 73 
472447 72 
472447 70 
473043 80 
473109 83 
473962 64 
474364 61 
474429 151 
474429 69 
474501 93 
475053 91 
475959 103 
475959 101 
476869 100 
476869 6
476869 1567
476869 10
478867 25 
478914 75 
479568 72 
479568 70 
480066 80 
480133 83 
482532 64 
484013 62 
484078 151 
484078 69 
484149 93 
485335 91 
485610 103 
485610 101 
486518 100 
486518 6
486518 1567
486518 10
488517 25 
488562 75 
489217 72 
489217 70 
489716 80 
489782 83 
489849 64 
490130 256 
496048 61 
496113 151 
496113 69 
496185 93 
497646 103 
497646 101 
498551 100 
498551 6
498551 1567
498551 11
500552 25 
500597 75 
501248 72 
501248 70 
501737 80 
501791 83 
503723 64 
505099 62 
505162 151 
505162 69 
505238 93 
505645 91 
506694 103 
506694 101 
507601 100 
507601 6
507601 1567
507601 11
509602 25 
509646 75 
510301 72 
510301 70 
510800 80 
510867 83 
511720 64 
512656 256 
512719 61 
512786 150 
512786 68 
512786 65
512865 92 
513559 90 
514316 103 
514316 101 
514824 100 
514824 6
514824 1567
514824 11
516826 25 
516870 75 
517526 72 
517526 70 
518024 80 
518077 83 
518690 64 
519145 61 
519210 150 
519210 68 
519210 65
519287 92 
520743 103 
520743 101 
521250 100 
521250 6
521250 1567
521250 10
523250 25 
523511 75 
524165 72 
524165 70 
524661 80 
524714 83 
525141 64 
526448 256 
526514 62 
526567 151 
526567 69 
526637 93 
528098 103 
528098 101 
529007 100 
529007 6
529007 1567
529007 11
531007 25 
531054 75 
531709 72 
531709 70 
532204 80 
532271 83 
532591 64 
532952 61 
533017 150 
533017 68 
533017 65
533096 92 
534549 103 
534549 101 
535056 100 
535056 6
535056 1567
535056 10
537057 25 
537115 75 
537768 72 
537768 70 
538269 80 
538322 83 
538748 76 
539188 64 
539588 63 
539655 150 
539655 68 
539655 65
539736 92 
541184 103 
541184 101 
541695 100 
541695 6
541695 1567
541695 10
543694 25 
543739 75 
544391 72 
544391 70 
544879 80 
544933 83 
545519 64 
545747 256 
545812 63 
545879 152 
545879 69 
545955 93 
547413 103 
547413 101 
548316 100 
548316 6
548316 1567
548316 11
550318 25 
550363 75 
551015 72 
551015 70 
551503 80 
551556 83 
551876 64 
552676 61 
552743 150 
552743 68 
552743 65
552817 92 
553278 90 
554272 103 
554272 101 
554783 100 
554783 6
554783 1567
554783 10
556782 25 
556830 75 
557487 72 
557487 70 
557980 80 
558047 83 
559860 64 
560834 256 
561192 62 
561259 151 
561259 69 
561336 93 
562791 103 
562791 101 
563699 100 
563699 6
563699 1567
563699 10
565700 25 
565743 75 
566400 72 
566400 70 
566897 80 
566963 83 
567976 64 
568471 256 
568536 61 
568603 151 
568603 69 
568679 93 
569368 91 
570137 103 
570137 101 
571044 100 
571044 6
571044 1567
571044 11
573041 25 
573087 75 
573740 72 
573740 70 
574374 80 
574480 83 
575067 64 
575348 256 
575466 61 
575533 150 
575533 68 
575533 65
575611 92 
576980 90 
577065 103 
577065 101 
577572 100 
577572 6
577572 1567
577572 10
579573 25 
579708 75 
580107 73 
580661 72 
580661 70 
581291 80 
581397 83 
582050 64 
583345 256 
583410 61 
583476 151 
583476 69 
583554 93 
584139 91 
585011 103 
585011 101 
585916 100 
585916 6
585916 1567
585916 10
587917 25 
587964 75 
588619 72 
588619 70 
589301 80 
589394 83 
590940 64 
592699 256 
592792 63 
592886 152 
592886 69 
592963 93 
593676 91 
594418 103 
594418 101 
595326 100 
595326 6
595326 1567
595326 11
597326 25 
597373 75 
601821 73 
602376 72 
602376 70 
602975 80 
603041 83 
604334 64 
604801 61 
604867 150 
604867 68 
604867 65
604947 92 
606158 90 
606404 103 
606404 101 
606907 100 
606907 6
606907 1567
606907 11
608907 25 
608956 75 
609614 72 
609614 70 
610105 80 
610172 83 
610345 64 
610520 256 
610585 61 
610652 150 
610652 68 
610652 65
610728 92 
611857 90 
612185 103 
612185 101 
612690 100 
612690 6
612690 1567
612690 11
614691 25 
614739 75 
615393 72 
615393 70 
615889 80 
615943 83 
616169 64 
616344 256 
616409 61 
616476 150 
616476 68 
616476 65
616550 92 
618007 103 
618007 101 
618515 100 
618515 6
618515 1567
618515 11
620515 25 
620560 75 
621174 73 
621782 72 
621782 70 
622287 80 
622353 83 
622420 64 
622648 256 
622713 61 
622780 150 
622780 68 
622780 65
622856 92 
624313 103 
624313 101 
624820 100 
624820 6
624820 1567
624820 10
626820 25 
626864 75 
627517 72 
627517 70 
628018 80 
628084 83 
628737 64 
629072 256 
629137 63 
629191 150 
629191 68 
629191 65
629269 92 
630725 103 
630725 101 
631229 100 
631229 6
631229 1567
631229 11
633230 25 
633279 75 
633423 73 
633996 72 
633996 70 
634495 80 
634548 83 
634975 64 
635256 256 
635321 61 
635388 152 
635388 69 
635462 93 
636920 103 
636920 101 
637828 100 
637828 6
637828 1567
637828 11
639827 25 
639873 75 
640526 72 
640526 70 
641026 80 
641079 83 
642145 76 
642358 64 
644666 256 
644731 62 
644784 151 
644784 69 
644858 93 
646315 103 
646315 101 
647223 100 
647223 6
647223 1567
647223 11
649223 25 
649281 75 
649932 72 
649932 70 
650422 80 
650475 83 
651381 64 
652581 61 
652647 150 
652647 68 
652647 65
652725 92 
654178 103 
654178 101 
654686 100 
654686 6
654686 1567
654686 10
656686 25 
656731 75 
657382 72 
657382 70 
657872 80 
657925 83 
658938 64 
659819 63 
659884 150 
659884 68 
659884 65
659961 92 
661418 103 
661418 101 
661923 100 
661923 6
661923 1567
661923 10
663924 25 
664032 75 
664682 72 
664682 70 
665175 80 
665229 83 
665602 64 
666416 256 
666482 61 
666548 151 
666548 69 
666625 93 
667133 91 
668084 103 
668084 101 
668986 100 
668986 6
668986 1567
668986 11
670988 25 
671032 75 
671685 72 
671685 70 
672186 80 
672239 83 
672826 64 
673214 256 
673279 61 
673345 150 
673345 68 
673345 65
673422 92 
674877 103 
674877 101 
675385 100 
675385 6
675385 1567
675385 10
677384 25 
677429 75 
677608 73 
678177 72 
678177 70 
678676 80 
678730 83 
680169 64 
680397 256 
680463 63 
680529 150 
680529 68 
680529 65
680604 92 
682060 103 
682060 101 
682568 100 
682568 6
682568 1567
682568 10
684569 25 
684613 75 
685264 72 
685264 70 
685754 80 
685820 83 
686193 64 
686422 256 
686487 63 
686553 150 
686553 68 
686553 65
686621 92 
688073 103 
688073 101 
688580 100 
688580 6
688580 1567
688580 10
690581 25 
690653 75 
691308 72 
691308 70 
691804 80 
691858 83 
692018 64 
692246 256 
692311 63 
692377 150 
692377 68 
692377 65
692458 92 
693910 103 
693910 101 
694417 100 
694417 6
694417 1567
694417 11
696417 25 
696461 75 
697114 72 
697114 70 
697602 80 
697655 83 
698935 64 
699203 256 
699268 61 
699335 150 
699335 68 
699335 65
699414 92 
700865 103 
700865 101 
701374 100 
701374 6
701374 1567
701374 10
703374 25 
703419 75 
704072 72 
704072 70 
705105 250 
705479 71 
705745 80 
705865 83 
707358 64 
708118 62 
708184 151 
708184 69 
708261 93 
709717 103 
709717 101 
710623 100 
710623 6
710623 1567
710623 10
712625 25 
712669 75 
713328 72 
713328 70 
713968 80 
714088 83 
724964 252 
725512 256 
725577 62 
725644 151 
725644 69 
725719 93 
726542 91 
727174 103 
727174 101 
728083 100 
728083 6
728083 1567
728083 11
730083 25 
730127 75 
730778 72 
730778 70 
731268 80 
731321 83 
734147 64 
735068 256 
735133 61 
735200 150 
735200 68 
735200 65
735280 92 
736732 103 
736732 101 
737239 100 
737239 6
737239 1567
737239 10
739240 25 
739284 75 
739937 72 
739937 70 
740424 80 
740477 83 
741010 64 
742385 256 
742450 63 
742516 150 
742516 68 
742516 65
742588 92 
744048 103 
744048 101 
744556 100 
744556 6
744556 1567
744556 11
746557 25 
746604 75 
747259 72 
747259 70 
747754 80 
747808 83 
748074 64 
748409 256 
748527 61 
748594 150 
748594 68 
748594 65
748669 92 
750123 103 
750123 101 
750633 100 
750633 6
750633 1567
750633 10
752633 25 
752678 75 
753328 72 
753328 70 
753818 80 
753885 83 
755178 64 
755353 256 
755418 63 
755485 150 
755485 68 
755485 65
755561 92 
757013 103 
757013 101 
757525 100 
757525 6
757525 1567
757525 10
759525 25 
759572 75 
760226 72 
760226 70 
760722 80 
760789 83 
761215 64 
761390 256 
761455 63 
761522 150 
761522 68 
761522 65
761599 92 
763056 103 
763056 101 
763562 100 
763562 6
763562 1567
763562 11
765561 25 
765606 75 
766261 72 
766261 70 
766760 80 
766813 83 
767186 64 
767681 256 
767746 61 
767813 150 
767813 68 
767813 65
767891 92 
769342 103 
769342 101 
769851 100 
769851 6
769851 1567
769851 11
771853 25 
771900 75 
772554 72 
772554 70 
773050 80 
773117 83 
773184 64 
773412 256 
773477 61 
773543 150 
773543 68 
773543 65
773623 92 
775075 103 
775075 101 
775582 100 
775582 6
775582 1567
775582 11
777584 25 
777632 75 
778286 72 
778286 70 
778781 80 
778848 83 
778968 64 
779156 256 
779221 61 
779288 152 
779288 69 
779365 93 
780820 103 
780820 101 
781728 100 
781728 6
781728 1567
781728 10
783728 25 
783772 75 
784423 72 
784423 70 
784912 80 
784965 83 
786831 64 
788286 256 
788351 62 
788404 151 
788404 69 
788474 93 
789743 91 
789935 103 
789935 101 
790843 100 
790843 6
790843 1567
790843 10
792843 25 
792888 75 
794539 73 
800081 73 
800525 73 
800897 73 
801265 73 
802322 73 
802876 72 
802876 70 
803371 80 
803424 83 
808129 64 
808424 63 
808489 150 
808489 68 
808489 65
808564 92 
810018 103 
810018 101 
810528 100 
810528 6
810528 1567
810528 11
812529 25 
812926 75 
813578 72 
813578 70 
814206 80 
814273 83 
814713 64 
814889 256 
815006 61 
815073 152 
815073 69 
815146 93 
816145 91 
816605 103 
816605 101 
817512 100 
817512 6
817512 1567
817512 11
819512 25 
829550 254 
840291 75 
840943 72 
840943 70 
841582 80 
841702 83 
845727 64 
846608 63 
846726 151 
846726 69 
846802 93 
848260 103 
848260 101 
849165 100 
849165 6
849165 1567
849165 10
851166 25 
851214 75 
851868 72 
851868 70 
852550 80 
852604 83 
854576 64 
856150 61 
856269 151 
856269 69 
856343 93 
857368 91 
857799 103 
857799 101 
858708 100 
858708 6
858708 1567
858708 11
860708 25 
860756 75 
861410 72 
861410 70 
862093 80 
862186 83 
863919 64 
867306 256 
867371 62 
867451 151 
867451 69 
867530 93 
868983 103 
868983 101 
869889 100 
869889 6
869889 1567
869889 11
871890 25 
871935 75 
872591 72 
872591 70 
872795 250 
873475 71 
873848 80 
873928 83 
875328 64 
876115 256 
876207 61 
876301 150 
876301 68 
876301 65
876375 92 
876860 90 
877831 103 
877831 101 
878340 100 
878340 6
878340 1567
878340 10
880339 25 
880390 75 
881041 72 
881041 70 
881632 80 
881711 83 
883524 64 
884019 256 
884111 63 
884177 150 
884177 68 
884177 65
884253 92 
885708 103 
885708 101 
886216 100 
886216 6
886216 1567
886216 10
888217 25 
888261 75 
888754 73 
889305 72 
889305 70 
889895 80 
889948 83 
891174 64 
893254 256 
893322 61 
893387 151 
893387 69 
893459 93 
894679 91 
894919 103 
894919 101 
895827 100 
895827 6
895827 1567
895827 11
897826 25 
897870 75 
898522 72 
898522 70 
899011 80 
899064 83 
899984 64 
901545 256 
901610 61 
901676 150 
901676 68 
901676 65
901754 92 
903098 90 
903209 103 
903209 101 
903716 100 
903716 6
903716 1567
903716 10
905715 25 
905761 75 
906416 72 
906416 70 
906914 80 
906981 83 
907674 64 
907889 256 
907954 63 
908007 150 
908007 68 
908007 65
908080 92 
909541 103 
909541 101 
910051 100 
910051 6
910051 1567
910051 11
912048 25 
912091 75 
912745 72 
912745 70 
913245 80 
913298 83 
913565 64 
913820 61 
913885 150 
913885 68 
913885 65
913962 92 
915418 103 
915418 101 
915923 100 
915923 6
915923 1567
915923 11
917924 25 
917972 75 
918624 72 
918624 70 
919123 80 
919189 83 
919296 64 
919537 61 
919602 150 
919602 68 
919602 65
919683 92 
921135 103 
921135 101 
921641 100 
921641 6
921641 1567
921641 11
923643 25 
923686 75 
924336 72 
924336 70 
924827 80 
924893 83 
925013 64 
925228 256 
925360 61 
925427 150 
925427 68 
925427 65
925501 92 
926928 90 
926956 103 
926956 101 
927467 100 
927467 6
927467 1567
927467 10
929467 25 
929524 75 
930179 72 
930179 70 
930678 80 
930731 83 
930838 64 
931132 63 
931197 150 
931197 68 
931197 65
931276 92 
932729 103 
932729 101 
933236 100 
933236 6
933236 1567
933236 10
935236 25 
935281 75 
935935 72 
935935 70 
936435 80 
936489 83 
936702 64 
936877 256 
936942 63 
937008 150 
937008 68 
937008 65
937088 92 
938538 103 
938538 101 
939049 100 
939049 6
939049 1567
939049 11
941047 25 
941097 75 
941752 72 
941752 70 
942246 80 
942299 83 
944432 64 
944765 61 
944832 150 
944832 68 
944832 65
944910 92 
946365 103 
946365 101 
946872 100 
946872 6
946872 1567
946872 10
948872 25 
950757 75 
951415 72 
951415 70 
951642 71 
952015 80 
952082 83 
954748 64 
955297 256 
955361 63 
955427 152 
955427 69 
955506 93 
956960 103 
956960 101 
957868 100 
957868 6
957868 1567
957868 11
959866 25 
959911 75 
960565 72 
960565 70 
961052 80 
961105 83 
961585 64 
961973 256 
962038 61 
962105 150 
962105 68 
962105 65
962182 92 
963635 103 
963635 101 
964143 100 
964143 6
964143 1567
964143 10
966143 25 
966193 75 
966844 72 
966844 70 
967342 80 
967409 83 
967729 64 
968608 63 
968675 150 
968675 68 
968675 65
968754 92 
970204 103 
970204 101 
970713 100 
970713 6
970713 1567
970713 11
972715 25 
972763 75 
973417 72 
973417 70 
973913 80 
973966 83 
974179 64 
974353 256 
974408 61 
974473 150 
974473 68 
974473 65
974552 92 
975834 90 
976004 103 
976004 101 
976513 100 
976513 6
976513 1567
976513 11
978511 25 
978556 75 
979208 72 
979208 70 
979697 80 
979750 83 
979910 64 
980084 256 
980152 61 
980217 150 
980217 68 
980217 65
980291 92 
981749 103 
981749 101 
982255 100 
982255 6
982255 1567
982255 10
984256 25 
984301 75 
984953 72 
984953 70 
985441 80 
985508 83 
988760 64 
990149 256 
990266 62 
990319 153 
990319 68 
990319 65
990395 92 
990722 90 
991007 90 
991848 103 
991848 101 
992359 100 
992359 6
992359 1567
992359 11
994359 25 
994403 75 
995058 72 
995058 70 
995677 80 
995784 83 
995957 64 
996185 256 
996250 61 
996318 150 
996318 68 
996318 65
996394 92 
997846 103 
997846 101 
998357 100 
998357 6
998357 1567
998357 10
1000359 25 
1000405 75 
1001058 72 
1001058 70 
1001555 80 
1001608 83 
1002474 64 
1002756 256 
1002821 63 
1002887 150 
1002887 68 
1002887 65
1002963 92 
1004418 103 
1004418 101 
1004928 100 
1004928 3
1004928 1567
1004928 11
1004928 78 
1006928 25 
1006971 75 
1007626 72 
1007626 70 
1008125 80 
1008179 83 
1009778 64 
1010752 256 
1010817 61 
1010884 151 
1010884 69 
1010961 93 
1011435 91 
1012193 91 
1012416 103 
1012416 101 
1013322 100 
1013322 3
1013322 1567
1013322 10
1015324 25 
1016980 75 
1017632 72 
1017632 70 
1018134 80 
1018188 83 
1027104 64 
1027757 252 
1064703 256 
1064822 62 
1064888 150 
1064888 68 
1064888 65
1064966 92 
1066419 103 
1066419 101 
1066928 100 
1066928 3
1066928 1567
1066928 10
1068928 25 
1068972 75 
1069627 72 
1069627 70 
1070126 80 
1070179 83 
1071086 64 
1071474 256 
1071539 63 
1071605 151 
1071605 69 
1071682 93 
1073137 103 
1073137 101 
1074044 100 
1074044 3
1074044 1567
1074044 11
1076045 25 
1076102 75 
1076754 72 
1076754 70 
1077243 80 
1077296 83 
1077789 64 
1078456 256 
1078576 61 
1078642 151 
1078642 69 
1078720 93 
1079252 91 
1080175 103 
1080175 101 
1081083 100 
1081083 3
1081083 1567
1081083 10
1083083 25 
1083126 75 
1083778 72 
1083778 70 
1084267 80 
1084320 83 
1085226 64 
1086854 256 
1086919 62 
1086972 150 
1086972 68 
1086972 65
1087042 92 
1088503 103 
1088503 101 
1089012 100 
1089012 3
1089012 1567
1089012 10
1091011 25 
1091056 75 
1091710 72 
1091710 70 
1092210 80 
1092277 83 
1092557 64 
1092731 256 
1092797 62 
1092863 150 
1092863 68 
1092863 65
1092939 92 
1094395 103 
1094395 101 
1094902 100 
1094902 3
1094902 1567
1094902 10
1096902 25 
1096951 75 
1097603 72 
1097603 70 
1098288 80 
1098394 83 
1100900 64 
1101141 256 
1101206 62 
1101326 150 
1101326 68 
1101326 65
1101404 92 
1102861 103 
1102861 101 
1103365 100 
1103365 3
1103365 1567
1103365 11
1105367 25 
1105411 75 
1106064 72 
1106064 70 
1106737 80 
1106844 83 
1107270 64 
1107670 63 
1107737 152 
1107737 69 
1107813 93 
1108341 91 
1108653 91 
1109268 103 
1109268 101 
1110176 100 
1110176 3
1110176 1567
1110176 10
1112177 25 
1112221 75 
1112875 72 
1112875 70 
1113494 80 
1113601 83 
1113934 64 
1114109 256 
1114174 62 
1114241 150 
1114241 68 
1114241 65
1114318 92 
1115775 103 
1115775 101 
1116280 100 
1116280 3
1116280 1567
1116280 11
1118281 25 
1118325 75 
1118978 72 
1118978 70 
1119479 80 
1119545 83 
1121198 64 
1121531 256 
1121651 63 
1121718 150 
1121718 68 
1121718 65
1121795 92 
1123249 103 
1123249 101 
1123758 100 
1123758 3
1123758 1567
1123758 10
1125756 25 
1125802 75 
1126456 72 
1126456 70 
1126956 80 
1127009 83 
1127542 64 
1127717 256 
1127782 62 
1127849 150 
1127849 68 
1127849 65
1127924 92 
1129382 103 
1129382 101 
1129887 100 
1129887 3
1129887 1567
1129887 11
1131889 25 
1131936 75 
1132587 72 
1132587 70 
1133086 80 
1133140 83 
1133406 64 
1133914 256 
1133979 63 
1134046 150 
1134046 68 
1134046 65
1134124 92 
1135579 103 
1135579 101 
1136085 100 
1136085 3
1136085 1567
1136085 11
1138085 25 
1138130 75 
1138785 72 
1138785 70 
1139284 80 
1139338 83 
1140243 64 
1140684 256 
1140750 63 
1140803 150 
1140803 68 
1140803 65
1140879 92 
1142334 103 
1142334 101 
1142844 100 
1142844 3
1142844 1567
1142844 10
1144843 25 
1144887 75 
1145542 72 
1145542 70 
1146041 80 
1146094 83 
1149453 64 
1149628 256 
1149693 62 
1149759 150 
1149759 68 
1149759 65
1149838 92 
1151288 103 
1151288 101 
1151798 100 
1151798 3
1151798 1567
1151798 11
1153798 25 
1153843 75 
1154496 72 
1154496 70 
1154997 80 
1155064 83 
1155717 64 
1155945 256 
1156010 63 
1156077 150 
1156077 68 
1156077 65
1156156 92 
1157611 103 
1157611 101 
1158116 100 
1158116 3
1158116 1567
1158116 10
1160116 25 
1160161 75 
1160561 73 
1161114 72 
1161114 70 
1161608 80 
1161661 83 
1162154 64 
1162396 256 
1162461 62 
1162527 150 
1162527 68 
1162527 65
1162605 92 
1164057 103 
1164057 101 
1164569 100 
1164569 3
1164569 1567
1164569 11
1166566 25 
1166611 75 
1167267 72 
1167267 70 
1167765 80 
1167818 83 
1168032 64 
1168273 63 
1168338 152 
1168338 69 
1168418 93 
1169171 91 
1169870 103 
1169870 101 
1170778 100 
1170778 3
1170778 1567
1170778 10
1172778 25 
1172822 75 
1173473 72 
1173473 70 
1173962 80 
1174016 83 
1174616 64 
1174737 256 
1174802 62 
1174869 150 
1174869 68 
1174869 65
1174950 92 
1176400 103 
1176400 101 
1176907 100 
1176907 3
1176907 1567
1176907 11
1178909 25 
1178953 75 
1179608 72 
1179608 70 
1180107 80 
1180160 83 
1180600 64 
1180881 256 
1180946 63 
1181013 150 
1181013 68 
1181013 65
1181090 92 
1182547 103 
1182547 101 
1183052 100 
1183052 3
1183052 1567
1183052 11
1185052 25 
1185100 75 
1185753 72 
1185753 70 
1186251 80 
1186304 83 
1187370 64 
1187650 256 
1188010 61 
1188063 151 
1188063 69 
1188132 93 
1188826 91 
1189594 91 
1189594 103 
1189594 101 
1190502 100 
1190502 3
1190502 1567
1190502 11
1192503 25 
1192551 75 
1192985 73 
1193537 72 
1193537 70 
1194034 80 
1194101 83 
1198846 64 
1199286 256 
1199352 63 
1199419 150 
1199419 68 
1199419 65
1199494 92 
1200949 103 
1200949 101 
1201459 100 
1201459 4
1201459 1567
1201459 10
1201459 78 
1203458 25 
1203502 75 
1204157 72 
1204157 70 
1204656 80 
1204723 83 
1205203 64 
1205364 256 
1205429 62 
1205496 150 
1205496 68 
1205496 65
1205576 92 
1206702 90 
1207025 103 
1207025 101 
1207535 100 
1207535 4
1207535 1567
1207535 11
1209536 25 
1209580 75 
1210236 72 
1210236 70 
1210734 80 
1210787 83 
1210960 64 
1211135 256 
1211200 63 
1211267 151 
1211267 69 
1211343 93 
1212799 103 
1212799 101 
1213707 100 
1213707 4
1213707 1567
1213707 10
1215707 25 
1215755 75 
1216410 72 
1216410 70 
1217024 80 
1217144 83 
1218051 64 
1218451 62 
1218517 150 
1218517 68 
1218517 65
1218597 92 
1219509 90 
1220048 103 
1220048 101 
1220557 100 
1220557 4
1220557 1567
1220557 10
1222557 25 
1223661 75 
1224312 72 
1224312 70 
1224808 80 
1224875 83 
1225528 64 
1225769 62 
1225834 150 
1225834 68 
1225834 65
1225904 92 
1227005 90 
1227365 103 
1227365 101 
1227873 100 
1227873 4
1227873 1567
1227873 11
1229873 25 
1239912 254 
1272419 75 
1272875 73 
1273086 73 
1273641 72 
1273641 70 
1274134 80 
1274201 83 
1275853 64 
1276135 256 
1276200 63 
1276266 151 
1276266 69 
1276344 93 
1276898 91 
1277801 103 
1277801 101 
1278706 100 
1278706 4
1278706 1567
1278706 11
1280706 25 
1280763 75 
1281414 72 
1281414 70 
1281904 80 
1281957 83 
1282384 64 
1282998 61 
1283225 150 
1283225 68 
1283225 65
1283299 92 
1284755 103 
1284755 101 
1285264 100 
1285264 4
1285264 1567
1285264 10
1287264 25 
1287307 75 
1287961 72 
1287961 70 
1288448 80 
1288501 83 
1289088 64 
1289262 256 
1289328 62 
1289394 150 
1289394 68 
1289394 65
1289474 92 
1290927 103 
1290927 101 
1291434 100 
1291434 4
1291434 1567
1291434 10
1293435 25 
1293491 75 
1294145 72 
1294145 70 
1294645 80 
1294699 83 
1294872 64 
1294993 256 
1295058 62 
1295125 150 
1295125 68 
1295125 65
1295203 92 
1296657 103 
1296657 101 
1297164 100 
1297164 4
1297164 1567
1297164 11
1299165 25 
1299209 75 
1299861 72 
1299861 70 
1300350 80 
1300403 83 
1300723 64 
1301804 256 
1301869 63 
1301936 151 
1301936 69 
1302009 93 
1303469 103 
1303469 101 
1304375 100 
1304375 4
1304375 1567
1304375 10
1306375 25 
1306424 75 
1307077 72 
1307077 70 
1307573 80 
1307627 83 
1308106 64 
1308281 256 
1308346 62 
1308413 150 
1308413 68 
1308413 65
1308487 92 
1309757 90 
1309944 103 
1309944 101 
1310454 100 
1310454 4
1310454 1567
1310454 10
1312453 25 
1322493 254 
1325730 75 
1326190 73 
1326740 72 
1326740 70 
1327378 80 
1327458 83 
1329431 64 
1329579 256 
1329752 61 
1329844 151 
1329844 69 
1329924 93 
1330402 91 
1331172 91 
1331284 91 
1331373 103 
1331373 101 
1332283 100 
1332283 4
1332283 1567
1332283 11
1334283 25 
1334328 75 
1334982 72 
1334982 70 
1335575 80 
1335655 83 
1337734 64 
1340321 62 
1340386 153 
1340386 68 
1340386 65
1340460 92 
1341920 103 
1341920 101 
1342425 100 
1342425 4
1342425 1567
1342425 10
1344425 25 
1344474 75 
1345129 72 
1345129 70 
1345624 80 
1345691 83 
1346011 64 
1346239 256 
1346304 63 
1346370 151 
1346370 69 
1346447 93 
1347188 91 
1347900 103 
1347900 101 
1348809 100 
1348809 4
1348809 1567
1348809 11
1350812 25 
1360850 254 
1379530 75 
1380574 73 
1381019 73 
1381574 72 
1381574 70 
1382075 80 
1382129 83 
1383355 64 
1383583 256 
1383635 61 
1383701 150 
1383701 68 
1383701 65
1383779 92 
1384956 90 
1385234 103 
1385234 101 
1385741 100 
1385741 4
1385741 1567
1385741 10
1387741 25 
1387785 75 
1388436 72 
1388436 70 
1388713 250 
1388821 71 
1389099 80 
1389166 83 
1390765 64 
1390993 62 
1391058 150 
1391058 68 
1391058 65
1391140 92 
1392548 90 
1392589 103 
1392589 101 
1393098 100 
1393098 4
1393098 1567
1393098 11
1395098 25 
1395142 75 
1395795 72 
1395795 70 
1396283 80 
1396336 83 
1396656 64 
1396884 256 
1396949 61 
1397016 150 
1397016 68 
1397016 65
1397095 92 
1397579 90 
1398463 90 
1398549 103 
1398549 101 
1399056 100 
1399056 4
1399056 1567
1399056 10
1401055 25 
1401100 75 
1401752 72 
1401752 70 
1402240 80 
1402294 83 
1403093 64 
1403761 256 
1403826 62 
1403893 150 
1403893 68 
1403893 65
1403975 92 
1405361 90 
1405422 103 
1405422 101 
1405933 100 
1405933 4
1405933 1567
1405933 10
1407933 25 
1407977 75 
1408629 72 
1408629 70 
1409184 250 
1439758 71 
1439931 80 
1440038 83 
1447901 252 
1448248 61 
1448314 151 
1448314 69 
1448609 91 
1448865 91 
1448882 93 
1449846 103 
1449846 101 
1450754 100 
1450754 4
1450754 1567
1450754 11
1452757 25 
1452802 75 
1453456 72 
1453456 70 
1453952 80 
1454005 83 
1454485 64 
1455193 61 
1455258 150 
1455258 68 
1455258 65
1455329 92 
1456788 103 
1456788 101 
1457301 100 
1457301 4
1457301 1567
1457301 11
1459298 25 
1469336 254 
1502592 75 
1503227 73 
1521857 73 
1522412 72 
1522412 70 
1522910 80 
1522976 83 
1525122 64 
1525297 256 
1525362 61 
1525429 152 
1525429 69 
1525502 93 
1526623 91 
1526961 103 
1526961 101 
1527867 100 
1527867 4
1527867 1567
1527867 10
1529869 25 
1529913 75 
1530567 72 
1530567 70 
1531066 80 
1531120 83 
1536931 64 
1537159 256 
1537224 61 
1537290 151 
1537290 69 
1537368 93 
1538177 91 
1538378 91 
1538817 91 
1538826 103 
1538826 101 
1539731 100 
1539731 4
1539731 1567
1539731 10
1541729 25 
1541809 75 
1542464 72 
1542464 70 
1542981 80 
1543101 83 
1543741 64 
1544074 63 
1544194 151 
1544194 69 
1544271 93 
1544801 91 
1545731 103 
1545731 101 
1546634 100 
1546634 4
1546634 1567
1546634 11
1548635 25 
1548681 75 
1549336 72 
1549336 70 
1549952 80 
1550032 83 
1550725 64 
1551446 256 
1552072 62 
1552164 151 
1552164 69 
1552242 93 
1552945 91 
1553461 91 
1553667 91 
1553696 103 
1553696 101 
1554604 100 
1554604 4
1554604 1567
1554604 11
1556603 25 
1556648 75 
1557300 72 
1557300 70 
1557948 80 
1558028 83 
1558442 64 
1558670 256 
1558989 61 
1559081 150 
1559081 68 
1559081 65
1559156 92 
1560612 103 
1560612 101 
1561120 100 
1561120 4
1561120 1567
1561120 10
1563121 25 
1563165 75 
1563819 72 
1563819 70 
1564412 80 
1564506 83 
1566452 64 
1566893 256 
1566958 61 
1567051 151 
1567051 69 
1567130 93 
1567602 91 
1567705 91 
1568153 91 
1568510 91 
1568583 103 
1568583 101 
1569491 100 
1569491 4
1569491 1567
1569491 11
1571492 25 
1571535 75 
1572188 72 
1572188 70 
1572849 80 
1572942 83 
1574382 64 
1574743 256 
1574835 255 
1582418 252 
1584444 62 
1584537 153 
1584537 68 
1584537 65
1584617 92 
1586001 90 
1586067 103 
1586067 101 
1586577 100 
1586577 4
1586577 1567
1586577 11
1588577 25 
1588621 75 
1589274 72 
1589274 70 
1589908 80 
1589962 83 
1590441 64 
1590681 62 
1590748 151 
1590748 69 
1591084 91 
1591108 93 
1591343 91 
1591446 91 
1591731 91 
1591977 91 
1592278 103 
1592278 101 
1593187 100 
1593187 4
1593187 1567
1593187 10
1595188 25 
1595232 75 
1595887 72 
1595887 70 
1596386 80 
1596452 83 
1597412 64 
1597653 62 
1597718 150 
1597718 68 
1597718 65
1597800 92 
1599252 103 
1599252 101 
1599757 100 
1599757 4
1599757 1567
1599757 11
1601757 25 
1602290 75 
1602942 72 
1602942 70 
1603436 80 
1603503 83 
1604036 64 
1604795 256 
1604864 63 
1604929 151 
1604929 69 
1605010 93 
1606461 103 
1606461 101 
1607369 100 
1607369 4
1607369 1567
1607369 11
1609368 25 
1609749 75 
1610404 72 
1610404 70 
1610900 80 
1610953 83 
1611713 64 
1612166 62 
1612232 151 
1612232 69 
1612294 93 
1613255 91 
1613752 103 
1613752 101 
1614661 100 
1614661 4
1614661 1567
1614661 10
1616659 25 
1616706 75 
1617359 72 
1617359 70 
1617857 80 
1617910 83 
1617977 64 
1618217 256 
1619229 62 
1619738 150 
1619738 68 
1619738 65
1619811 92 
1620618 90 
1621268 103 
1621268 101 
1621775 100 
1621775 4
1621775 1567
1621775 11
1623775 25 
1624192 75 
1624846 72 
1624846 70 
1626147 250 
1626386 71 
1626708 71 
1627413 71 
1627839 71 
1628281 71 
1628452 80 
1628519 83 
1628786 64 
1629120 256 
1630200 62 
1630265 151 
1630265 69 
1630341 93 
1631207 91 
1631316 91 
1631795 103 
1631795 101 
1632704 100 
1632704 4
1632704 1567
1632704 10
1634704 25 
1634750 75 
1635065 73 
1635620 72 
1635620 70 
1636116 80 
1636169 83 
1636969 76 
1637195 76 
1666850 252 
1668224 256 
1668289 62 
1668584 150 
1668584 68 
1668584 65
1668996 90 
1670191 90 
1670212 92 
1670212 103 
1670212 101 
1670728 100 
1670728 4
1670728 1567
1670728 10
1672728 25 
1674259 75 
1674912 72 
1674912 70 
1675406 80 
1675459 83 
1676152 64 
1676327 256 
1676392 62 
1676446 150 
1676446 68 
1676446 65
1676522 92 
1676778 90 
1677435 90 
1677781 90 
1677980 103 
1677980 101 
1678484 100 
1678484 4
1678484 1567
1678484 11
1680485 25 
1680529 75 
1681180 72 
1681180 70 
1681683 80 
1681737 83 
1682270 64 
1682458 63 
1682523 151 
1682523 69 
1682595 93 
1683473 91 
1683565 91 
1684057 103 
1684057 101 
1684960 100 
1684960 4
1684960 1567
1684960 10
1686961 25 
1687007 75 
1687660 72 
1687660 70 
1688147 80 
1688201 83 
1724119 252 
1754706 62 
1754773 150 
1754773 68 
1754773 65
1754847 92 
1756019 90 
1756303 103 
1756303 101 
1756812 100 
1756812 4
1756812 1567
1756812 11
1758812 25 
1758870 75 
1759521 72 
1759521 70 
1760024 80 
1760077 83 
1760610 64 
1761091 256 
1761157 63 
1761223 151 
1761223 69 
1761299 93 
1762756 103 
1762756 101 
1763667 100 
1763667 4
1763667 1567
1763667 11
1765665 25 
1765721 75 
1766376 72 
1766376 70 
1766874 80 
1766941 83 
1815920 252 
1830075 62 
1830434 150 
1830434 68 
1830434 65
1849896 90 
1849920 92 
1849920 103 
1849920 101 
1850440 100 
1850440 4
1850440 1567
1850440 10
1852439 25 
1852484 75 
1853137 72 
1853137 70 
1853731 80 
1853811 83 
1854718 64 
1856065 256 
1856157 61 
1856224 151 
1856224 69 
1856299 93 
1856908 91 
1857468 91 
1857634 91 
1857754 103 
1857754 101 
1858665 100 
1858665 4
1858665 1567
1858665 11
1860663 25 
1860711 75 
1863084 73 
1863636 72 
1863636 70 
1864234 80 
1864314 83 
1865020 64 
1865781 61 
1865873 152 
1865873 69 
1865933 93 
1867019 91 
1867390 103 
1867390 101 
1868299 100 
1868299 4
1868299 1567
1868299 10
1870299 25 
1870347 75 
1871001 72 
1871001 70 
1871604 80 
1871657 83 
1872243 64 
1881200 252 
1881441 256 
1895194 61 
1895261 151 
1895261 69 
1895340 93 
1896601 91 
1896795 103 
1896795 101 
1897700 100 
1897700 4
1897700 1567
1897700 10
1899700 25 
1899744 75 
1900399 72 
1900399 70 
1900898 80 
1900965 83 
1903097 64 
1903339 256 
1903404 62 
1903472 150 
1903472 68 
1903472 65
1903550 92 
1905002 103 
1905002 101 
1905510 100 
1905510 4
1905510 1567
1905510 11
1907509 25 
1907555 75 
1908210 72 
1908210 70 
1908708 80 
1908762 83 
1909081 64 
1909269 256 
1909335 63 
1909401 151 
1909401 69 
1909478 93 
1910936 103 
1910936 101 
1911841 100 
1911841 4
1911841 1567
1911841 10
1913842 25 
1913885 75 
1914536 72 
1914536 70 
1915039 80 
1915092 83 
1918771 64 
1919159 256 
1922716 255 
1924062 61 
1924128 151 
1924128 69 
1924201 93 
1924737 91 
1925348 91 
1925659 103 
1925659 101 
1926568 100 
1926568 4
1926568 1567
1926568 11
1928569 25 
1931072 75 
1931859 73 
1932271 73 
1933557 73 
1934108 72 
1934108 70 
1936044 250 
1962019 71 
1962339 80 
1962406 83 
1963046 252 
1963274 256 
1963339 61 
1963405 150 
1963405 68 
1963405 65
1963824 90 
1963843 92 
1964937 103 
1964937 101 
1965445 100 
1965445 4
1965445 1567
1965445 10
1967445 25 
1968158 75 
1968811 72 
1968811 70 
1969310 80 
1969363 83 
1970389 64 
1977054 256 
1978892 252 
1983385 61 
1983450 151 
1983450 69 
1983529 93 
1984980 103 
1984980 101 
1985889 100 
1985889 4
1985889 1567
1985889 10
1987890 25 
1987947 75 
1988603 72 
1988603 70 
1989101 80 
1989155 83 
1989794 64 
1994514 256 
1994952 61 
1995019 151 
1995019 69 
1997979 91 
1998000 93 
1998000 103 
1998000 101 
1998911 100 
1998911 4
1998911 1567
1998911 11
2000913 25 
2000959 75 
2001609 72 
2001609 70 
2002109 80 
2002162 83 
2002696 64 
2002924 61 
2002989 150 
2002989 68 
2002989 65
2003068 92 
2003486 90 
2004337 90 
2004522 103 
2004522 101 
2005032 100 
2005032 4
2005032 1567
2005032 11
2007029 25 
2007073 75 
2007723 72 
2007723 70 
2008213 80 
2008267 83 
2008533 64 
2008708 256 
2008773 61 
2008840 150 
2008840 68 
2008840 65
2008918 92 
2009796 90 
2010374 103 
2010374 101 
2010880 100 
2010880 4
2010880 1567
2010880 10
2012879 25 
2016122 75 
2016775 72 
2016775 70 
2017276 80 
2017343 83 
2021608 64 
2021796 61 
2021861 151 
2021861 69 
2021938 93 
2022895 91 
2023392 103 
2023392 101 
2024300 100 
2024300 4
2024300 1567
2024300 11
2026301 25 
2026344 75 
2026998 72 
2026998 70 
2027499 80 
2027552 83 
2029258 64 
2029499 61 
2029564 150 
2029564 68 
2029564 65
2029639 92 
2030652 90 
2031095 103 
2031095 101 
2031605 100 
2031605 4
2031605 1567
2031605 10
2033605 25 
2033648 75 
2034299 72 
2034299 70 
2034802 80 
2034855 83 
2035082 64 
2035257 61 
2035322 151 
2035322 69 
2035398 93 
2036854 103 
2036854 101 
2037761 100 
2037761 4
2037761 1567
2037761 11
2039761 25 
2042256 75 
2042909 72 
2042909 70 
2043412 80 
2043465 83 
2044158 64 
2044400 61 
2044466 152 
2044466 69 
2044541 93 
2044995 91 
2045824 91 
2045998 103 
2045998 101 
2046905 100 
2046905 4
2046905 1567
2046905 10
2048905 25 
2058943 254 
2061041 75 
2061692 72 
2061692 70 
2062191 80 
2062244 83 
2062830 64 
2063139 61 
2063204 151 
2063204 69 
2063281 93 
2063717 91 
2064251 91 
2064735 103 
2064735 101 
2065646 100 
2065646 4
2065646 1567
2065646 11
2067644 25 
2067687 75 
2068339 72 
2068339 70 
2068841 80 
2068895 83 
2069321 64 
2069549 61 
2069614 150 
2069614 68 
2069614 65
2069690 92 
2070723 90 
2071145 103 
2071145 101 
2071652 100 
2071652 4
2071652 1567
2071652 11
2073653 25 
2073698 75 
2074352 72 
2074352 70 
2074999 80 
2075092 83 
2075212 64 
2075387 256 
2075478 61 
2075545 150 
2075545 68 
2075545 65
2075623 92 
2076943 90 
2077078 103 
2077078 101 
2077585 100 
2077585 4
2077585 1567
2077585 10
2079585 25 
2079866 75 
2080518 72 
2080518 70 
2080903 71 
2081289 80 
2081343 83 
2081902 64 
2082289 255 
2084981 256 
2087060 62 
2087114 150 
2087114 68 
2087114 65
2087194 92 
2088644 103 
2088644 101 
2089154 100 
2089154 4
2089154 1567
2089154 10
2091152 25 
2101192 254 
2103085 75 
2103738 72 
2103738 70 
2104240 80 
2104293 83 
2118700 252 
2118940 61 
2119007 151 
2119007 69 
2119085 93 
2119538 91 
2119798 91 
2120228 91 
2120538 103 
2120538 101 
2121447 100 
2121447 4
2121447 1567
2121447 10
2123446 25 
2123491 75 
2124145 72 
2124145 70 
2124645 80 
2124698 83 
2125231 64 
2125792 61 
2125857 151 
2125857 69 
2125932 93 
2126455 91 
2126965 91 
2127391 103 
2127391 101 
2128297 100 
2128297 4
2128297 1567
2128297 11
2130296 25 
2130341 75 
2130993 72 
2130993 70 
2131495 80 
2131548 83 
2133148 64 
2133376 256 
2133508 61 
2133575 150 
2133575 68 
2133575 65
2133649 92 
2135105 103 
2135105 101 
2135614 100 
2135614 4
2135614 1567
2135614 11
2137614 25 
2137659 75 
2138311 72 
2138311 70 
2138812 80 
2138879 83 
2138999 64 
2139187 61 
2139252 150 
2139252 68 
2139252 65
2139324 92 
2140783 103 
2140783 101 
2141292 100 
2141292 4
2141292 1567
2141292 11
2143290 25 
2143336 75 
2143987 72 
2143987 70 
2144476 80 
2144530 83 
2145063 64 
2145291 61 
2145356 150 
2145356 68 
2145356 65
2145434 92 
2146638 90 
2146886 103 
2146886 101 
2147395 100 
2147395 4
2147395 1567
2147395 10
2149395 25 
2149441 75 
2150095 72 
2150095 70 
2150594 80 
2150660 83 
2150714 64 
2152500 62 
2152566 152 
2152566 69 
2152641 93 
2154099 103 
2154099 101 
2155005 100 
2155005 4
2155005 1567
2155005 10
2157006 25 
2157050 75 
2157705 72 
2157705 70 
2158204 80 
2158271 83 
2158390 64 
2158459 256 
2167826 252 
2199147 61 
2199213 151 
2199213 69 
2199288 93 
2200747 103 
2200747 101 
2201654 100 
2201654 4
2201654 1567
2201654 10
2203653 25 
2203697 75 
2204349 72 
2204349 70 
2204851 80 
2204918 83 
2205197 64 
2205477 61 
2205544 151 
2205544 69 
2205624 93 
2206044 91 
2206179 91 
2206650 91 
2207079 103 
2207079 101 
2207982 100 
2207982 4
2207982 1567
2207982 11
2209983 25 
2210028 75 
2210680 72 
2210680 70 
2211168 80 
2211222 83 
2212661 64 
2212849 61 
2212914 150 
2212914 68 
2212914 65
2212990 92 
2213963 90 
2214443 90 
2214443 103 
2214443 101 
2214954 100 
2214954 4
2214954 1567
2214954 11
2216953 25 
2216998 75 
2217652 72 
2217652 70 
2218152 80 
2218219 83 
2218645 64 
2218913 256 
2218978 63 
2219045 151 
2219045 69 
2219122 93 
2219690 91 
2220575 103 
2220575 101 
2221488 100 
2221488 4
2221488 1567
2221488 11
2223485 25 
2223529 75 
2224182 72 
2224182 70 
2224683 80 
2224736 83 
2225909 64 
2226350 61 
2226415 152 
2226415 69 
2226491 93 
2227283 91 
2227949 103 
2227949 101 
2228856 100 
2228856 4
2228856 1567
2228856 10
2230855 25 
2231021 75 
2231672 72 
2231672 70 
2232160 80 
2232213 83 
2235372 64 
2235613 61 
2235678 151 
2235678 69 
2235755 93 
2237212 103 
2237212 101 
2238118 100 
2238118 4
2238118 1567
2238118 11
2240117 25 
2250159 254 
2269961 75 
2270336 73 
2270888 72 
2270888 70 
2271383 80 
2271436 83 
2272129 64 
2272411 61 
2272476 150 
2272476 68 
2272476 65
2272555 92 
2273469 90 
2273964 90 
2274010 103 
2274010 101 
2274516 100 
2274516 4
2274516 1567
2274516 10
2276516 25 
2276573 75 
2277224 72 
2277224 70 
2277714 80 
2277767 83 
2278727 64 
2279328 256 
2279393 63 
2279460 151 
2279460 69 
2279536 93 
2280762 91 
2280993 103 
2280993 101 
2281898 100 
2281898 4
2281898 1567
2281898 10
2283900 25 
2293939 254 
2326793 75 
2327444 72 
2327444 70 
2328079 80 
2328146 83 
2329972 64 
2330147 61 
2330212 151 
2330212 69 
2330291 93 
2330554 91 
2331749 103 
2331749 101 
2332665 100 
2332665 4
2332665 1567
2332665 11
2334664 25 
2344705 254 
2351182 75 
2351837 72 
2351837 70 
2352336 80 
2352403 83 
2354335 64 
2354577 61 
2354642 150 
2354642 68 
2354642 65
2354718 92 
2355922 90 
2356174 103 
2356174 101 
2356685 100 
2356685 4
2356685 1567
2356685 10
2358683 25 
2358725 75 
2359378 72 
2359378 70 
2359879 80 
2359933 83 
2360306 64 
2360441 62 
2360506 151 
2360506 69 
2360581 93 
2362037 103 
2362037 101 
2362944 100 
2362944 4
2362944 1567
2362944 11
2364946 25 
2364990 75 
2365643 72 
2365643 70 
2366143 80 
2366197 83 
2366623 64 
2366851 256 
2366916 61 
2366983 150 
2366983 68 
2366983 65
2367061 92 
2368513 103 
2368513 101 
2369023 100 
2369023 4
2369023 1567
2369023 11
2371022 25 
2378411 75 
2378683 73 
2379233 72 
2379233 70 
2379724 80 
2379791 83 
2380124 64 
2380299 256 
2380364 61 
2380431 150 
2380431 68 
2380431 65
2380509 92 
2380881 90 
2381492 90 
2381961 103 
2381961 101 
2382469 100 
2382469 4
2382469 1567
2382469 10
2384470 25 
2384515 75 
2385167 72 
2385167 70 
2385655 80 
2385709 83 
2386668 64 
2387176 255 
2387761 256 
2394931 61 
2394998 151 
2394998 69 
2395073 93 
2396531 103 
2396531 101 
2397438 100 
2397438 4
2397438 1567
2397438 10
2399437 25 
2399482 75 
2400135 72 
2400135 70 
2400636 80 
2400689 83 
2401062 64 
2401250 61 
2401315 151 
2401315 69 
2401394 93 
2401778 91 
2402848 103 
2402848 101 
2403755 100 
2403755 4
2403755 1567
2403755 11
2405754 25 
2408128 75 
2408779 72 
2408779 70 
2410978 250 
2440899 71 
2441072 80 
2441205 76 
2441272 83 
2441765 252 
2441993 256 
2442058 61 
2442125 150 
2442125 68 
2442125 65
2442202 92 
2442579 90 
2442852 90 
2443227 90 
2443658 103 
2443658 101 
2444165 100 
2444165 4
2444165 1567
2444165 11
2446164 25 
2447005 75 
2447656 72 
2447656 70 
2448149 80 
2448202 83 
2448376 64 
2448550 256 
2448616 61 
2448682 150 
2448682 68 
2448682 65
2448761 92 
2450216 103 
2450216 101 
2450720 100 
2450720 4
2450720 1567
2450720 10
2452722 25 
2452766 75 
2453420 72 
2453420 70 
2453920 80 
2453973 83 
2454626 76 
2454746 64 
2454974 256 
2455040 62 
2455106 150 
2455106 68 
2455106 65
2455185 92 
2456640 103 
2456640 101 
2457145 100 
2457145 4
2457145 1567
2457145 10
2459146 25 
2459194 75 
2469184 254 
2488724 73 
2489277 72 
2489277 70 
2489772 80 
2489825 83 
2490465 64 
2490706 256 
2490771 61 
2490838 153 
2490838 68 
2490838 65
2490912 92 
2491260 90 
2491773 90 
2492190 90 
2492372 103 
2492372 101 
2492876 100 
2492876 4
2492876 1567
2492876 10
2494877 25 
2495646 75 
2497490 73 
2498045 72 
2498045 70 
2498541 80 
2498595 83 
2500474 64 
2500715 256 
2500847 62 
2500914 150 
2500914 68 
2500914 65
2500989 92 
2502448 103 
2502448 101 
2502954 100 
2502954 4
2502954 1567
2502954 11
2504954 25 
2505675 75 
2505933 73 
2506487 72 
2506487 70 
2506978 250 
2526076 71 
2526290 80 
2526343 83 
2531434 252 
2531582 61 
2531674 150 
2531674 68 
2531674 65
2531752 92 
2532724 90 
2533207 103 
2533207 101 
2533714 100 
2533714 4
2533714 1567
2533714 11
2535714 25 
2535760 75 
2536410 72 
2536410 70 
2537005 80 
2537085 83 
2537179 64 
2537326 256 
2537418 61 
2537512 150 
2537512 68 
2537512 65
2537588 92 
2538202 90 
2538731 90 
2539045 103 
2539045 101 
2539550 100 
2539550 4
2539550 1567
2539550 11
2541551 25 
2541599 75 
2542250 72 
2542250 70 
2542856 80 
2542950 83 
2543176 64 
2543389 61 
2543456 150 
2543456 68 
2543456 65
2543532 92 
2544285 90 
2544658 90 
2544987 103 
2544987 101 
2545495 100 
2545495 4
2545495 1567
2545495 10
2547496 25 
2547541 75 
2548196 72 
2548196 70 
2548800 80 
2548894 83 
2549601 64 
2550053 255 
2551307 256 
2558396 252 
2560849 61 
2560915 151 
2560915 69 
2560989 93 
2562453 103 
2562453 101 
2563368 100 
2563368 4
2563368 1567
2563368 10
2565369 25 
2575406 254 
2587711 75 
2588831 73 
2589386 72 
2589386 70 
2589876 80 
2589943 83 
2590849 64 
2599459 252 
2655542 61 
2655609 151 
2655609 69 
2655683 93 
2657140 103 
2657140 101 
2658047 100 
2658047 4
2658047 1567
2658047 10
2660048 25 
2670087 254 
2708603 75 
2709255 72 
2709255 70 
2709760 80 
2709813 83 
2712425 64 
2712493 256 
2719342 252 
2727725 61 
2728152 151 
2728152 69 
2728329 91 
2728350 93 
2729207 91 
2729684 103 
2729684 101 
2730590 100 
2730590 4
2730590 1567
2730590 10
2732593 25 
2741887 75 
2742539 72 
2742539 70 
2743039 80 
2743106 83 
2744558 76 
2744825 76 
2745265 76 
2746038 76 
2747371 64 
2747572 61 
2747637 151 
2747637 69 
2747712 93 
2749170 103 
2749170 101 
2750076 100 
2750076 4
2750076 1567
2750076 10
2752076 25 
2752721 75 
2753300 73 
2753905 73 
2754211 73 
2754657 73 
2754821 73 
2755033 73 
2755567 73 
2757433 73 
2757991 72 
2757991 70 
2758406 71 
2758806 71 
2759046 250 
2762204 71 
2762431 80 
2762524 83 
2766096 64 
2766258 256 
2766323 61 
2766416 151 
2766416 69 
2766496 93 
2767953 103 
2767953 101 
2768854 100 
2768854 4
2768854 1567
2768854 11
2770856 25 
2770900 75 
2771551 72 
2771551 70 
2772147 80 
2772228 83 
2772467 64 
2772695 61 
2772787 150 
2772787 68 
2772787 65
2772866 92 
2773602 90 
2774149 90 
2774258 90 
2774320 103 
2774320 101 
2774827 100 
2774827 4
2774827 1567
2774827 11
2776826 25 
2776874 75 
2777433 73 
2781089 73 
2783064 73 
2783567 73 
2784122 72 
2784122 70 
2784755 80 
2784808 83 
2785075 64 
2785330 61 
2785395 152 
2785395 69 
2785472 93 
2785885 91 
2786927 103 
2786927 101 
2787834 100 
2787834 4
2787834 1567
2787834 11
2789835 25 
2789938 75 
2790591 72 
2790591 70 
2791086 80 
2791152 83 
2791579 64 
2791872 61 
2791939 150 
2791939 68 
2791939 65
2792016 92 
2792465 90 
2793378 90 
2793473 103 
2793473 101 
2793977 100 
2793977 4
2793977 1567
2793977 11
2795979 25 
2796452 75 
2797726 73 
2800571 73 
2801824 73 
2802299 73 
2802854 72 
2802854 70 
2803360 80 
2803414 83 
2803894 64 
2804135 61 
2804200 150 
2804200 68 
2804200 65
2804278 92 
2805316 90 
2805638 90 
2805731 103 
2805731 101 
2806240 100 
2806240 4
2806240 1567
2806240 10
2808240 25 
2808287 75 
2809765 73 
2810320 72 
2810320 70 
2810824 80 
2810877 83 
2811250 64 
2811490 61 
2811557 151 
2811557 69 
2811634 93 
2813094 103 
2813094 101 
2813996 100 
2813996 4
2813996 1567
2813996 10
2815996 25 
2819893 75 
2820549 72 
2820549 70 
2821046 80 
2821113 83 
2821353 64 
2821528 256 
2821593 61 
2821659 151 
2821659 69 
2821735 93 
2822138 91 
2823192 103 
2823192 101 
2824098 100 
2824098 4
2824098 1567
2824098 11
2826100 25 
2826376 75 
2826468 73 
2827077 72 
2827077 70 
2827577 80 
2827630 83 
2828283 64 
2828523 61 
2828590 150 
2828590 68 
2828590 65
2828668 92 
2829488 90 
2829953 90 
2830123 103 
2830123 101 
2830628 100 
2830628 4
2830628 1567
2830628 10
2832629 25 
2833054 75 
2833708 72 
2833708 70 
2834627 250 
2841571 71 
2841918 71 
2842131 80 
2842197 83 
2845943 252 
2846184 61 
2846249 153 
2846249 68 
2846249 65
2846327 92 
2846438 90 
2846765 90 
2847369 90 
2847782 103 
2847782 101 
2848290 100 
2848290 4
2848290 1567
2848290 11
2850289 25 
2850346 75 
2850997 72 
2850997 70 
2851500 80 
2851554 83 
2851993 64 
2852168 61 
2852233 150 
2852233 68 
2852233 65
2852312 92 
2852827 90 
2853559 90 
2853767 103 
2853767 101 
2854272 100 
2854272 4
2854272 1567
2854272 11
2856273 25 
2856317 75 
2856972 72 
2856972 70 
2857471 80 
2857524 83 
2858111 64 
2858286 256 
2858351 61 
2858417 150 
2858417 68 
2858417 65
2858496 92 
2859008 90 
2859952 103 
2859952 101 
2860457 100 
2860457 4
2860457 1567
2860457 10
2862457 25 
2862904 75 
2863556 72 
2863556 70 
2863895 250 
2864162 71 
2864695 71 
2865083 71 
2865254 80 
2865308 83 
2865428 64 
2865496 256 
2869548 62 
2869613 150 
2869613 68 
2869613 65
2869688 92 
2870972 90 
2871149 103 
2871149 101 
2871653 100 
2871653 4
2871653 1567
2871653 11
2873653 25 
2873697 75 
2874348 72 
2874348 70 
2874850 80 
2874904 83 
2875437 64 
2875679 61 
2875743 150 
2875743 68 
2875743 65
2875822 92 
2877277 103 
2877277 101 
2877783 100 
2877783 4
2877783 1567
2877783 10
2879784 25 
2879831 75 
2880483 72 
2880483 70 
2880661 250 
2880875 71 
2881261 80 
2881314 83 
2882061 64 
2882302 61 
2882367 151 
2882367 69 
2882444 93 
2883901 103 
2883901 101 
2884811 100 
2884811 4
2884811 1567
2884811 11
2886809 25 
2896847 254 
2939673 75 
2940323 72 
2940323 70 
2941023 80 
2941076 83 
2942529 64 
2942704 256 
2942769 61 
2942835 150 
2942835 68 
2942835 65
2942915 92 
2944314 90 
2944364 103 
2944364 101 
2944874 100 
2944874 4
2944874 1567
2944874 10
2946875 25 
2946933 75 
2956913 254 
2990948 73 
2991346 73 
2991901 72 
2991901 70 
2992401 80 
2992455 83 
2993641 64 
2993881 61 
2993947 153 
2993947 68 
2993947 65
2994022 92 
2995481 103 
2995481 101 
2995988 100 
2995988 4
2995988 1567
2995988 11
2997987 25 
3008027 254 
3022517 75 
3023172 72 
3023172 70 
3023668 250 
3026827 71 
3027040 80 
3027107 83 
3028346 64 
3028521 61 
3028586 150 
3028586 68 
3028586 65
3028664 92 
3030117 103 
3030117 101 
3030625 100 
3030625 4
3030625 1567
3030625 10
3032625 25 
3032671 75 
3033323 72 
3033323 70 
3033824 80 
3033891 83 
3034704 64 
3036864 256 
3039755 61 
3039822 151 
3039822 69 
3039897 93 
3041352 103 
3041352 101 
3042260 100 
3042260 4
3042260 1567
3042260 10
3044260 25 
3044305 75 
3044961 72 
3044961 70 
3045592 80 
3045646 83 
3046125 64 
3046419 61 
3046485 151 
3046485 69 
3046562 93 
3046970 91 
3047375 91 
3047774 91 
3048016 103 
3048016 101 
3048926 100 
3048926 4
3048926 1567
3048926 10
3050925 25 
3050973 75 
3051625 72 
3051625 70 
3052123 80 
3052190 83 
3052469 64 
3053296 256 
3053363 63 
3053429 151 
3053429 69 
3053504 93 
3054060 91 
3054627 91 
3054958 103 
3054958 101 
3055868 100 
3055868 4
3055868 1567
3055868 10
3057869 25 
3057913 75 
3058563 72 
3058563 70 
3059053 80 
3059107 83 
3059427 64 
3059600 256 
3059670 61 
3059733 151 
3059733 69 
3059806 93 
3060355 91 
3060790 91 
3061266 103 
3061266 101 
3062172 100 
3062172 4
3062172 1567
3062172 11
3064172 25 
3065089 75 
3065767 73 
3066319 72 
3066319 70 
3066810 80 
3066864 83 
3067237 64 
3067478 61 
3067543 150 
3067543 68 
3067543 65
3067622 92 
3068070 90 
3069074 103 
3069074 101 
3069582 100 
3069582 4
3069582 1567
3069582 11
3071584 25 
3071631 75 
3072284 72 
3072284 70 
3072781 80 
3072834 83 
3073061 64 
3073249 61 
3073314 150 
3073314 68 
3073314 65
3073392 92 
3073894 90 
3074845 103 
3074845 101 
3075354 100 
3075354 4
3075354 1567
3075354 11
3077353 25 
3077402 75 
3078054 72 
3078054 70 
3078552 80 
3078605 83 
3078832 64 
3079072 61 
3079138 150 
3079138 68 
3079138 65
3079215 92 
3080366 90 
3080669 103 
3080669 101 
3081177 100 
3081177 4
3081177 1567
3081177 11
3083180 25 
3083226 75 
3088107 73 
3088620 73 
3088998 73 
3089551 72 
3089551 70 
3090040 250 
3090733 71 
3090907 80 
3090973 83 
3108926 252 
3109700 62 
3109766 151 
3109766 69 
3109844 93 
3110120 91 
3111298 103 
3111298 101 
3112206 100 
3112206 4
3112206 1567
3112206 11
3114206 25 
3114327 75 
3114980 72 
3114980 70 
3115470 80 
3115523 83 
3115950 64 
3116125 256 
3116189 61 
3116256 150 
3116256 68 
3116256 65
3116334 92 
3116742 90 
3117790 103 
3117790 101 
3118296 100 
3118296 4
3118296 1567
3118296 11
3120296 25 
3120340 75 
3120993 72 
3120993 70 
3121494 80 
3121547 83 
3121707 64 
3121882 256 
3121947 61 
3122014 150 
3122014 68 
3122014 65
3122090 92 
3123162 90 
3123545 103 
3123545 101 
3124057 100 
3124057 4
3124057 1567
3124057 10
3126055 25 
3126576 75 
3127228 72 
3127228 70 
3127571 71 
3127838 80 
3127905 83 
3128384 64 
3128626 63 
3128691 153 
3128691 68 
3128691 65
3128768 92 
3129495 90 
3130223 103 
3130223 101 
3130730 100 
3130730 4
3130730 1567
3130730 10
3132731 25 
3132775 75 
3133427 72 
3133427 70 
3133929 80 
3133982 83 
3134515 64 
3134690 256 
3134755 63 
3134822 151 
3134822 69 
3134897 93 
3135605 91 
3135893 91 
3136357 103 
3136357 101 
3137260 100 
3137260 4
3137260 1567
3137260 10
3139261 25 
3142480 75 
3143073 73 
3143624 72 
3143624 70 
3144111 80 
3144164 83 
3144591 64 
3144818 61 
3144884 151 
3144884 69 
3144958 93 
3146415 103 
3146415 101 
3147324 100 
3147324 4
3147324 1567
3147324 10
3149323 25 
3155106 75 
3155152 73 
3155810 73 
3157066 73 
3159364 254 
3167336 73 
3167886 72 
3167886 70 
3168381 250 
3172379 71 
3173246 71 
3173512 80 
3173579 83 
3174072 64 
3174353 256 
3174472 61 
3174538 151 
3174538 69 
3174614 93 
3175009 91 
3175105 91 
3175545 91 
3176070 103 
3176070 101 
3176979 100 
3176979 4
3176979 1567
3176979 10
3178978 25 
3179022 75 
3179678 72 
3179678 70 
3180363 80 
3180416 83 
3180949 64 
3181190 61 
3181256 151 
3181256 69 
3181333 93 
3182025 91 
3182784 103 
3182784 101 
3183696 100 
3183696 4
3183696 1567
3183696 11
3185696 25 
3186153 75 
3186804 72 
3186804 70 
3187520 80 
3187640 83 
3187973 64 
3197049 252 
3325435 62 
3325502 151 
3325502 69 
3325579 93 
3325722 91 
3327032 103 
3327032 101 
3327941 100 
3327941 4
3327941 1567
3327941 11
3329941 25 
3329986 75 
3332311 73 
3332900 72 
3332900 70 
3333392 80 
3333445 83 
3333872 64 
3334113 61 
3334178 150 
3334178 68 
3334178 65
3334255 92 
3335266 90 
3335559 90 
3335710 103 
3335710 101 
3336216 100 
3336216 4
3336216 1567
3336216 10
3338217 25 
3338263 75 
3338913 72 
3338913 70 
3339403 80 
3339456 83 
3340469 64 
3340709 63 
3340776 153 
3340776 68 
3340776 65
3340853 92 
3341222 90 
3342309 103 
3342309 101 
3342815 100 
3342815 4
3342815 1567
3342815 11
3344815 25 
3345191 75 
3345844 72 
3345844 70 
3346346 80 
3346866 250 
3347519 76 
3347586 83 
3347812 64 
3347974 256 
3348039 61 
3348106 150 
3348106 68 
3348106 65
3348188 92 
3349091 90 
3349472 90 
3349635 103 
3349635 101 
3350145 100 
3350145 4
3350145 1567
3350145 11
3352145 25 
3352190 75 
3352844 72 
3352844 70 
3353344 80 
3353397 83 
3353930 64 
3354105 256 
3354170 61 
3354236 150 
3354236 68 
3354236 65
3354314 92 
3354830 90 
3355531 90 
3355767 103 
3355767 101 
3356276 100 
3356276 4
3356276 1567
3356276 11
3358276 25 
3358720 75 
3359371 72 
3359371 70 
3359861 80 
3359914 83 
3360034 64 
3360156 256 
3360221 61 
3360287 150 
3360287 68 
3360287 65
3360366 92 
3361230 90 
3361817 103 
3361817 101 
3362327 100 
3362327 4
3362327 1567
3362327 11
3364327 25 
3364820 75 
3365473 72 
3365473 70 
3365965 80 
3373522 250 
3394846 76 
3394900 83 
3396552 252 
3396740 61 
3396805 150 
3396805 68 
3396805 65
3396884 92 
3397103 90 
3397238 90 
3398337 103 
3398337 101 
3398845 100 
3398845 4
3398845 1567
3398845 11
3400845 25 
3400889 75 
3401544 72 
3401544 70 
3402043 80 
3402096 83 
3402363 64 
3402603 61 
3402670 150 
3402670 68 
3402670 65
3402744 92 
3404206 103 
3404206 101 
3404708 100 
3404708 4
3404708 1567
3404708 10
3406709 25 
3406767 75 
3407420 72 
3407420 70 
3407907 80 
3407974 83 
3408241 64 
3408429 61 
3408494 151 
3408494 69 
3408573 93 
3408976 91 
3409742 91 
3409878 91 
3410024 103 
3410024 101 
3410934 100 
3410934 4
3410934 1567
3410934 10
3412933 25 
3413448 75 
3414101 72 
3414101 70 
3414598 80 
3414665 83 
3415251 64 
3415492 61 
3415557 151 
3415557 69 
3415640 93 
3416481 91 
3417090 103 
3417090 101 
3418000 100 
3418000 4
3418000 1567
3418000 10
3419997 25 
3427177 75 
3427830 72 
3427830 70 
3428539 80 
3428632 83 
3428872 64 
3436431 256 
3438055 252 
3447597 61 
3447691 151 
3447691 69 
3447769 93 
3449223 103 
3449223 101 
3450129 100 
3450129 4
3450129 1567
3450129 10
3452129 25 
3456991 75 
3457418 73 
3457703 73 
3457886 73 
3458441 72 
3458441 70 
3459046 80 
3459099 83 
3464697 64 
3464938 61 
3465003 151 
3465003 69 
3465083 93 
3466537 103 
3466537 101 
3467443 100 
3467443 4
3467443 1567
3467443 11
3469442 25 
3469487 75 
3470138 72 
3470138 70 
3470641 80 
3470694 83 
3471281 64 
3471454 256 
3471522 61 
3471587 152 
3471587 69 
3471664 93 
3472252 91 
3473003 91 
3473119 103 
3473119 101 
3474025 100 
3474025 4
3474025 1567
3474025 11
3476028 25 
3476075 75 
3476727 72 
3476727 70 
3477225 80 
3477292 83 
3477665 64 
3477853 256 
3477918 61 
3477985 150 
3477985 68 
3477985 65
3478062 92 
3479140 90 
3479519 103 
3479519 101 
3480025 100 
3480025 4
3480025 1567
3480025 11
3482025 25 
3482069 75 
3482720 72 
3482720 70 
3483209 80 
3483262 83 
3483582 64 
3483757 256 
3483822 61 
3483889 150 
3483889 68 
3483889 65
3483967 92 
3484609 90 
3484716 90 
3485251 90 
3485423 103 
3485423 101 
3485929 100 
3485929 4
3485929 1567
3485929 10
3487929 25 
3487973 75 
3488627 72 
3488627 70 
3489127 80 
3489180 83 
3489607 64 
3489833 61 
3489900 151 
3489900 69 
3489973 93 
3491431 103 
3491431 101 
3492338 100 
3492338 4
3492338 1567
3492338 10
3494339 25 
3494383 75 
3495037 72 
3495037 70 
3495537 80 
3495604 83 
3495977 64 
3496259 256 
3496324 61 
3496390 151 
3496390 69 
3496469 93 
3497923 103 
3497923 101 
3498831 100 
3498831 4
3498831 1567
3498831 10
3500829 25 
3500874 75 
3501529 72 
3501529 70 
3502028 80 
3502095 83 
3502841 64 
3503014 256 
3503083 61 
3503147 151 
3503147 69 
3503225 93 
3503628 91 
3503780 91 
3504057 91 
3504681 103 
3504681 101 
3505585 100 
3505585 4
3505585 1567
3505585 11
3507587 25 
3507631 75 
3508281 72 
3508281 70 
3508785 80 
3508838 83 
3509052 64 
3509185 256 
3509240 61 
3509305 150 
3509305 68 
3509305 65
3509384 92 
3509596 90 
3510839 103 
3510839 101 
3511344 100 
3511344 4
3511344 1567
3511344 10
3513345 25 
3513389 75 
3514040 72 
3514040 70 
3514543 80 
3514596 83 
3514916 64 
3515092 256 
3515156 61 
3515222 151 
3515222 69 
3515297 93 
3516754 103 
3516754 101 
3517661 100 
3517661 4
3517661 1567
3517661 11
3519663 25 
3519706 75 
3520361 72 
3520361 70 
3520860 80 
3520913 83 
3521340 64 
3521515 256 
3521580 61 
3521646 150 
3521646 68 
3521646 65
3521723 92 
3522238 90 
3523177 103 
3523177 101 
3523685 100 
3523685 4
3523685 1567
3523685 10
3525687 25 
3525745 75 
3526400 72 
3526400 70 
3526898 80 
3526964 83 
3529150 64 
3529538 256 
3529603 63 
3529670 151 
3529670 69 
3529747 93 
3530628 91 
3531201 103 
3531201 101 
3532109 100 
3532109 4
3532109 1567
3532109 11
3534109 25 
3534557 75 
3535212 72 
3535212 70 
3535707 80 
3535760 83 
3536614 64 
3536788 256 
3536853 61 
3536920 150 
3536920 68 
3536920 65
3536998 92 
3537589 90 
3538388 90 
3538451 103 
3538451 101 
3538958 100 
3538958 4
3538958 1567
3538958 10
3540960 25 
3541017 75 
3541668 72 
3541668 70 
3542158 80 
3542211 83 
3542664 64 
3542892 63 
3542958 151 
3542958 69 
3543031 93 
3543310 91 
3543685 91 
3544488 103 
3544488 101 
3545398 100 
3545398 4
3545398 1567
3545398 11
3547398 25 
3547441 75 
3548092 72 
3548092 70 
3548582 80 
3548635 83 
3548795 64 
3549035 61 
3549102 150 
3549102 68 
3549102 65
3549180 92 
3549830 90 
3550636 103 
3550636 101 
3551140 100 
3551140 4
3551140 1567
3551140 11
3553140 25 
3553185 75 
3553841 72 
3553841 70 
3554339 80 
3554393 83 
3558498 64 
3558884 256 
3559297 61 
3559604 150 
3559604 68 
3559604 65
3559677 92 
3560098 90 
3560490 90 
3560907 90 
3561136 103 
3561136 101 
3561643 100 
3561643 4
3561643 1567
3561643 10
3563644 25 
3563688 75 
3564342 72 
3564342 70 
3564842 80 
3564908 83 
3565668 64 
3565895 256 
3565949 63 
3566015 151 
3566015 69 
3566092 93 
3567381 91 
3567549 103 
3567549 101 
3568455 100 
3568455 4
3568455 1567
3568455 11
3570454 25 
3570498 75 
3571151 72 
3571151 70 
3571652 80 
3571705 83 
3571879 64 
3572054 256 
3572119 61 
3572185 152 
3572185 69 
3572262 93 
3572807 91 
3572893 91 
3573610 91 
3573716 103 
3573716 101 
3574625 100 
3574625 4
3574625 1567
3574625 10
3576624 25 
3576669 75 
3577322 72 
3577322 70 
3577823 80 
3577876 83 
3578303 64 
3578757 256 
3578822 62 
3578889 150 
3578889 68 
3578889 65
3578965 92 
3579935 90 
3580387 90 
3580419 103 
3580419 101 
3580929 100 
3580929 4
3580929 1567
3580929 11
3582928 25 
3582974 75 
3583625 72 
3583625 70 
3584127 80 
3584180 83 
3584767 64 
3584942 256 
3585007 61 
3585073 150 
3585073 68 
3585073 65
3585148 92 
3585791 90 
3586489 90 
3586607 103 
3586607 101 
3587114 100 
3587114 4
3587114 1567
3587114 10
3589112 25 
3589161 75 
3589813 72 
3589813 70 
3590311 80 
3590364 83 
3590791 64 
3590966 256 
3591031 62 
3591097 150 
3591097 68 
3591097 65
3591174 92 
3592498 90 
3592632 103 
3592632 101 
3593136 100 
3593136 4
3593136 1567
3593136 10
3595138 25 
3595847 75 
3605174 254 
3605532 73 
3606085 72 
3606085 70 
3606584 80 
3606637 83 
3607011 64 
3607344 62 
3607410 150 
3607410 68 
3607410 65
3607485 92 
3608406 90 
3608848 90 
3608945 103 
3608945 101 
3609449 100 
3609449 4
3609449 1567
3609449 10
3611449 25 
3611494 75 
3612145 72 
3612145 70 
3612648 80 
3612702 83 
3613021 64 
3613355 62 
3613421 150 
3613421 68 
3613421 65
3613499 92 
3614267 90 
3614709 90 
3614953 103 
3614953 101 
3615461 100 
3615461 4
3615461 1567
3615461 10
3617460 25 
3617505 75 
3618160 72 
3618160 70 
3618659 80 
3618712 83 
3619779 64 
3620007 61 
3620072 151 
3620072 69 
3620150 93 
3620569 91 
3620886 91 
3621605 103 
3621605 101 
3622511 100 
3622511 4
3622511 1567
3622511 11
3624511 25 
3624556 75 
3625210 72 
3625210 70 
3625709 80 
3625763 83 
3626136 64 
3626377 62 
3626443 151 
3626443 69 
3626517 93 
3626745 91 
3627358 91 
3627973 103 
3627973 101 
3628881 100 
3628881 4
3628881 1567
3628881 10
3630883 25 
3630940 75 
3631592 72 
3631592 70 
3632080 80 
3632133 83 
3632880 64 
3633641 256 
3633706 61 
3633773 151 
3633773 69 
3633843 93 
3634701 91 
3635304 103 
3635304 101 
3636213 100 
3636213 4
3636213 1567
3636213 10
3638211 25 
3648253 254 
3649799 75 
3650450 72 
3650450 70 
3650939 80 
3650992 83 
3652112 64 
3657883 256 
3660522 252 
3661001 61 
3661095 151 
3661095 69 
3661172 93 
3662627 103 
3662627 101 
3663535 100 
3663535 4
3663535 1567
3663535 11
3665533 25 
3665578 75 
3666232 72 
3666232 70 
3666879 80 
3666959 83 
3668000 64 
3668147 256 
3668212 61 
3668278 150 
3668278 68 
3668278 65
3668355 92 
3668904 90 
3669809 103 
3669809 101 
3670321 100 
3670321 4
3670321 1567
3670321 11
3672319 25 
3672362 75 
3673014 72 
3673014 70 
3673516 80 
3673569 83 
3673623 64 
3673798 256 
3673863 61 
3673929 150 
3673929 68 
3673929 65
3674003 92 
3675461 103 
3675461 101 
3675968 100 
3675968 4
3675968 1567
3675968 11
3677969 25 
3678013 75 
3678665 72 
3678665 70 
3679167 80 
3679234 83 
3679407 64 
3679595 61 
3679660 150 
3679660 68 
3679660 65
3679737 92 
3680888 90 
3681194 103 
3681194 101 
3681698 100 
3681698 4
3681698 1567
3681698 11
3683699 25 
3683744 75 
3684399 72 
3684399 70 
3684898 80 
3684965 250 
3685578 76 
3685644 83 
3685818 64 
3685992 256 
3686058 61 
3686124 150 
3686124 68 
3686124 65
3686202 92 
3686812 90 
3687310 90 
3687657 103 
3687657 101 
3688165 100 
3688165 4
3688165 1567
3688165 10
3690163 25 
3690208 75 
3690863 72 
3690863 70 
3691362 80 
3691415 83 
3691895 64 
3692177 256 
3692242 63 
3692308 153 
3692308 68 
3692308 65
3692387 92 
3693843 103 
3693843 101 
3694347 100 
3694347 4
3694347 1567
3694347 11
3696349 25 
3696392 75 
3697044 72 
3697044 70 
3697546 80 
3697599 83 
3698026 64 
3698252 61 
3698319 150 
3698319 68 
3698319 65
3698396 92 
3699147 90 
3699616 90 
3699852 103 
3699852 101 
3700358 100 
3700358 4
3700358 1567
3700358 10
3702358 25 
3702403 75 
3703054 72 
3703054 70 
3703544 80 
3703597 83 
3703917 64 
3704372 256 
3704437 63 
3704503 151 
3704503 69 
3704584 93 
3706039 103 
3706039 101 
3706942 100 
3706942 4
3706942 1567
3706942 10
3708944 25 
3708991 75 
3709644 72 
3709644 70 
3710141 80 
3710194 83 
3710407 64 
3710649 63 
3710714 151 
3710714 69 
3710791 93 
3711386 91 
3711625 91 
3712163 91 
3712243 103 
3712243 101 
3713154 100 
3713154 4
3713154 1567
3713154 11
3715153 25 
3719737 75 
3720358 73 
3725193 254 
3756842 73 
3757337 73 
3762441 73 
3764309 73 
3764863 72 
3764863 70 
3765358 80 
3765411 83 
3767037 76 
3767783 64 
3771477 256 
3771648 61 
3771943 150 
3771943 68 
3771943 65
3780021 90 
3780041 92 
3780041 103 
3780041 101 
3780551 100 
3780551 4
3780551 1567
3780551 11
3782553 25 
3782596 75 
3783251 72 
3783251 70 
3783870 80 
3783977 83 
3784150 64 
3784325 256 
3784443 61 
3784510 150 
3784510 68 
3784510 65
3784591 92 
3784982 90 
3785398 90 
3785726 90 
3786044 103 
3786044 101 
3786552 100 
3786552 4
3786552 1567
3786552 11
3788550 25 
3788594 75 
3789248 72 
3789248 70 
3789867 80 
3789987 83 
3790107 64 
3790282 256 
3790347 61 
3790414 150 
3790414 68 
3790414 65
3790487 92 
3791526 90 
3791945 103 
3791945 101 
3792452 100 
3792452 4
3792452 1567
3792452 10
3794454 25 
3794498 75 
3795150 72 
3795150 70 
3795652 80 
3795718 83 
3795985 64 
3796226 63 
3796291 153 
3796291 68 
3796291 65
3796370 92 
3797825 103 
3797825 101 
3798330 100 
3798330 4
3798330 1567
3798330 11
3800332 25 
3800375 75 
3801978 73 
3802529 72 
3802529 70 
3802809 250 
3828145 71 
3828411 80 
3828478 83 
3829078 252 
3829251 256 
3829319 61 
3829384 150 
3829384 68 
3829384 65
3829459 92 
3829908 90 
3830555 90 
3830918 103 
3830918 101 
3831423 100 
3831423 4
3831423 1567
3831423 10
3833423 25 
3834079 75 
3837246 73 
3837666 73 
3838585 73 
3839444 73 
3840134 73 
3840596 73 
3840786 73 
3841343 72 
3841343 70 
3841899 250 
3842114 71 
3842326 80 
3842392 250 
3842874 76 
3842939 83 
3843165 64 
3843726 62 
3843792 150 
3843792 68 
3843792 65
3843870 92 
3844512 90 
3845324 103 
3845324 101 
3845830 100 
3845830 4
3845830 1567
3845830 10
3847831 25 
3847875 75 
3848529 72 
3848529 70 
3849029 80 
3849096 83 
3849469 64 
3849764 61 
3849829 151 
3849829 69 
3849905 93 
3850424 91 
3850875 91 
3851361 103 
3851361 101 
3852267 100 
3852267 4
3852267 1567
3852267 10
3854268 25 
3854313 75 
3854966 72 
3854966 70 
3855467 80 
3855520 83 
3856160 64 
3856508 255 
3856573 256 
3865076 252 
3879856 62 
3882842 151 
3882842 69 
3882918 93 
3884374 103 
3884374 101 
3885282 100 
3885282 4
3885282 1567
3885282 10
3887282 25 
3897322 254 
3908644 75 
3909298 72 
3909298 70 
3909950 80 
3910070 83 
3912829 64 
3913017 61 
3913083 151 
3913083 69 
3913163 93 
3913764 91 
3914262 91 
3914614 103 
3914614 101 
3915522 100 
3915522 4
3915522 1567
3915522 10
3917522 25 
3917567 75 
3918218 72 
3918218 70 
3918707 80 
3918760 83 
3920373 64 
3920548 256 
3920613 62 
3920679 150 
3920679 68 
3920679 65
3920758 92 
3922213 103 
3922213 101 
3922719 100 
3922719 4
3922719 1567
3922719 10
3924719 25 
3924764 75 
3925417 72 
3925417 70 
3925917 80 
3925984 83 
3926410 64 
3926599 62 
3926664 150 
3926664 68 
3926664 65
3926737 92 
3926980 90 
3928194 103 
3928194 101 
3928702 100 
3928702 4
3928702 1567
3928702 11
3930704 25 
3930747 75 
3931398 72 
3931398 70 
3931901 80 
3931968 83 
3932195 64 
3932421 62 
3932488 151 
3932488 69 
3932564 93 
3932840 91 
3933405 91 
3933554 91 
3934021 103 
3934021 101 
3934927 100 
3934927 4
3934927 1567
3934927 11
3936928 25 
3936973 75 
3937625 72 
3937625 70 
3938125 80 
3938192 83 
3938565 64 
3938807 61 
3938872 150 
3938872 68 
3938872 65
3938951 92 
3940074 90 
3940404 103 
3940404 101 
3940912 100 
3940912 4
3940912 1567
3940912 11
3942912 25 
3942956 75 
3943610 72 
3943610 70 
3944110 80 
3944163 83 
3944589 64 
3944829 61 
3944896 152 
3944896 69 
3944973 93 
3945473 91 
3945862 91 
3946427 103 
3946427 101 
3947340 100 
3947340 4
3947340 1567
3947340 10
3949337 25 
3950510 75 
3951164 72 
3951164 70 
3951680 80 
3951733 83 
3952959 64 
3953079 256 
3953147 61 
3953212 151 
3953212 69 
3953289 93 
3953494 91 
3954743 103 
3954743 101 
3955652 100 
3955652 4
3955652 1567
3955652 11
3957652 25 
3957697 75 
3958350 72 
3958350 70 
3958850 80 
3958903 83 
3959223 64 
3959505 61 
3959570 150 
3959570 68 
3959570 65
3959648 92 
3960053 90 
3960672 90 
3960975 90 
3961101 103 
3961101 101 
3961609 100 
3961609 4
3961609 1567
3961609 11
3963610 25 
3963654 75 
3964307 72 
3964307 70 
3964808 80 
3964874 83 
3965087 64 
3965262 256 
3965327 61 
3965394 150 
3965394 68 
3965394 65
3965475 92 
3966928 103 
3966928 101 
3967433 100 
3967433 4
3967433 1567
3967433 11
3969433 25 
3969478 75 
3970129 72 
3970129 70 
3970619 80 
3970685 83 
3970912 64 
3971087 256 
3971152 61 
3971218 150 
3971218 68 
3971218 65
3971297 92 
3971916 90 
3972554 90 
3972750 103 
3972750 101 
3973257 100 
3973257 4
3973257 1567
3973257 10
3975259 25 
3975303 75 
3975956 72 
3975956 70 
3976456 80 
3976509 83 
3976829 64 
3977017 62 
3977082 150 
3977082 68 
3977082 65
3977158 92 
3977440 90 
3978376 90 
3978614 103 
3978614 101 
3979122 100 
3979122 4
3979122 1567
3979122 11
3981122 25 
3981167 75 
3981973 73 
3985237 73 
3985909 73 
3986834 73 
3987025 73 
3987579 72 
3987579 70 
3987705 250 
3988345 71 
3988731 80 
3988797 250 
3988972 76 
3989037 83 
3989317 64 
3990583 62 
3990650 151 
3990650 69 
3991189 91 
3991212 93 
3992164 91 
3992182 103 
3992182 101 
3993088 100 
3993088 4
3993088 1567
3993088 10
3995091 25 
4005129 254 
4025543 75 
4026195 72 
4026195 70 
4026848 80 
4026955 83 
4027595 64 
4027783 62 
4027901 150 
4027901 68 
4027901 65
4027974 92 
4028712 90 
4029193 90 
4029436 103 
4029436 101 
4029942 100 
4029942 4
4029942 1567
4029942 11
4031940 25 
4031985 75 
4032637 72 
4032637 70 
4033259 80 
4033379 83 
4033445 64 
4033674 256 
4033739 61 
4033805 150 
4033805 68 
4033805 65
4033890 92 
4035337 103 
4035337 101 
4035844 100 
4035844 4
4035844 1567
4035844 10
4037844 25 
4038830 75 
4039483 72 
4039483 70 
4039869 71 
4040189 80 
4040243 83 
4040509 64 
4040736 62 
4040802 150 
4040802 68 
4040802 65
4040882 92 
4041148 90 
4042334 103 
4042334 101 
4042841 100 
4042841 4
4042841 1567
4042841 10
4044843 25 
4045277 75 
4045666 73 
4046039 73 
4046289 73 
4046740 73 
4054883 254 
4060426 73 
4060851 73 
4061403 72 
4061403 70 
4061900 80 
4061954 83 
4063393 64 
4063634 61 
4063700 151 
4063700 69 
4063773 93 
4065233 103 
4065233 101 
4066139 100 
4066139 4
4066139 1567
4066139 10
4068139 25 
4072888 75 
4073327 73 
4078179 254 
4090396 73 
4090715 73 
4091270 72 
4091270 70 
4091768 80 
4091821 83 
4093580 76 
4094020 64 
4094208 62 
4094635 150 
4094635 68 
4094635 65
4094709 92 
4096165 103 
4096165 101 
4096673 100 
4096673 4
4096673 1567
4096673 11
4098673 25 
4098717 75 
4099373 72 
4099373 70 
4099871 80 
4099938 83 
4100311 64 
4100484 256 
4101245 61 
4101310 152 
4101310 69 
4101388 93 
4101785 91 
4102412 91 
4102788 91 
4102844 103 
4102844 101 
4103749 100 
4103749 4
4103749 1567
4103749 11
4105749 25 
4106144 75 
4106797 72 
4106797 70 
4107295 80 
4107348 83 
4107988 64 
4108216 256 
4108281 61 
4108347 150 
4108347 68 
4108347 65
4108431 92 
4109241 90 
4109704 90 
4109877 103 
4109877 101 
4110389 100 
4110389 4
4110389 1567
4110389 10
4112387 25 
4112435 75 
4113086 72 
4113086 70 
4113585 80 
4113639 83 
4113958 64 
4114133 256 
4114198 62 
4114265 150 
4114265 68 
4114265 65
4114341 92 
4114524 90 
4115040 90 
4115541 90 
4115799 103 
4115799 101 
4116304 100 
4116304 4
4116304 1567
4116304 10
4118304 25 
4118784 75 
4119438 72 
4119438 70 
4119943 80 
4120009 83 
4120596 64 
4120890 61 
4120956 151 
4120956 69 
4121031 93 
4121649 91 
4122302 91 
4122462 91 
4122489 103 
4122489 101 
4123394 100 
4123394 4
4123394 1567
4123394 11
4125396 25 
4125867 75 
4126519 72 
4126519 70 
4126966 250 
4146412 71 
4146625 80 
4146678 83 
4147331 252 
4147519 61 
4147584 150 
4147584 68 
4147584 65
4147663 92 
4148025 90 
4148507 90 
4149000 90 
4149116 103 
4149116 101 
4149624 100 
4149624 4
4149624 1567
4149624 11
4151624 25 
4151668 75 
4161665 254 
4192030 73 
4192581 72 
4192581 70 
4193072 80 
4193125 83 
4193565 64 
4193687 256 
4193752 61 
4193818 150 
4193818 68 
4193818 65
4193896 92 
4194327 90 
4195351 103 
4195351 101 
4195859 100 
4195859 4
4195859 1567
4195859 10
4197858 25 
4197902 75 
4198559 72 
4198559 70 
4199056 80 
4199109 83 
4200229 64 
4200404 256 
4200536 62 
4200602 150 
4200602 68 
4200602 65
4200684 92 
4202138 103 
4202138 101 
4202641 100 
4202641 4
4202641 1567
4202641 11
4204641 25 
4214680 254 
4215287 75 
4215939 72 
4215939 70 
4216436 80 
4216489 83 
4216649 64 
4216877 256 
4216942 61 
4217009 150 
4217009 68 
4217009 65
4217083 92 
4218541 103 
4218541 101 
4219047 100 
4219047 4
4219047 1567
4219047 11
4221047 25 
4224791 75 
4225445 72 
4225445 70 
4225938 80 
4226005 83 
4226805 64 
4226980 256 
4227044 61 
4227111 152 
4227111 69 
4227188 93 
4228644 103 
4228644 101 
4229550 100 
4229550 4
4229550 1567
4229550 10
4231550 25 
4231595 75 
4232251 72 
4232251 70 
4232749 80 
4232815 83 
4233069 64 
4233244 61 
4233308 151 
4233308 69 
4233382 93 
4233827 91 
4234489 91 
4234840 103 
4234840 101 
4235749 100 
4235749 4
4235749 1567
4235749 10
4237748 25 
4237796 75 
4238451 72 
4238451 70 
4239079 80 
4239133 83 
4239506 64 
4239747 62 
4239812 150 
4239812 68 
4239812 65
4239888 92 
4240399 90 
4240966 90 
4241343 103 
4241343 101 
4241853 100 
4241853 4
4241853 1567
4241853 11
4243851 25 
4243898 75 
4244553 72 
4244553 70 
4245050 80 
4245117 83 
4245277 64 
4245505 256 
4245570 61 
4245637 150 
4245637 68 
4245637 65
4245713 92 
4246254 90 
4247168 103 
4247168 101 
4247675 100 
4247675 4
4247675 1567
4247675 11
4249676 25 
4249721 75 
4250374 72 
4250374 70 
4250874 80 
4250928 83 
4251141 64 
4251276 256 
4251341 61 
4251408 150 
4251408 68 
4251408 65
4251491 92 
4252032 90 
4252938 103 
4252938 101 
4253448 100 
4253448 4
4253448 1567
4253448 10
4255447 25 
4255492 75 
4256147 72 
4256147 70 
4256645 80 
4256699 83 
4258844 64 
4258966 256 
4259031 61 
4259098 151 
4259098 69 
4259175 93 
4259580 91 
4260461 91 
4260629 103 
4260629 101 
4261537 100 
4261537 4
4261537 1567
4261537 10
4263538 25 
4268132 75 
4268783 72 
4268783 70 
4269280 80 
4269347 83 
4270254 64 
4270375 256 
4278290 61 
4278356 151 
4278356 69 
4278436 93 
4279889 103 
4279889 101 
4280795 100 
4280795 4
4280795 1567
4280795 11
4282795 25 
4292834 254 
4305268 75 
4305387 73 
4305956 72 
4305956 70 
4306451 80 
4306505 83 
4306931 64 
4307173 61 
4307238 150 
4307238 68 
4307238 65
4307316 92 
4307728 90 
4308771 103 
4308771 101 
4309277 100 
4309277 4
4309277 1567
4309277 11
4311277 25 
4311321 75 
4311974 72 
4311974 70 
4312475 80 
4312542 83 
4312609 64 
4312730 256 
4312849 61 
4312915 150 
4312915 68 
4312915 65
4312995 92 
4313566 90 
4314447 103 
4314447 101 
4314955 100 
4314955 4
4314955 1567
4314955 10
4316955 25 
4317000 75 
4317653 72 
4317653 70 
4318153 80 
4318206 83 
4318659 64 
4318899 62 
4318966 152 
4318966 69 
4319044 93 
4319539 91 
4319641 91 
4319981 91 
4320501 103 
4320501 101 
4321406 100 
4321406 4
4321406 1567
4321406 10
4323405 25 
4324928 75 
4325581 72 
4325581 70 
4325910 250 
4326136 71 
4326350 80 
4326416 83 
4326923 64 
4327149 62 
4327216 150 
4327216 68 
4327216 65
4327294 92 
4327556 90 
4328129 90 
4328605 90 
4328749 103 
4328749 101 
4329255 100 
4329255 4
4329255 1567
4329255 11
4331255 25 
4331300 75 
4331955 72 
4331955 70 
4332454 80 
4332520 83 
4332747 64 
4342076 252 
4352460 256 
4364387 61 
4364454 150 
4364454 68 
4364454 65
4364922 90 
4364944 92 
4365700 90 
4365983 103 
4365983 101 
4366494 100 
4366494 4
4366494 1567
4366494 11
4368494 25 
4368538 75 
4369190 72 
4369190 70 
4369691 80 
4369758 83 
4370091 76 
4370158 64 
4370358 61 
4370424 150 
4370424 68 
4370424 65
4370502 92 
4370916 90 
4371834 90 
4371954 103 
4371954 101 
4372463 100 
4372463 4
4372463 1567
4372463 10
4374463 25 
4374510 75 
4375163 72 
4375163 70 
4375662 80 
4375716 83 
4376142 64 
4376435 63 
4376502 151 
4376502 69 
4376574 93 
4378034 103 
4378034 101 
4378941 100 
4378941 4
4378941 1567
4378941 11
4380941 25 
4382410 75 
4383064 72 
4383064 70 
4383672 250 
4402291 71 
4402611 80 
4402664 83 
4408315 76 
4416805 76 
4416912 252 
4417100 256 
4417538 61 
4417605 150 
4417605 68 
4417605 65
4417681 92 
4417921 90 
4418059 90 
4419136 103 
4419136 101 
4419644 100 
4419644 4
4419644 1567
4419644 10
4421644 25 
4421689 75 
4422340 72 
4422340 70 
4422829 80 
4422883 83 
4423256 64 
4423497 62 
4423562 150 
4423562 68 
4423562 65
4423643 92 
4424900 90 
4425092 103 
4425092 101 
4425602 100 
4425602 4
4425602 1567
4425602 11
4427602 25 
4427646 75 
4428299 72 
4428299 70 
4428800 80 
4428853 83 
4428960 64 
4436184 61 
4436250 150 
4436250 68 
4436250 65
4436327 92 
4436753 90 
4437171 90 
4437783 103 
4437783 101 
4438289 100 
4438289 4
4438289 1567
4438289 11
4440289 25 
4441119 75 
4441292 73 
4441954 73 
4442506 72 
4442506 70 
4443087 80 
4443207 83 
4443634 64 
4443822 61 
4443887 150 
4443887 68 
4443887 65
4443962 92 
4444367 90 
4445422 103 
4445422 101 
4445926 100 
4445926 4
4445926 1567
4445926 11
4447926 25 
4447971 75 
4448621 72 
4448621 70 
4449245 80 
4449365 250 
4449539 76 
4450018 76 
4450071 83 
4450244 64 
4450512 256 
4450631 62 
4451710 151 
4451710 69 
4452214 91 
4452234 93 
4452666 91 
4453244 103 
4453244 101 
4454150 100 
4454150 4
4454150 1567
4454150 10
4456149 25 
4456199 75 
4456853 72 
4456853 70 
4457535 80 
4457588 83 
4457961 64 
4458243 256 
4458947 255 
4467077 252 
4495107 62 
4495173 150 
4495173 68 
4495173 65
4495248 92 
4496703 103 
4496703 101 
4497212 100 
4497212 4
4497212 1567
4497212 10
4499212 25 
4499260 75 
4499916 72 
4499916 70 
4500410 80 
4500477 83 
4505115 64 
4505303 61 
4505368 151 
4505368 69 
4505441 93 
4506093 91 
4506902 103 
4506902 101 
4507806 100 
4507806 4
4507806 1567
4507806 11
4509807 25 
4509916 75 
4510567 72 
4510567 70 
4511059 80 
4511112 83 
4511805 64 
4511980 256 
4512045 61 
4512112 150 
4512112 68 
4512112 65
4512189 92 
4512587 90 
4513642 103 
4513642 101 
4514155 100 
4514155 4
4514155 1567
4514155 10
4516152 25 
4516197 75 
4516851 72 
4516851 70 
4517350 80 
4517416 83 
4517629 64 
4517804 256 
4517869 61 
4517936 151 
4517936 69 
4518012 93 
4519017 91 
4519470 103 
4519470 101 
4520376 100 
4520376 4
4520376 1567
4520376 10
4522376 25 
4522423 75 
4523074 72 
4523074 70 
4523574 80 
4523640 83 
4525346 64 
4525588 61 
4525653 153 
4525653 68 
4525653 65
4525727 92 
4526167 90 
4527123 90 
4527185 103 
4527185 101 
4527693 100 
4527693 4
4527693 1567
4527693 11
4529692 25 
4529737 75 
4530387 72 
4530387 70 
4530891 80 
4530944 83 
4531157 64 
4531385 256 
4531450 61 
4531517 150 
4531517 68 
4531517 65
4531596 92 
4533049 103 
4533049 101 
4533555 100 
4533555 4
4533555 1567
4533555 11
4535556 25 
4535601 75 
4536255 72 
4536255 70 
4536755 80 
4536808 83 
4537088 64 
4537276 61 
4537341 150 
4537341 68 
4537341 65
4537418 92 
4538041 90 
4538556 90 
4538874 103 
4538874 101 
4539381 100 
4539381 4
4539381 1567
4539381 10
4541380 25 
4541429 75 
4541563 73 
4542173 72 
4542173 70 
4542672 80 
4542739 83 
4549363 64 
4549603 61 
4549669 151 
4549669 69 
4549745 93 
4550727 91 
4551201 103 
4551201 101 
4552109 100 
4552109 4
4552109 1567
4552109 11
4554110 25 
4555701 75 
4555795 73 
4556448 72 
4556448 70 
4556946 80 
4557013 83 
4584855 252 
4584976 256 
4588680 61 
4588746 150 
4588746 68 
4588746 65
4588824 92 
4589323 90 
4589906 90 
4590278 103 
4590278 101 
4590785 100 
4590785 4
4590785 1567
4590785 10
4592786 25 
4592831 75 
4593484 72 
4593484 70 
4593984 80 
4594037 83 
4612803 76 
4613869 76 
4613923 252 
4614045 256 
4631342 61 
4631408 151 
4631408 69 
4631486 93 
4631992 91 
4632402 91 
4632943 103 
4632943 101 
4633847 100 
4633847 4
4633847 1567
4633847 10
4635848 25 
4635892 75 
4636547 72 
4636547 70 
4637046 80 
4637099 83 
4645483 64 
4645604 256 
4646655 252 
4672326 62 
4672391 150 
4672391 68 
4672391 65
4672471 92 
4672722 90 
4673185 90 
4673747 90 
4673924 103 
4673924 101 
4673963 102 
