0 100 
0 1
0 1501
0 10
1995 25 
2150 75 
2988 73 
3311 72 
3311 70 
4412 80 
4612 83 
5225 64 
5638 62 
5852 151 
5852 69 
5915 93 
7385 103 
7385 101 
8190 100 
8190 1
8190 1501
8190 11
10191 25 
10275 75 
10679 72 
10679 70 
11476 80 
11596 83 
12342 64 
12611 62 
12742 150 
12742 68 
12742 65
12825 92 
14284 103 
14284 101 
14793 100 
14793 1
14793 1501
14793 11
16795 25 
16868 75 
17271 72 
17271 70 
17900 80 
18033 83 
18273 64 
18409 62 
18540 150 
18540 68 
18540 65
18606 92 
20074 103 
20074 101 
20578 100 
20578 1
20578 1501
20578 11
22579 25 
22669 75 
23074 72 
23074 70 
23673 80 
23791 83 
25830 64 
26085 62 
26217 152 
26217 69 
26280 93 
26784 91 
27746 103 
27746 101 
28555 100 
28555 1
28555 1501
28555 10
30557 25 
30635 75 
31036 72 
31036 70 
31654 80 
31788 83 
31908 64 
32789 61 
32920 150 
32920 68 
32920 65
32985 92 
34449 103 
34449 101 
34961 100 
34961 1
34961 1501
34961 10
36961 25 
37032 75 
37439 72 
37439 70 
38065 80 
38198 83 
38451 64 
38720 61 
38865 150 
38865 68 
38865 65
38930 92 
40392 103 
40392 101 
40904 100 
40904 1
40904 1501
40904 11
42905 25 
42995 75 
43397 72 
43397 70 
44009 80 
44129 83 
44489 64 
44742 256 
44877 61 
45009 151 
45009 69 
45071 93 
46542 103 
46542 101 
47348 100 
47348 1
47348 1501
47348 11
49348 25 
49431 75 
49838 72 
49838 70 
50433 80 
50566 83 
51659 64 
52046 63 
52179 151 
52179 69 
52243 93 
53709 103 
53709 101 
54520 100 
54520 1
54520 1501
54520 10
56518 25 
56597 75 
57001 72 
57001 70 
57617 80 
57750 83 
58350 64 
58725 61 
58869 150 
58869 68 
58869 65
58935 92 
60397 103 
60397 101 
60909 100 
60909 1
60909 1501
60909 10
62910 25 
62995 75 
63399 72 
63399 70 
64027 80 
64281 250 
65653 76 
65787 83 
65920 64 
66162 62 
66293 150 
66293 68 
66293 65
66374 92 
67836 103 
67836 101 
68345 100 
68345 1
68345 1501
68345 11
70347 25 
70431 75 
70832 72 
70832 70 
71451 80 
71571 83 
84086 252 
84487 61 
84632 151 
84632 69 
84694 93 
85408 91 
86162 103 
86162 101 
86970 100 
86970 1
86970 1501
86970 11
88972 25 
89050 75 
89458 72 
89458 70 
90083 80 
90216 83 
91896 64 
92284 62 
92415 151 
92415 69 
92479 93 
93946 103 
93946 101 
94756 100 
94756 1
94756 1501
94756 11
96753 25 
97873 75 
98096 73 
98501 72 
98501 70 
99119 80 
99253 83 
101092 64 
101720 62 
101851 150 
101851 68 
101851 65
101917 92 
103380 103 
103380 101 
103889 100 
103889 1
103889 1501
103889 11
105889 25 
105983 75 
106392 72 
106392 70 
106996 80 
107116 83 
107369 64 
107491 62 
107622 150 
107622 68 
107622 65
107690 92 
109151 103 
109151 101 
109661 100 
109661 1
109661 1501
109661 10
111662 25 
111736 75 
112137 72 
112137 70 
113047 80 
113247 83 
113460 64 
113675 62 
113886 150 
113886 68 
113886 65
113950 92 
115417 103 
115417 101 
115927 100 
115927 1
115927 1501
115927 10
117925 25 
118011 75 
118417 72 
118417 70 
119257 80 
119457 250 
122496 76 
122709 83 
122909 64 
123125 256 
123323 61 
123536 150 
123536 68 
123536 65
123600 92 
124060 90 
125068 103 
125068 101 
125575 100 
125575 1
125575 1501
125575 10
127576 25 
127655 75 
128063 72 
128063 70 
128894 80 
129107 250 
129960 76 
130906 76 
131119 83 
131252 64 
131454 62 
131666 150 
131666 68 
131666 65
131735 92 
133200 103 
133200 101 
133716 100 
133716 1
133716 1501
133716 10
135718 25 
135809 75 
136212 72 
136212 70 
136957 80 
137077 83 
137437 64 
137572 62 
137703 150 
137703 68 
137703 65
137780 92 
139243 103 
139243 101 
139757 100 
139757 1
139757 1501
139757 10
141757 25 
141847 75 
142252 72 
142252 70 
142874 80 
143008 83 
143127 64 
143396 62 
143527 150 
143527 68 
143527 65
143610 92 
145076 103 
145076 101 
145592 100 
145592 1
145592 1501
145592 11
147593 25 
147684 75 
148087 72 
148087 70 
148712 80 
148832 83 
149551 64 
150060 62 
150191 152 
150191 69 
150260 93 
151724 103 
151724 101 
152531 100 
152531 1
152531 1501
152531 10
154530 25 
154610 75 
155013 72 
155013 70 
155616 80 
155735 83 
156815 64 
157084 61 
157215 150 
157215 68 
157215 65
157279 92 
158089 90 
158748 103 
158748 101 
159254 100 
159254 1
159254 1501
159254 10
161255 25 
161327 75 
161730 72 
161730 70 
162346 80 
162466 83 
162706 64 
162842 62 
162972 150 
162972 68 
162972 65
163050 92 
164516 103 
164516 101 
165023 100 
165023 1
165023 1501
165023 10
167024 25 
167116 75 
167517 72 
167517 70 
168144 80 
168264 83 
172209 64 
172477 62 
172608 150 
172608 68 
172608 65
172690 92 
174150 103 
174150 101 
174665 100 
174665 1
174665 1501
174665 11
176664 25 
176747 75 
177154 72 
177154 70 
177753 80 
177873 83 
178233 64 
178368 62 
178499 150 
178499 68 
178499 65
178569 92 
180031 103 
180031 101 
180538 100 
180538 1
180538 1501
180538 11
182540 25 
182624 75 
183031 72 
183031 70 
183644 80 
183764 83 
183884 64 
184153 62 
184284 150 
184284 68 
184284 65
184355 92 
185816 103 
185816 101 
186321 100 
186321 1
186321 1501
186321 11
188322 25 
188409 75 
188810 72 
188810 70 
189428 80 
189548 83 
189788 64 
189923 62 
190041 150 
190041 68 
190041 65
190109 92 
191576 103 
191576 101 
192093 100 
192093 1
192093 1501
192093 11
194093 25 
194184 75 
194586 72 
194586 70 
195212 80 
195347 83 
195466 64 
195601 62 
195732 152 
195732 69 
195795 93 
197263 103 
197263 101 
198070 100 
198070 4
198070 1501
198070 11
198070 78 
200071 25 
200155 75 
200557 72 
200557 70 
201156 80 
201276 83 
201636 64 
202251 61 
202383 150 
202383 68 
202383 65
202441 92 
203074 90 
203909 103 
203909 101 
204422 100 
204422 4
204422 1501
204422 10
206422 25 
206499 75 
206900 72 
206900 70 
207514 80 
207634 83 
207887 64 
208129 62 
208260 151 
208260 69 
208339 93 
209125 91 
209804 103 
209804 101 
210613 100 
210613 4
210613 1501
210613 10
212614 25 
212694 75 
213096 72 
213096 70 
213711 80 
213831 83 
217390 64 
217658 61 
217789 151 
217789 69 
217856 93 
218437 91 
219324 103 
219324 101 
220129 100 
220129 4
220129 1501
220129 11
222128 25 
223606 75 
224010 72 
224010 70 
224627 80 
224986 250 
225746 76 
226866 76 
227985 76 
228118 83 
228252 64 
228520 62 
228652 151 
228652 69 
228735 93 
230198 103 
230198 101 
231004 100 
231004 4
231004 1501
231004 11
233005 25 
233085 75 
233488 72 
233488 70 
234103 80 
234223 83 
235449 64 
235582 62 
235717 151 
235717 69 
235795 93 
237068 91 
237261 103 
237261 101 
238081 100 
238081 4
238081 1501
238081 11
240080 25 
240166 75 
240572 72 
240572 70 
241486 80 
241686 83 
243192 64 
243620 62 
243752 151 
243752 69 
243818 93 
244714 91 
245284 103 
245284 101 
246092 100 
246092 4
246092 1501
246092 11
248091 25 
248175 75 
248581 72 
248581 70 
249403 80 
249603 83 
250736 64 
251791 62 
252002 150 
252002 68 
252002 65
252080 92 
253548 103 
253548 101 
254054 100 
254054 4
254054 1501
254054 10
256056 25 
256144 75 
256549 72 
256549 70 
257373 80 
257573 83 
258199 64 
259652 62 
259867 151 
259867 69 
259949 93 
261407 103 
261407 101 
262217 100 
262217 4
262217 1501
262217 10
264217 25 
264297 75 
264703 72 
264703 70 
265516 80 
265636 83 
266249 64 
266678 62 
266889 151 
266889 69 
266965 93 
268430 103 
268430 101 
269242 100 
269242 4
269242 1501
269242 11
271242 25 
271320 75 
271727 72 
271727 70 
272580 80 
272780 83 
276138 64 
276607 62 
276738 153 
276738 68 
276738 65
276810 92 
278265 103 
278265 101 
278777 100 
278777 4
278777 1501
278777 10
280777 25 
280940 75 
281346 72 
281346 70 
281949 80 
282069 83 
282562 64 
282818 62 
282949 151 
282949 69 
283025 93 
284494 103 
284494 101 
285300 100 
285300 4
285300 1501
285300 10
287301 25 
287384 75 
287793 72 
287793 70 
288413 80 
288546 83 
291052 64 
291201 62 
291319 150 
291319 68 
291319 65
291382 92 
292848 103 
292848 101 
293356 100 
293356 4
293356 1501
293356 10
295358 25 
295438 75 
295785 73 
296085 72 
296085 70 
296703 80 
296836 83 
297076 64 
297344 62 
297476 150 
297476 68 
297476 65
297547 92 
299007 103 
299007 101 
299515 100 
299515 4
299515 1501
299515 10
301517 25 
301605 75 
302008 72 
302008 70 
302634 80 
302767 250 
303420 76 
303553 83 
303913 64 
304049 62 
304180 150 
304180 68 
304180 65
304263 92 
305723 103 
305723 101 
306231 100 
306231 4
306231 1501
306231 11
308233 25 
308323 75 
308729 72 
308729 70 
309338 80 
309471 83 
310444 64 
310699 62 
310830 151 
310830 69 
310901 93 
312364 103 
312364 101 
313169 100 
313169 4
313169 1501
313169 10
315169 25 
315248 75 
315654 72 
315654 70 
316268 80 
316401 83 
316535 64 
316804 62 
316961 150 
316961 68 
316961 65
317044 92 
318503 103 
318503 101 
319014 100 
319014 4
319014 1501
319014 10
321013 25 
321104 75 
321510 72 
321510 70 
322132 80 
322266 83 
322399 64 
322667 62 
322799 150 
322799 68 
322799 65
322878 92 
324341 103 
324341 101 
324852 100 
324852 4
324852 1501
324852 10
326851 25 
326942 75 
327343 72 
327343 70 
327957 80 
328077 83 
328210 64 
328483 62 
328610 150 
328610 68 
328610 65
328680 92 
330140 103 
330140 101 
330649 100 
330649 4
330649 1501
330649 11
332649 25 
332739 75 
333143 72 
333143 70 
333754 80 
333887 83 
334611 64 
334740 62 
334878 150 
334878 68 
334878 65
334952 92 
336420 103 
336420 101 
336925 100 
336925 4
336925 1501
336925 11
338926 25 
338998 75 
339405 72 
339405 70 
339992 80 
340125 83 
340258 64 
340527 61 
340658 150 
340658 68 
340658 65
340725 92 
342191 103 
342191 101 
342698 100 
342698 4
342698 1501
342698 11
344696 25 
344855 75 
345260 72 
345260 70 
345869 80 
346002 83 
346122 64 
346377 256 
346495 61 
346629 152 
346629 69 
346691 93 
348159 103 
348159 101 
348966 100 
348966 4
348966 1501
348966 10
350967 25 
351046 75 
351453 72 
351453 70 
352066 80 
352186 83 
353493 64 
353628 62 
353759 150 
353759 68 
353759 65
353829 92 
355082 90 
355293 103 
355293 101 
355797 100 
355797 4
355797 1501
355797 11
357797 25 
357871 75 
358278 72 
358278 70 
358890 80 
359024 83 
359277 64 
359532 61 
359663 150 
359663 68 
359663 65
359731 92 
360850 90 
361198 103 
361198 101 
361717 100 
361717 4
361717 1501
361717 11
363715 25 
364022 75 
364428 72 
364428 70 
365048 80 
365168 83 
365288 64 
365542 256 
365674 61 
365807 150 
365807 68 
365807 65
365887 92 
367353 103 
367353 101 
367858 100 
367858 4
367858 1501
367858 11
369859 25 
369934 75 
370336 72 
370336 70 
370952 80 
371072 83 
371192 64 
371327 62 
371458 150 
371458 68 
371458 65
371535 92 
373000 103 
373000 101 
373510 100 
373510 4
373510 1501
373510 10
375511 25 
375596 75 
376007 72 
376007 70 
376936 80 
377136 83 
377336 64 
377564 62 
377683 150 
377683 68 
377683 65
377752 92 
379213 103 
379213 101 
379722 100 
379722 4
379722 1501
379722 11
381722 25 
381812 75 
382214 72 
382214 70 
383057 80 
383267 83 
383469 64 
383682 61 
383813 150 
383813 68 
383813 65
383877 92 
385345 103 
385345 101 
385851 100 
385851 4
385851 1501
385851 11
387852 25 
387943 75 
388347 72 
388347 70 
389158 80 
389357 83 
389557 64 
389773 62 
389984 152 
389984 69 
390060 93 
391370 91 
391528 103 
391528 101 
392337 100 
392337 4
392337 1501
392337 10
394337 25 
394420 75 
394825 72 
394825 70 
395662 80 
395875 250 
396821 76 
397701 76 
398860 76 
399073 83 
399273 64 
399622 62 
399833 150 
399833 68 
399833 65
399901 92 
400853 90 
401362 103 
401362 101 
401873 100 
401873 5
401873 1501
401873 10
401873 78 
403873 25 
403963 75 
404370 72 
404370 70 
405204 80 
405404 83 
405617 64 
405833 62 
406044 151 
406044 69 
406111 93 
407166 91 
407477 91 
407579 103 
407579 101 
408397 100 
408397 5
408397 1501
408397 11
410397 25 
410476 75 
410877 72 
410877 70 
411721 80 
411921 83 
412454 64 
412668 62 
412803 151 
412803 69 
412883 93 
413707 91 
414346 103 
414346 101 
415153 100 
415153 5
415153 1501
415153 10
417154 25 
417237 75 
417641 72 
417641 70 
418465 80 
418665 250 
419425 76 
420251 76 
420451 83 
420664 64 
420800 62 
421011 151 
421011 69 
421079 93 
421676 91 
422545 103 
422545 101 
423351 100 
423351 5
423351 1501
423351 10
425350 25 
425429 75 
425832 72 
425832 70 
426649 80 
426862 250 
428554 76 
428768 83 
428981 64 
429196 62 
429407 151 
429407 69 
429470 93 
430259 91 
430632 91 
430940 103 
430940 101 
431746 100 
431746 5
431746 1501
431746 11
433746 25 
433844 75 
434007 73 
434331 72 
434331 70 
435165 80 
435365 83 
435578 64 
435727 62 
435858 151 
435858 69 
435934 93 
436521 91 
437369 91 
437401 103 
437401 101 
438211 100 
438211 5
438211 1501
438211 10
440210 25 
440295 75 
440700 72 
440700 70 
441322 80 
441442 83 
441802 64 
441937 62 
442069 151 
442069 69 
442138 93 
443003 91 
443166 91 
443603 103 
443603 101 
444406 100 
444406 5
444406 1501
444406 11
446407 25 
446492 75 
446899 72 
446899 70 
447493 80 
447613 83 
447973 64 
448359 63 
448493 151 
448493 69 
448563 93 
450025 103 
450025 101 
450831 100 
450831 5
450831 1501
450831 10
452832 25 
452911 75 
453316 72 
453316 70 
454637 250 
455237 71 
455596 80 
455716 83 
455956 64 
456212 62 
456343 151 
456343 69 
456424 93 
457885 103 
457885 101 
458694 100 
458694 5
458694 1501
458694 11
460696 25 
460774 75 
461177 72 
461177 70 
461794 80 
461927 83 
463140 64 
463515 62 
463646 153 
463646 68 
463646 65
463726 92 
465191 103 
465191 101 
465699 100 
465699 5
465699 1501
465699 10
467698 25 
467789 75 
468195 72 
468195 70 
468817 80 
468951 83 
470164 64 
471152 62 
471283 151 
471283 69 
471346 93 
472817 103 
472817 101 
473622 100 
473622 5
473622 1501
473622 10
475622 25 
475706 75 
476109 72 
476109 70 
476707 80 
476827 83 
478640 76 
479480 64 
480095 256 
480213 61 
480346 151 
480346 69 
480411 93 
480907 91 
481876 103 
481876 101 
482683 100 
482683 5
482683 1501
482683 10
484685 25 
485065 75 
485466 72 
485466 70 
486077 80 
486197 83 
488769 64 
490488 63 
490623 150 
490623 68 
490623 65
490686 92 
492149 103 
492149 101 
492661 100 
492661 5
492661 1501
492661 11
494661 25 
494752 75 
494982 73 
495284 72 
495284 70 
495913 80 
496033 83 
497605 64 
497861 62 
497992 151 
497992 69 
498069 93 
498957 91 
499534 103 
499534 101 
500349 100 
500349 5
500349 1501
500349 11
502347 25 
502428 75 
502830 72 
502830 70 
503443 80 
503576 83 
504896 64 
505164 63 
505295 151 
505295 69 
505365 93 
506825 103 
506825 101 
507634 100 
507634 5
507634 1501
507634 11
509634 25 
511420 75 
511524 73 
511855 72 
511855 70 
512479 80 
512599 83 
517744 64 
518359 256 
518490 61 
518623 151 
518623 69 
518702 93 
519877 91 
520167 103 
520167 101 
520979 100 
520979 5
520979 1501
520979 11
522979 25 
523055 75 
523460 72 
523460 70 
524074 80 
524194 83 
524927 64 
526169 62 
526300 152 
526300 69 
526363 93 
527020 91 
527836 103 
527836 101 
528651 100 
528651 5
528651 1501
528651 11
530652 25 
530736 75 
531141 72 
531141 70 
531764 80 
531884 83 
532844 64 
533619 63 
533750 151 
533750 69 
533826 93 
534605 91 
535298 103 
535298 101 
536106 100 
536106 5
536106 1501
536106 10
538104 25 
538189 75 
538596 72 
538596 70 
539495 80 
539694 83 
539894 64 
540109 62 
540321 151 
540321 69 
540383 93 
541850 103 
541850 101 
542660 100 
542660 5
542660 1501
542660 10
544660 25 
544756 75 
545162 72 
545162 70 
545998 80 
546198 83 
546731 64 
547466 256 
547664 61 
547878 151 
547878 69 
547939 93 
549206 91 
549408 103 
549408 101 
550223 100 
550223 5
550223 1501
550223 10
552220 25 
552741 75 
553146 72 
553146 70 
553968 80 
554182 83 
556101 64 
556330 62 
556461 150 
556461 68 
556461 65
556538 92 
558006 103 
558006 101 
558515 100 
558515 5
558515 1501
558515 10
560512 25 
560599 75 
561002 72 
561002 70 
561818 80 
562018 83 
562618 64 
562820 62 
563031 150 
563031 68 
563031 65
563113 92 
564576 103 
564576 101 
565082 100 
565082 5
565082 1501
565082 11
567085 25 
567170 75 
567572 72 
567572 70 
568362 80 
568562 83 
570455 64 
571321 61 
571534 151 
571534 69 
571600 93 
572196 91 
572636 91 
573067 91 
573067 103 
573067 101 
573886 100 
573886 5
573886 1501
573886 10
575887 25 
575971 75 
576378 72 
576378 70 
577199 80 
577399 83 
579744 64 
580013 62 
580144 150 
580144 68 
580144 65
580222 92 
581685 103 
581685 101 
582196 100 
582196 5
582196 1501
582196 11
584196 25 
584269 75 
584672 72 
584672 70 
585289 80 
585409 83 
587448 76 
587807 64 
588809 62 
588940 151 
588940 69 
589018 93 
590485 103 
590485 101 
591293 100 
591293 5
591293 1501
591293 11
593294 25 
594282 75 
594687 72 
594687 70 
595311 80 
595444 83 
596524 76 
597617 64 
599218 62 
599349 151 
599349 69 
599426 93 
600898 103 
600898 101 
601713 100 
601713 5
601713 1501
601713 11
603714 25 
603795 75 
604201 72 
604201 70 
604814 80 
604934 83 
606493 64 
607359 62 
607494 151 
607494 69 
607575 93 
609038 103 
609038 101 
609849 100 
609849 5
609849 1501
609849 11
611848 25 
611930 75 
612333 72 
612333 70 
615009 71 
615369 80 
615969 250 
616969 76 
617102 83 
617235 64 
617517 61 
617648 151 
617648 69 
617730 93 
619191 103 
619191 101 
620002 100 
620002 5
620002 1501
620002 10
622001 25 
622080 75 
622486 72 
622486 70 
623099 80 
623219 83 
624179 64 
624434 63 
624565 150 
624565 68 
624565 65
624635 92 
626092 103 
626092 101 
626604 100 
626604 5
626604 1501
626604 11
628606 25 
629048 75 
629460 72 
629460 70 
630083 80 
630216 83 
630829 64 
631325 62 
631456 151 
631456 69 
631527 93 
632984 103 
632984 101 
633793 100 
633793 5
633793 1501
633793 10
635795 25 
636469 75 
636628 73 
636968 72 
636968 70 
637587 80 
637707 83 
639039 64 
639652 61 
639786 151 
639786 69 
639850 93 
641317 103 
641317 101 
642125 100 
642125 5
642125 1501
642125 10
644124 25 
644211 75 
644616 72 
644616 70 
645223 80 
645357 83 
647782 64 
648169 63 
648302 150 
648302 68 
648302 65
648367 92 
649834 103 
649834 101 
650341 100 
650341 5
650341 1501
650341 10
652342 25 
652427 75 
652832 72 
652832 70 
653447 80 
653567 83 
654166 64 
654435 62 
654566 152 
654566 69 
654642 93 
655713 91 
656108 103 
656108 101 
656917 100 
656917 5
656917 1501
656917 11
658919 25 
660395 75 
660796 72 
660796 70 
661417 80 
661537 83 
662629 64 
663151 62 
663283 150 
663283 68 
663283 65
663360 92 
664746 90 
664824 103 
664824 101 
665336 100 
665336 5
665336 1501
665336 10
667334 25 
667408 75 
667810 72 
667810 70 
668427 80 
668547 83 
670346 64 
671212 61 
671348 151 
671348 69 
671423 93 
672312 91 
672895 103 
672895 101 
673711 100 
673711 5
673711 1501
673711 11
675710 25 
675791 75 
676194 72 
676194 70 
676810 80 
676930 83 
677770 64 
678038 62 
678170 150 
678170 68 
678170 65
678236 92 
679703 103 
679703 101 
680208 100 
680208 5
680208 1501
680208 11
682209 25 
682301 75 
682608 73 
682909 72 
682909 70 
683527 80 
683661 83 
683914 64 
684049 62 
684180 150 
684180 68 
684180 65
684251 92 
685713 103 
685713 101 
686220 100 
686220 5
686220 1501
686220 10
688220 25 
688310 75 
688715 72 
688715 70 
689325 80 
689445 83 
689685 64 
689953 63 
690085 150 
690085 68 
690085 65
690147 92 
691611 103 
691611 101 
692123 100 
692123 5
692123 1501
692123 11
694123 25 
694805 75 
695212 72 
695212 70 
695829 80 
695962 83 
696082 64 
696469 62 
696602 152 
696602 69 
696668 93 
697656 91 
697959 91 
698134 103 
698134 101 
698954 100 
698954 5
698954 1501
698954 11
700955 25 
701035 75 
701436 72 
701436 70 
702053 80 
702186 83 
702426 64 
702562 62 
702693 150 
702693 68 
702693 65
702761 92 
704222 103 
704222 101 
704737 100 
704737 5
704737 1501
704737 10
706735 25 
706826 75 
707231 72 
707231 70 
708090 71 
708330 250 
708799 71 
708917 80 
709050 83 
709516 64 
709876 63 
710010 150 
710010 68 
710010 65
710079 92 
711538 103 
711538 101 
712048 100 
712048 5
712048 1501
712048 10
714049 25 
714128 75 
714534 72 
714534 70 
715141 80 
715261 83 
715741 64 
715875 62 
716007 151 
716007 69 
716074 93 
716650 91 
716965 91 
717536 103 
717536 101 
718347 100 
718347 5
718347 1501
718347 10
720347 25 
720425 75 
720831 72 
720831 70 
721445 80 
721565 83 
722764 64 
723379 62 
723511 151 
723511 69 
723582 93 
724223 91 
724751 91 
725040 103 
725040 101 
725849 100 
725849 5
725849 1501
725849 11
727851 25 
727934 75 
728343 72 
728343 70 
728962 80 
729095 83 
730174 64 
730429 62 
730561 150 
730561 68 
730561 65
730633 92 
732092 103 
732092 101 
732600 100 
732600 5
732600 1501
732600 10
734601 25 
734686 75 
735088 72 
735088 70 
735692 80 
735812 83 
736185 64 
736321 62 
736452 150 
736452 68 
736452 65
736522 92 
737986 103 
737986 101 
738506 100 
738506 5
738506 1501
738506 11
740503 25 
740590 75 
740996 72 
740996 70 
741610 80 
741730 83 
741969 64 
742105 62 
742236 152 
742236 69 
742308 93 
742863 91 
743769 103 
743769 101 
744575 100 
744575 5
744575 1501
744575 10
746575 25 
746654 75 
747057 72 
747057 70 
747674 80 
747794 83 
748767 64 
749035 62 
749166 150 
749166 68 
749166 65
749247 92 
750709 103 
750709 101 
751219 100 
751219 5
751219 1501
751219 11
753220 25 
753307 75 
753714 72 
753714 70 
754564 71 
754684 80 
754804 83 
755284 64 
755659 62 
755790 150 
755790 68 
755790 65
755858 92 
757321 103 
757321 101 
757831 100 
757831 5
757831 1501
757831 10
759830 25 
759915 75 
760321 72 
760321 70 
761161 71 
761282 250 
761881 71 
762721 71 
762961 80 
763081 83 
764520 64 
764789 62 
764920 150 
764920 68 
764920 65
764990 92 
766454 103 
766454 101 
766958 100 
766958 5
766958 1501
766958 10
768958 25 
769044 75 
769449 72 
769449 70 
770051 80 
770173 83 
770544 64 
770799 62 
770931 150 
770931 68 
770931 65
771008 92 
772473 103 
772473 101 
772982 100 
772982 5
772982 1501
772982 10
774983 25 
775069 75 
780997 73 
781303 72 
781303 70 
782259 80 
782379 83 
783352 64 
783740 62 
783872 151 
783872 69 
783943 93 
785403 103 
785403 101 
786212 100 
786212 5
786212 1501
786212 11
788210 25 
788291 75 
788697 72 
788697 70 
789310 80 
789443 83 
791362 64 
791498 62 
791629 150 
791629 68 
791629 65
791697 92 
793160 103 
793160 101 
793669 100 
793669 5
793669 1501
793669 11
795668 25 
795753 75 
796159 72 
796159 70 
796773 80 
796906 83 
797986 64 
798372 62 
798506 150 
798506 68 
798506 65
798577 92 
800039 103 
800039 101 
800543 100 
800543 5
800543 1501
800543 11
802545 25 
802635 75 
803039 72 
803039 70 
803637 80 
803757 83 
803997 64 
804132 62 
804263 150 
804263 68 
804263 65
804335 92 
805794 103 
805794 101 
806303 100 
806303 5
806303 1501
806303 10
808306 25 
808393 75 
808797 72 
808797 70 
809408 80 
809528 83 
809768 64 
810036 63 
810168 150 
810168 68 
810168 65
810241 92 
811696 103 
811696 101 
812205 100 
812205 2
812205 1501
812205 11
812205 78 
814206 25 
814298 75 
814703 72 
814703 70 
815565 250 
816165 71 
816778 71 
816911 80 
817031 83 
817644 64 
817900 62 
818031 153 
818031 68 
818031 65
818100 92 
819562 103 
819562 101 
820070 100 
820070 2
820070 1501
820070 11
822069 25 
822550 75 
822954 72 
822954 70 
823562 80 
823682 83 
823935 64 
824070 62 
824202 151 
824202 69 
824282 93 
825744 103 
825744 101 
826553 100 
826553 2
826553 1501
826553 10
828553 25 
828633 75 
829036 72 
829036 70 
829666 80 
829786 83 
830266 64 
830521 62 
831032 151 
831032 69 
831101 93 
831473 91 
832033 91 
832569 103 
832569 101 
833379 100 
833379 2
833379 1501
833379 10
835378 25 
835741 75 
836143 72 
836143 70 
836397 250 
836876 71 
837236 80 
837369 83 
840248 64 
840757 62 
840888 150 
840888 68 
840888 65
840965 92 
842433 103 
842433 101 
842941 100 
842941 2
842941 1501
842941 10
844941 25 
845033 75 
845434 72 
845434 70 
846032 80 
846166 83 
846406 64 
846541 62 
846672 150 
846672 68 
846672 65
846750 92 
848212 103 
848212 101 
848725 100 
848725 2
848725 1501
848725 11
850726 25 
851489 75 
851889 72 
851889 70 
852510 80 
852630 83 
852990 64 
853125 62 
853256 151 
853256 69 
853336 93 
854799 103 
854799 101 
855609 100 
855609 2
855609 1501
855609 10
857609 25 
857693 75 
858101 72 
858101 70 
858720 80 
858841 83 
859680 64 
860067 61 
860213 150 
860213 68 
860213 65
860283 92 
861742 103 
861742 101 
862251 100 
862251 2
862251 1501
862251 11
864251 25 
864343 75 
864748 72 
864748 70 
865371 80 
865491 83 
867304 64 
867439 62 
867570 151 
867570 69 
867640 93 
869102 103 
869102 101 
869909 100 
869909 2
869909 1501
869909 11
871909 25 
871993 75 
872398 72 
872398 70 
873034 80 
873154 83 
873754 64 
874129 61 
874261 151 
874261 69 
874322 93 
875763 91 
875795 103 
875795 101 
876613 100 
876613 2
876613 1501
876613 10
878612 25 
878692 75 
879094 72 
879094 70 
879712 80 
879832 83 
881031 64 
881167 256 
881298 61 
881431 150 
881431 68 
881431 65
881508 92 
882838 90 
882974 103 
882974 101 
883485 100 
883485 2
883485 1501
883485 11
885483 25 
885563 75 
886001 73 
886308 72 
886308 70 
887228 80 
887428 83 
887642 64 
887990 61 
888201 151 
888201 69 
888264 93 
889733 103 
889733 101 
890539 100 
890539 2
890539 1501
890539 10
892539 25 
892620 75 
893026 72 
893026 70 
893839 80 
894039 83 
895932 64 
896149 61 
896371 150 
896371 68 
896371 65
896435 92 
897904 103 
897904 101 
898409 100 
898409 2
898409 1501
898409 10
900415 25 
900501 75 
900907 72 
900907 70 
901742 80 
901942 83 
902622 64 
902758 62 
902889 152 
902889 69 
902971 93 
904433 103 
904433 101 
905240 100 
905240 2
905240 1501
905240 10
907240 25 
907326 75 
907729 72 
907729 70 
908353 80 
908473 83 
909073 64 
909687 62 
909819 151 
909819 69 
909884 93 
910600 91 
910770 91 
911351 103 
911351 101 
912158 100 
912158 2
912158 1501
912158 11
914159 25 
914237 75 
914521 73 
914821 72 
914821 70 
915430 80 
915550 83 
916896 64 
917151 62 
917283 151 
917283 69 
917355 93 
918816 103 
918816 101 
919622 100 
919622 2
919622 1501
919622 11
921626 25 
921707 75 
922114 72 
922114 70 
922747 80 
922880 83 
924453 64 
925193 62 
925319 151 
925319 69 
925383 93 
926848 103 
926848 101 
927659 100 
927659 2
927659 1501
927659 11
929658 25 
929742 75 
930146 72 
930146 70 
930770 80 
930890 83 
932929 64 
933931 62 
934062 151 
934062 69 
934124 93 
935595 103 
935595 101 
936401 100 
936401 2
936401 1501
936401 10
938402 25 
942447 75 
942677 73 
943011 72 
943011 70 
943631 80 
943752 83 
950949 64 
951083 256 
951215 61 
951348 150 
951348 68 
951348 65
951412 92 
952069 90 
952876 103 
952876 101 
953386 100 
953386 2
953386 1501
953386 10
955386 25 
956133 75 
956535 72 
956535 70 
957159 80 
957279 83 
958479 64 
959107 62 
959238 150 
959238 68 
959238 65
959315 92 
960781 103 
960781 101 
961296 100 
961296 2
961296 1501
961296 11
963295 25 
963775 75 
964181 72 
964181 70 
964796 80 
964916 83 
965396 64 
966384 62 
966515 150 
966515 68 
966515 65
966600 92 
968059 103 
968059 101 
968568 100 
968568 2
968568 1501
968568 10
970568 25 
970658 75 
971066 72 
971066 70 
971673 80 
971793 83 
972513 64 
972648 62 
972779 151 
972779 69 
972841 93 
974312 103 
974312 101 
975118 100 
975118 2
975118 1501
975118 11
977122 25 
977202 75 
977604 72 
977604 70 
978217 80 
978337 83 
981322 64 
982190 62 
982322 151 
982322 69 
982386 93 
983857 103 
983857 101 
984675 100 
984675 2
984675 1501
984675 11
986675 25 
986758 75 
987162 72 
987162 70 
987786 80 
987920 83 
989239 64 
990360 61 
990492 151 
990492 69 
990556 93 
991206 91 
991643 91 
992022 103 
992022 101 
992830 100 
992830 2
992830 1501
992830 10
994830 25 
994942 75 
995348 72 
995348 70 
995956 80 
996076 83 
998235 64 
998504 256 
998635 63 
998768 151 
998768 69 
998838 93 
1000300 103 
1000300 101 
1001106 100 
1001106 2
1001106 1501
1001106 10
1003109 25 
1003823 75 
1004226 72 
1004226 70 
1005139 80 
1005339 83 
1007818 64 
1008033 62 
1008244 151 
1008244 69 
1008310 93 
1009478 91 
1009776 103 
1009776 101 
1010583 100 
1010583 2
1010583 1501
1010583 10
1012583 25 
1012662 75 
1013067 72 
1013067 70 
1013909 80 
1014109 83 
1017041 64 
1017256 62 
1017467 150 
1017467 68 
1017467 65
1017548 92 
1019014 103 
1019014 101 
1019521 100 
1019521 2
1019521 1501
1019521 10
1021519 25 
1021786 75 
1022012 73 
1022859 73 
1025340 73 
1029596 73 
1029900 72 
1029900 70 
1030675 80 
1030808 83 
1032008 64 
1032501 61 
1032634 150 
1032634 68 
1032634 65
1032703 92 
1034168 103 
1034168 101 
1034687 100 
1034687 2
1034687 1501
1034687 11
1036687 25 
1037054 75 
1039654 73 
1039969 73 
1040273 72 
1040273 70 
1040871 80 
1041004 83 
1042083 64 
1042459 256 
1042590 63 
1042723 152 
1042723 69 
1042791 93 
1044255 103 
1044255 101 
1045061 100 
1045061 2
1045061 1501
1045061 11
1047062 25 
1048054 75 
1048262 73 
1048564 72 
1048564 70 
1049187 80 
1049307 83 
1052428 64 
1053174 62 
1053305 151 
1053305 69 
1053370 93 
1054307 91 
1054836 103 
1054836 101 
1055643 100 
1055643 2
1055643 1501
1055643 11
1057644 25 
1057729 75 
1058131 72 
1058131 70 
1058730 80 
1058850 83 
1059090 64 
1061424 62 
1061555 151 
1061555 69 
1061637 93 
1062327 91 
1062808 91 
1063099 103 
1063099 101 
1063907 100 
1063907 2
1063907 1501
1063907 11
1065907 25 
1067000 75 
1067401 72 
1067401 70 
1068033 80 
1068166 83 
1069125 76 
1069365 64 
1069740 63 
1069872 150 
1069872 68 
1069872 65
1069956 92 
1071416 103 
1071416 101 
1071924 100 
1071924 2
1071924 1501
1071924 10
1073924 25 
1074015 75 
1079163 73 
1079506 73 
1079813 72 
1079813 70 
1080427 80 
1080547 83 
1081520 64 
1082027 61 
1082173 150 
1082173 68 
1082173 65
1082237 92 
1083703 103 
1083703 101 
1084213 100 
1084213 2
1084213 1501
1084213 10
1086213 25 
1086303 75 
1086706 72 
1086706 70 
1087318 80 
1087451 83 
1087691 64 
1087826 62 
1087958 150 
1087958 68 
1087958 65
1088041 92 
1089504 103 
1089504 101 
1090008 100 
1090008 2
1090008 1501
1090008 11
1092009 25 
1092101 75 
1092506 72 
1092506 70 
1093115 80 
1093236 83 
1093609 64 
1095076 62 
1095208 152 
1095208 69 
1095284 93 
1095883 91 
1096752 103 
1096752 101 
1097560 100 
1097560 2
1097560 1501
1097560 10
1099560 25 
1099647 75 
1100051 72 
1100051 70 
1100672 80 
1100805 83 
1102511 64 
1102631 256 
1102766 61 
1102898 150 
1102898 68 
1102898 65
1102966 92 
1104430 103 
1104430 101 
1104936 100 
1104936 2
1104936 1501
1104936 11
1106936 25 
1107017 75 
1107421 72 
1107421 70 
1109002 71 
1109362 80 
1109482 83 
1111534 64 
1111789 62 
1111921 151 
1111921 69 
1111984 93 
1113261 91 
1113450 103 
1113450 101 
1114259 100 
1114259 2
1114259 1501
1114259 11
1116259 25 
1116339 75 
1116740 72 
1116740 70 
1117359 80 
1117479 83 
1120251 64 
1122785 61 
1122916 151 
1122916 69 
1122984 93 
1123581 91 
1124446 103 
1124446 101 
1125256 100 
1125256 2
1125256 1501
1125256 10
1127255 25 
1127340 75 
1127745 72 
1127745 70 
1128367 80 
1128501 83 
1129354 64 
1129622 62 
1129753 150 
1129753 68 
1129753 65
1129836 92 
1131299 103 
1131299 101 
1131803 100 
1131803 2
1131803 1501
1131803 11
1133808 25 
1134113 75 
1134516 72 
1134516 70 
1135431 80 
1135631 83 
1136950 64 
1137166 62 
1137390 150 
1137390 68 
1137390 65
1137454 92 
1138918 103 
1138918 101 
1139428 100 
1139428 2
1139428 1501
1139428 10
1141431 25 
1141516 75 
1141920 72 
1141920 70 
1142721 80 
1142921 83 
1143508 64 
1144776 62 
1144987 150 
1144987 68 
1144987 65
1145069 92 
1146529 103 
1146529 101 
1147039 100 
1147039 2
1147039 1501
1147039 11
1149041 25 
1149619 75 
1150026 72 
1150026 70 
1150865 80 
1151064 83 
1153357 64 
1153506 62 
1153637 150 
1153637 68 
1153637 65
1153719 92 
1155178 103 
1155178 101 
1155688 100 
1155688 2
1155688 1501
1155688 11
1157690 25 
1157782 75 
1163401 73 
1163702 72 
1163702 70 
1164325 80 
1164445 83 
1165778 64 
1166392 63 
1166525 150 
1166525 68 
1166525 65
1166594 92 
1168057 103 
1168057 101 
1168564 100 
1168564 2
1168564 1501
1168564 10
1170568 25 
1170655 75 
1171061 72 
1171061 70 
1171696 80 
1171829 83 
1173282 76 
1173402 64 
1174043 61 
1174175 152 
1174175 69 
1174245 93 
1175670 91 
1175709 103 
1175709 101 
1176526 100 
1176526 2
1176526 1501
1176526 11
1178527 25 
1178614 75 
1179021 72 
1179021 70 
1179639 80 
1179772 83 
1181665 76 
1181785 64 
1182413 62 
1182545 150 
1182545 68 
1182545 65
1182622 92 
1184089 103 
1184089 101 
1184598 100 
1184598 2
1184598 1501
1184598 10
1186598 25 
1186688 75 
1187093 72 
1187093 70 
1187702 80 
1187822 83 
1188889 64 
1189144 62 
1189277 150 
1189277 68 
1189277 65
1189354 92 
1190116 90 
1190820 103 
1190820 101 
1191328 100 
1191328 2
1191328 1501
1191328 10
1193328 25 
1193828 75 
1194231 72 
1194231 70 
1194846 80 
1194966 83 
1196046 64 
1196434 63 
1196565 151 
1196565 69 
1196631 93 
1198098 103 
1198098 101 
1198903 100 
1198903 2
1198903 1501
1198903 11
1200905 25 
1200983 75 
1201386 72 
1201386 70 
1201990 80 
1202110 83 
1204495 64 
1205004 62 
1205135 151 
1205135 69 
1205207 93 
1206669 103 
1206669 101 
1207475 100 
1207475 2
1207475 1501
1207475 11
1209474 25 
1209558 75 
1209960 72 
1209960 70 
1210573 80 
1210693 83 
1214265 64 
1214653 63 
1214798 150 
1214798 68 
1214798 65
1214871 92 
1216325 103 
1216325 101 
1216837 100 
1216837 2
1216837 1501
1216837 10
1218838 25 
1218925 75 
1219326 72 
1219326 70 
1219942 80 
1220062 83 
1220542 64 
1220917 62 
1221048 150 
1221048 68 
1221048 65
1221126 92 
1222589 103 
1222589 101 
1223102 100 
1223102 2
1223102 1501
1223102 10
1225100 25 
1225769 75 
1226175 72 
1226175 70 
1226794 80 
1226913 83 
1227619 64 
1227888 62 
1228019 150 
1228019 68 
1228019 65
1228097 92 
1229562 103 
1229562 101 
1230070 100 
1230070 2
1230070 1501
1230070 10
1232071 25 
1232145 75 
1232550 72 
1232550 70 
1233377 71 
1233496 250 
1234083 71 
1234443 80 
1234563 83 
1235029 64 
1235165 62 
1235296 150 
1235296 68 
1235296 65
1235378 92 
1236839 103 
1236839 101 
1237349 100 
1237349 2
1237349 1501
1237349 10
1239351 25 
1239682 75 
1240083 72 
1240083 70 
1240693 80 
1240813 83 
1241067 64 
1241202 256 
1241333 61 
1241467 150 
1241467 68 
1241467 65
1241545 92 
1243010 103 
1243010 101 
1243517 100 
1243517 2
1243517 1501
1243517 10
1245519 25 
1245604 75 
1246005 72 
1246005 70 
1246744 71 
1246864 250 
1247464 71 
1247704 80 
1247824 83 
1248197 64 
1248333 62 
1248465 150 
1248465 68 
1248465 65
1248541 92 
1250009 103 
1250009 101 
1250515 100 
1250515 2
1250515 1501
1250515 11
1252516 25 
1253055 75 
1253466 72 
1253466 70 
1254408 80 
1254608 83 
1255008 64 
1256156 63 
1256367 150 
1256367 68 
1256367 65
1256436 92 
1257898 103 
1257898 101 
1258405 100 
1258405 2
1258405 1501
1258405 11
1260405 25 
1260867 75 
1261273 72 
1261273 70 
1262724 71 
1262844 80 
1262964 83 
1263910 64 
1264045 62 
1264177 150 
1264177 68 
1264177 65
1264255 92 
1265720 103 
1265720 101 
1266228 100 
1266228 2
1266228 1501
1266228 11
1268230 25 
1268320 75 
1268732 72 
1268732 70 
1269322 80 
1269455 83 
1270054 64 
1270430 62 
1270561 152 
1270561 69 
1270642 93 
1272107 103 
1272107 101 
1272915 100 
1272915 3
1272915 1501
1272915 11
1272915 78 
1274914 25 
1274997 75 
1275398 72 
1275398 70 
1275999 80 
1276119 83 
1277918 64 
1278278 63 
1278411 150 
1278411 68 
1278411 65
1278479 92 
1279942 103 
1279942 101 
1280450 100 
1280450 3
1280450 1501
1280450 10
1282449 25 
1282522 75 
1282923 72 
1282923 70 
1283502 80 
1283622 83 
1283982 64 
1284239 62 
1284368 151 
1284368 69 
1284444 93 
1285049 91 
1285593 91 
1285774 91 
1285916 103 
1285916 101 
1286735 100 
1286735 3
1286735 1501
1286735 11
1288738 25 
1288817 75 
1289222 72 
1289222 70 
1289833 80 
1289966 83 
1290899 64 
1291034 62 
1291166 150 
1291166 68 
1291166 65
1291234 92 
1292694 103 
1292694 101 
1293206 100 
1293206 3
1293206 1501
1293206 10
1295206 25 
1295295 75 
1295698 72 
1295698 70 
1296310 80 
1296430 83 
1296683 64 
1296819 62 
1296950 151 
1296950 69 
1297019 93 
1298480 103 
1298480 101 
1299290 100 
1299290 3
1299290 1501
1299290 11
1301289 25 
1301374 75 
1301779 72 
1301779 70 
1302388 80 
1302507 83 
1303680 76 
1303800 64 
1303936 62 
1304067 150 
1304067 68 
1304067 65
1304149 92 
1305608 103 
1305608 101 
1306118 100 
1306118 3
1306118 1501
1306118 10
1308119 25 
1308205 75 
1308613 72 
1308613 70 
1309211 80 
1309331 83 
1309571 64 
1309708 62 
1309838 151 
1309838 69 
1309918 93 
1311014 91 
1311352 91 
1311385 103 
1311385 101 
1312203 100 
1312203 3
1312203 1501
1312203 10
1314203 25 
1314283 75 
1314690 72 
1314690 70 
1315289 80 
1315409 83 
1316115 64 
1316370 256 
1316488 63 
1316622 151 
1316622 69 
1316685 93 
1317390 91 
1318154 103 
1318154 101 
1318962 100 
1318962 3
1318962 1501
1318962 11
1320960 25 
1324433 75 
1324836 72 
1324836 70 
1329603 71 
1329723 80 
1329843 83 
1331176 64 
1331789 61 
1331922 151 
1331922 69 
1331987 93 
1332808 91 
1333454 103 
1333454 101 
1334261 100 
1334261 3
1334261 1501
1334261 10
1336262 25 
1336342 75 
1336746 72 
1336746 70 
1337373 80 
1337493 83 
1339399 64 
1340478 63 
1340612 151 
1340612 69 
1340674 93 
1342147 103 
1342147 101 
1342964 100 
1342964 3
1342964 1501
1342964 11
1344963 25 
1345484 75 
1345887 72 
1345887 70 
1346503 80 
1346636 83 
1348795 64 
1349037 62 
1349168 152 
1349168 69 
1349243 93 
1350715 103 
1350715 101 
1351532 100 
1351532 3
1351532 1501
1351532 11
1353533 25 
1354129 75 
1354294 73 
1354601 72 
1354601 70 
1355219 80 
1355339 83 
1357738 64 
1358486 63 
1358617 150 
1358617 68 
1358617 65
1358686 92 
1360150 103 
1360150 101 
1360655 100 
1360655 3
1360655 1501
1360655 10
1362657 25 
1363378 75 
1363779 72 
1363779 70 
1364735 80 
1364855 83 
1365095 64 
1365363 62 
1365494 151 
1365494 69 
1365564 93 
1366014 91 
1366758 91 
1367024 103 
1367024 101 
1367835 100 
1367835 3
1367835 1501
1367835 11
1369834 25 
1369913 75 
1370315 72 
1370315 70 
1370934 80 
1371052 83 
1374517 64 
1374893 62 
1375024 150 
1375024 68 
1375024 65
1375107 92 
1376570 103 
1376570 101 
1377077 100 
1377077 3
1377077 1501
1377077 10
1379075 25 
1382926 75 
1383330 72 
1383330 70 
1385619 71 
1385979 80 
1386099 83 
1386699 64 
1388032 61 
1388165 151 
1388165 69 
1388233 93 
1388644 91 
1389378 91 
1389695 103 
1389695 101 
1390503 100 
1390503 3
1390503 1501
1390503 11
1392503 25 
1392589 75 
1392997 72 
1392997 70 
1393618 80 
1393736 83 
1394576 64 
1395082 62 
1395215 151 
1395215 69 
1395285 93 
1396684 91 
1396747 103 
1396747 101 
1397554 100 
1397554 3
1397554 1501
1397554 11
1399555 25 
1399640 75 
1400045 72 
1400045 70 
1400653 80 
1400773 83 
1403638 64 
1403907 63 
1404038 150 
1404038 68 
1404038 65
1404117 92 
1405582 103 
1405582 101 
1406091 100 
1406091 3
1406091 1501
1406091 10
1408091 25 
1409200 75 
1409574 73 
1409878 72 
1409878 70 
1410502 80 
1410622 83 
1411582 64 
1415089 62 
1415220 151 
1415220 69 
1415304 93 
1416765 103 
1416765 101 
1417571 100 
1417571 3
1417571 1501
1417571 10
1419574 25 
1420381 75 
1420786 72 
1420786 70 
1421404 80 
1421538 83 
1422750 64 
1422885 62 
1423017 151 
1423017 69 
1423098 93 
1424562 103 
1424562 101 
1425371 100 
1425371 3
1425371 1501
1425371 11
1427370 25 
1427453 75 
1427854 72 
1427854 70 
1428468 80 
1428601 83 
1431853 64 
1432121 62 
1432253 151 
1432253 69 
1432316 93 
1433787 103 
1433787 101 
1434590 100 
1434590 3
1434590 1501
1434590 10
1436593 25 
1436676 75 
1437081 72 
1437081 70 
1437678 80 
1437811 83 
1441622 64 
1441998 62 
1442129 152 
1442129 69 
1442209 93 
1443677 103 
1443677 101 
1444494 100 
1444494 3
1444494 1501
1444494 10
1446495 25 
1446574 75 
1446981 72 
1446981 70 
1447593 80 
1447714 83 
1454190 64 
1454804 63 
1454937 151 
1454937 69 
1455003 93 
1456465 103 
1456465 101 
1457275 100 
1457275 3
1457275 1501
1457275 11
1459276 25 
1459932 75 
1460334 72 
1460334 70 
1460948 80 
1461068 83 
1462760 64 
1463269 62 
1463400 151 
1463400 69 
1463471 93 
1464931 103 
1464931 101 
1465739 100 
1465739 3
1465739 1501
1465739 11
1467743 25 
1469059 75 
1469465 72 
1469465 70 
1471903 250 
1472450 71 
1472849 80 
1473063 83 
1473996 64 
1474931 256 
1475142 63 
1475275 150 
1475275 68 
1475275 65
1475341 92 
1476127 90 
1476808 103 
1476808 101 
1477315 100 
1477315 3
1477315 1501
1477315 10
1479315 25 
1479391 75 
1479796 72 
1479796 70 
1480633 80 
1480833 83 
1481739 64 
1481957 256 
1482165 63 
1482299 151 
1482299 69 
1482365 93 
1483827 103 
1483827 101 
1484638 100 
1484638 3
1484638 1501
1484638 10
1486637 25 
1487169 75 
1487306 73 
1487709 72 
1487709 70 
1488536 80 
1488749 83 
1491855 64 
1492497 62 
1492628 150 
1492628 68 
1492628 65
1492695 92 
1493422 90 
1494159 103 
1494159 101 
1494666 100 
1494666 3
1494666 1501
1494666 11
1496667 25 
1496746 75 
1497152 72 
1497152 70 
1497972 80 
1498185 83 
1499318 64 
1500358 63 
1500491 150 
1500491 68 
1500491 65
1500558 92 
1502022 103 
1502022 101 
1502531 100 
1502531 3
1502531 1501
1502531 11
1504531 25 
1504616 75 
1505021 72 
1505021 70 
1505862 80 
1506062 83 
1506395 64 
1506611 62 
1506755 150 
1506755 68 
1506755 65
1506833 92 
1508301 103 
1508301 101 
1508806 100 
1508806 3
1508806 1501
1508806 10
1510807 25 
1511957 75 
1512360 72 
1512360 70 
1513166 80 
1513366 83 
1513765 64 
1513901 62 
1514112 150 
1514112 68 
1514112 65
1514189 92 
1514958 90 
1515652 103 
1515652 101 
1516166 100 
1516166 3
1516166 1501
1516166 11
1518165 25 
1518255 75 
1518659 72 
1518659 70 
1519483 80 
1519696 83 
1519910 64 
1520112 62 
1520323 151 
1520323 69 
1520393 93 
1521854 103 
1521854 101 
1522660 100 
1522660 3
1522660 1501
1522660 10
1524662 25 
1524741 75 
1525146 72 
1525146 70 
1525974 80 
1526187 83 
1526707 64 
1527440 62 
1527653 150 
1527653 68 
1527653 65
1527717 92 
1528218 90 
1529181 103 
1529181 101 
1529691 100 
1529691 3
1529691 1501
1529691 11
1531691 25 
1531778 75 
1532179 72 
1532179 70 
1533027 80 
1533237 83 
1533957 64 
1534783 63 
1534917 152 
1534917 69 
1534979 93 
1535540 91 
1536445 103 
1536445 101 
1537256 100 
1537256 3
1537256 1501
1537256 10
1539256 25 
1539340 75 
1539741 72 
1539741 70 
1540568 80 
1540781 83 
1540981 64 
1541196 62 
1541341 150 
1541341 68 
1541341 65
1541418 92 
1542032 90 
1542885 103 
1542885 101 
1543392 100 
1543392 3
1543392 1501
1543392 10
1545393 25 
1545472 75 
1545875 72 
1545875 70 
1546485 80 
1546605 83 
1546738 64 
1546993 62 
1547125 150 
1547125 68 
1547125 65
1547199 92 
1547903 90 
1548653 103 
1548653 101 
1549164 100 
1549164 3
1549164 1501
1549164 11
1551163 25 
1551250 75 
1551657 72 
1551657 70 
1552283 80 
1552403 83 
1552763 64 
1553031 63 
1553164 150 
1553164 68 
1553164 65
1553228 92 
1554690 103 
1554690 101 
1555200 100 
1555200 3
1555200 1501
1555200 10
1557200 25 
1557292 75 
1559797 73 
1560132 72 
1560132 70 
1560746 80 
1560866 83 
1560986 64 
1561254 62 
1561399 150 
1561399 68 
1561399 65
1561482 92 
1562007 90 
1562945 103 
1562945 101 
1563453 100 
1563453 3
1563453 1501
1563453 11
1565452 25 
1565537 75 
1565943 72 
1565943 70 
1566557 80 
1566690 83 
1566943 64 
1567199 62 
1567330 150 
1567330 68 
1567330 65
1567398 92 
1568860 103 
1568860 101 
1569367 100 
1569367 3
1569367 1501
1569367 10
1571369 25 
1571460 75 
1571864 72 
1571864 70 
1572474 80 
1572607 83 
1572741 64 
1572983 62 
1573114 150 
1573114 68 
1573114 65
1573183 92 
1574646 103 
1574646 101 
1575153 100 
1575153 3
1575153 1501
1575153 11
1577152 25 
1577868 75 
1578272 72 
1578272 70 
1578872 80 
1578991 83 
1579231 64 
1579500 63 
1579644 150 
1579644 68 
1579644 65
1579709 92 
1581178 103 
1581178 101 
1581685 100 
1581685 3
1581685 1501
1581685 11
1583683 25 
1583756 75 
1584163 72 
1584163 70 
1584776 80 
1584896 83 
1585136 64 
1585271 62 
1585402 150 
1585402 68 
1585402 65
1585481 92 
1586948 103 
1586948 101 
1587456 100 
1587456 3
1587456 1501
1587456 11
1589454 25 
1589540 75 
1589947 72 
1589947 70 
1590560 80 
1590680 83 
1590933 64 
1591202 62 
1591333 150 
1591333 68 
1591333 65
1591415 92 
1592880 103 
1592880 101 
1593399 100 
1593399 3
1593399 1501
1593399 10
1595399 25 
1597773 75 
1598176 72 
1598176 70 
1598783 80 
1598903 83 
1599023 64 
1599396 62 
1599530 152 
1599530 69 
1599597 93 
1600080 91 
1601064 103 
1601064 101 
1601883 100 
1601883 6
1601883 1501
1601883 10
1601883 78 
1603881 25 
1603961 75 
1604362 72 
1604362 70 
1604981 80 
1605100 83 
1605714 64 
1606447 62 
1606580 151 
1606580 69 
1606645 93 
1608114 103 
1608114 101 
1608920 100 
1608920 6
1608920 1501
1608920 11
1610919 25 
1611000 75 
1611401 72 
1611401 70 
1612018 80 
1612138 83 
1613337 64 
1614338 62 
1614470 151 
1614470 69 
1614550 93 
1614973 91 
1616015 103 
1616015 101 
1616822 100 
1616822 6
1616822 1501
1616822 10
1618823 25 
1618906 75 
1619310 72 
1619310 70 
1619921 80 
1620054 83 
1621134 64 
1621522 62 
1621654 151 
1621654 69 
1621722 93 
1623188 103 
1623188 101 
1623992 100 
1623992 6
1623992 1501
1623992 10
1625993 25 
1626072 75 
1626478 72 
1626478 70 
1627091 80 
1627211 83 
1628291 64 
1629157 61 
1629290 151 
1629290 69 
1629354 93 
1630335 91 
1630822 103 
1630822 101 
1631630 100 
1631630 6
1631630 1501
1631630 10
1633631 25 
1633709 75 
1634114 72 
1634114 70 
1634728 80 
1634848 83 
1635821 76 
1636914 64 
1637889 63 
1638408 150 
1638408 68 
1638408 65
1638479 92 
1639945 103 
1639945 101 
1640459 100 
1640459 6
1640459 1501
1640459 10
1642460 25 
1642549 75 
1642955 72 
1642955 70 
1643938 80 
1644057 83 
1644657 64 
1644792 62 
1644924 150 
1644924 68 
1644924 65
1645008 92 
1646467 103 
1646467 101 
1646976 100 
1646976 6
1646976 1501
1646976 10
1648976 25 
1649336 75 
1649739 72 
1649739 70 
1650348 80 
1650468 83 
1650588 64 
1650857 62 
1650988 150 
1650988 68 
1650988 65
1651070 92 
1652529 103 
1652529 101 
1653039 100 
1653039 6
1653039 1501
1653039 11
1655041 25 
1659480 75 
1659663 73 
1660064 72 
1660064 70 
1660677 80 
1660797 83 
1663942 64 
1664438 62 
1664569 150 
1664569 68 
1664569 65
1664646 92 
1665369 90 
1666109 103 
1666109 101 
1666621 100 
1666621 6
1666621 1501
1666621 10
1668624 25 
1668827 75 
1669233 72 
1669233 70 
1669847 80 
1669967 83 
1671166 64 
1671421 62 
1671553 150 
1671553 68 
1671553 65
1671637 92 
1673097 103 
1673097 101 
1673606 100 
1673606 6
1673606 1501
1673606 11
1675606 25 
1675691 75 
1676096 72 
1676096 70 
1676712 80 
1676830 83 
1677190 64 
1677458 62 
1677590 151 
1677590 69 
1677654 93 
1679119 103 
1679119 101 
1679929 100 
1679929 6
1679929 1501
1679929 11
1681929 25 
1682606 75 
1683012 72 
1683012 70 
1683268 250 
1683508 71 
1683894 80 
1684014 83 
1685000 64 
1685973 61 
1686106 150 
1686106 68 
1686106 65
1686184 92 
1687651 103 
1687651 101 
1688159 100 
1688159 6
1688159 1501
1688159 11
1690162 25 
1690720 75 
1690813 73 
1691220 72 
1691220 70 
1691837 80 
1691957 83 
1692091 64 
1692360 62 
1692490 152 
1692490 69 
1692555 93 
1693074 91 
1693964 91 
1694024 103 
1694024 101 
1694828 100 
1694828 6
1694828 1501
1694828 11
1696830 25 
1696909 75 
1697316 72 
1697316 70 
1697928 80 
1698048 83 
1699727 64 
1700102 62 
1700234 151 
1700234 69 
1700302 93 
1701765 103 
1701765 101 
1702572 100 
1702572 6
1702572 1501
1702572 11
1704573 25 
1704657 75 
1705062 72 
1705062 70 
1705672 80 
1705792 83 
1708444 64 
1709072 61 
1709483 150 
1709483 68 
1709483 65
1709554 92 
1711016 103 
1711016 101 
1711524 100 
1711524 6
1711524 1501
1711524 11
1713523 25 
1714097 75 
1714499 72 
1714499 70 
1715121 80 
1715241 250 
1716267 76 
1717040 76 
1717160 83 
1717413 64 
1717682 62 
1717800 150 
1717800 68 
1717800 65
1717881 92 
1719344 103 
1719344 101 
1719851 100 
1719851 6
1719851 1501
1719851 11
1721853 25 
1722751 75 
1723156 72 
1723156 70 
1723771 80 
1723904 83 
1724037 64 
1724305 61 
1724437 150 
1724437 68 
1724437 65
1724506 92 
1725971 103 
1725971 101 
1726489 100 
1726489 6
1726489 1501
1726489 10
1728490 25 
1728575 75 
1728978 72 
1728978 70 
1729582 80 
1729702 83 
1730181 64 
1730437 63 
1730568 150 
1730568 68 
1730568 65
1730651 92 
1732109 103 
1732109 101 
1732621 100 
1732621 6
1732621 1501
1732621 10
1734620 25 
1734706 75 
1735112 72 
1735112 70 
1735726 80 
1735859 83 
1735992 64 
1736261 62 
1736392 150 
1736392 68 
1736392 65
1736470 92 
1737933 103 
1737933 101 
1738444 100 
1738444 6
1738444 1501
1738444 10
1740445 25 
1740536 75 
1740938 72 
1740938 70 
1741790 71 
1742163 80 
1742403 76 
1742536 83 
1742896 64 
1743536 63 
1743749 150 
1743749 68 
1743749 65
1743826 92 
1745297 103 
1745297 101 
1745814 100 
1745814 6
1745814 1501
1745814 11
1747814 25 
1747888 75 
1748290 72 
1748290 70 
1749213 80 
1749413 83 
1749613 64 
1750042 61 
1750253 152 
1750253 69 
1750324 93 
1750814 91 
1751319 91 
1751727 91 
1751783 103 
1751783 101 
1752590 100 
1752590 6
1752590 1501
1752590 10
1754592 25 
1754671 75 
1755074 72 
1755074 70 
1755904 80 
1756104 83 
1756490 64 
1756625 62 
1756837 150 
1756837 68 
1756837 65
1756922 92 
1758382 103 
1758382 101 
1758889 100 
1758889 6
1758889 1501
1758889 10
1760891 25 
1760978 75 
1761383 72 
1761383 70 
1762195 80 
1762394 83 
1762594 64 
1762814 62 
1763021 150 
1763021 68 
1763021 65
1763099 92 
1764564 103 
1764564 101 
1765072 100 
1765072 6
1765072 1501
1765072 11
1767074 25 
1767159 75 
1767565 72 
1767565 70 
1768352 80 
1768472 83 
1768952 64 
1770286 62 
1770418 150 
1770418 68 
1770418 65
1770495 92 
1771213 90 
1771963 103 
1771963 101 
1772469 100 
1772469 3
1772469 1501
1772469 11
1772469 78 
1774470 25 
1774561 75 
1774968 72 
1774968 70 
1775589 80 
1775709 83 
1776082 64 
1776231 62 
1776362 151 
1776362 69 
1776443 93 
1777904 103 
1777904 101 
1778712 100 
1778712 3
1778712 1501
1778712 11
1780715 25 
1783609 75 
1784016 72 
1784016 70 
1784638 80 
1784772 83 
1786851 64 
1787586 62 
1787704 150 
1787704 68 
1787704 65
1787782 92 
1789250 103 
1789250 101 
1789756 100 
1789756 3
1789756 1501
1789756 10
1791756 25 
1791842 75 
1792246 72 
1792246 70 
1792862 80 
1792982 83 
1793568 64 
1793823 62 
1793955 151 
1793955 69 
1794032 93 
1794529 91 
1795498 103 
1795498 101 
1796306 100 
1796306 3
1796306 1501
1796306 11
1798306 25 
1808062 75 
1808384 254 
1808468 72 
1808468 70 
1809082 80 
1809202 83 
1809561 64 
1809696 62 
1818651 252 
1819504 150 
1819504 68 
1819504 65
1819583 92 
1820311 90 
1821049 103 
1821049 101 
1821557 100 
1821557 3
1821557 1501
1821557 11
1823557 25 
1823631 75 
1824035 72 
1824035 70 
1824635 80 
1824755 83 
1825008 64 
1825250 62 
1825381 150 
1825381 68 
1825381 65
1825465 92 
1826923 103 
1826923 101 
1827439 100 
1827439 3
1827439 1501
1827439 10
1829436 25 
1829520 75 
1829927 72 
1829927 70 
1830539 80 
1830659 83 
1831525 64 
1831781 62 
1831912 151 
1831912 69 
1831988 93 
1832904 91 
1833117 91 
1833458 103 
1833458 101 
1834264 100 
1834264 3
1834264 1501
1834264 10
1836266 25 
1836344 75 
1836746 72 
1836746 70 
1837350 80 
1837483 83 
1838443 64 
1838698 256 
1838829 61 
1838962 151 
1838962 69 
1839025 93 
1839448 91 
1840495 103 
1840495 101 
1841303 100 
1841303 3
1841303 1501
1841303 10
1843302 25 
1843380 75 
1849020 73 
1849363 72 
1849363 70 
1849971 80 
1850091 83 
1852717 64 
1852972 61 
1853103 153 
1853103 68 
1853103 65
1853185 92 
1853741 90 
1854649 103 
1854649 101 
1855155 100 
1855155 3
1855155 1501
1855155 11
1857157 25 
1857241 75 
1857643 72 
1857643 70 
1858261 80 
1858381 83 
1859714 64 
1859847 62 
1859982 150 
1859982 68 
1859982 65
1860062 92 
1861528 103 
1861528 101 
1862045 100 
1862045 3
1862045 1501
1862045 10
1864045 25 
1864118 75 
1864519 72 
1864519 70 
1865138 80 
1865258 83 
1865498 64 
1865740 256 
1865871 63 
1866004 151 
1866004 69 
1866066 93 
1866576 91 
1867536 103 
1867536 101 
1868342 100 
1868342 3
1868342 1501
1868342 11
1870343 25 
1874606 75 
1875013 72 
1875013 70 
1875933 80 
1876133 83 
1877640 64 
1878174 62 
1878373 151 
1878373 69 
1878448 93 
1878888 91 
1879518 91 
1879611 91 
1879916 103 
1879916 101 
1880723 100 
1880723 3
1880723 1501
1880723 10
1882725 25 
1883314 75 
1883720 72 
1883720 70 
1884543 80 
1884743 83 
1886063 64 
1886478 62 
1886609 150 
1886609 68 
1886609 65
1886692 92 
1887983 90 
1888155 103 
1888155 101 
1888676 100 
1888676 3
1888676 1501
1888676 10
1890674 25 
1890749 75 
1891154 72 
1891154 70 
1892020 80 
1892220 250 
1893166 76 
1894033 76 
1894233 83 
1894552 64 
1894767 62 
1894979 150 
1894979 68 
1894979 65
1895049 92 
1895692 90 
1896508 103 
1896508 101 
1897018 100 
1897018 3
1897018 1501
1897018 11
1899017 25 
1899109 75 
1899511 72 
1899511 70 
1900337 80 
1900550 83 
1901070 64 
1901669 63 
1901803 150 
1901803 68 
1901803 65
1901867 92 
1903332 103 
1903332 101 
1903840 100 
1903840 3
1903840 1501
1903840 11
1905841 25 
1905932 75 
1906339 72 
1906339 70 
1906947 80 
1907067 83 
1907787 64 
1908047 63 
1908187 150 
1908187 68 
1908187 65
1908255 92 
1909715 103 
1909715 101 
1910227 100 
1910227 3
1910227 1501
1910227 11
1912226 25 
1919874 75 
1920276 72 
1920276 70 
1920888 80 
1921021 83 
1921381 64 
1921649 63 
1921781 150 
1921781 68 
1921781 65
1921851 92 
1923313 103 
1923313 101 
1923821 100 
1923821 3
1923821 1501
1923821 10
1925820 25 
1932031 75 
1932168 73 
1932570 72 
1932570 70 
1933189 80 
1933309 83 
1934042 64 
1934302 62 
1934429 150 
1934429 68 
1934429 65
1934495 92 
1935129 90 
1935956 103 
1935956 101 
1936468 100 
1936468 3
1936468 1501
1936468 10
1938468 25 
1938554 75 
1938958 72 
1938958 70 
1939560 80 
1939680 83 
1939933 64 
1940055 256 
1940186 62 
1940320 150 
1940320 68 
1940320 65
1940384 92 
1940963 90 
1941852 103 
1941852 101 
1942360 100 
1942360 3
1942360 1501
1942360 10
1944357 25 
1944445 75 
1944848 72 
1944848 70 
1945464 80 
1945584 83 
1945824 64 
1945959 62 
1946093 150 
1946093 68 
1946093 65
1946160 92 
1947624 103 
1947624 101 
1948131 100 
1948131 3
1948131 1501
1948131 11
1950130 25 
1950215 75 
1950617 72 
1950617 70 
1951222 80 
1951342 83 
1951595 64 
1951968 63 
1952102 152 
1952102 69 
1952166 93 
1952652 91 
1953632 103 
1953632 101 
1954442 100 
1954442 3
1954442 1501
1954442 10
1956440 25 
1962131 75 
1962534 72 
1962534 70 
1963164 80 
1963283 83 
1963643 64 
1963910 62 
1964043 150 
1964043 68 
1964043 65
1964122 92 
1964742 90 
1965587 103 
1965587 101 
1966097 100 
1966097 3
1966097 1501
1966097 11
1968096 25 
1968181 75 
1968582 72 
1968582 70 
1969201 80 
1969321 83 
1969681 64 
1970056 63 
1970187 152 
1970187 69 
1970254 93 
1970758 91 
1971321 91 
1971638 91 
1971716 103 
1971716 101 
1972527 100 
1972527 3
1972527 1501
1972527 10
1974528 25 
1976203 75 
1976613 72 
1976613 70 
1977238 80 
1977358 83 
1977731 64 
1977853 62 
1977984 150 
1977984 68 
1977984 65
1978067 92 
1978694 90 
1979530 103 
1979530 101 
1980036 100 
1980036 3
1980036 1501
1980036 11
1982037 25 
1982123 75 
1982526 72 
1982526 70 
1983128 80 
1983248 83 
1983742 76 
1983981 64 
1984115 62 
1984250 150 
1984250 68 
1984250 65
1984327 92 
1985789 103 
1985789 101 
1986299 100 
1986299 3
1986299 1501
1986299 11
1988302 25 
1988387 75 
1988790 72 
1988790 70 
1989406 80 
1989526 83 
1989646 64 
1989915 63 
1990046 150 
1990046 68 
1990046 65
1990111 92 
1991576 103 
1991576 101 
1992088 100 
1992088 3
1992088 1501
1992088 11
1994087 25 
2002911 75 
2003316 72 
2003316 70 
2004933 250 
2005532 71 
2005866 80 
2006079 83 
2007212 64 
2007627 63 
2007851 150 
2007851 68 
2007851 65
2007917 92 
2008624 90 
2009380 103 
2009380 101 
2009892 100 
2009892 3
2009892 1501
2009892 10
2011891 25 
2011977 75 
2012382 72 
2012382 70 
2013209 80 
2013422 83 
2013836 64 
2014051 256 
2014249 62 
2014462 150 
2014462 68 
2014462 65
2014525 92 
2015069 90 
2015994 103 
2015994 101 
2016500 100 
2016500 6
2016500 1501
2016500 10
2016500 78 
2018503 25 
2018575 75 
2018976 72 
2018976 70 
2019806 80 
2020020 83 
2020233 64 
2020566 62 
2020779 151 
2020779 69 
2020955 91 
2020968 93 
2021287 91 
2022001 91 
2022306 91 
2022306 103 
2022306 101 
2023118 100 
2023118 6
2023118 1501
2023118 10
2025120 25 
2025198 75 
2025606 72 
2025606 70 
2026417 80 
2026617 83 
2026937 64 
2027486 62 
2027696 151 
2027696 69 
2027760 93 
2028243 91 
2029034 91 
2029230 103 
2029230 101 
2030034 100 
2030034 6
2030034 1501
2030034 11
2032035 25 
2032114 75 
2032520 72 
2032520 70 
2033347 80 
2033561 83 
2034294 64 
2034909 63 
2035040 151 
2035040 69 
2035104 93 
2035566 91 
2036571 103 
2036571 101 
2037380 100 
2037380 6
2037380 1501
2037380 11
2039379 25 
2039957 75 
2040358 72 
2040358 70 
2041171 80 
2041371 83 
2043090 64 
2043518 62 
2043650 153 
2043650 68 
2043650 65
2043716 92 
2044454 90 
2045184 103 
2045184 101 
2045690 100 
2045690 6
2045690 1501
2045690 11
2047689 25 
2047775 75 
2048176 72 
2048176 70 
2049021 80 
2049221 250 
2050287 76 
2050916 76 
2052419 76 
2053699 76 
2053912 83 
2054112 64 
2054514 62 
2054645 151 
2054645 69 
2054713 93 
2055321 91 
2056022 91 
2056176 103 
2056176 101 
2056984 100 
2056984 6
2056984 1501
2056984 11
2058984 25 
2059063 75 
2059468 72 
2059468 70 
2060296 80 
2060509 83 
2062055 64 
2063588 63 
2063801 151 
2063801 69 
2063870 93 
2064320 91 
2065333 103 
2065333 101 
2066139 100 
2066139 6
2066139 1501
2066139 10
2068142 25 
2068220 75 
2068627 72 
2068627 70 
2069452 80 
2069586 83 
2070185 64 
2070401 62 
2070532 151 
2070532 69 
2070594 93 
2071618 91 
2071992 91 
2072065 103 
2072065 101 
2072882 100 
2072882 6
2072882 1501
2072882 10
2074886 25 
2074963 75 
2075367 72 
2075367 70 
2076196 80 
2076409 83 
2080061 64 
2080436 62 
2080568 151 
2080568 69 
2080633 93 
2081532 91 
2081656 91 
2082100 103 
2082100 101 
2082908 100 
2082908 6
2082908 1501
2082908 10
2084906 25 
2085101 75 
2085506 72 
2085506 70 
2086125 80 
2086245 83 
2088538 64 
2088779 256 
2088911 63 
2089044 150 
2089044 68 
2089044 65
2089125 92 
2090588 103 
2090588 101 
2091096 100 
2091096 6
2091096 1501
2091096 11
2093096 25 
2103174 254 
2104826 75 
2104971 73 
2106168 73 
2106473 72 
2106473 70 
2107103 80 
2107223 83 
2112261 76 
2112621 64 
2113609 61 
2113740 150 
2113740 68 
2113740 65
2113824 92 
2114517 90 
2115285 103 
2115285 101 
2115792 100 
2115792 6
2115792 1501
2115792 10
2117793 25 
2117878 75 
2118285 72 
2118285 70 
2118911 80 
2119031 83 
2119271 64 
2119394 256 
2119525 61 
2119658 151 
2119658 69 
2119722 93 
2120236 91 
2121007 91 
2121188 103 
2121188 101 
2121998 100 
2121998 6
2121998 1501
2121998 11
2123998 25 
2124076 75 
2124480 72 
2124480 70 
2125109 80 
2125229 83 
2126442 64 
2126844 62 
2126975 150 
2126975 68 
2126975 65
2127057 92 
2127810 90 
2128524 103 
2128524 101 
2129040 100 
2129040 6
2129040 1501
2129040 10
2131042 25 
2131941 75 
2133051 73 
2133353 72 
2133353 70 
2134332 71 
2134452 250 
2134934 71 
2135171 80 
2135291 83 
2135891 64 
2136264 63 
2136397 150 
2136397 68 
2136397 65
2136477 92 
2137940 103 
2137940 101 
2138451 100 
2138451 6
2138451 1501
2138451 11
2140449 25 
2142938 75 
2143343 72 
2143343 70 
2143968 80 
2144088 83 
2144927 64 
2145676 62 
2145807 150 
2145807 68 
2145807 65
2145877 92 
2147340 103 
2147340 101 
2147846 100 
2147846 6
2147846 1501
2147846 10
2149846 25 
2149931 75 
2150338 72 
2150338 70 
2150951 80 
2151071 83 
2151191 64 
2151578 61 
2151711 151 
2151711 69 
2151776 93 
2152370 91 
2153244 103 
2153244 101 
2154050 100 
2154050 6
2154050 1501
2154050 11
2156051 25 
2156130 75 
2156535 72 
2156535 70 
2157135 80 
2157255 83 
2157722 64 
2158603 63 
2158748 151 
2158748 69 
2158812 93 
2160263 91 
2160279 103 
2160279 101 
2161089 100 
2161089 6
2161089 1501
2161089 10
2163086 25 
2163166 75 
2163573 72 
2163573 70 
2164186 80 
2164306 83 
2165865 64 
2166121 62 
2166252 151 
2166252 69 
2166319 93 
2167385 91 
2167779 103 
2167779 101 
2168591 100 
2168591 6
2168591 1501
2168591 11
2170591 25 
2170671 75 
2171076 72 
2171076 70 
2171689 80 
2171809 83 
2172769 64 
2173035 63 
2173169 151 
2173169 69 
2173233 93 
2174701 103 
2174701 101 
2175509 100 
2175509 6
2175509 1501
2175509 10
2177508 25 
2177587 75 
2177989 72 
2177989 70 
2178886 80 
2179086 83 
2180009 64 
2180221 62 
2180432 151 
2180432 69 
2180508 93 
2181976 103 
2181976 101 
2182783 100 
2182783 6
2182783 1501
2182783 10
2184786 25 
2184864 75 
2185271 72 
2185271 70 
2186083 80 
2186297 83 
2186910 64 
2187445 62 
2187576 151 
2187576 69 
2187654 93 
2188178 91 
2188644 91 
2189108 91 
2189117 103 
2189117 101 
2189929 100 
2189929 6
2189929 1501
2189929 11
2191929 25 
2192012 75 
2192414 72 
2192414 70 
2193227 80 
2193440 83 
2198451 64 
2199400 62 
2199598 153 
2199598 68 
2199598 65
2199669 92 
2200214 90 
2201126 103 
2201126 101 
2201635 100 
2201635 6
2201635 1501
2201635 10
2203637 25 
2211541 75 
2211945 72 
2211945 70 
2212779 80 
2212979 83 
2213179 64 
2213394 62 
2213525 150 
2213525 68 
2213525 65
2213608 92 
2214315 90 
2215074 103 
2215074 101 
2215590 100 
2215590 6
2215590 1501
2215590 11
2217591 25 
2219191 75 
2219594 72 
2219594 70 
2221575 71 
2221922 80 
2222042 83 
2222881 64 
2223134 63 
2223268 151 
2223268 69 
2223334 93 
2223805 91 
2224796 103 
2224796 101 
2225606 100 
2225606 6
2225606 1501
2225606 10
2227607 25 
2228713 75 
2229114 72 
2229114 70 
2229705 80 
2229838 83 
2230451 64 
2231186 62 
2231318 151 
2231318 69 
2231395 93 
2232706 91 
2232860 103 
2232860 101 
2233671 100 
2233671 6
2233671 1501
2233671 10
2235670 25 
2235749 75 
2236152 72 
2236152 70 
2236769 80 
2236891 83 
2237982 64 
2238355 63 
2238488 150 
2238488 68 
2238488 65
2238570 92 
2239192 90 
2240029 103 
2240029 101 
2240539 100 
2240539 6
2240539 1501
2240539 10
2242541 25 
2242628 75 
2243032 72 
2243032 70 
2243646 80 
2243766 83 
2244126 64 
2244261 256 
2244379 63 
2244512 150 
2244512 68 
2244512 65
2244577 92 
2246040 103 
2246040 101 
2246551 100 
2246551 6
2246551 1501
2246551 11
2248551 25 
2248637 75 
2249038 72 
2249038 70 
2249657 80 
2249777 83 
2250016 64 
2251123 62 
2251256 151 
2251256 69 
2251322 93 
2252786 103 
2252786 101 
2253594 100 
2253594 6
2253594 1501
2253594 11
2255595 25 
2255674 75 
2256075 72 
2256075 70 
2256680 80 
2256800 83 
2257054 64 
2257309 62 
2257440 151 
2257440 69 
2257505 93 
2258970 103 
2258970 101 
2259779 100 
2259779 6
2259779 1501
2259779 10
2261778 25 
2271850 254 
2281785 75 
2289242 73 
2289642 72 
2289642 70 
2290280 80 
2290413 83 
2291732 64 
2291867 62 
2291999 151 
2291999 69 
2292069 93 
2292750 91 
2293490 91 
2293531 103 
2293531 101 
2294338 100 
2294338 6
2294338 1501
2294338 11
2296337 25 
2296417 75 
2296824 72 
2296824 70 
2297450 80 
2297570 83 
2298050 64 
2299876 61 
2300009 150 
2300009 68 
2300009 65
2300086 92 
2300681 90 
2301541 103 
2301541 101 
2302046 100 
2302046 6
2302046 1501
2302046 10
2304048 25 
2304134 75 
2304540 72 
2304540 70 
2305167 80 
2305287 83 
2305660 64 
2306422 256 
2306553 63 
2306689 150 
2306689 68 
2306689 65
2306769 92 
2308228 103 
2308228 101 
2308739 100 
2308739 6
2308739 1501
2308739 11
2310738 25 
2320803 254 
2322114 75 
2322280 73 
2322685 72 
2322685 70 
2323599 80 
2323799 83 
2325038 64 
2325453 62 
2325651 153 
2325651 68 
2325651 65
2325730 92 
2327198 103 
2327198 101 
2327704 100 
2327704 6
2327704 1501
2327704 11
2329704 25 
2329790 75 
2330197 72 
2330197 70 
2331022 80 
2331156 83 
2331356 64 
2331571 62 
2331702 151 
2331702 69 
2331783 93 
2332287 91 
2332991 91 
2333245 103 
2333245 101 
2334056 100 
2334056 6
2334056 1501
2334056 10
2336055 25 
2336892 75 
2337294 72 
2337294 70 
2338139 80 
2338339 83 
2338846 64 
2339594 61 
2339819 153 
2339819 68 
2339819 65
2339883 92 
2340426 90 
2341358 103 
2341358 101 
2341871 100 
2341871 6
2341871 1501
2341871 10
2343872 25 
2343957 75 
2344359 72 
2344359 70 
2345190 80 
2345390 250 
2346149 76 
2346551 76 
2347096 76 
2350441 76 
2350641 83 
2350841 64 
2351179 61 
2351387 151 
2351387 69 
2351450 93 
2352042 91 
2352493 91 
2352918 103 
2352918 101 
2353727 100 
2353727 6
2353727 1501
2353727 11
2355727 25 
2355805 75 
2356207 72 
2356207 70 
2357025 80 
2357225 83 
2357625 64 
2357854 62 
2357984 151 
2357984 69 
2358062 93 
2359531 103 
2359531 101 
2360338 100 
2360338 6
2360338 1501
2360338 10
2362338 25 
2362418 75 
2362822 72 
2362822 70 
2363649 80 
2363849 83 
2366168 64 
2366783 62 
2366981 150 
2366981 68 
2366981 65
2367059 92 
2368523 103 
2368523 101 
2369034 100 
2369034 6
2369034 1501
2369034 10
2371034 25 
2375533 75 
2381113 254 
2386831 73 
2387160 72 
2387160 70 
2387999 80 
2388198 83 
2389745 64 
2390078 61 
2390291 151 
2390291 69 
2390355 93 
2390903 91 
2391327 91 
2391461 91 
2391825 103 
2391825 101 
2392642 100 
2392642 6
2392642 1501
2392642 11
2394643 25 
2394727 75 
2395133 72 
2395133 70 
2395969 80 
2396168 83 
2396875 64 
2397090 62 
2397301 151 
2397301 69 
2397365 93 
2398226 91 
2398782 91 
2398831 103 
2398831 101 
2399643 100 
2399643 6
2399643 1501
2399643 11
2401641 25 
2402071 75 
2402471 72 
2402471 70 
2403312 80 
2403512 83 
2404032 64 
2404647 62 
2404858 151 
2404858 69 
2404924 93 
2405444 91 
2406391 103 
2406391 101 
2407216 100 
2407216 6
2407216 1501
2407216 10
2409213 25 
2412082 75 
2412490 72 
2412490 70 
2413321 80 
2413535 83 
2415494 64 
2415763 62 
2415894 151 
2415894 69 
2415975 93 
2417439 103 
2417439 101 
2418246 100 
2418246 6
2418246 1501
2418246 11
2420246 25 
2420325 75 
2420729 72 
2420729 70 
2421345 80 
2421465 83 
2422544 64 
2422933 63 
2423064 151 
2423064 69 
2423129 93 
2424591 103 
2424591 101 
2425401 100 
2425401 6
2425401 1501
2425401 11
2427402 25 
2429527 75 
2429932 72 
2429932 70 
2430554 80 
2430687 250 
2437167 76 
2446216 76 
2446334 83 
2446814 252 
2447069 62 
2447200 151 
2447200 69 
2447276 93 
2447827 91 
2448747 103 
2448747 101 
2449552 100 
2449552 6
2449552 1501
2449552 11
2451552 25 
2453759 75 
2454161 72 
2454161 70 
2454424 250 
2459810 71 
2460410 71 
2460781 71 
2461021 80 
2461155 83 
2461634 64 
2461890 61 
2462021 150 
2462021 68 
2462021 65
2462086 92 
2463551 103 
2463551 101 
2464060 100 
2464060 6
2464060 1501
2464060 10
2466059 25 
2466151 75 
2466558 72 
2466558 70 
2467165 80 
2467285 83 
2467778 64 
2468047 63 
2468178 150 
2468178 68 
2468178 65
2468261 92 
2469719 90 
2469719 103 
2469719 101 
2470229 100 
2470229 6
2470229 1501
2470229 10
2472231 25 
2473774 75 
2474178 72 
2474178 70 
2474775 80 
2474895 83 
2475255 64 
2475642 63 
2475775 150 
2475775 68 
2475775 65
2475839 92 
2477302 103 
2477302 101 
2477813 100 
2477813 6
2477813 1501
2477813 10
2479813 25 
2482378 75 
2482779 72 
2482779 70 
2483385 80 
2483505 83 
2483865 64 
2484121 63 
2484251 150 
2484251 68 
2484251 65
2484321 92 
2485784 103 
2485784 101 
2486292 100 
2486292 6
2486292 1501
2486292 11
2488291 25 
2488363 75 
2488764 72 
2488764 70 
2489383 80 
2489503 83 
2489996 64 
2490251 62 
2490382 150 
2490382 68 
2490382 65
2490462 92 
2490871 90 
2491934 103 
2491934 101 
2492449 100 
2492449 6
2492449 1501
2492449 11
2494448 25 
2494534 75 
2494936 72 
2494936 70 
2495540 80 
2495660 83 
2496260 64 
2496633 61 
2496766 150 
2496766 68 
2496766 65
2496837 92 
2497425 90 
2498297 103 
2498297 101 
2498805 100 
2498805 6
2498805 1501
2498805 10
2500807 25 
2500891 75 
2501298 72 
2501298 70 
2501897 80 
2502017 83 
2502391 64 
2502646 62 
2502777 150 
2502777 68 
2502777 65
2502841 92 
2504311 103 
2504311 101 
2504820 100 
2504820 6
2504820 1501
2504820 11
2506818 25 
2516162 75 
2516569 72 
2516569 70 
2520396 250 
2521771 71 
2522169 71 
2522571 71 
2522769 80 
2522969 83 
2525101 64 
2525223 62 
2525421 151 
2525421 69 
2525489 93 
2526951 103 
2526951 101 
2527758 100 
2527758 6
2527758 1501
2527758 10
2529760 25 
2530671 75 
2531073 72 
2531073 70 
2531912 80 
2532111 83 
2534710 76 
2535230 64 
2535448 256 
2535657 61 
2535790 153 
2535790 68 
2535790 65
2535855 92 
2536257 90 
2537032 90 
2537321 103 
2537321 101 
2537831 100 
2537831 6
2537831 1501
2537831 11
2539830 25 
2539915 75 
2540318 72 
2540318 70 
2541148 80 
2541361 83 
2541761 64 
2541976 62 
2542107 151 
2542107 69 
2542183 93 
2543650 103 
2543650 101 
2544460 100 
2544460 6
2544460 1501
2544460 10
2546460 25 
2550097 75 
2550274 73 
2550674 72 
2550674 70 
2551410 80 
2551530 83 
2553329 64 
2553582 61 
2553716 151 
2553716 69 
2553778 93 
2554162 91 
2554515 91 
2554924 91 
2555246 103 
2555246 101 
2556056 100 
2556056 6
2556056 1501
2556056 10
2558056 25 
2561539 75 
2561943 72 
2561943 70 
2562552 80 
2562672 83 
2562912 64 
2563154 256 
2563407 255 
2572121 252 
2572868 62 
2573001 151 
2573001 69 
2573067 93 
2573822 91 
2574529 103 
2574529 101 
2575338 100 
2575338 6
2575338 1501
2575338 11
2577341 25 
2587412 254 
2594437 75 
2594848 72 
2594848 70 
2595458 80 
2595578 83 
2595938 64 
2596207 62 
2596338 151 
2596338 69 
2596402 93 
2597868 103 
2597868 101 
2598676 100 
2598676 6
2598676 1501
2598676 10
2600678 25 
2602116 75 
2602519 72 
2602519 70 
2603135 80 
2603255 83 
2603735 64 
2604108 63 
2604241 150 
2604241 68 
2604241 65
2604313 92 
2605775 103 
2605775 101 
2606280 100 
2606280 6
2606280 1501
2606280 11
2608279 25 
2608352 75 
2608755 72 
2608755 70 
2609372 80 
2609492 83 
2609972 64 
2610720 61 
2610852 152 
2610852 69 
2610914 93 
2611340 91 
2611765 91 
2612151 91 
2612385 103 
2612385 101 
2613190 100 
2613190 6
2613190 1501
2613190 11
2615190 25 
2615269 75 
2615674 72 
2615674 70 
2616289 80 
2616409 83 
2617249 64 
2617637 62 
2617771 151 
2617771 69 
2617845 93 
2618306 91 
2619309 103 
2619309 101 
2620122 100 
2620122 6
2620122 1501
2620122 11
2622121 25 
2622200 75 
2622604 72 
2622604 70 
2623220 80 
2623340 83 
2624899 64 
2626127 63 
2626259 151 
2626259 69 
2626324 93 
2627788 103 
2627788 101 
2628597 100 
2628597 6
2628597 1501
2628597 10
2630597 25 
2630677 75 
2631084 72 
2631084 70 
2631696 80 
2631816 83 
2632656 64 
2632791 62 
2632922 151 
2632922 69 
2633004 93 
2633583 91 
2633939 91 
2634467 103 
2634467 101 
2635275 100 
2635275 6
2635275 1501
2635275 11
2637274 25 
2647301 75 
2647370 254 
2647702 72 
2647702 70 
2648329 80 
2648451 83 
2650835 64 
2651448 61 
2651581 151 
2651581 69 
2651657 93 
2651918 91 
2652335 91 
2652796 91 
2653123 103 
2653123 101 
2653934 100 
2653934 6
2653934 1501
2653934 10
2655933 25 
2656012 75 
2656418 72 
2656418 70 
2657233 80 
2657352 83 
2658152 64 
2658498 63 
2658712 150 
2658712 68 
2658712 65
2658779 92 
2659319 90 
2660242 103 
2660242 101 
2660755 100 
2660755 6
2660755 1501
2660755 10
2662752 25 
2672831 254 
2703001 75 
2703242 73 
2703583 73 
2703970 72 
2703970 70 
2704719 80 
2704839 83 
2705799 64 
2705933 256 
2706065 61 
2706198 151 
2706198 69 
2706270 93 
2706928 91 
2707729 103 
2707729 101 
2708538 100 
2708538 6
2708538 1501
2708538 11
2710536 25 
2710616 75 
2711021 72 
2711021 70 
2711623 80 
2711743 83 
2712344 64 
2712984 62 
2713115 151 
2713115 69 
2713198 93 
2714661 103 
2714661 101 
2715466 100 
2715466 6
2715466 1501
2715466 11
2717468 25 
2717547 75 
2717953 72 
2717953 70 
2718567 80 
2718700 250 
2730443 76 
2731414 76 
2732043 76 
2732427 76 
2732547 83 
2738691 252 
2738934 61 
2739065 150 
2739065 68 
2739065 65
2739130 92 
2740597 103 
2740597 101 
2741102 100 
2741102 6
2741102 1501
2741102 11
2743103 25 
2743189 75 
2743596 72 
2743596 70 
2744222 80 
2744342 83 
2744835 64 
2745090 62 
2745224 150 
2745224 68 
2745224 65
2745300 92 
2745865 90 
2746768 103 
2746768 101 
2747275 100 
2747275 6
2747275 1501
2747275 10
2749274 25 
2749366 75 
2749767 72 
2749767 70 
2750380 80 
2750500 83 
2751099 64 
2751368 62 
2751499 150 
2751499 68 
2751499 65
2751565 92 
2752267 90 
2753027 103 
2753027 101 
2753540 100 
2753540 6
2753540 1501
2753540 10
2755539 25 
2755625 75 
2756032 72 
2756032 70 
2756644 80 
2756764 83 
2757137 64 
2757390 63 
2757523 150 
2757523 68 
2757523 65
2757588 92 
2759054 103 
2759054 101 
2759565 100 
2759565 6
2759565 1501
2759565 11
2761563 25 
2761635 75 
2762036 72 
2762036 70 
2762641 80 
2762761 83 
2763374 64 
2763736 61 
2763868 150 
2763868 68 
2763868 65
2763933 92 
2765399 103 
2765399 101 
2765905 100 
2765905 6
2765905 1501
2765905 10
2767906 25 
2767992 75 
2768397 72 
2768397 70 
2769012 80 
2769132 83 
2769372 64 
2769628 256 
2769758 61 
2769892 151 
2769892 69 
2769956 93 
2771126 91 
2771423 103 
2771423 101 
2772231 100 
2772231 6
2772231 1501
2772231 10
2774231 25 
2774309 75 
2774717 72 
2774717 70 
2775316 80 
2775449 83 
2775809 64 
2775944 62 
2776076 150 
2776076 68 
2776076 65
2776162 92 
2776823 90 
2777615 103 
2777615 101 
2778128 100 
2778128 6
2778128 1501
2778128 11
2780128 25 
2780213 75 
2780615 72 
2780615 70 
2781220 80 
2781353 83 
2781594 64 
2781982 61 
2782113 152 
2782113 69 
2782184 93 
2782728 91 
2783157 91 
2783645 103 
2783645 101 
2784452 100 
2784452 6
2784452 1501
2784452 10
2786453 25 
2786532 75 
2786935 72 
2786935 70 
2787538 80 
2787657 83 
2788137 64 
2788406 62 
2788537 150 
2788537 68 
2788537 65
2788622 92 
2790082 103 
2790082 101 
2790589 100 
2790589 6
2790589 1501
2790589 10
2792589 25 
2792675 75 
2793081 72 
2793081 70 
2793682 80 
2793802 83 
2794281 64 
2794550 63 
2794681 150 
2794681 68 
2794681 65
2794746 92 
2796213 103 
2796213 101 
2796721 100 
2796721 6
2796721 1501
2796721 10
2798720 25 
2798806 75 
2799207 72 
2799207 70 
2799812 80 
2799932 83 
2800545 64 
2800799 63 
2800932 150 
2800932 68 
2800932 65
2801001 92 
2802462 103 
2802462 101 
2802977 100 
2802977 6
2802977 1501
2802977 11
2804975 25 
2805057 75 
2805459 72 
2805459 70 
2806450 80 
2806663 83 
2807649 64 
2808062 63 
2808275 153 
2808275 68 
2808275 65
2808339 92 
2809810 103 
2809810 101 
2810315 100 
2810315 6
2810315 1501
2810315 11
2812314 25 
2812387 75 
2812794 72 
2812794 70 
2813620 80 
2813820 83 
2814340 64 
2814766 63 
2814979 151 
2814979 69 
2815042 93 
2816517 103 
2816517 101 
2817331 100 
2817331 6
2817331 1501
2817331 10
2819333 25 
2819413 75 
2819814 72 
2819814 70 
2820644 80 
2820764 83 
2821177 64 
2821590 61 
2821723 151 
2821723 69 
2821788 93 
2822339 91 
2822735 91 
2822984 91 
2823255 103 
2823255 101 
2824063 100 
2824063 6
2824063 1501
2824063 11
2826062 25 
2829687 75 
2829836 73 
2830236 72 
2830236 70 
2831066 80 
2831266 83 
2832065 64 
2832998 62 
2833212 151 
2833212 69 
2833290 93 
2834754 103 
2834754 101 
2835565 100 
2835565 6
2835565 1501
2835565 11
2837563 25 
2847639 254 
2853128 75 
2853533 72 
2853533 70 
2854363 80 
2854563 83 
2856549 64 
2856975 61 
2857188 150 
2857188 68 
2857188 65
2857257 92 
2858149 90 
2858591 90 
2858721 103 
2858721 101 
2859228 100 
2859228 6
2859228 1501
2859228 11
2861228 25 
2861313 75 
2861716 72 
2861716 70 
2862546 80 
2862759 83 
2863279 64 
2863495 256 
2863706 61 
2863839 150 
2863839 68 
2863839 65
2863904 92 
2864271 90 
2864964 90 
2865369 103 
2865369 101 
2865881 100 
2865881 6
2865881 1501
2865881 10
2867879 25 
2867964 75 
2868371 72 
2868371 70 
2868997 80 
2869117 83 
2869610 64 
2869865 63 
2869996 150 
2869996 68 
2869996 65
2870074 92 
2870634 90 
2871480 90 
2871539 103 
2871539 101 
2872050 100 
2872050 6
2872050 1501
2872050 11
2874049 25 
2876088 75 
2876493 72 
2876493 70 
2877113 80 
2877233 83 
2878100 64 
2878475 62 
2878606 151 
2878606 69 
2878672 93 
2879239 91 
2879696 91 
2880038 91 
2880142 103 
2880142 101 
2880957 100 
2880957 6
2880957 1501
2880957 10
2882959 25 
2883037 75 
2883439 72 
2883439 70 
2884057 80 
2884177 83 
2884657 64 
2884923 61 
2885057 151 
2885057 69 
2885121 93 
2885661 91 
2885914 91 
2886338 91 
2886588 103 
2886588 101 
2887396 100 
2887396 6
2887396 1501
2887396 11
2889396 25 
2894254 75 
2896931 73 
2897237 72 
2897237 70 
2897731 250 
2898333 71 
2906314 71 
2906554 80 
2906688 83 
2913805 252 
2914073 63 
2914204 151 
2914204 69 
2914274 93 
2915739 103 
2915739 101 
2916544 100 
2916544 6
2916544 1501
2916544 10
2918544 25 
2918681 75 
2919081 72 
2919081 70 
2919695 80 
2919815 83 
2919949 64 
2920697 63 
2920828 153 
2920828 68 
2920828 65
2920898 92 
2922318 90 
2922358 103 
2922358 101 
2922866 100 
2922866 6
2922866 1501
2922866 10
2924867 25 
2925309 75 
2925710 72 
2925710 70 
2926319 80 
2926453 83 
2926692 76 
2926812 64 
2927081 62 
2927212 151 
2927212 69 
2927288 93 
2927682 91 
2928266 91 
2928708 91 
2928757 103 
2928757 101 
2929563 100 
2929563 6
2929563 1501
2929563 11
2931565 25 
2931646 75 
2932052 72 
2932052 70 
2932677 80 
2932797 83 
2933156 64 
2933543 61 
2933676 150 
2933676 68 
2933676 65
2933752 92 
2934181 90 
2935162 90 
2935220 103 
2935220 101 
2935733 100 
2935733 6
2935733 1501
2935733 11
2937731 25 
2937814 75 
2938217 72 
2938217 70 
2938834 80 
2938954 83 
2939314 64 
2939689 62 
2939820 150 
2939820 68 
2939820 65
2939898 92 
2940316 90 
2941311 90 
2941365 103 
2941365 101 
2941879 100 
2941879 6
2941879 1501
2941879 11
2943878 25 
2943958 75 
2944360 72 
2944360 70 
2944978 80 
2945098 83 
2945458 64 
2945714 62 
2945844 151 
2945844 69 
2945912 93 
2947378 103 
2947378 101 
2948182 100 
2948182 6
2948182 1501
2948182 10
2950185 25 
2957406 75 
2957811 72 
2957811 70 
2958439 80 
2958812 76 
2958946 250 
2959321 76 
2962571 76 
2962771 83 
2963770 64 
2963986 62 
2964117 151 
2964117 69 
2964183 93 
2965135 91 
2965391 91 
2965644 103 
2965644 101 
2966455 100 
2966455 6
2966455 1501
2966455 10
2968455 25 
2968535 75 
2968939 72 
2968939 70 
2969781 80 
2969994 83 
2970394 64 
2970743 62 
2970943 151 
2970943 69 
2971010 93 
2971683 91 
2972474 103 
2972474 101 
2973294 100 
2973294 6
2973294 1501
2973294 10
2975292 25 
2975372 75 
2975772 72 
2975772 70 
2976591 80 
2976791 83 
2977311 64 
2977658 61 
2977791 151 
2977791 69 
2977854 93 
2978404 91 
2979320 103 
2979320 101 
2980129 100 
2980129 6
2980129 1501
2980129 10
2982130 25 
2982209 75 
2982610 72 
2982610 70 
2983215 80 
2983335 83 
2983948 64 
2984082 62 
2984217 151 
2984217 69 
2984298 93 
2985214 91 
2985757 103 
2985757 101 
2986567 100 
2986567 6
2986567 1501
2986567 10
2988567 25 
2988646 75 
2989050 72 
2989050 70 
2989666 80 
2989786 83 
2990159 64 
2990548 62 
2990679 150 
2990679 68 
2990679 65
2990757 92 
2992222 103 
2992222 101 
2992271 102 
