0 100 
0 5
0 1507
0 11
1994 25 
2072 75 
2484 72 
2484 70 
3533 80 
3666 83 
4039 64 
4307 62 
4439 150 
4439 68 
4439 65
4513 92 
5970 103 
5970 101 
6477 100 
6477 5
6477 1507
6477 10
8479 25 
8568 75 
8970 72 
8970 70 
9583 80 
9703 83 
10063 64 
10452 62 
10596 153 
10596 68 
10596 65
10667 92 
11807 90 
12126 103 
12126 101 
12641 100 
12641 5
12641 1507
12641 10
14640 25 
14721 75 
15124 72 
15124 70 
15741 80 
15874 83 
16354 64 
16622 62 
16754 151 
16754 69 
16828 93 
18298 103 
18298 101 
19105 100 
19105 5
19105 1507
19105 11
21107 25 
21184 75 
21585 72 
21585 70 
22191 80 
22325 250 
23338 76 
23457 83 
23831 64 
24086 62 
24217 150 
24217 68 
24217 65
24283 92 
24814 90 
25749 103 
25749 101 
26256 100 
26256 5
26256 1507
26256 10
28256 25 
28328 75 
28732 72 
28732 70 
29322 80 
29455 83 
29841 64 
30589 62 
30721 150 
30721 68 
30721 65
30785 92 
32248 103 
32248 101 
32759 100 
32759 5
32759 1507
32759 11
34761 25 
34849 75 
35255 72 
35255 70 
35879 80 
36012 250 
36772 76 
37731 76 
37865 83 
38118 64 
38386 62 
38518 150 
38518 68 
38518 65
38586 92 
40048 103 
40048 101 
40555 100 
40555 5
40555 1507
40555 10
42557 25 
42629 75 
43034 72 
43034 70 
43649 80 
43769 83 
44009 64 
44277 61 
44408 151 
44408 69 
44474 93 
45093 91 
45539 91 
45919 91 
45939 103 
45939 101 
46751 100 
46751 5
46751 1507
46751 11
48748 25 
48826 75 
49229 72 
49229 70 
49833 80 
49966 83 
52605 64 
52873 62 
53005 150 
53005 68 
53005 65
53073 92 
54538 103 
54538 101 
55045 100 
55045 5
55045 1507
55045 10
57044 25 
57134 75 
57534 72 
57534 70 
58149 80 
58282 83 
58416 64 
58684 62 
58815 150 
58815 68 
58815 65
58896 92 
60356 103 
60356 101 
60866 100 
60866 5
60866 1507
60866 11
62868 25 
62946 75 
63349 72 
63349 70 
63960 80 
64093 83 
64226 64 
64484 62 
64613 150 
64613 68 
64613 65
64679 92 
66143 103 
66143 101 
66650 100 
66650 5
66650 1507
66650 10
68653 25 
68724 75 
69127 72 
69127 70 
69744 80 
69864 83 
70104 64 
70359 62 
70490 150 
70490 68 
70490 65
70555 92 
72021 103 
72021 101 
72531 100 
72531 5
72531 1507
72531 11
74527 25 
74607 75 
75010 72 
75010 70 
75622 80 
75742 83 
75875 64 
76143 62 
76275 150 
76275 68 
76275 65
76351 92 
77821 103 
77821 101 
78327 100 
78327 5
78327 1507
78327 11
80326 25 
80399 75 
80803 72 
80803 70 
81419 80 
81552 83 
81912 64 
82034 256 
82166 62 
82299 150 
82299 68 
82299 65
82364 92 
83830 103 
83830 101 
84338 100 
84338 5
84338 1507
84338 10
86342 25 
86428 75 
86830 72 
86830 70 
87430 80 
87550 83 
87670 64 
87938 62 
88070 150 
88070 68 
88070 65
88146 92 
89609 103 
89609 101 
90123 100 
90123 5
90123 1507
90123 10
92123 25 
92194 75 
92597 72 
92597 70 
93201 80 
93321 83 
93574 64 
93842 63 
93974 152 
93974 69 
94038 93 
95503 103 
95503 101 
96313 100 
96313 5
96313 1507
96313 11
98312 25 
98396 75 
98799 72 
98799 70 
99291 71 
99651 250 
100251 71 
100371 80 
100491 83 
100731 64 
100999 62 
101131 150 
101131 68 
101131 65
101199 92 
102661 103 
102661 101 
103170 100 
103170 5
103170 1507
103170 10
105167 25 
105247 75 
105649 72 
105649 70 
106555 80 
106675 83 
106795 64 
107890 62 
108021 151 
108021 69 
108083 93 
108426 91 
109554 103 
109554 101 
110359 100 
110359 5
110359 1507
110359 10
112360 25 
112446 75 
112847 72 
112847 70 
113459 80 
113579 83 
114658 64 
115300 62 
115431 151 
115431 69 
115493 93 
116962 103 
116962 101 
117769 100 
117769 5
117769 1507
117769 11
119770 25 
119849 75 
120256 72 
120256 70 
120869 80 
121002 250 
121855 76 
122841 76 
122975 83 
123214 64 
123350 62 
123494 150 
123494 68 
123494 65
123571 92 
125041 103 
125041 101 
125546 100 
125546 5
125546 1507
125546 11
127547 25 
127625 75 
128027 72 
128027 70 
128639 80 
128759 83 
129119 64 
129254 62 
129385 150 
129385 68 
129385 65
129454 92 
130919 103 
130919 101 
131425 100 
131425 5
131425 1507
131425 11
133426 25 
133500 75 
133906 72 
133906 70 
134530 80 
134650 83 
134903 64 
135171 62 
135303 150 
135303 68 
135303 65
135365 92 
136830 103 
136830 101 
137342 100 
137342 5
137342 1507
137342 10
139341 25 
139427 75 
139833 72 
139833 70 
140447 80 
140567 83 
141407 64 
141782 62 
141913 150 
141913 68 
141913 65
141989 92 
143455 103 
143455 101 
143965 100 
143965 5
143965 1507
143965 10
145966 25 
146038 75 
146442 72 
146442 70 
147044 80 
147164 83 
148017 64 
148272 62 
148404 151 
148404 69 
148465 93 
149933 103 
149933 101 
150744 100 
150744 5
150744 1507
150744 11
152742 25 
152828 75 
153233 72 
153233 70 
153828 80 
153948 83 
154068 64 
154336 62 
154468 150 
154468 68 
154468 65
154535 92 
155998 103 
155998 101 
156507 100 
156507 5
156507 1507
156507 10
158508 25 
158585 75 
158991 72 
158991 70 
159599 80 
159719 83 
160798 64 
161427 62 
161558 151 
161558 69 
161619 93 
162166 91 
163089 103 
163089 101 
163896 100 
163896 5
163896 1507
163896 10
165896 25 
166989 75 
167435 73 
167739 72 
167739 70 
168355 80 
168475 83 
168835 64 
171036 62 
171167 151 
171167 69 
171225 93 
171857 91 
172156 91 
172697 103 
172697 101 
173507 100 
173507 5
173507 1507
173507 11
175507 25 
175585 75 
175989 72 
175989 70 
176605 80 
176725 83 
177444 64 
177700 62 
177831 150 
177831 68 
177831 65
177894 92 
179362 103 
179362 101 
179869 100 
179869 5
179869 1507
179869 11
181870 25 
182451 75 
182852 72 
182852 70 
183468 80 
183588 83 
183842 64 
183977 62 
184122 152 
184122 69 
184184 93 
185430 91 
185514 91 
185652 103 
185652 101 
186459 100 
186459 5
186459 1507
186459 10
188461 25 
188557 75 
188962 72 
188962 70 
189586 80 
189706 83 
190426 64 
190921 63 
191052 150 
191052 68 
191052 65
191114 92 
192582 103 
192582 101 
193090 100 
193090 5
193090 1507
193090 11
195091 25 
195176 75 
195577 72 
195577 70 
196196 80 
196330 83 
196450 64 
196705 62 
196836 150 
196836 68 
196836 65
196903 92 
198370 103 
198370 101 
198876 100 
198876 5
198876 1507
198876 11
200876 25 
200947 75 
201351 72 
201351 70 
201954 80 
202074 250 
203766 76 
203887 83 
204006 64 
204381 62 
204513 150 
204513 68 
204513 65
204575 92 
206043 103 
206043 101 
206555 100 
206555 5
206555 1507
206555 10
208552 25 
208637 75 
209043 72 
209043 70 
209964 80 
210084 83 
210324 64 
210579 62 
210710 150 
210710 68 
210710 65
210778 92 
212241 103 
212241 101 
212750 100 
212750 5
212750 1507
212750 11
214751 25 
214823 75 
215225 72 
215225 70 
215841 80 
215974 83 
216108 64 
216363 62 
216494 150 
216494 68 
216494 65
216563 92 
218028 103 
218028 101 
218533 100 
218533 5
218533 1507
218533 11
220533 25 
220651 75 
221064 72 
221064 70 
221679 80 
221799 83 
222158 64 
222294 62 
222425 150 
222425 68 
222425 65
222491 92 
223959 103 
223959 101 
224464 100 
224464 5
224464 1507
224464 10
226464 25 
226536 75 
226936 72 
226936 70 
227556 80 
227690 83 
228049 64 
228318 63 
228449 150 
228449 68 
228449 65
228520 92 
229977 103 
229977 101 
230488 100 
230488 5
230488 1507
230488 11
232487 25 
232561 75 
232966 72 
232966 70 
233580 250 
234300 71 
234420 80 
234540 83 
234900 64 
235154 62 
235286 152 
235286 69 
235348 93 
236480 91 
236821 103 
236821 101 
237639 100 
237639 5
237639 1507
237639 10
239638 25 
239718 75 
240121 72 
240121 70 
240724 80 
240844 83 
241563 64 
242205 62 
242336 151 
242336 69 
242400 93 
242932 91 
243408 91 
243870 103 
243870 101 
244676 100 
244676 5
244676 1507
244676 11
246675 25 
248695 75 
249097 72 
249097 70 
249693 80 
249813 83 
249933 64 
250189 62 
250320 150 
250320 68 
250320 65
250387 92 
251854 103 
251854 101 
252372 100 
252372 5
252372 1507
252372 10
254373 25 
254458 75 
254868 72 
254868 70 
255464 80 
255584 83 
256304 64 
256559 62 
256690 150 
256690 68 
256690 65
256756 92 
258224 103 
258224 101 
258730 100 
258730 5
258730 1507
258730 10
260731 25 
260801 75 
261209 72 
261209 70 
261808 80 
261941 83 
262181 64 
262449 63 
262581 150 
262581 68 
262581 65
262657 92 
264127 103 
264127 101 
264631 100 
264631 5
264631 1507
264631 10
266636 25 
266724 75 
267131 72 
267131 70 
267752 80 
267885 83 
268019 64 
268274 62 
268405 150 
268405 68 
268405 65
268470 92 
269938 103 
269938 101 
270444 100 
270444 5
270444 1507
270444 10
272445 25 
272517 75 
272919 72 
272919 70 
273536 80 
273656 83 
273898 64 
274031 62 
274163 150 
274163 68 
274163 65
274243 92 
275704 103 
275704 101 
276216 100 
276216 5
276216 1507
276216 11
278215 25 
278289 75 
278690 72 
278690 70 
279307 80 
279427 83 
279667 64 
279936 62 
280067 152 
280067 69 
280131 93 
281237 91 
281596 103 
281596 101 
282412 100 
282412 1
282412 1507
282412 11
282412 78 
284410 25 
284786 75 
285069 73 
285376 72 
285376 70 
285998 80 
286118 83 
286957 64 
288585 61 
288716 151 
288716 69 
288779 93 
289183 91 
290247 103 
290247 101 
291057 100 
291057 1
291057 1507
291057 10
293055 25 
293239 75 
293643 72 
293643 70 
294262 80 
294394 83 
295713 64 
296329 62 
296460 151 
296460 69 
296525 93 
297196 91 
297776 91 
297994 103 
297994 101 
298801 100 
298801 1
298801 1507
298801 11
300799 25 
301051 75 
301732 73 
302034 72 
302034 70 
302631 80 
302750 83 
303603 64 
304232 62 
304363 151 
304363 69 
304433 93 
305538 91 
305905 103 
305905 101 
306716 100 
306716 1
306716 1507
306716 10
308716 25 
308796 75 
309201 72 
309201 70 
310161 80 
310281 83 
310880 64 
311136 62 
311267 151 
311267 69 
311332 93 
311830 91 
312800 103 
312800 101 
313604 100 
313604 1
313604 1507
313604 10
315607 25 
315685 75 
316087 72 
316087 70 
316704 80 
316824 83 
321143 64 
321889 62 
325154 151 
325154 69 
327018 91 
327031 93 
327031 103 
327031 101 
327841 100 
327841 1
327841 1507
327841 11
329840 25 
329918 75 
330323 72 
330323 70 
330938 80 
331058 83 
332031 64 
333019 62 
333151 151 
333151 69 
333216 93 
333690 91 
334683 103 
334683 101 
335488 100 
335488 1
335488 1507
335488 11
337490 25 
337569 75 
337969 72 
337969 70 
338588 80 
338708 83 
339788 64 
341403 62 
341534 151 
341534 69 
341602 93 
341966 91 
343063 103 
343063 101 
343874 100 
343874 1
343874 1507
343874 10
345874 25 
345956 75 
346361 72 
346361 70 
346971 80 
347091 83 
348891 64 
350838 62 
351225 150 
351225 68 
351225 65
351301 92 
352769 103 
352769 101 
353274 100 
353274 1
353274 1507
353274 11
355275 25 
355869 75 
356270 72 
356270 70 
356901 80 
357034 83 
357527 64 
358141 61 
358273 151 
358273 69 
358340 93 
358701 91 
359696 91 
359805 103 
359805 101 
360614 100 
360614 1
360614 1507
360614 11
362612 25 
362695 75 
363100 72 
363100 70 
363724 80 
363844 83 
364550 64 
365419 62 
365550 151 
365550 69 
365624 93 
366812 91 
367096 103 
367096 101 
367902 100 
367902 1
367902 1507
367902 10
369903 25 
370307 75 
370710 72 
370710 70 
371321 80 
371441 83 
372880 64 
373255 256 
373387 61 
373520 150 
373520 68 
373520 65
373584 92 
374076 90 
375052 103 
375052 101 
375557 100 
375557 1
375557 1507
375557 11
377560 25 
378283 75 
378686 72 
378686 70 
379306 80 
379677 250 
381410 76 
381530 83 
381770 64 
382025 62 
382156 151 
382156 69 
382217 93 
382792 91 
383660 91 
383685 103 
383685 101 
384501 100 
384501 1
384501 1507
384501 11
386502 25 
386587 75 
386993 72 
386993 70 
387607 80 
387727 83 
390486 64 
393193 62 
393325 153 
393325 68 
393325 65
393400 92 
393849 90 
394871 103 
394871 101 
395376 100 
395376 1
395376 1507
395376 11
397379 25 
397735 75 
398135 72 
398135 70 
398749 80 
398869 83 
399349 64 
399604 61 
399735 151 
399735 69 
399798 93 
400365 91 
400751 91 
401270 103 
401270 101 
402081 100 
402081 1
402081 1507
402081 10
404079 25 
404166 75 
404568 72 
404568 70 
405187 80 
405306 83 
407585 64 
408351 62 
408478 151 
408478 69 
408545 93 
409015 91 
409615 91 
409992 91 
410016 103 
410016 101 
410830 100 
410830 1
410830 1507
410830 10
412831 25 
412909 75 
413314 72 
413314 70 
414249 80 
414369 83 
415808 64 
416185 62 
416315 151 
416315 69 
416382 93 
416975 91 
417222 91 
417612 91 
417846 103 
417846 101 
418653 100 
418653 1
418653 1507
418653 10
420654 25 
421213 75 
421616 72 
421616 70 
422232 80 
422352 83 
423072 64 
424167 61 
424298 150 
424298 68 
424298 65
424367 92 
424893 90 
425829 103 
425829 101 
426338 100 
426338 1
426338 1507
426338 10
428337 25 
428899 75 
429301 72 
429301 70 
429936 80 
430056 83 
430309 64 
430444 62 
430575 150 
430575 68 
430575 65
430652 92 
432120 103 
432120 101 
432628 100 
432628 1
432628 1507
432628 11
434629 25 
434911 75 
435312 72 
435312 70 
435933 80 
436066 83 
438825 64 
439693 62 
439825 150 
439825 68 
439825 65
439889 92 
440313 90 
441358 103 
441358 101 
441863 100 
441863 1
441863 1507
441863 10
443867 25 
443955 75 
444360 72 
444360 70 
444983 80 
445102 83 
445702 64 
446197 62 
446329 152 
446329 69 
446405 93 
447880 103 
447880 101 
448697 100 
448697 1
448697 1507
448697 11
450696 25 
450772 75 
451176 72 
451176 70 
451780 80 
451900 83 
452979 64 
453487 62 
453619 150 
453619 68 
453619 65
453681 92 
454390 90 
455152 103 
455152 101 
455659 100 
455659 1
455659 1507
455659 10
457660 25 
457744 75 
458144 72 
458144 70 
458763 80 
458883 83 
460323 64 
461191 62 
461322 151 
461322 69 
461385 93 
462044 91 
462780 91 
462852 103 
462852 101 
463663 100 
463663 1
463663 1507
463663 11
465662 25 
465740 75 
466145 72 
466145 70 
466760 80 
466880 83 
467360 64 
467628 62 
467759 150 
467759 68 
467759 65
467828 92 
468500 90 
469289 103 
469289 101 
469802 100 
469802 1
469802 1507
469802 11
471799 25 
471889 75 
472295 72 
472295 70 
472877 80 
472997 83 
473237 64 
473372 62 
473504 150 
473504 68 
473504 65
473572 92 
475035 103 
475035 101 
475543 100 
475543 1
475543 1507
475543 10
477542 25 
477615 75 
478016 72 
478016 70 
478635 80 
478758 83 
479608 64 
479996 62 
480127 150 
480127 68 
480127 65
480204 92 
480652 90 
481671 103 
481671 101 
482179 100 
482179 1
482179 1507
482179 10
484181 25 
484270 75 
484672 72 
484672 70 
485272 80 
485392 83 
486951 64 
487446 62 
487578 150 
487578 68 
487578 65
487653 92 
488029 90 
489120 103 
489120 101 
489629 100 
489629 1
489629 1507
489629 11
491631 25 
491715 75 
492117 72 
492117 70 
492735 80 
492855 83 
493348 64 
493484 62 
493615 150 
493615 68 
493615 65
493678 92 
495144 103 
495144 101 
495653 100 
495653 1
495653 1507
495653 10
497654 25 
497747 75 
498151 72 
498151 70 
498773 80 
498893 83 
499146 76 
499506 64 
499774 62 
499906 150 
499906 68 
499906 65
499973 92 
500710 90 
501436 103 
501436 101 
501944 100 
501944 1
501944 1507
501944 11
503944 25 
504030 75 
504432 72 
504432 70 
505050 80 
505187 83 
505317 64 
505463 62 
505598 152 
505598 69 
505663 93 
506684 91 
507131 103 
507131 101 
507948 100 
507948 1
507948 1507
507948 10
509951 25 
510032 75 
510434 72 
510434 70 
511034 80 
511154 83 
513566 64 
514128 62 
514339 151 
514339 69 
514403 93 
514832 91 
514952 91 
515263 91 
515877 103 
515877 101 
516693 100 
516693 1
516693 1507
516693 11
518691 25 
518785 75 
519190 72 
519190 70 
519964 80 
520097 250 
520870 76 
521003 83 
521245 64 
521512 62 
521643 150 
521643 68 
521643 65
521705 92 
522298 90 
523176 103 
523176 101 
523687 100 
523687 1
523687 1507
523687 11
525685 25 
525767 75 
526173 72 
526173 70 
526787 80 
526907 83 
527507 64 
527776 62 
527907 150 
527907 68 
527907 65
527969 92 
529435 103 
529435 101 
529945 100 
529945 1
529945 1507
529945 10
531947 25 
532036 75 
532444 72 
532444 70 
533065 80 
533198 83 
533318 64 
534173 62 
534304 150 
534304 68 
534304 65
534364 92 
534785 90 
535833 103 
535833 101 
536343 100 
536343 1
536343 1507
536343 11
538344 25 
538417 75 
538819 72 
538819 70 
539435 80 
539555 83 
539795 64 
540063 62 
540195 150 
540195 68 
540195 65
540259 92 
541726 103 
541726 101 
542233 100 
542233 1
542233 1507
542233 10
544233 25 
544306 75 
544713 72 
544713 70 
545313 80 
545433 83 
546392 64 
546901 62 
547032 150 
547032 68 
547032 65
547110 92 
547488 90 
548577 103 
548577 101 
549083 100 
549083 6
549083 1507
549083 10
549083 78 
551084 25 
551156 75 
551557 72 
551557 70 
552163 80 
552283 83 
552643 64 
552912 62 
553043 151 
553043 69 
553123 93 
553562 91 
553919 91 
554587 103 
554587 101 
555395 100 
555395 6
555395 1507
555395 11
557395 25 
557554 75 
557956 72 
557956 70 
558574 80 
558694 83 
558947 64 
559082 62 
559213 151 
559213 69 
559279 93 
560745 103 
560745 101 
561554 100 
561554 6
561554 1507
561554 11
563552 25 
563633 75 
564034 72 
564034 70 
564651 80 
564771 83 
572448 64 
572583 62 
572714 151 
572714 69 
572783 93 
573596 91 
574244 103 
574244 101 
575053 100 
575053 6
575053 1507
575053 10
577053 25 
577131 75 
577534 72 
577534 70 
578152 80 
578272 83 
580418 64 
580675 62 
580804 153 
580804 68 
580804 65
580869 92 
582336 103 
582336 101 
582847 100 
582847 6
582847 1507
582847 10
584847 25 
584929 75 
585329 72 
585329 70 
585935 80 
586055 83 
590973 64 
591228 62 
591360 151 
591360 69 
591423 93 
591899 91 
592889 103 
592889 101 
593697 100 
593697 6
593697 1507
593697 10
595699 25 
595777 75 
596180 72 
596180 70 
596784 80 
596904 83 
600489 64 
601624 61 
601757 151 
601757 69 
601824 93 
603285 103 
603285 101 
604096 100 
604096 6
604096 1507
604096 11
606095 25 
606173 75 
606584 72 
606584 70 
607206 80 
607326 83 
607459 64 
607727 62 
607859 151 
607859 69 
607935 93 
608377 91 
609405 103 
609405 101 
610212 100 
610212 6
610212 1507
610212 10
612211 25 
612294 75 
612700 72 
612700 70 
613297 80 
613417 83 
614616 64 
615471 62 
615602 151 
615602 69 
615662 93 
616231 91 
616919 91 
617132 103 
617132 101 
617940 100 
617940 6
617940 1507
617940 11
619942 25 
620020 75 
620459 73 
620764 72 
620764 70 
621653 80 
621853 83 
625558 64 
625827 62 
625958 151 
625958 69 
626019 93 
627488 103 
627488 101 
628298 100 
628298 6
628298 1507
628298 11
630298 25 
630375 75 
630780 72 
630780 70 
631396 80 
631516 83 
637859 64 
640033 62 
640165 150 
640165 68 
640165 65
640237 92 
640779 90 
641707 103 
641707 101 
642218 100 
642218 6
642218 1507
642218 11
644217 25 
644290 75 
644697 72 
644697 70 
645310 80 
645430 83 
645669 64 
645927 62 
646056 150 
646056 68 
646056 65
646120 92 
646710 90 
647589 103 
647589 101 
648094 100 
648094 6
648094 1507
648094 10
650094 25 
650167 75 
650573 72 
650573 70 
651174 80 
651307 83 
655145 64 
656360 62 
657118 151 
657118 69 
657185 93 
658220 91 
658648 103 
658648 101 
659456 100 
659456 6
659456 1507
659456 11
661456 25 
663318 75 
663721 72 
663721 70 
664328 80 
664448 83 
664808 64 
665316 62 
665448 153 
665448 68 
665448 65
665516 92 
665979 90 
666978 103 
666978 101 
667485 100 
667485 6
667485 1507
667485 10
669488 25 
669572 75 
669975 72 
669975 70 
670579 80 
670699 83 
671058 64 
671554 62 
671685 151 
671685 69 
671750 93 
672115 91 
672667 91 
672868 91 
673217 103 
673217 101 
674024 100 
674024 6
674024 1507
674024 10
676024 25 
676103 75 
676506 72 
676506 70 
677123 80 
677243 83 
677962 64 
678470 61 
678602 151 
678602 69 
678665 93 
679454 91 
679906 91 
680134 103 
680134 101 
680942 100 
680942 6
680942 1507
680942 11
682942 25 
683022 75 
683429 73 
683731 72 
683731 70 
684333 80 
684453 83 
684933 64 
685068 62 
685199 151 
685199 69 
685261 93 
686642 91 
686726 103 
686726 101 
687537 100 
687537 6
687537 1507
687537 10
689539 25 
689616 75 
690018 72 
690018 70 
690623 80 
690743 83 
692782 64 
694517 62 
694648 150 
694648 68 
694648 65
694712 92 
695185 90 
696183 103 
696183 101 
696688 100 
696688 6
696688 1507
696688 11
698688 25 
698760 75 
699170 72 
699170 70 
699793 80 
699913 83 
700513 64 
701034 62 
701166 151 
701166 69 
701228 93 
702695 103 
702695 101 
703504 100 
703504 6
703504 1507
703504 10
705504 25 
705585 75 
705990 72 
705990 70 
706590 80 
706710 83 
707310 64 
707578 62 
707709 150 
707709 68 
707709 65
707773 92 
709242 103 
709242 101 
709748 100 
709748 6
709748 1507
709748 11
711749 25 
711825 75 
712227 72 
712227 70 
712841 80 
712960 83 
713907 64 
715975 62 
716106 150 
716106 68 
716106 65
716177 92 
716763 90 
717649 103 
717649 101 
718158 100 
718158 6
718158 1507
718158 10
720158 25 
720243 75 
720650 72 
720650 70 
721264 80 
721477 83 
724849 64 
726343 62 
726475 151 
726475 69 
726847 91 
726858 93 
727744 91 
728007 103 
728007 101 
728813 100 
728813 6
728813 1507
728813 11
730815 25 
730892 75 
731294 72 
731294 70 
731899 80 
732019 83 
733818 64 
735845 61 
735977 150 
735977 68 
735977 65
736254 90 
736263 92 
737509 103 
737509 101 
738016 100 
738016 6
738016 1507
738016 10
740016 25 
740102 75 
740503 72 
740503 70 
741108 80 
741228 83 
742548 64 
742803 62 
742934 152 
742934 69 
743009 93 
744481 103 
744481 101 
745287 100 
745287 6
745287 1507
745287 10
747287 25 
747365 75 
747771 72 
747771 70 
748372 80 
748492 83 
749825 64 
751759 62 
751890 151 
751890 69 
751951 93 
753087 91 
753421 103 
753421 101 
754229 100 
754229 6
754229 1507
754229 11
756230 25 
756308 75 
756715 72 
756715 70 
757328 80 
757448 83 
762726 64 
765180 62 
765833 150 
765833 68 
765833 65
765894 92 
767234 90 
767363 103 
767363 101 
767870 100 
767870 6
767870 1507
767870 10
769870 25 
769943 75 
770349 72 
770349 70 
770962 80 
771095 83 
771935 64 
772447 62 
772575 151 
772575 69 
772637 93 
773057 91 
774108 103 
774108 101 
774928 100 
774928 6
774928 1507
774928 10
776927 25 
777010 75 
777414 72 
777414 70 
778026 80 
778146 83 
779225 64 
780931 62 
781064 151 
781064 69 
781128 93 
781605 91 
782592 103 
782592 101 
783402 100 
783402 6
783402 1507
783402 11
785403 25 
785487 75 
785889 72 
785889 70 
786502 80 
786639 83 
789061 64 
790062 62 
790194 150 
790194 68 
790194 65
790270 92 
790809 90 
791735 103 
791735 101 
792246 100 
792246 6
792246 1507
792246 11
794247 25 
794337 75 
794740 72 
794740 70 
795338 80 
795458 83 
795818 64 
796580 62 
796711 150 
796711 68 
796711 65
796775 92 
797455 90 
798245 103 
798245 101 
798749 100 
798749 6
798749 1507
798749 11
800751 25 
800823 75 
801227 72 
801227 70 
801829 80 
801949 83 
802189 64 
802457 62 
802589 150 
802589 68 
802589 65
802664 92 
803406 90 
804134 103 
804134 101 
804642 100 
804642 6
804642 1507
804642 10
806642 25 
806731 75 
807135 72 
807135 70 
807746 80 
807866 83 
809306 64 
809681 62 
809812 150 
809812 68 
809812 65
809894 92 
811358 103 
811358 101 
811866 100 
811866 6
811866 1507
811866 11
813863 25 
813954 75 
814359 72 
814359 70 
814957 80 
815076 83 
815556 64 
816052 62 
816183 150 
816183 68 
816183 65
816259 92 
817425 90 
817729 103 
817729 101 
818236 100 
818236 6
818236 1507
818236 10
820238 25 
820321 75 
820727 72 
820727 70 
821447 80 
821660 83 
823460 76 
824299 64 
824676 62 
824806 150 
824806 68 
824806 65
824876 92 
826334 103 
826334 101 
826846 100 
826846 6
826846 1507
826846 10
828844 25 
828917 75 
829321 72 
829321 70 
829923 80 
830057 83 
831856 64 
833231 61 
833349 151 
833349 69 
833415 93 
833971 91 
834880 103 
834880 101 
835693 100 
835693 6
835693 1507
835693 10
837691 25 
837767 75 
838172 72 
838172 70 
838773 80 
838893 83 
839986 64 
841960 62 
842091 153 
842091 68 
842091 65
842152 92 
842712 90 
843620 103 
843620 101 
844131 100 
844131 6
844131 1507
844131 10
846130 25 
846209 75 
846612 72 
846612 70 
847223 80 
847343 83 
849022 64 
849395 62 
849530 150 
849530 68 
849530 65
849604 92 
851070 103 
851070 101 
851584 100 
851584 6
851584 1507
851584 11
853583 25 
853671 75 
854076 72 
854076 70 
854686 80 
854806 83 
855299 64 
856914 61 
857045 150 
857045 68 
857045 65
857109 92 
857652 90 
858573 103 
858573 101 
859083 100 
859083 6
859083 1507
859083 11
861086 25 
861158 75 
861563 72 
861563 70 
862176 80 
862309 83 
862549 64 
862805 62 
862936 150 
862936 68 
862936 65
862999 92 
863682 90 
864469 103 
864469 101 
864975 100 
864975 6
864975 1507
864975 11
866976 25 
867060 75 
867466 72 
867466 70 
868080 80 
868200 83 
868453 64 
868589 62 
868720 150 
868720 68 
868720 65
868783 92 
870250 103 
870250 101 
870759 100 
870759 6
870759 1507
870759 11
872760 25 
872845 75 
873247 72 
873247 70 
873864 80 
874104 250 
875837 76 
877078 76 
877196 83 
877330 64 
877705 62 
877836 150 
877836 68 
877836 65
877911 92 
878423 90 
879382 103 
879382 101 
879890 100 
879890 6
879890 1507
879890 11
881889 25 
881965 75 
882369 72 
882369 70 
883460 250 
884060 71 
884313 71 
884433 80 
884553 83 
885393 64 
885635 62 
885766 150 
885766 68 
885766 65
885831 92 
886612 90 
887293 103 
887293 101 
887805 100 
887805 6
887805 1507
887805 10
889805 25 
889891 75 
890293 72 
890293 70 
890912 80 
891030 83 
891390 64 
891645 62 
891777 150 
891777 68 
891777 65
891852 92 
893320 103 
893320 101 
893831 100 
893831 6
893831 1507
893831 11
895832 25 
895918 75 
896319 72 
896319 70 
896935 80 
897055 83 
897788 64 
898309 61 
898441 150 
898441 68 
898441 65
898503 92 
898894 90 
899970 103 
899970 101 
900480 100 
900480 6
900480 1507
900480 10
902479 25 
902556 75 
902678 73 
903081 72 
903081 70 
903692 80 
903812 83 
905971 64 
906372 62 
906504 150 
906504 68 
906504 65
906579 92 
908045 103 
908045 101 
908555 100 
908555 6
908555 1507
908555 11
910556 25 
910629 75 
911031 72 
911031 70 
911648 80 
911768 83 
912608 64 
912983 62 
913114 150 
913114 68 
913114 65
913178 92 
913693 90 
914649 103 
914649 101 
915166 100 
915166 6
915166 1507
915166 11
917166 25 
917252 75 
917656 72 
917656 70 
918259 80 
918379 83 
918738 64 
919127 61 
919258 150 
919258 68 
919258 65
919320 92 
919758 90 
920792 103 
920792 101 
921307 100 
921307 3
921307 1507
921307 11
921307 78 
923308 25 
923493 75 
923894 72 
923894 70 
924803 80 
924923 83 
925282 64 
925658 62 
925789 151 
925789 69 
925852 93 
926403 91 
927064 91 
927319 103 
927319 101 
928127 100 
928127 3
928127 1507
928127 11
930129 25 
930206 75 
930613 72 
930613 70 
931226 80 
931346 83 
933039 64 
934401 62 
934532 153 
934532 68 
934532 65
934596 92 
935089 90 
936060 103 
936060 101 
936572 100 
936572 3
936572 1507
936572 10
938570 25 
938661 75 
939069 72 
939069 70 
939689 80 
939823 83 
940782 64 
941653 62 
941782 150 
941782 68 
941782 65
941851 92 
942383 90 
943316 103 
943316 101 
943822 100 
943822 3
943822 1507
943822 10
945822 25 
945906 75 
946309 72 
946309 70 
946913 80 
947033 83 
947273 64 
947541 62 
947673 150 
947673 68 
947673 65
947741 92 
949203 103 
949203 101 
949711 100 
949711 3
949711 1507
949711 10
951714 25 
951801 75 
952086 73 
952387 72 
952387 70 
953006 80 
953137 83 
953270 64 
953526 62 
953657 150 
953657 68 
953657 65
953720 92 
955188 103 
955188 101 
955696 100 
955696 3
955696 1507
955696 10
957697 25 
957781 75 
958187 72 
958187 70 
958801 80 
959178 250 
959921 76 
960669 76 
960800 83 
961174 64 
961442 62 
961573 150 
961573 68 
961573 65
961637 92 
962226 90 
963102 103 
963102 101 
963614 100 
963614 3
963614 1507
963614 11
965613 25 
965702 75 
966104 72 
966104 70 
966733 80 
966851 83 
967091 64 
967479 62 
967611 151 
967611 69 
967686 93 
968200 91 
968652 91 
969163 103 
969163 101 
969977 100 
969977 3
969977 1507
969977 11
971977 25 
972524 75 
972928 72 
972928 70 
973531 80 
973662 83 
974141 64 
974396 62 
974528 151 
974528 69 
974594 93 
975048 91 
976057 103 
976057 101 
976866 100 
976866 3
976866 1507
976866 10
978867 25 
978952 75 
979358 72 
979358 70 
979965 80 
980085 83 
980219 64 
981567 62 
981698 150 
981698 68 
981698 65
981763 92 
982301 90 
983227 103 
983227 101 
983739 100 
983739 3
983739 1507
983739 11
985736 25 
985809 75 
986211 72 
986211 70 
986816 80 
986936 83 
988135 64 
988524 63 
988655 150 
988655 68 
988655 65
988719 92 
990186 103 
990186 101 
990694 100 
990694 3
990694 1507
990694 11
992695 25 
992780 75 
993184 72 
993184 70 
993786 80 
993906 83 
994866 64 
995121 62 
995252 153 
995252 68 
995252 65
995315 92 
995910 90 
996782 103 
996782 101 
997292 100 
997292 3
997292 1507
997292 10
999290 25 
999363 75 
999767 72 
999767 70 
1000383 80 
1000503 83 
1000983 64 
1001238 62 
1001370 151 
1001370 69 
1001431 93 
1001987 91 
1002902 103 
1002902 101 
1003709 100 
1003709 3
1003709 1507
1003709 11
1005708 25 
1005787 75 
1006193 72 
1006193 70 
1006807 80 
1006927 83 
1007300 64 
1008288 62 
1008420 151 
1008420 69 
1008478 93 
1009954 103 
1009954 101 
1010758 100 
1010758 3
1010758 1507
1010758 10
1012759 25 
1012837 75 
1013239 72 
1013239 70 
1013844 80 
1013966 83 
1014564 64 
1015445 62 
1015577 150 
1015577 68 
1015577 65
1015641 92 
1016184 90 
1017109 103 
1017109 101 
1017614 100 
1017614 3
1017614 1507
1017614 10
1019615 25 
1019689 75 
1020093 72 
1020093 70 
1020695 80 
1020828 83 
1021068 64 
1021336 62 
1021468 150 
1021468 68 
1021468 65
1021531 92 
1023002 103 
1023002 101 
1023520 100 
1023520 3
1023520 1507
1023520 10
1025521 25 
1025615 75 
1026015 72 
1026015 70 
1026865 80 
1027065 83 
1027185 64 
1027320 62 
1027452 150 
1027452 68 
1027452 65
1027520 92 
1028149 90 
1028981 103 
1028981 101 
1029490 100 
1029490 3
1029490 1507
1029490 11
1031490 25 
1031568 75 
1031975 72 
1031975 70 
1032583 80 
1032716 83 
1033076 64 
1033718 62 
1033849 151 
1033849 69 
1033919 93 
1034380 91 
1035395 103 
1035395 101 
1036204 100 
1036204 3
1036204 1507
1036204 11
1038203 25 
1038703 75 
1038934 73 
1039239 72 
1039239 70 
1039846 80 
1039966 83 
1041046 64 
1041554 62 
1041686 151 
1041686 69 
1041747 93 
1042748 91 
1043220 103 
1043220 101 
1044025 100 
1044025 3
1044025 1507
1044025 10
1046025 25 
1046103 75 
1046509 72 
1046509 70 
1047110 80 
1047230 83 
1048189 64 
1049670 62 
1049802 150 
1049802 68 
1049802 65
1049862 92 
1050351 90 
1050375 90 
1051333 103 
1051333 101 
1051842 100 
1051842 3
1051842 1507
1051842 11
1053841 25 
1054495 75 
1054897 72 
1054897 70 
1055506 80 
1055626 83 
1056106 64 
1057334 61 
1057465 151 
1057465 69 
1057530 93 
1058518 91 
1058996 103 
1058996 101 
1059804 100 
1059804 3
1059804 1507
1059804 10
1061806 25 
1061883 75 
1062288 72 
1062288 70 
1062890 80 
1063010 83 
1063489 64 
1063625 62 
1063756 150 
1063756 68 
1063756 65
1063819 92 
1065289 103 
1065289 101 
1065799 100 
1065799 3
1065799 1507
1065799 11
1067796 25 
1067886 75 
1068288 72 
1068288 70 
1068901 80 
1069021 83 
1069620 64 
1069996 63 
1070127 150 
1070127 68 
1070127 65
1070192 92 
1071657 103 
1071657 101 
1072165 100 
1072165 3
1072165 1507
1072165 11
1074165 25 
1074239 75 
1074645 72 
1074645 70 
1075258 80 
1075378 83 
1075991 64 
1076366 62 
1076497 151 
1076497 69 
1076561 93 
1077010 91 
1078031 103 
1078031 101 
1078835 100 
1078835 3
1078835 1507
1078835 10
1080837 25 
1087138 75 
1087510 73 
1087868 73 
1088173 72 
1088173 70 
1088785 80 
1088905 83 
1089745 64 
1090507 62 
1090638 150 
1090638 68 
1090638 65
1090703 92 
1091262 90 
1092171 103 
1092171 101 
1092676 100 
1092676 3
1092676 1507
1092676 10
1094680 25 
1094762 75 
1095163 72 
1095163 70 
1095782 80 
1095916 250 
1097795 76 
1097928 83 
1098181 64 
1098450 62 
1098581 150 
1098581 68 
1098581 65
1098644 92 
1100114 103 
1100114 101 
1100620 100 
1100620 3
1100620 1507
1100620 10
1102621 25 
1103245 75 
1103751 73 
1104058 72 
1104058 70 
1104672 80 
1104805 83 
1105045 64 
1105180 62 
1105311 152 
1105311 69 
1105377 93 
1106159 91 
1106800 91 
1106845 103 
1106845 101 
1107651 100 
1107651 3
1107651 1507
1107651 11
1109651 25 
1109729 75 
1110132 72 
1110132 70 
1110749 80 
1110869 83 
1111615 64 
1113616 61 
1113735 151 
1113735 69 
1113799 93 
1114284 91 
1115267 103 
1115267 101 
1116071 100 
1116071 3
1116071 1507
1116071 11
1118073 25 
1122849 75 
1125052 73 
1125360 72 
1125360 70 
1125969 80 
1126089 83 
1126782 64 
1127454 62 
1127649 150 
1127649 68 
1127649 65
1127724 92 
1129194 103 
1129194 101 
1129700 100 
1129700 3
1129700 1507
1129700 11
1131700 25 
1131852 75 
1132254 72 
1132254 70 
1133100 80 
1133313 83 
1134512 64 
1134767 62 
1134899 150 
1134899 68 
1134899 65
1134962 92 
1136431 103 
1136431 101 
1136936 100 
1136936 3
1136936 1507
1136936 11
1138939 25 
1139024 75 
1139429 72 
1139429 70 
1140043 80 
1140163 83 
1140403 64 
1140672 63 
1140805 150 
1140805 68 
1140805 65
1140872 92 
1142341 103 
1142341 101 
1142855 100 
1142855 3
1142855 1507
1142855 10
1144856 25 
1144927 75 
1145331 72 
1145331 70 
1145934 80 
1146054 83 
1147014 64 
1147909 62 
1148040 150 
1148040 68 
1148040 65
1148102 92 
1148632 90 
1149569 103 
1149569 101 
1150078 100 
1150078 3
1150078 1507
1150078 11
1152078 25 
1152239 75 
1152641 72 
1152641 70 
1153277 80 
1153397 83 
1155077 64 
1157770 62 
1157902 151 
1157902 69 
1157978 93 
1158486 91 
1159447 103 
1159447 101 
1160255 100 
1160255 3
1160255 1507
1160255 10
1162254 25 
1162333 75 
1162740 72 
1162740 70 
1163353 80 
1163473 83 
1164206 64 
1164595 62 
1164726 150 
1164726 68 
1164726 65
1164791 92 
1165308 90 
1166260 103 
1166260 101 
1166766 100 
1166766 3
1166766 1507
1166766 10
1168765 25 
1168844 75 
1169247 72 
1169247 70 
1169857 80 
1169990 83 
1170244 64 
1170499 62 
1170630 150 
1170630 68 
1170630 65
1170693 92 
1172164 103 
1172164 101 
1172682 100 
1172682 3
1172682 1507
1172682 10
1174683 25 
1174761 75 
1175164 72 
1175164 70 
1175774 80 
1175908 83 
1176148 64 
1176282 62 
1176414 152 
1176414 69 
1176483 93 
1177945 103 
1177945 101 
1178752 100 
1178752 3
1178752 1507
1178752 10
1180753 25 
1180839 75 
1181241 72 
1181241 70 
1181852 80 
1181985 83 
1185464 64 
1186105 62 
1186237 151 
1186237 69 
1186312 93 
1186711 91 
1187009 91 
1187178 91 
1187572 91 
1187657 91 
1187781 103 
1187781 101 
1188587 100 
1188587 3
1188587 1507
1188587 11
1190590 25 
1190672 75 
1191231 73 
1191541 72 
1191541 70 
1192167 80 
1192301 83 
1193380 64 
1194249 62 
1194380 151 
1194380 69 
1194619 91 
1194628 93 
1195909 103 
1195909 101 
1196716 100 
1196716 3
1196716 1507
1196716 10
1198718 25 
1206051 75 
1206456 72 
1206456 70 
1207068 80 
1207201 83 
1209640 64 
1210015 256 
1210146 62 
1210280 152 
1210280 69 
1210343 93 
1211506 91 
1211810 103 
1211810 101 
1212617 100 
1212617 3
1212617 1507
1212617 10
1214620 25 
1215130 75 
1215537 72 
1215537 70 
1216144 80 
1216264 83 
1216997 64 
1218025 61 
1218156 151 
1218156 69 
1218214 93 
1218757 91 
1219691 103 
1219691 101 
1220496 100 
1220496 3
1220496 1507
1220496 10
1222498 25 
1222579 75 
1222980 72 
1222980 70 
1223607 80 
1223740 83 
1225073 64 
1225702 61 
1225833 151 
1225833 69 
1225897 93 
1227363 103 
1227363 101 
1228172 100 
1228172 3
1228172 1507
1228172 11
1230171 25 
1230930 75 
1231336 72 
1231336 70 
1231954 80 
1232070 83 
1234443 64 
1235310 62 
1235442 150 
1235442 68 
1235442 65
1235506 92 
1236976 103 
1236976 101 
1237481 100 
1237481 3
1237481 1507
1237481 10
1239482 25 
1239567 75 
1239971 72 
1239971 70 
1240587 80 
1240707 83 
1241906 64 
1242428 62 
1242559 150 
1242559 68 
1242559 65
1242623 92 
1243092 90 
1244089 103 
1244089 101 
1244597 100 
1244597 3
1244597 1507
1244597 11
1246597 25 
1246688 75 
1247090 72 
1247090 70 
1247703 80 
1247823 83 
1249023 64 
1249280 62 
1249409 150 
1249409 68 
1249409 65
1249474 92 
1250941 103 
1250941 101 
1251447 100 
1251447 3
1251447 1507
1251447 11
1253449 25 
1253520 75 
1253925 72 
1253925 70 
1254541 80 
1254661 83 
1256473 64 
1257235 62 
1257369 151 
1257369 69 
1257432 93 
1257821 91 
1258899 103 
1258899 101 
1259704 100 
1259704 3
1259704 1507
1259704 11
1261705 25 
1264754 75 
1265158 72 
1265158 70 
1265776 80 
1265896 83 
1266629 64 
1267750 62 
1268269 151 
1268269 69 
1268889 91 
1268902 93 
1269812 103 
1269812 101 
1270622 100 
1270622 3
1270622 1507
1270622 10
1272619 25 
1272859 75 
1273263 72 
1273263 70 
1273879 80 
1274012 83 
1274852 64 
1275347 62 
1275733 150 
1275733 68 
1275733 65
1275804 92 
1276274 90 
1277271 103 
1277271 101 
1277783 100 
1277783 3
1277783 1507
1277783 10
1279783 25 
1280824 75 
1281225 72 
1281225 70 
1281849 80 
1281969 83 
1282568 64 
1282970 62 
1283102 150 
1283102 68 
1283102 65
1283164 92 
1284632 103 
1284632 101 
1285142 100 
1285142 3
1285142 1507
1285142 10
1287140 25 
1287213 75 
1287617 72 
1287617 70 
1288246 80 
1288366 83 
1288606 64 
1288874 62 
1289006 150 
1289006 68 
1289006 65
1289071 92 
1290534 103 
1290534 101 
1291045 100 
1291045 3
1291045 1507
1291045 11
1293046 25 
1293254 75 
1293561 73 
1293872 72 
1293872 70 
1294497 80 
1294617 83 
1295096 64 
1295352 62 
1295483 150 
1295483 68 
1295483 65
1295561 92 
1297027 103 
1297027 101 
1297534 100 
1297534 3
1297534 1507
1297534 11
1299536 25 
1299621 75 
1300027 72 
1300027 70 
1300627 80 
1300747 83 
1301107 64 
1301362 62 
1301494 150 
1301494 68 
1301494 65
1301570 92 
1303036 103 
1303036 101 
1303547 100 
1303547 3
1303547 1507
1303547 10
1305545 25 
1305623 75 
1306031 72 
1306031 70 
1306651 80 
1306772 83 
1307131 64 
1307639 62 
1307771 150 
1307771 68 
1307771 65
1307837 92 
1309301 103 
1309301 101 
1309811 100 
1309811 3
1309811 1507
1309811 10
1311810 25 
1311883 75 
1312289 72 
1312289 70 
1312889 80 
1313009 83 
1313249 64 
1313384 62 
1313515 152 
1313515 69 
1313576 93 
1315048 103 
1315048 101 
1315866 100 
1315866 3
1315866 1507
1315866 11
1317867 25 
1317948 75 
1318352 72 
1318352 70 
1318966 80 
1319086 83 
1321725 64 
1321993 62 
1322125 150 
1322125 68 
1322125 65
1322191 92 
1323659 103 
1323659 101 
1324164 100 
1324164 3
1324164 1507
1324164 11
1326164 25 
1326303 75 
1326826 73 
1327128 72 
1327128 70 
1327736 80 
1327869 83 
1329908 64 
1331403 61 
1331534 151 
1331534 69 
1331598 93 
1332729 91 
1333064 103 
1333064 101 
1333872 100 
1333872 3
1333872 1507
1333872 10
1335874 25 
1342293 75 
1342697 72 
1342697 70 
1343622 80 
1343742 83 
1344822 64 
1345555 62 
1345688 150 
1345688 68 
1345688 65
1345754 92 
1347220 103 
1347220 101 
1347726 100 
1347726 3
1347726 1507
1347726 11
1349727 25 
1350416 75 
1350818 72 
1350818 70 
1351432 80 
1351552 83 
1352152 64 
1352407 62 
1352538 150 
1352538 68 
1352538 65
1352614 92 
1354081 103 
1354081 101 
1354591 100 
1354591 3
1354591 1507
1354591 11
1356592 25 
1356663 75 
1357068 72 
1357068 70 
1357683 80 
1357803 83 
1358163 64 
1358298 62 
1358432 150 
1358432 68 
1358432 65
1358507 92 
1359973 103 
1359973 101 
1360480 100 
1360480 3
1360480 1507
1360480 11
1362482 25 
1362555 75 
1362960 72 
1362960 70 
1363574 80 
1363694 83 
1364773 64 
1364908 62 
1365040 150 
1365040 68 
1365040 65
1365104 92 
1366574 103 
1366574 101 
1367091 100 
1367091 3
1367091 1507
1367091 10
1369093 25 
1369423 75 
1369691 73 
1370002 72 
1370002 70 
1370624 250 
1370864 71 
1371104 80 
1371224 83 
1372303 64 
1372812 62 
1372943 152 
1372943 69 
1373005 93 
1374170 91 
1374464 91 
1374477 103 
1374477 101 
1375294 100 
1375294 3
1375294 1507
1375294 11
1377297 25 
1377374 75 
1377776 72 
1377776 70 
1378381 80 
1378501 83 
1380060 64 
1381781 62 
1382047 151 
1382047 69 
1382107 93 
1383163 91 
1383576 103 
1383576 101 
1384384 100 
1384384 3
1384384 1507
1384384 10
1386384 25 
1387365 75 
1387593 73 
1393019 73 
1393425 72 
1393425 70 
1394040 80 
1394160 83 
1394520 64 
1396826 63 
1396959 151 
1396959 69 
1397023 93 
1397457 91 
1398490 103 
1398490 101 
1399298 100 
1399298 3
1399298 1507
1399298 11
1401299 25 
1401377 75 
1401779 72 
1401779 70 
1402384 80 
1402503 83 
1403343 64 
1403732 62 
1403863 151 
1403863 69 
1403922 93 
1405394 103 
1405394 101 
1406201 100 
1406201 3
1406201 1507
1406201 10
1408202 25 
1408285 75 
1408690 72 
1408690 70 
1409287 80 
1409407 83 
1410247 64 
1410755 62 
1410887 150 
1410887 68 
1410887 65
1410954 92 
1411532 90 
1412419 103 
1412419 101 
1412924 100 
1412924 3
1412924 1507
1412924 10
1414926 25 
1415344 75 
1415592 73 
1415892 72 
1415892 70 
1416511 80 
1416644 83 
1417137 76 
1417857 64 
1418843 62 
1418979 151 
1418979 69 
1419047 93 
1420523 103 
1420523 101 
1421329 100 
1421329 3
1421329 1507
1421329 11
1423330 25 
1423407 75 
1423808 72 
1423808 70 
1424414 80 
1424534 83 
1425853 64 
1426108 62 
1426240 150 
1426240 68 
1426240 65
1426309 92 
1427769 103 
1427769 101 
1428281 100 
1428281 3
1428281 1507
1428281 10
1430280 25 
1430369 75 
1430770 72 
1430770 70 
1431384 80 
1431504 83 
1432584 64 
1432852 62 
1432984 150 
1432984 68 
1432984 65
1433048 92 
1433727 90 
1434522 103 
1434522 101 
1435035 100 
1435035 3
1435035 1507
1435035 10
1437036 25 
1437108 75 
1437510 72 
1437510 70 
1438115 80 
1438355 250 
1439234 76 
1439368 83 
1439621 64 
1439890 62 
1440021 150 
1440021 68 
1440021 65
1440086 92 
1441554 103 
1441554 101 
1442061 100 
1442061 3
1442061 1507
1442061 10
1444059 25 
1444132 75 
1444534 72 
1444534 70 
1445445 80 
1445578 250 
1446338 76 
1446471 83 
1446711 64 
1446967 62 
1447098 152 
1447098 69 
1447159 93 
1447877 91 
1448586 91 
1448628 103 
1448628 101 
1449436 100 
1449436 3
1449436 1507
1449436 11
1451435 25 
1451515 75 
1451918 72 
1451918 70 
1452535 80 
1452655 83 
1454574 64 
1454843 62 
1454974 150 
1454974 68 
1454974 65
1455050 92 
1456520 103 
1456520 101 
1457026 100 
1457026 3
1457026 1507
1457026 10
1459027 25 
1459116 75 
1459521 72 
1459521 70 
1460132 80 
1460265 83 
1461238 64 
1461853 62 
1461985 150 
1461985 68 
1461985 65
1462049 92 
1462542 90 
1463518 103 
1463518 101 
1464038 100 
1464038 3
1464038 1507
1464038 11
1466038 25 
1466126 75 
1466534 72 
1466534 70 
1467156 80 
1467276 83 
1467636 64 
1468157 62 
1468288 150 
1468288 68 
1468288 65
1468365 92 
1468989 90 
1469830 103 
1469830 101 
1470341 100 
1470341 3
1470341 1507
1470341 10
1472341 25 
1472413 75 
1472818 72 
1472818 70 
1473433 80 
1473566 83 
1473806 64 
1474688 62 
1474819 150 
1474819 68 
1474819 65
1474884 92 
1475367 90 
1476350 103 
1476350 101 
1476857 100 
1476857 3
1476857 1507
1476857 10
1478858 25 
1478937 75 
1479339 72 
1479339 70 
1479950 80 
1480070 83 
1480190 64 
1480446 62 
1480577 150 
1480577 68 
1480577 65
1480639 92 
1482110 103 
1482110 101 
1482617 100 
1482617 3
1482617 1507
1482617 11
1484617 25 
1484701 75 
1485104 72 
1485104 70 
1485721 80 
1485841 83 
1486201 64 
1486482 63 
1486616 150 
1486616 68 
1486616 65
1486678 92 
1488147 103 
1488147 101 
1488654 100 
1488654 3
1488654 1507
1488654 11
1490652 25 
1490739 75 
1491140 72 
1491140 70 
1491758 80 
1491878 83 
1492132 64 
1492400 62 
1492531 150 
1492531 68 
1492531 65
1492597 92 
1494059 103 
1494059 101 
1494570 100 
1494570 3
1494570 1507
1494570 11
1496570 25 
1496645 75 
1497052 72 
1497052 70 
1497663 80 
1497782 83 
1498502 64 
1498638 62 
1498769 150 
1498769 68 
1498769 65
1498846 92 
1500316 103 
1500316 101 
1500821 100 
1500821 3
1500821 1507
1500821 11
1502822 25 
1502912 75 
1503316 72 
1503316 70 
1503913 80 
1504033 83 
1504873 64 
1505501 62 
1505632 151 
1505632 69 
1505689 93 
1506327 91 
1506608 91 
1506888 91 
1507165 103 
1507165 101 
1507970 100 
1507970 3
1507970 1507
1507970 10
1509971 25 
1510050 75 
1510456 72 
1510456 70 
1511070 80 
1511190 83 
1512883 64 
1513511 62 
1513642 150 
1513642 68 
1513642 65
1513705 92 
1514127 90 
1515173 103 
1515173 101 
1515687 100 
1515687 3
1515687 1507
1515687 10
1517685 25 
1517768 75 
1518170 72 
1518170 70 
1518773 80 
1518893 83 
1519147 64 
1519282 62 
1519413 150 
1519413 68 
1519413 65
1519478 92 
1520947 103 
1520947 101 
1521450 100 
1521450 3
1521450 1507
1521450 11
1523454 25 
1523538 75 
1523945 72 
1523945 70 
1524558 80 
1524678 83 
1525037 64 
1525770 62 
1525906 151 
1525906 69 
1525974 93 
1526531 91 
1527337 91 
1527448 103 
1527448 101 
1528255 100 
1528255 3
1528255 1507
1528255 10
1530257 25 
1530654 75 
1531058 72 
1531058 70 
1531675 80 
1531794 83 
1532274 64 
1532782 62 
1532914 150 
1532914 68 
1532914 65
1532977 92 
1534445 103 
1534445 101 
1534954 100 
1534954 3
1534954 1507
1534954 11
1536954 25 
1537039 75 
1537445 72 
1537445 70 
1538058 80 
1538178 83 
1538658 64 
1538927 63 
1539058 150 
1539058 68 
1539058 65
1539121 92 
1540586 103 
1540586 101 
1541096 100 
1541096 2
1541096 1507
1541096 10
1541096 78 
1543097 25 
1543182 75 
1543584 72 
1543584 70 
1544189 80 
1544309 83 
1545229 64 
1545564 62 
1545778 151 
1545778 69 
1545839 93 
1547309 103 
1547309 101 
1548127 100 
1548127 2
1548127 1507
1548127 10
1550128 25 
1550221 75 
1550625 72 
1550625 70 
1551373 80 
1551493 83 
1552226 64 
1552481 62 
1552612 153 
1552612 68 
1552612 65
1552690 92 
1554156 103 
1554156 101 
1554665 100 
1554665 2
1554665 1507
1554665 11
1556665 25 
1556750 75 
1557156 72 
1557156 70 
1557770 80 
1557890 83 
1561850 64 
1563689 62 
1563821 151 
1563821 69 
1563896 93 
1564429 91 
1565364 103 
1565364 101 
1566173 100 
1566173 2
1566173 1507
1566173 11
1568173 25 
1568251 75 
1568655 72 
1568655 70 
1569285 80 
1569418 83 
1570378 64 
1570633 62 
1570764 151 
1570764 69 
1570830 93 
1571542 91 
1571874 91 
1572052 91 
1572303 91 
1572303 103 
1572303 101 
1573116 100 
1573116 2
1573116 1507
1573116 11
1575118 25 
1575202 75 
1575605 72 
1575605 70 
1576215 80 
1576335 83 
1577188 64 
1577576 62 
1577708 150 
1577708 68 
1577708 65
1577776 92 
1579235 103 
1579235 101 
1579746 100 
1579746 2
1579746 1507
1579746 11
1581748 25 
1581820 75 
1582221 72 
1582221 70 
1582839 80 
1582972 83 
1584785 64 
1585040 62 
1585171 150 
1585171 68 
1585171 65
1585247 92 
1586715 103 
1586715 101 
1587225 100 
1587225 2
1587225 1507
1587225 10
1589225 25 
1589302 75 
1589706 72 
1589706 70 
1590316 80 
1590436 83 
1591409 64 
1591784 62 
1591915 151 
1591915 69 
1591977 93 
1592362 91 
1593448 103 
1593448 101 
1594254 100 
1594254 2
1594254 1507
1594254 10
1596256 25 
1596333 75 
1596740 72 
1596740 70 
1597353 80 
1597473 83 
1599512 64 
1599900 63 
1600032 151 
1600032 69 
1600093 93 
1600599 91 
1601027 91 
1601479 91 
1601567 103 
1601567 101 
1602384 100 
1602384 2
1602384 1507
1602384 11
1604384 25 
1604463 75 
1604864 72 
1604864 70 
1605483 80 
1605603 83 
1606442 64 
1606831 62 
1606962 151 
1606962 69 
1607037 93 
1608508 103 
1608508 101 
1609316 100 
1609316 2
1609316 1507
1609316 10
1611314 25 
1611399 75 
1611806 72 
1611806 70 
1612426 80 
1612546 83 
1613266 64 
1613655 62 
1613786 150 
1613786 68 
1613786 65
1613858 92 
1614481 90 
1615330 103 
1615330 101 
1615837 100 
1615837 2
1615837 1507
1615837 11
1617838 25 
1617910 75 
1618312 72 
1618312 70 
1618930 80 
1619064 83 
1619450 64 
1620358 61 
1620490 151 
1620490 69 
1620547 93 
1621018 91 
1622005 91 
1622021 103 
1622021 101 
1622828 100 
1622828 2
1622828 1507
1622828 10
1624829 25 
1624911 75 
1625313 72 
1625313 70 
1625927 80 
1626061 83 
1628233 64 
1628502 62 
1628633 150 
1628633 68 
1628633 65
1628700 92 
1630167 103 
1630167 101 
1630671 100 
1630671 2
1630671 1507
1630671 11
1632672 25 
1633810 75 
1634326 73 
1634729 72 
1634729 70 
1635350 71 
1635590 80 
1635723 83 
1636216 64 
1636845 61 
1636976 151 
1636976 69 
1637040 93 
1637451 91 
1638508 103 
1638508 101 
1639315 100 
1639315 2
1639315 1507
1639315 10
1641316 25 
1641394 75 
1641691 73 
1641998 72 
1641998 70 
1642613 80 
1642747 83 
1643346 64 
1644228 62 
1644359 152 
1644359 69 
1644419 93 
1644827 91 
1645183 91 
1645506 91 
1645891 103 
1645891 101 
1646703 100 
1646703 2
1646703 1507
1646703 10
1648703 25 
1648782 75 
1649182 72 
1649182 70 
1649797 80 
1649917 83 
1650517 64 
1651129 62 
1651330 150 
1651330 68 
1651330 65
1651406 92 
1651973 90 
1652871 103 
1652871 101 
1653382 100 
1653382 2
1653382 1507
1653382 11
1655384 25 
1655473 75 
1655877 72 
1655877 70 
1656634 80 
1656754 83 
1657594 64 
1657969 256 
1658100 61 
1658233 151 
1658233 69 
1658296 93 
1659766 103 
1659766 101 
1660572 100 
1660572 2
1660572 1507
1660572 10
1662573 25 
1662656 75 
1663056 72 
1663056 70 
1663671 80 
1663804 83 
1664524 64 
1664899 62 
1665030 151 
1665030 69 
1665106 93 
1665602 91 
1665800 91 
1666252 91 
1666577 103 
1666577 101 
1667383 100 
1667383 2
1667383 1507
1667383 11
1669383 25 
1669467 75 
1669721 73 
1670032 72 
1670032 70 
1670295 250 
1670908 71 
1671268 80 
1671401 83 
1672121 64 
1672736 62 
1672867 151 
1672867 69 
1672941 93 
1674410 103 
1674410 101 
1675219 100 
1675219 2
1675219 1507
1675219 10
1677220 25 
1677298 75 
1677703 72 
1677703 70 
1678305 80 
1678438 83 
1679291 64 
1679800 62 
1679931 153 
1679931 68 
1679931 65
1679996 92 
1680547 90 
1681460 103 
1681460 101 
1681970 100 
1681970 2
1681970 1507
1681970 11
1683971 25 
1684055 75 
1684459 72 
1684459 70 
1685075 80 
1685195 83 
1685448 64 
1687423 62 
1687554 150 
1687554 68 
1687554 65
1687617 92 
1689089 103 
1689089 101 
1689592 100 
1689592 2
1689592 1507
1689592 11
1691594 25 
1691722 75 
1692122 72 
1692122 70 
1692738 80 
1692858 83 
1694058 64 
1694566 62 
1694698 150 
1694698 68 
1694698 65
1694766 92 
1696230 103 
1696230 101 
1696738 100 
1696738 2
1696738 1507
1696738 11
1698737 25 
1699942 75 
1700345 72 
1700345 70 
1700962 80 
1701095 83 
1701935 64 
1702203 63 
1702334 150 
1702334 68 
1702334 65
1702399 92 
1703869 103 
1703869 101 
1704386 100 
1704386 2
1704386 1507
1704386 10
1706387 25 
1706466 75 
1706869 72 
1706869 70 
1707479 80 
1707599 83 
1708198 64 
1708465 62 
1708600 151 
1708600 69 
1708663 93 
1709092 91 
1710133 103 
1710133 101 
1710937 100 
1710937 2
1710937 1507
1710937 10
1712938 25 
1713016 75 
1713419 72 
1713419 70 
1714036 80 
1714156 83 
1714876 64 
1715783 61 
1715915 150 
1715915 68 
1715915 65
1715975 92 
1716553 90 
1717450 103 
1717450 101 
1717967 100 
1717967 2
1717967 1507
1717967 11
1719967 25 
1720047 75 
1720185 73 
1720524 72 
1720524 70 
1721140 80 
1721273 83 
1721993 64 
1722248 62 
1722379 151 
1722379 69 
1722454 93 
1722829 91 
1723922 103 
1723922 101 
1724733 100 
1724733 2
1724733 1507
1724733 11
1726732 25 
1726814 75 
1727220 72 
1727220 70 
1727843 80 
1727963 83 
1729163 64 
1734349 62 
1734480 151 
1734480 69 
1734542 93 
1736019 103 
1736019 101 
1736836 100 
1736836 2
1736836 1507
1736836 10
1738832 25 
1738917 75 
1739321 72 
1739321 70 
1739945 80 
1740065 83 
1740425 64 
1740680 62 
1740811 151 
1740811 69 
1740873 93 
1741924 91 
1742339 103 
1742339 101 
1743151 100 
1743151 2
1743151 1507
1743151 11
1745151 25 
1745233 75 
1745640 72 
1745640 70 
1746262 80 
1746382 83 
1746862 64 
1747747 62 
1748010 151 
1748010 69 
1748070 93 
1748723 91 
1748895 91 
1749541 103 
1749541 101 
1750348 100 
1750348 2
1750348 1507
1750348 10
1752348 25 
1752425 75 
1752829 72 
1752829 70 
1753446 80 
1753566 83 
1754165 64 
1755900 62 
1756031 150 
1756031 68 
1756031 65
1756106 92 
1756969 90 
1757564 103 
1757564 101 
1758071 100 
1758071 2
1758071 1507
1758071 11
1760070 25 
1760417 75 
1760821 72 
1760821 70 
1761775 80 
1761895 83 
1762735 64 
1763230 63 
1763361 152 
1763361 69 
1763425 93 
1764175 91 
1764390 91 
1764815 91 
1764888 91 
1764888 103 
1764888 101 
1765701 100 
1765701 2
1765701 1507
1765701 10
1767700 25 
1767779 75 
1768184 72 
1768184 70 
1768799 80 
1768919 83 
1769759 64 
1770133 62 
1770265 150 
1770265 68 
1770265 65
1770329 92 
1770817 90 
1771797 103 
1771797 101 
1772305 100 
1772305 2
1772305 1507
1772305 10
1774304 25 
1774899 75 
1775147 73 
1775235 73 
1775481 73 
1775782 72 
1775782 70 
1776382 80 
1776516 83 
1777116 64 
1777384 62 
1777515 150 
1777515 68 
1777515 65
1777592 92 
1778054 90 
1779058 103 
1779058 101 
1779569 100 
1779569 2
1779569 1507
1779569 10
1781567 25 
1781647 75 
1781751 73 
1781932 73 
1782185 73 
1782488 72 
1782488 70 
1783100 80 
1783220 83 
1783353 64 
1783621 62 
1783753 150 
1783753 68 
1783753 65
1783828 92 
1785299 103 
1785299 101 
1785804 100 
1785804 2
1785804 1507
1785804 11
1787804 25 
1787896 75 
1788301 72 
1788301 70 
1788910 80 
1789030 83 
1789897 64 
1790285 62 
1790416 150 
1790416 68 
1790416 65
1790494 92 
1791961 103 
1791961 101 
1792470 100 
1792470 2
1792470 1507
1792470 10
1794468 25 
1794540 75 
1794941 72 
1794941 70 
1795534 80 
1795654 83 
1796134 64 
1796656 61 
1796787 150 
1796787 68 
1796787 65
1796852 92 
1797355 90 
1798318 103 
1798318 101 
1798826 100 
1798826 2
1798826 1507
1798826 11
1800827 25 
1800898 75 
1801300 72 
1801300 70 
1801918 80 
1802038 83 
1802664 64 
1802933 62 
1803064 150 
1803064 68 
1803064 65
1803144 92 
1804611 103 
1804611 101 
1805115 100 
1805115 2
1805115 1507
1805115 11
1807117 25 
1807202 75 
1807602 72 
1807602 70 
1808209 80 
1808329 83 
1808929 64 
1809317 62 
1809448 150 
1809448 68 
1809448 65
1809524 92 
1810990 103 
1810990 101 
1811503 100 
1811503 2
1811503 1507
1811503 10
1813502 25 
1813586 75 
1813989 72 
1813989 70 
1814606 80 
1814726 83 
1814966 64 
1815234 62 
1815366 150 
1815366 68 
1815366 65
1815442 92 
1815917 90 
1816912 103 
1816912 101 
1817418 100 
1817418 2
1817418 1507
1817418 10
1819418 25 
1819508 75 
1819677 73 
1820012 72 
1820012 70 
1820617 80 
1820737 83 
1821576 64 
1821845 62 
1821976 151 
1821976 69 
1822041 93 
1822699 91 
1823282 91 
1823508 103 
1823508 101 
1824315 100 
1824315 2
1824315 1507
1824315 11
1826315 25 
1826399 75 
1826805 72 
1826805 70 
1827427 80 
1827547 83 
1828747 64 
1829497 62 
1829626 153 
1829626 68 
1829626 65
1829692 92 
1831161 103 
1831161 101 
1831666 100 
1831666 2
1831666 1507
1831666 11
1833667 25 
1833755 75 
1834156 72 
1834156 70 
1834771 80 
1834904 83 
1835397 64 
1836492 62 
1836623 151 
1836623 69 
1836683 93 
1838154 103 
1838154 101 
1838963 100 
1838963 2
1838963 1507
1838963 10
1840963 25 
1841043 75 
1841446 72 
1841446 70 
1842061 80 
1842194 83 
1842447 64 
1843595 62 
1843727 150 
1843727 68 
1843727 65
1843785 92 
1844337 90 
1845256 103 
1845256 101 
1845767 100 
1845767 2
1845767 1507
1845767 10
1847766 25 
1847856 75 
1848263 72 
1848263 70 
1848871 80 
1848991 83 
1849713 64 
1850565 62 
1850697 151 
1850697 69 
1850756 93 
1851328 91 
1852234 103 
1852234 101 
1853049 100 
1853049 2
1853049 1507
1853049 11
1855050 25 
1865122 254 
1866859 75 
1867261 72 
1867261 70 
1868303 250 
1870942 71 
1873341 71 
1873474 80 
1873594 83 
1875673 64 
1875808 62 
1875940 151 
1875940 69 
1876002 93 
1877473 103 
1877473 101 
1878277 100 
1878277 2
1878277 1507
1878277 10
1880278 25 
1880357 75 
1880763 72 
1880763 70 
1881377 80 
1881510 83 
1882830 64 
1883098 62 
1883230 151 
1883230 69 
1883295 93 
1883737 91 
1884021 91 
1884609 91 
1884760 103 
1884760 101 
1885568 100 
1885568 2
1885568 1507
1885568 11
1887570 25 
1887648 75 
1888051 72 
1888051 70 
1888667 80 
1888787 83 
1889281 64 
1890015 62 
1890147 151 
1890147 69 
1890219 93 
1890791 91 
1891436 91 
1891694 103 
1891694 101 
1892498 100 
1892498 2
1892498 1507
1892498 10
1894498 25 
1895134 75 
1895538 72 
1895538 70 
1896158 80 
1896277 83 
1897370 64 
1898839 62 
1898970 150 
1898970 68 
1898970 65
1899028 92 
1899585 90 
1900502 103 
1900502 101 
1901009 100 
1901009 2
1901009 1507
1901009 11
1903008 25 
1903094 75 
1903496 72 
1903496 70 
1904101 80 
1904221 83 
1904820 64 
1906195 62 
1906327 152 
1906327 69 
1906390 93 
1907857 103 
1907857 101 
1908666 100 
1908666 2
1908666 1507
1908666 11
1910666 25 
1915794 75 
1916201 72 
1916201 70 
1916829 80 
1916950 83 
1917921 64 
1918190 62 
1918321 151 
1918321 69 
1918396 93 
1919145 91 
1919383 91 
1919869 103 
1919869 101 
1920673 100 
1920673 2
1920673 1507
1920673 10
1922674 25 
1922752 75 
1923159 72 
1923159 70 
1923772 80 
1923892 83 
1924372 64 
1925253 62 
1925385 150 
1925385 68 
1925385 65
1925443 92 
1926035 90 
1926915 103 
1926915 101 
1927425 100 
1927425 2
1927425 1507
1927425 10
1929423 25 
1929496 75 
1929899 72 
1929899 70 
1930516 80 
1930649 83 
1931502 64 
1932877 62 
1933008 151 
1933008 69 
1933066 93 
1933515 91 
1933812 91 
1934005 91 
1934317 91 
1934539 103 
1934539 101 
1935346 100 
1935346 2
1935346 1507
1935346 11
1937347 25 
1937426 75 
1937831 72 
1937831 70 
1938433 80 
1938568 83 
1939179 64 
1940807 62 
1940938 151 
1940938 69 
1940996 93 
1941620 91 
1942472 103 
1942472 101 
1943276 100 
1943276 2
1943276 1507
1943276 10
1945279 25 
1946015 75 
1946419 72 
1946419 70 
1947029 250 
1947389 71 
1947629 80 
1947762 83 
1948375 64 
1948777 61 
1948910 150 
1948910 68 
1948910 65
1948973 92 
1949434 90 
1950438 103 
1950438 101 
1950947 100 
1950947 2
1950947 1507
1950947 11
1952947 25 
1953221 75 
1953624 72 
1953624 70 
1954839 250 
1955332 71 
1955572 80 
1955705 83 
1956199 64 
1956454 62 
1956585 151 
1956585 69 
1956648 93 
1958119 103 
1958119 101 
1958923 100 
1958923 2
1958923 1507
1958923 10
1960923 25 
1968170 75 
1968572 72 
1968572 70 
1969513 80 
1969633 83 
1970592 64 
1970859 61 
1970992 152 
1970992 69 
1971050 93 
1972522 103 
1972522 101 
1973331 100 
1973331 2
1973331 1507
1973331 10
1975332 25 
1975667 75 
1976069 72 
1976069 70 
1976686 80 
1976803 83 
1978495 64 
1980963 62 
1981094 151 
1981094 69 
1981155 93 
1982625 103 
1982625 101 
1983433 100 
1983433 2
1983433 1507
1983433 11
1985434 25 
1985928 75 
1986331 72 
1986331 70 
1986945 80 
1987065 83 
1987905 64 
1988293 62 
1988424 151 
1988424 69 
1988500 93 
1988955 91 
1989926 91 
1989971 103 
1989971 101 
1990776 100 
1990776 2
1990776 1507
1990776 11
1992777 25 
1998110 75 
1998449 73 
1998755 72 
1998755 70 
1999380 80 
1999500 83 
1999979 64 
2001368 62 
2001499 151 
2001499 69 
2001561 93 
2002126 91 
2003033 103 
2003033 101 
2003839 100 
2003839 2
2003839 1507
2003839 11
2005838 25 
2005921 75 
2006327 72 
2006327 70 
2006936 80 
2007070 83 
2007803 64 
2008058 62 
2008189 150 
2008189 68 
2008189 65
2008258 92 
2008850 90 
2009723 103 
2009723 101 
2010241 100 
2010241 2
2010241 1507
2010241 10
2012242 25 
2012316 75 
2012719 72 
2012719 70 
2013320 80 
2013440 83 
2014520 64 
2014775 63 
2014906 151 
2014906 69 
2014970 93 
2015397 91 
2015756 91 
2016435 103 
2016435 101 
2017247 100 
2017247 2
2017247 1507
2017247 11
2019249 25 
2019328 75 
2025612 73 
2025917 72 
2025917 70 
2026756 71 
2026888 80 
2027021 83 
2027634 76 
2028114 64 
2029342 62 
2029473 151 
2029473 69 
2029544 93 
2030037 91 
2031025 103 
2031025 101 
2031838 100 
2031838 2
2031838 1507
2031838 11
2033840 25 
2040281 75 
2040686 72 
2040686 70 
2041308 80 
2041428 83 
2042041 64 
2042550 62 
2042681 150 
2042681 68 
2042681 65
2042745 92 
2044210 103 
2044210 101 
2044721 100 
2044721 2
2044721 1507
2044721 10
2046721 25 
2046800 75 
2047200 72 
2047200 70 
2047812 80 
2047932 83 
2048652 64 
2049280 61 
2049412 150 
2049412 68 
2049412 65
2049474 92 
2049874 90 
2050943 103 
2050943 101 
2051452 100 
2051452 2
2051452 1507
2051452 10
2053451 25 
2054705 75 
2054855 73 
2055256 72 
2055256 70 
2055875 80 
2055995 83 
2056355 64 
2057237 62 
2057368 151 
2057368 69 
2057444 93 
2058001 91 
2058388 91 
2058912 103 
2058912 101 
2059722 100 
2059722 2
2059722 1507
2059722 10
2061722 25 
2062228 75 
2062634 72 
2062634 70 
2063246 80 
2063366 83 
2064445 64 
2064700 62 
2064832 151 
2064832 69 
2064912 93 
2065799 91 
2066208 91 
2066378 103 
2066378 101 
2067184 100 
2067184 2
2067184 1507
2067184 10
2069183 25 
2069264 75 
2069668 72 
2069668 70 
2070576 80 
2070709 83 
2071309 64 
2071937 62 
2072068 150 
2072068 68 
2072068 65
2072127 92 
2072578 90 
2073596 103 
2073596 101 
2074108 100 
2074108 2
2074108 1507
2074108 10
2076109 25 
2076560 75 
2076963 72 
2076963 70 
2077573 80 
2077706 83 
2078066 64 
2078335 62 
2078466 150 
2078466 68 
2078466 65
2078531 92 
2079025 90 
2079996 103 
2079996 101 
2080507 100 
2080507 2
2080507 1507
2080507 11
2082504 25 
2082870 75 
2083022 73 
2083426 72 
2083426 70 
2084037 80 
2084157 83 
2085236 64 
2085505 63 
2085636 152 
2085636 69 
2085704 93 
2086136 91 
2086747 91 
2087170 103 
2087170 101 
2087987 100 
2087987 2
2087987 1507
2087987 11
2089989 25 
2090067 75 
2090474 72 
2090474 70 
2091074 80 
2091194 83 
2091913 64 
2092781 62 
2092913 151 
2092913 69 
2092987 93 
2093617 91 
2094133 91 
2094455 103 
2094455 101 
2095267 100 
2095267 2
2095267 1507
2095267 10
2097265 25 
2097348 75 
2097751 72 
2097751 70 
2098366 80 
2098484 83 
2099337 64 
2101071 62 
2101203 150 
2101203 68 
2101203 65
2101261 92 
2101795 90 
2102734 103 
2102734 101 
2103243 100 
2103243 2
2103243 1507
2103243 10
2105241 25 
2105396 75 
2105801 72 
2105801 70 
2106414 80 
2106547 83 
2107387 64 
2107896 61 
2108026 151 
2108026 69 
2108091 93 
2108528 91 
2108765 91 
2109031 91 
2109237 91 
2109557 103 
2109557 101 
2110366 100 
2110366 2
2110366 1507
2110366 11
2112366 25 
2112566 75 
2112968 72 
2112968 70 
2113584 80 
2113704 83 
2114424 64 
2116651 61 
2116782 151 
2116782 69 
2116841 93 
2118315 103 
2118315 101 
2119122 100 
2119122 2
2119122 1507
2119122 11
2121122 25 
2121200 75 
2121603 72 
2121603 70 
2122100 71 
2122460 80 
2122593 83 
2123566 64 
2123955 62 
2124086 150 
2124086 68 
2124086 65
2124151 92 
2125616 103 
2125616 101 
2126126 100 
2126126 2
2126126 1507
2126126 11
2128127 25 
2129852 75 
2130256 72 
2130256 70 
2130870 80 
2130990 83 
2131350 64 
2131594 62 
2131723 150 
2131723 68 
2131723 65
2131792 92 
2133251 103 
2133251 101 
2133763 100 
2133763 2
2133763 1507
2133763 11
2135763 25 
2135847 75 
2136254 72 
2136254 70 
2136881 80 
2137000 83 
2137480 64 
2137748 62 
2137880 150 
2137880 68 
2137880 65
2137957 92 
2139424 103 
2139424 101 
2139932 100 
2139932 2
2139932 1507
2139932 11
2141933 25 
2142011 75 
2142413 72 
2142413 70 
2143025 80 
2143145 83 
2143384 64 
2143520 62 
2143664 150 
2143664 68 
2143664 65
2143734 92 
2145195 103 
2145195 101 
2145704 100 
2145704 2
2145704 1507
2145704 11
2147704 25 
2147789 75 
2148190 72 
2148190 70 
2148795 80 
2148929 83 
2149408 64 
2150530 63 
2150661 150 
2150661 68 
2150661 65
2150726 92 
2152194 103 
2152194 101 
2152701 100 
2152701 2
2152701 1507
2152701 10
2154701 25 
2154786 75 
2155187 72 
2155187 70 
2155792 80 
2155912 83 
2156392 64 
2157007 62 
2157138 150 
2157138 68 
2157138 65
2157210 92 
2157626 90 
2158685 103 
2158685 101 
2159189 100 
2159189 2
2159189 1507
2159189 10
2161191 25 
2161276 75 
2161681 72 
2161681 70 
2162296 80 
2162416 83 
2163256 64 
2163511 62 
2163642 152 
2163642 69 
2163707 93 
2164401 91 
2164726 91 
2165176 103 
2165176 101 
2165981 100 
2165981 2
2165981 1507
2165981 11
2167982 25 
2168720 75 
2169123 72 
2169123 70 
2169733 80 
2169853 83 
2170773 64 
2171201 62 
2171399 150 
2171399 68 
2171399 65
2171468 92 
2172932 103 
2172932 101 
2173438 100 
2173438 2
2173438 1507
2173438 10
2175439 25 
2175512 75 
2175919 72 
2175919 70 
2176717 80 
2176837 83 
2178623 64 
2179011 63 
2179142 151 
2179142 69 
2179204 93 
2180213 91 
2180674 103 
2180674 101 
2181480 100 
2181480 2
2181480 1507
2181480 10
2183481 25 
2183560 75 
2183962 72 
2183962 70 
2184580 80 
2184700 83 
2185180 64 
2185942 61 
2186073 150 
2186073 68 
2186073 65
2186131 92 
2186613 90 
2187607 103 
2187607 101 
2188112 100 
2188112 2
2188112 1507
2188112 11
2190111 25 
2190191 75 
2190593 72 
2190593 70 
2191204 80 
2191324 83 
2192297 64 
2192565 62 
2192697 150 
2192697 68 
2192697 65
2192780 92 
2194243 103 
2194243 101 
2194749 100 
2194749 2
2194749 1507
2194749 10
2196749 25 
2196834 75 
2197239 72 
2197239 70 
2197841 80 
2197961 83 
2198800 64 
2199189 62 
2199320 150 
2199320 68 
2199320 65
2199384 92 
2199810 90 
2200852 103 
2200852 101 
2201359 100 
2201359 2
2201359 1507
2201359 11
2203360 25 
2203933 75 
2204339 72 
2204339 70 
2204958 80 
2205078 83 
2205798 64 
2206053 62 
2206184 150 
2206184 68 
2206184 65
2206267 92 
2207729 103 
2207729 101 
2208238 100 
2208238 2
2208238 1507
2208238 11
2210236 25 
2210322 75 
2210726 72 
2210726 70 
2211342 80 
2211462 83 
2211822 64 
2211958 62 
2212088 150 
2212088 68 
2212088 65
2212157 92 
2213618 103 
2213618 101 
2214126 100 
2214126 2
2214126 1507
2214126 11
2216127 25 
2216200 75 
2216605 72 
2216605 70 
2217219 80 
2217339 83 
2217579 64 
2217714 62 
2217846 150 
2217846 68 
2217846 65
2217922 92 
2219387 103 
2219387 101 
2219897 100 
2219897 2
2219897 1507
2219897 11
2221899 25 
2221983 75 
2222389 72 
2222389 70 
2223003 80 
2223123 83 
2223377 64 
2223499 62 
2223630 150 
2223630 68 
2223630 65
2223707 92 
2225173 103 
2225173 101 
2225684 100 
2225684 2
2225684 1507
2225684 10
2227683 25 
2227773 75 
2228177 72 
2228177 70 
2228788 80 
2228908 83 
2229507 64 
2229642 62 
2229774 150 
2229774 68 
2229774 65
2229837 92 
2231308 103 
2231308 101 
2231814 100 
2231814 4
2231814 1507
2231814 11
2231814 78 
2233812 25 
2233892 75 
2234297 72 
2234297 70 
2234918 80 
2235038 83 
2235998 64 
2236266 62 
2236398 151 
2236398 69 
2236477 93 
2236959 91 
2237139 91 
2237484 91 
2237945 103 
2237945 101 
2238751 100 
2238751 4
2238751 1507
2238751 10
2240750 25 
2240833 75 
2241241 72 
2241241 70 
2241849 80 
2241969 83 
2242688 64 
2243077 62 
2243208 150 
2243208 68 
2243208 65
2243273 92 
2243750 90 
2244739 103 
2244739 101 
2245246 100 
2245246 4
2245246 1507
2245246 10
2247247 25 
2247333 75 
2247734 72 
2247734 70 
2248339 80 
2248459 83 
2248712 64 
2248848 62 
2248979 150 
2248979 68 
2248979 65
2249046 92 
2250508 103 
2250508 101 
2251018 100 
2251018 4
2251018 1507
2251018 10
2253018 25 
2253090 75 
2253496 72 
2253496 70 
2254110 80 
2254230 83 
2254470 64 
2254605 62 
2254736 152 
2254736 69 
2254802 93 
2255424 91 
2255826 91 
2255929 91 
2256268 103 
2256268 101 
2257076 100 
2257076 4
2257076 1507
2257076 10
2259076 25 
2259160 75 
2259565 72 
2259565 70 
2260174 80 
2260294 83 
2261014 64 
2261533 62 
2261669 151 
2261669 69 
2261738 93 
2262236 91 
2263200 91 
2263211 103 
2263211 101 
2264020 100 
2264020 4
2264020 1507
2264020 11
2266019 25 
2266098 75 
2266502 72 
2266502 70 
2267118 80 
2267238 83 
2268437 64 
2268705 62 
2268837 153 
2268837 68 
2268837 65
2268902 92 
2270353 90 
2270366 103 
2270366 101 
2270877 100 
2270877 4
2270877 1507
2270877 11
2272877 25 
2272961 75 
2273363 72 
2273363 70 
2273981 80 
2274101 83 
2274355 64 
2274490 62 
2274621 151 
2274621 69 
2274697 93 
2275241 91 
2275551 91 
2276169 103 
2276169 101 
2276987 100 
2276987 4
2276987 1507
2276987 10
2278987 25 
2279066 75 
2279469 72 
2279469 70 
2280392 80 
2280525 83 
2281485 64 
2281754 62 
2282391 151 
2282391 69 
2297697 91 
2297710 93 
2297710 103 
2297710 101 
2298524 100 
2298524 4
2298524 1507
2298524 10
2300526 25 
2300720 75 
2301063 73 
2301369 72 
2301369 70 
2301849 250 
2302091 71 
2302346 80 
2302463 83 
2303435 64 
2305037 62 
2305168 151 
2305168 69 
2305225 93 
2305772 91 
2306633 91 
2306701 103 
2306701 101 
2307507 100 
2307507 4
2307507 1507
2307507 10
2309507 25 
2309586 75 
2309993 72 
2309993 70 
2310579 80 
2310699 83 
2311299 64 
2312542 62 
2312671 150 
2312671 68 
2312671 65
2312737 92 
2313172 90 
2314203 103 
2314203 101 
2314711 100 
2314711 4
2314711 1507
2314711 11
2316711 25 
2316783 75 
2317188 72 
2317188 70 
2317803 80 
2317936 83 
2318296 64 
2318684 62 
2318816 151 
2318816 69 
2318877 93 
2319253 91 
2319822 91 
2320345 103 
2320345 101 
2321154 100 
2321154 4
2321154 1507
2321154 11
2323155 25 
2325988 75 
2326395 72 
2326395 70 
2327012 80 
2327132 83 
2328092 64 
2328707 62 
2328838 150 
2328838 68 
2328838 65
2328903 92 
2329380 90 
2330288 90 
2330371 103 
2330371 101 
2330878 100 
2330878 4
2330878 1507
2330878 10
2332877 25 
2332949 75 
2333350 72 
2333350 70 
2333969 80 
2334089 83 
2334449 64 
2334704 62 
2334835 151 
2334835 69 
2334902 93 
2335409 91 
2335440 91 
2335588 91 
2335798 91 
2336202 91 
2336372 103 
2336372 101 
2337186 100 
2337186 4
2337186 1507
2337186 10
2339186 25 
2339868 75 
2340274 72 
2340274 70 
2340873 80 
2340993 83 
2341832 64 
2342194 62 
2342325 150 
2342325 68 
2342325 65
2342389 92 
2342777 90 
2343858 103 
2343858 101 
2344363 100 
2344363 4
2344363 1507
2344363 11
2346365 25 
2346437 75 
2346841 72 
2346841 70 
2347456 80 
2347590 83 
2347950 64 
2348218 62 
2348349 151 
2348349 69 
2348413 93 
2348829 91 
2349885 103 
2349885 101 
2350701 100 
2350701 4
2350701 1507
2350701 11
2352703 25 
2352780 75 
2353182 72 
2353182 70 
2353787 80 
2353907 83 
2354267 64 
2355375 62 
2355506 150 
2355506 68 
2355506 65
2355579 92 
2356160 90 
2357052 103 
2357052 101 
2357562 100 
2357562 4
2357562 1507
2357562 10
2359559 25 
2359644 75 
2360047 72 
2360047 70 
2360651 80 
2360771 83 
2361370 64 
2361639 62 
2361770 151 
2361770 69 
2361832 93 
2362336 91 
2362685 91 
2363060 91 
2363304 103 
2363304 101 
2364110 100 
2364110 4
2364110 1507
2364110 11
2366110 25 
2366188 75 
2366594 72 
2366594 70 
2367208 80 
2367341 83 
2368061 64 
2368822 62 
2368954 151 
2368954 69 
2369012 93 
2369448 91 
2369845 91 
2370220 91 
2370484 103 
2370484 101 
2371294 100 
2371294 4
2371294 1507
2371294 11
2373293 25 
2373376 75 
2373780 72 
2373780 70 
2374378 80 
2374511 83 
2374991 64 
2375620 62 
2375751 151 
2375751 69 
2375815 93 
2376218 91 
2376522 91 
2377285 103 
2377285 101 
2378091 100 
2378091 4
2378091 1507
2378091 10
2380090 25 
2380174 75 
2380580 72 
2380580 70 
2381508 80 
2381628 83 
2382241 64 
2382628 61 
2383150 150 
2383150 68 
2383150 65
2383224 92 
2384695 103 
2384695 101 
2385200 100 
2385200 4
2385200 1507
2385200 11
2387200 25 
2397278 254 
2407890 75 
2408380 73 
2408726 72 
2408726 70 
2409350 80 
2409483 83 
2410083 64 
2410351 61 
2410483 150 
2410483 68 
2410483 65
2410552 92 
2411796 90 
2412016 103 
2412016 101 
2412522 100 
2412522 4
2412522 1507
2412522 10
2414523 25 
2414607 75 
2415007 72 
2415007 70 
2415627 80 
2415747 83 
2416347 64 
2416486 62 
2416613 150 
2416613 68 
2416613 65
2416678 92 
2417440 90 
2418147 103 
2418147 101 
2418655 100 
2418655 4
2418655 1507
2418655 10
2420653 25 
2420725 75 
2421135 72 
2421135 70 
2421758 80 
2421891 250 
2422398 76 
2422517 83 
2422757 64 
2422892 62 
2423024 152 
2423024 69 
2423086 93 
2423775 91 
2424557 103 
2424557 101 
2425364 100 
2425364 4
2425364 1507
2425364 11
2427362 25 
2427446 75 
2427851 72 
2427851 70 
2428462 80 
2428582 83 
2428941 64 
2430662 62 
2430794 150 
2430794 68 
2430794 65
2430865 92 
2431380 90 
2432337 103 
2432337 101 
2432850 100 
2432850 4
2432850 1507
2432850 10
2434848 25 
2434931 75 
2435336 72 
2435336 70 
2435952 80 
2436072 83 
2436551 64 
2437313 61 
2437444 151 
2437444 69 
2437502 93 
2438146 91 
2438865 91 
2438979 103 
2438979 101 
2439783 100 
2439783 4
2439783 1507
2439783 11
2441783 25 
2441862 75 
2442268 72 
2442268 70 
2442869 250 
2448879 71 
2448999 80 
2449133 83 
2449852 64 
2450348 256 
2450479 61 
2450612 150 
2450612 68 
2450612 65
2450675 92 
2451162 90 
2452146 103 
2452146 101 
2452652 100 
2452652 4
2452652 1507
2452652 10
2454652 25 
2456675 75 
2457078 72 
2457078 70 
2457689 80 
2457822 83 
2458302 64 
2458691 62 
2458822 150 
2458822 68 
2458822 65
2458889 92 
2459434 90 
2460351 103 
2460351 101 
2460862 100 
2460862 4
2460862 1507
2460862 11
2462862 25 
2462951 75 
2463357 72 
2463357 70 
2463966 80 
2464086 83 
2464459 64 
2465075 62 
2465206 150 
2465206 68 
2465206 65
2465270 92 
2465792 90 
2466737 103 
2466737 101 
2467246 100 
2467246 4
2467246 1507
2467246 10
2469246 25 
2469330 75 
2469736 72 
2469736 70 
2470364 80 
2470483 83 
2470977 64 
2471112 62 
2471243 151 
2471243 69 
2471319 93 
2472787 103 
2472787 101 
2473597 100 
2473597 4
2473597 1507
2473597 11
2475597 25 
2475680 75 
2476085 72 
2476085 70 
2476694 80 
2476814 83 
2477307 64 
2477563 62 
2477694 153 
2477694 68 
2477694 65
2477776 92 
2479239 103 
2479239 101 
2479746 100 
2479746 4
2479746 1507
2479746 10
2481745 25 
2481821 75 
2482222 72 
2482222 70 
2483185 80 
2483305 83 
2484264 64 
2484666 62 
2484797 150 
2484797 68 
2484797 65
2484879 92 
2485279 90 
2486345 103 
2486345 101 
2486862 100 
2486862 4
2486862 1507
2486862 11
2488864 25 
2488937 75 
2489340 72 
2489340 70 
2489942 80 
2490062 83 
2490315 64 
2490584 62 
2490715 151 
2490715 69 
2490779 93 
2491214 91 
2491694 91 
2491997 91 
2492242 103 
2492242 101 
2493054 100 
2493054 4
2493054 1507
2493054 11
2495053 25 
2495138 75 
2495543 72 
2495543 70 
2496166 80 
2496286 83 
2497005 64 
2497274 62 
2497405 255 
2503099 150 
2503099 68 
2503099 65
2503173 92 
2504644 103 
2504644 101 
2505148 100 
2505148 4
2505148 1507
2505148 10
2507149 25 
2507234 75 
2507635 72 
2507635 70 
2508241 80 
2508361 83 
2509440 64 
2509815 62 
2509947 150 
2509947 68 
2509947 65
2510012 92 
2510494 90 
2511476 103 
2511476 101 
2511990 100 
2511990 4
2511990 1507
2511990 10
2513989 25 
2514071 75 
2514475 72 
2514475 70 
2515091 80 
2515211 83 
2515571 64 
2516439 62 
2516570 150 
2516570 68 
2516570 65
2516637 92 
2517191 90 
2518101 103 
2518101 101 
2518610 100 
2518610 4
2518610 1507
2518610 10
2520609 25 
2520682 75 
2521084 72 
2521084 70 
2521701 80 
2521821 83 
2522061 64 
2522195 62 
2522330 150 
2522330 68 
2522330 65
2522393 92 
2523859 103 
2523859 101 
2524368 100 
2524368 4
2524368 1507
2524368 11
2526367 25 
2526452 75 
2526856 72 
2526856 70 
2527459 80 
2527592 83 
2527952 64 
2528460 62 
2528592 151 
2528592 69 
2528667 93 
2529128 91 
2530135 103 
2530135 101 
2530944 100 
2530944 4
2530944 1507
2530944 11
2532944 25 
2533023 75 
2533426 72 
2533426 70 
2534043 80 
2534163 83 
2535242 64 
2536004 62 
2536135 151 
2536135 69 
2536192 93 
2536752 91 
2537665 103 
2537665 101 
2538473 100 
2538473 4
2538473 1507
2538473 11
2540474 25 
2540557 75 
2540964 72 
2540964 70 
2541573 80 
2541706 83 
2542666 64 
2544654 61 
2544785 152 
2544785 69 
2544842 93 
2545577 91 
2545856 91 
2546317 91 
2546317 103 
2546317 101 
2547125 100 
2547125 4
2547125 1507
2547125 10
2549125 25 
2549203 75 
2549605 72 
2549605 70 
2550209 80 
2550329 83 
2550689 64 
2550957 62 
2551089 150 
2551089 68 
2551089 65
2551153 92 
2552620 103 
2552620 101 
2553127 100 
2553127 4
2553127 1507
2553127 11
2555127 25 
2555200 75 
2555603 72 
2555603 70 
2556207 80 
2556327 83 
2556686 64 
2557701 63 
2557833 151 
2557833 69 
2557896 93 
2558632 91 
2559204 91 
2559364 103 
2559364 101 
2560171 100 
2560171 4
2560171 1507
2560171 10
2562171 25 
2562251 75 
2562653 72 
2562653 70 
2563257 80 
2563377 83 
2565083 64 
2565351 62 
2565483 151 
2565483 69 
2565557 93 
2567029 103 
2567029 101 
2567834 100 
2567834 4
2567834 1507
2567834 10
2569839 25 
2570279 75 
2570685 72 
2570685 70 
2571307 80 
2571440 83 
2572186 64 
2572841 62 
2572973 151 
2572973 69 
2573045 93 
2573600 91 
2574134 91 
2574517 103 
2574517 101 
2575326 100 
2575326 4
2575326 1507
2575326 10
2577326 25 
2579033 75 
2579445 72 
2579445 70 
2580423 250 
2581982 71 
2582102 80 
2582235 83 
2582715 64 
2583343 62 
2583475 150 
2583475 68 
2583475 65
2583538 92 
2584093 90 
2585010 103 
2585010 101 
2585526 100 
2585526 4
2585526 1507
2585526 11
2587527 25 
2587613 75 
2588016 72 
2588016 70 
2588633 80 
2588753 83 
2589232 64 
2589368 62 
2589499 151 
2589499 69 
2589565 93 
2591030 103 
2591030 101 
2591839 100 
2591839 4
2591839 1507
2591839 10
2593839 25 
2594410 75 
2594811 72 
2594811 70 
2595430 80 
2595563 83 
2596163 64 
2597178 62 
2597309 150 
2597309 68 
2597309 65
2597372 92 
2598846 103 
2598846 101 
2599361 100 
2599361 4
2599361 1507
2599361 10
2601361 25 
2601434 75 
2601838 72 
2601838 70 
2602440 80 
2602560 83 
2602920 64 
2603655 62 
2603786 150 
2603786 68 
2603786 65
2603849 92 
2605318 103 
2605318 101 
2605826 100 
2605826 4
2605826 1507
2605826 11
2607824 25 
2607898 75 
2608300 72 
2608300 70 
2608917 80 
2609037 83 
2609397 64 
2609919 62 
2610050 151 
2610050 69 
2610113 93 
2611003 91 
2611580 103 
2611580 101 
2612388 100 
2612388 4
2612388 1507
2612388 11
2614390 25 
2614468 75 
2614870 72 
2614870 70 
2615488 80 
2615608 83 
2616581 64 
2616836 62 
2616967 150 
2616967 68 
2616967 65
2617032 92 
2618498 103 
2618498 101 
2619008 100 
2619008 4
2619008 1507
2619008 10
2621005 25 
2621078 75 
2621568 73 
2621875 72 
2621875 70 
2622485 80 
2622605 83 
2622966 64 
2623100 62 
2623231 150 
2623231 68 
2623231 65
2623295 92 
2623920 90 
2624757 103 
2624757 101 
2625272 100 
2625272 4
2625272 1507
2625272 10
2627271 25 
2627344 75 
2627748 72 
2627748 70 
2628362 80 
2628482 83 
2628842 64 
2628977 62 
2629109 150 
2629109 68 
2629109 65
2629170 92 
2630642 103 
2630642 101 
2631149 100 
2631149 4
2631149 1507
2631149 11
2633152 25 
2633233 75 
2633636 72 
2633636 70 
2634253 80 
2634386 83 
2634986 64 
2635241 62 
2635372 151 
2635372 69 
2635433 93 
2636902 103 
2636902 101 
2637710 100 
2637710 4
2637710 1507
2637710 10
2639711 25 
2639790 75 
2640198 72 
2640198 70 
2640810 80 
2640930 83 
2642369 64 
2642638 62 
2642769 150 
2642769 68 
2642769 65
2642832 92 
2643334 90 
2644125 90 
2644300 103 
2644300 101 
2644808 100 
2644808 4
2644808 1507
2644808 11
2646809 25 
2646894 75 
2647295 72 
2647295 70 
2647887 80 
2648007 83 
2648727 64 
2649115 63 
2649247 151 
2649247 69 
2649311 93 
2649860 91 
2650230 91 
2650427 91 
2650778 103 
2650778 101 
2651584 100 
2651584 4
2651584 1507
2651584 11
2653586 25 
2653664 75 
2654065 72 
2654065 70 
2654684 80 
2654804 83 
2655284 64 
2656164 61 
2656298 152 
2656298 69 
2656354 93 
2656871 91 
2657204 91 
2657599 91 
2657829 103 
2657829 101 
2658637 100 
2658637 4
2658637 1507
2658637 11
2660635 25 
2660746 75 
2661148 72 
2661148 70 
2661761 80 
2661881 83 
2662121 64 
2662374 62 
2662510 255 
2671386 252 
2672397 150 
2672397 68 
2672397 65
2672473 92 
2673936 103 
2673936 101 
2674450 100 
2674450 4
2674450 1507
2674450 10
2676449 25 
2676522 75 
2676926 72 
2676926 70 
2677541 80 
2677661 83 
2678141 64 
2678276 62 
2678407 152 
2678407 69 
2678476 93 
2679693 91 
2679938 103 
2679938 101 
2680747 100 
2680747 4
2680747 1507
2680747 11
2682745 25 
2682825 75 
2683227 72 
2683227 70 
2684165 80 
2684285 83 
2685977 64 
2686366 63 
2686497 151 
2686497 69 
2686561 93 
2687085 91 
2687361 91 
2687504 91 
2687759 91 
2688028 103 
2688028 101 
2688837 100 
2688837 4
2688837 1507
2688837 10
2690836 25 
2694819 75 
2695224 72 
2695224 70 
2695826 80 
2695946 83 
2696546 64 
2696801 62 
2696933 150 
2696933 68 
2696933 65
2697002 92 
2698221 90 
2698462 103 
2698462 101 
2698970 100 
2698970 4
2698970 1507
2698970 11
2700973 25 
2701057 75 
2701457 72 
2701457 70 
2702077 80 
2702210 83 
2703050 64 
2703305 62 
2703436 151 
2703436 69 
2703498 93 
2704969 103 
2704969 101 
2705775 100 
2705775 4
2705775 1507
2705775 10
2707775 25 
2707854 75 
2708260 72 
2708260 70 
2708874 80 
2708994 83 
2709474 64 
2709743 62 
2709874 150 
2709874 68 
2709874 65
2709938 92 
2711402 103 
2711402 101 
2711452 102 
