0 100 
0 4
0 1549
0 10
1994 25 
2071 75 
2626 72 
2626 70 
3306 80 
3373 83 
4052 64 
4320 62 
4399 150 
4399 68 
4399 65
4474 92 
4995 90 
5930 103 
5930 101 
6439 100 
6439 4
6439 1549
6439 11
8438 25 
8483 75 
9038 72 
9038 70 
9570 80 
9637 83 
10277 64 
10478 62 
10543 151 
10543 69 
10612 93 
12077 103 
12077 101 
12982 100 
12982 4
12982 1549
12982 11
14982 25 
15027 75 
15583 72 
15583 70 
16087 80 
16154 83 
17727 64 
18061 63 
18127 151 
18127 69 
18195 93 
19661 103 
19661 101 
20567 100 
20567 4
20567 1549
20567 10
22566 25 
22611 75 
23165 72 
23165 70 
23671 80 
23738 83 
23871 64 
24073 256 
24137 62 
24204 150 
24204 68 
24204 65
24278 92 
24722 90 
25737 103 
25737 101 
26244 100 
26244 4
26244 1549
26244 10
28243 25 
28293 75 
28844 72 
28844 70 
29375 80 
29442 83 
29575 64 
29708 256 
29777 62 
29843 150 
29843 68 
29843 65
29910 92 
30496 90 
31370 103 
31370 101 
31881 100 
31881 4
31881 1549
31881 10
33881 25 
33932 75 
34485 72 
34485 70 
35000 80 
35066 83 
35266 64 
35402 256 
35466 62 
35533 150 
35533 68 
35533 65
35602 92 
37062 103 
37062 101 
37573 100 
37573 4
37573 1549
37573 10
39572 25 
39617 75 
40170 72 
40170 70 
40704 80 
40771 83 
40904 64 
41105 62 
41184 150 
41184 68 
41184 65
41251 92 
42713 103 
42713 101 
43221 100 
43221 4
43221 1549
43221 11
45222 25 
45274 75 
45825 72 
45825 70 
46328 80 
46395 83 
46595 64 
46796 256 
46861 63 
46928 151 
46928 69 
46997 93 
48461 103 
48461 101 
49368 100 
49368 4
49368 1549
49368 11
51366 25 
51412 75 
51966 72 
51966 70 
52472 80 
52539 83 
52899 64 
53234 256 
53299 61 
53365 150 
53365 68 
53365 65
53435 92 
53805 90 
54896 103 
54896 101 
55405 100 
55405 4
55405 1549
55405 11
57406 25 
57450 75 
58005 72 
58005 70 
58510 80 
58576 83 
58776 64 
58978 61 
59043 152 
59043 69 
59116 93 
60577 103 
60577 101 
61481 100 
61481 4
61481 1549
61481 10
63482 25 
63527 75 
64080 72 
64080 70 
64561 80 
64627 83 
64760 64 
64895 256 
64960 62 
65027 150 
65027 68 
65027 65
65097 92 
66558 103 
66558 101 
67067 100 
67067 4
67067 1549
67067 11
69067 25 
69111 75 
69668 72 
69668 70 
70171 80 
70238 83 
70425 64 
71546 256 
71612 63 
71677 151 
71677 69 
71745 93 
73207 103 
73207 101 
74115 100 
74115 4
74115 1549
74115 10
76116 25 
76162 75 
76717 72 
76717 70 
77235 80 
77302 83 
77368 64 
77570 256 
77636 62 
77715 150 
77715 68 
77715 65
77783 92 
78268 90 
79246 103 
79246 101 
79753 100 
79753 4
79753 1549
79753 10
81755 25 
81800 75 
82350 72 
82350 70 
82860 80 
82926 83 
83059 64 
83261 256 
83326 62 
83393 150 
83393 68 
83393 65
83467 92 
84920 103 
84920 101 
85433 100 
85433 4
85433 1549
85433 10
87431 25 
87496 75 
88047 72 
88047 70 
88524 80 
88590 83 
88724 64 
88925 256 
88990 62 
89058 150 
89058 68 
89058 65
89128 92 
90585 103 
90585 101 
91095 100 
91095 4
91095 1549
91095 11
93097 25 
93142 75 
93698 72 
93698 70 
94215 80 
94281 83 
94481 64 
94950 256 
95014 61 
95081 150 
95081 68 
95081 65
95150 92 
95522 90 
96609 103 
96609 101 
97119 100 
97119 4
97119 1549
97119 11
99121 25 
99171 75 
99726 72 
99726 70 
100212 80 
100279 83 
100479 64 
100680 256 
100745 61 
100812 150 
100812 68 
100812 65
100884 92 
101358 90 
102345 103 
102345 101 
102857 100 
102857 4
102857 1549
102857 11
104857 25 
104910 75 
105464 72 
105464 70 
106130 80 
106196 250 
106969 76 
107036 83 
107236 64 
107438 256 
107503 61 
107569 150 
107569 68 
107569 65
107641 92 
108018 90 
109099 103 
109099 101 
109612 100 
109612 4
109612 1549
109612 10
111610 25 
111667 75 
112221 72 
112221 70 
112740 80 
112807 83 
112940 64 
113075 256 
113140 62 
113207 150 
113207 68 
113207 65
113277 92 
114736 103 
114736 101 
115245 100 
115245 4
115245 1549
115245 11
117245 25 
117291 75 
117842 72 
117842 70 
118365 80 
118431 83 
118564 64 
118834 256 
118898 61 
118964 152 
118964 69 
119029 93 
120493 103 
120493 101 
121404 100 
121404 4
121404 1549
121404 10
123404 25 
123450 75 
124007 72 
124007 70 
124482 80 
124549 83 
125495 64 
125697 256 
125762 62 
125828 150 
125828 68 
125828 65
125894 92 
127360 103 
127360 101 
127867 100 
127867 4
127867 1549
127867 10
129868 25 
129926 75 
130481 72 
130481 70 
130986 80 
131053 83 
134451 64 
134586 256 
134651 62 
134718 150 
134718 68 
134718 65
134790 92 
136248 103 
136248 101 
136755 100 
136755 3
136755 1549
136755 11
136755 78 
138757 25 
138815 75 
139368 72 
139368 70 
139862 80 
139929 83 
140329 64 
140797 256 
140862 61 
140929 151 
140929 69 
140998 93 
142458 103 
142458 101 
143369 100 
143369 3
143369 1549
143369 11
145369 25 
145413 75 
145969 72 
145969 70 
146473 80 
146540 83 
149538 64 
149940 63 
150018 150 
150018 68 
150018 65
150089 92 
151551 103 
151551 101 
152057 100 
152057 3
152057 1549
152057 11
154058 25 
154107 75 
154661 72 
154661 70 
155163 80 
155229 83 
156002 64 
156270 63 
156335 150 
156335 68 
156335 65
156404 92 
157867 103 
157867 101 
158380 100 
158380 3
158380 1549
158380 11
160378 25 
160434 75 
160988 72 
160988 70 
161507 80 
161573 83 
161773 64 
161975 63 
162040 150 
162040 68 
162040 65
162110 92 
163572 103 
163572 101 
164079 100 
164079 3
164079 1549
164079 10
166078 25 
166125 75 
166677 72 
166677 70 
167184 80 
167251 83 
167317 64 
167519 256 
167584 62 
167651 150 
167651 68 
167651 65
167719 92 
169181 103 
169181 101 
169688 100 
169688 3
169688 1549
169688 10
171689 25 
171741 75 
172297 72 
172297 70 
172808 80 
172875 83 
173008 64 
173210 62 
173288 150 
173288 68 
173288 65
173358 92 
174816 103 
174816 101 
175329 100 
175329 3
175329 1549
175329 10
177327 25 
177386 75 
177942 72 
177942 70 
178446 80 
178513 83 
178766 64 
178901 256 
178966 62 
179033 152 
179033 69 
179101 93 
180566 103 
180566 101 
181471 100 
181471 3
181471 1549
181471 11
183472 25 
183522 75 
184078 72 
184078 70 
184590 80 
184657 83 
184950 64 
185218 256 
185283 63 
185350 150 
185350 68 
185350 65
185417 92 
186880 103 
186880 101 
187389 100 
187389 3
187389 1549
187389 11
189388 25 
189448 75 
190000 72 
190000 70 
190508 80 
190574 83 
190761 64 
190963 63 
191027 150 
191027 68 
191027 65
191103 92 
192560 103 
192560 101 
193070 100 
193070 3
193070 1549
193070 10
195067 25 
195114 75 
195668 72 
195668 70 
196172 80 
196239 83 
196492 64 
196761 256 
196825 62 
196892 150 
196892 68 
196892 65
196964 92 
197338 90 
198423 103 
198423 101 
198931 100 
198931 3
198931 1549
198931 10
200932 25 
200976 75 
201528 72 
201528 70 
202049 80 
202116 83 
202249 64 
202451 256 
202516 62 
202583 150 
202583 68 
202583 65
202653 92 
204114 103 
204114 101 
204621 100 
204621 3
204621 1549
204621 11
206622 25 
206672 75 
207229 72 
207229 70 
207874 80 
207994 83 
208060 64 
208262 256 
208407 63 
208487 152 
208487 69 
208555 93 
210016 103 
210016 101 
210926 100 
210926 3
210926 1549
210926 10
212926 25 
212972 75 
213524 72 
213524 70 
214111 80 
214178 83 
214431 64 
214899 62 
214964 150 
214964 68 
214964 65
215029 92 
215447 90 
215570 90 
216496 103 
216496 101 
217003 100 
217003 3
217003 1549
217003 10
219002 25 
219049 75 
219602 72 
219602 70 
220122 80 
220189 83 
220255 64 
220457 62 
220523 150 
220523 68 
220523 65
220591 92 
222050 103 
222050 101 
222560 100 
222560 3
222560 1549
222560 10
224560 25 
224606 75 
225164 72 
225164 70 
225693 80 
225760 83 
225893 64 
226041 256 
226106 62 
226173 150 
226173 68 
226173 65
226244 92 
227703 103 
227703 101 
228212 100 
228212 3
228212 1549
228212 11
230211 25 
230257 75 
230808 72 
230808 70 
231317 80 
231384 83 
231517 64 
231719 256 
231784 63 
231850 150 
231850 68 
231850 65
231915 92 
233379 103 
233379 101 
233891 100 
233891 3
233891 1549
233891 11
235890 25 
235941 75 
236496 72 
236496 70 
236995 80 
237062 83 
237195 64 
237464 63 
237528 150 
237528 68 
237528 65
237593 92 
239058 103 
239058 101 
239568 100 
239568 3
239568 1549
239568 11
241568 25 
241612 75 
242164 72 
242164 70 
242672 80 
242740 83 
242806 64 
243074 63 
243152 150 
243152 68 
243152 65
243223 92 
244681 103 
244681 101 
245192 100 
245192 6
245192 1549
245192 11
245192 78 
247192 25 
247238 75 
247792 72 
247792 70 
248310 80 
248377 83 
248630 64 
248831 256 
248897 63 
248963 151 
248963 69 
249028 93 
250496 103 
250496 101 
251403 100 
251403 6
251403 1549
251403 11
253404 25 
253448 75 
253999 72 
253999 70 
254361 71 
254747 80 
254814 83 
256453 64 
257722 61 
257786 152 
257786 69 
257856 93 
258487 91 
259320 103 
259320 101 
260239 100 
260239 6
260239 1549
260239 10
262239 25 
262285 75 
262843 72 
262843 70 
263357 80 
263424 83 
263624 64 
263826 256 
263890 62 
263957 151 
263957 69 
264026 93 
264763 91 
265168 91 
265455 91 
265485 103 
265485 101 
266396 100 
266396 6
266396 1549
266396 10
268395 25 
268442 75 
268997 72 
268997 70 
269501 80 
269568 83 
271674 64 
272795 61 
272860 151 
272860 69 
272925 93 
274390 103 
274390 101 
275300 100 
275300 6
275300 1549
275300 11
277299 25 
277345 75 
277898 72 
277898 70 
278404 80 
278471 83 
279577 64 
279779 62 
279844 151 
279844 69 
279911 93 
280283 91 
280379 91 
281374 103 
281374 101 
282281 100 
282281 6
282281 1549
282281 10
284283 25 
284328 75 
284883 72 
284883 70 
285361 80 
285428 83 
290239 64 
291774 256 
291839 62 
291905 151 
291905 69 
291974 93 
292383 91 
293438 103 
293438 101 
294343 100 
294343 6
294343 1549
294343 10
296344 25 
296390 75 
296940 72 
296940 70 
297463 80 
297530 83 
299049 64 
301115 61 
301183 151 
301183 69 
301245 93 
301655 91 
302347 91 
302715 103 
302715 101 
303619 100 
303619 6
303619 1549
303619 10
305620 25 
305666 75 
306220 72 
306220 70 
306726 80 
306792 83 
308178 64 
310900 256 
311337 62 
311404 151 
311404 69 
311468 93 
312002 91 
312204 91 
312933 103 
312933 101 
313842 100 
313842 6
313842 1549
313842 11
315843 25 
316549 75 
317100 72 
317100 70 
317748 80 
317881 83 
319747 64 
322147 256 
322212 62 
322279 151 
322279 69 
322343 93 
322800 91 
323811 103 
323811 101 
324720 100 
324720 6
324720 1549
324720 11
326717 25 
326764 75 
327316 72 
327316 70 
327823 80 
327890 83 
328704 64 
329436 61 
329503 150 
329503 68 
329503 65
329569 92 
330188 90 
331036 103 
331036 101 
331542 100 
331542 6
331542 1549
331542 10
333541 25 
333592 75 
334150 72 
334150 70 
334674 80 
334741 83 
336127 64 
336328 256 
336393 63 
336460 150 
336460 68 
336460 65
336526 92 
337991 103 
337991 101 
338499 100 
338499 6
338499 1549
338499 10
340500 25 
340549 75 
341102 72 
341102 70 
341604 80 
341671 83 
342937 64 
344672 61 
344804 151 
344804 69 
344868 93 
345388 91 
346334 103 
346334 101 
347243 100 
347243 6
347243 1549
347243 10
349246 25 
349301 75 
349854 72 
349854 70 
350361 80 
350427 83 
352893 64 
354894 256 
355279 62 
355345 153 
355345 68 
355345 65
355414 92 
355807 90 
356879 103 
356879 101 
357383 100 
357383 6
357383 1549
357383 11
359384 25 
359430 75 
359981 72 
359981 70 
360503 80 
360570 83 
360770 64 
360971 256 
361036 63 
361103 151 
361103 69 
361169 93 
362632 103 
362632 101 
363543 100 
363543 6
363543 1549
363543 10
365542 25 
365588 75 
366139 72 
366139 70 
366661 80 
366727 83 
368060 64 
369113 61 
369179 151 
369179 69 
369245 93 
369613 91 
370711 103 
370711 101 
371617 100 
371617 6
371617 1549
371617 11
373618 25 
373664 75 
374221 72 
374221 70 
374724 80 
374790 83 
375950 64 
376419 256 
376483 61 
376550 150 
376550 68 
376550 65
376620 92 
377037 90 
378083 103 
378083 101 
378590 100 
378590 6
378590 1549
378590 11
380588 25 
380634 75 
381187 72 
381187 70 
381694 80 
381761 83 
382027 64 
382429 256 
382494 61 
382561 150 
382561 68 
382561 65
382632 92 
383010 90 
384094 103 
384094 101 
384601 100 
384601 6
384601 1549
384601 11
386599 25 
386646 75 
387199 72 
387199 70 
387705 80 
387772 83 
388825 64 
389359 256 
389424 61 
389491 150 
389491 68 
389491 65
389558 92 
390165 90 
391024 103 
391024 101 
391529 100 
391529 6
391529 1549
391529 10
393531 25 
393581 75 
394138 72 
394138 70 
394662 80 
394729 83 
395049 64 
395317 63 
395382 150 
395382 68 
395382 65
395454 92 
396914 103 
396914 101 
397419 100 
397419 6
397419 1549
397419 11
399420 25 
399466 75 
400018 72 
400018 70 
400540 80 
400606 83 
401073 64 
401526 256 
401594 61 
401659 150 
401659 68 
401659 65
401729 92 
402095 90 
402421 90 
403193 103 
403193 101 
403698 100 
403698 6
403698 1549
403698 11
405699 25 
405744 75 
406300 72 
406300 70 
406804 80 
406870 83 
407004 64 
407205 61 
407271 152 
407271 69 
407339 93 
408804 103 
408804 101 
409711 100 
409711 6
409711 1549
409711 11
411710 25 
411755 75 
412315 72 
412315 70 
412815 80 
412881 83 
413321 64 
414589 256 
414654 61 
414720 150 
414720 68 
414720 65
414792 92 
415258 90 
416254 103 
416254 101 
416761 100 
416761 6
416761 1549
416761 10
418760 25 
418805 75 
419359 72 
419359 70 
420025 80 
420158 83 
421466 64 
422559 256 
422624 63 
422690 150 
422690 68 
422690 65
422760 92 
424219 103 
424219 101 
424730 100 
424730 6
424730 1549
424730 11
426730 25 
426776 75 
427327 72 
427327 70 
427835 80 
427902 83 
428541 64 
429876 256 
429941 61 
430008 150 
430008 68 
430008 65
430079 92 
430416 90 
431539 103 
431539 101 
432045 100 
432045 6
432045 1549
432045 11
434045 25 
434092 75 
434646 72 
434646 70 
435152 80 
435218 83 
435352 64 
435554 256 
435618 61 
435685 150 
435685 68 
435685 65
435757 92 
436134 90 
437214 103 
437214 101 
437723 100 
437723 6
437723 1549
437723 10
439724 25 
439771 75 
440327 72 
440327 70 
440829 80 
440896 83 
441523 64 
441778 256 
441842 63 
441909 150 
441909 68 
441909 65
441979 92 
443439 103 
443439 101 
443947 100 
443947 6
443947 1549
443947 10
445949 25 
445995 75 
446546 72 
446546 70 
447067 80 
447134 83 
447333 64 
447535 256 
447600 63 
447667 150 
447667 68 
447667 65
447737 92 
449197 103 
449197 101 
449706 100 
449706 6
449706 1549
449706 11
451706 25 
451751 75 
452303 72 
452303 70 
452811 80 
452878 83 
453198 64 
453999 61 
454064 150 
454064 68 
454064 65
454134 92 
454481 90 
454705 90 
455595 103 
455595 101 
456104 100 
456104 6
456104 1549
456104 10
458103 25 
458162 75 
458717 72 
458717 70 
459235 80 
459302 83 
459768 64 
460623 256 
460689 63 
460755 150 
460755 68 
460755 65
460826 92 
462289 103 
462289 101 
462794 100 
462794 6
462794 1549
462794 10
464794 25 
464839 75 
465393 72 
465393 70 
465912 80 
465979 83 
467232 64 
468500 256 
468565 61 
468631 151 
468631 69 
468696 93 
469354 91 
470162 103 
470162 101 
471071 100 
471071 6
471071 1549
471071 11
473070 25 
473116 75 
473667 72 
473667 70 
474189 80 
474255 83 
474722 64 
475323 61 
475402 150 
475402 68 
475402 65
475472 92 
476099 90 
476930 103 
476930 101 
477446 100 
477446 6
477446 1549
477446 10
479443 25 
479487 75 
480044 72 
480044 70 
480546 80 
480613 83 
481799 64 
482814 256 
482878 62 
482945 153 
482945 68 
482945 65
483013 92 
483450 90 
483545 90 
484474 103 
484474 101 
484989 100 
484989 6
484989 1549
484989 10
486987 25 
487035 75 
487586 72 
487586 70 
488090 80 
488156 83 
488290 64 
488491 256 
488556 62 
488623 151 
488623 69 
488692 93 
489416 91 
490155 103 
490155 101 
491063 100 
491063 6
491063 1549
491063 11
493061 25 
493120 75 
493672 72 
493672 70 
494180 80 
494247 83 
494514 64 
494849 61 
494927 150 
494927 68 
494927 65
495002 92 
495369 90 
496455 103 
496455 101 
496971 100 
496971 6
496971 1549
496971 10
498969 25 
499018 75 
499569 72 
499569 70 
500085 80 
500151 83 
500644 64 
500846 62 
500911 151 
500911 69 
500980 93 
501664 91 
502440 103 
502440 101 
503350 100 
503350 6
503350 1549
503350 10
505351 25 
505409 75 
505964 72 
505964 70 
506482 80 
506549 83 
507243 64 
509241 61 
509307 151 
509307 69 
509370 93 
509910 91 
510839 103 
510839 101 
511748 100 
511748 6
511748 1549
511748 11
513747 25 
513792 75 
514347 72 
514347 70 
514852 80 
514918 83 
515278 64 
515613 61 
515678 150 
515678 68 
515678 65
515749 92 
516293 90 
517212 103 
517212 101 
517716 100 
517716 6
517716 1549
517716 11
519718 25 
519874 75 
520427 72 
520427 70 
521036 80 
521129 83 
521196 64 
521437 256 
521502 61 
521569 150 
521569 68 
521569 65
521640 92 
522084 90 
523099 103 
523099 101 
523607 100 
523607 6
523607 1549
523607 11
525607 25 
525653 75 
526209 72 
526209 70 
526713 80 
526780 83 
527020 64 
527555 256 
527620 61 
527686 150 
527686 68 
527686 65
527752 92 
528147 90 
529221 103 
529221 101 
529726 100 
529726 6
529726 1549
529726 10
531727 25 
531776 75 
532335 72 
532335 70 
532858 80 
532924 83 
533511 64 
533844 63 
533911 150 
533911 68 
533911 65
533984 92 
535445 103 
535445 101 
535964 100 
535964 6
535964 1549
535964 11
537963 25 
538008 75 
538561 72 
538561 70 
539082 80 
539148 83 
539401 64 
539988 61 
540055 150 
540055 68 
540055 65
540126 92 
540513 90 
541585 103 
541585 101 
542093 100 
542093 6
542093 1549
542093 11
544097 25 
544153 75 
544710 72 
544710 70 
545212 80 
545279 83 
545413 64 
545679 61 
545746 150 
545746 68 
545746 65
545818 92 
546179 90 
547276 103 
547276 101 
547784 100 
547784 6
547784 1549
547784 11
549785 25 
549830 75 
550386 72 
550386 70 
550890 80 
550957 83 
551024 64 
551223 256 
551356 61 
551423 150 
551423 68 
551423 65
551491 92 
552954 103 
552954 101 
553460 100 
553460 6
553460 1549
553460 11
555463 25 
555508 75 
556061 72 
556061 70 
556568 80 
556634 83 
556768 64 
556970 61 
557047 150 
557047 68 
557047 65
557118 92 
557577 90 
558578 103 
558578 101 
559086 100 
559086 6
559086 1549
559086 10
561086 25 
561138 75 
561623 73 
562075 72 
562075 70 
562578 80 
562645 83 
562845 64 
563113 63 
563191 150 
563191 68 
563191 65
563257 92 
564722 103 
564722 101 
565230 100 
565230 6
565230 1549
565230 10
567230 25 
567277 75 
567830 72 
567830 70 
568336 80 
568403 83 
568536 64 
568737 256 
568802 63 
568869 150 
568869 68 
568869 65
568940 92 
570403 103 
570403 101 
570909 100 
570909 6
570909 1549
570909 10
572908 25 
572958 75 
573510 72 
573510 70 
574014 80 
574080 83 
574214 64 
574549 256 
574614 63 
574680 150 
574680 68 
574680 65
574745 92 
576212 103 
576212 101 
576719 100 
576719 6
576719 1549
576719 10
578718 25 
578769 75 
579332 72 
579332 70 
579838 80 
579905 83 
580038 64 
580306 63 
580371 150 
580371 68 
580371 65
580443 92 
581903 103 
581903 101 
582408 100 
582408 6
582408 1549
582408 11
584409 25 
584455 75 
585010 72 
585010 70 
585529 80 
585596 83 
585729 64 
585997 256 
586062 61 
586129 150 
586129 68 
586129 65
586200 92 
586598 90 
587658 103 
587658 101 
588167 100 
588167 6
588167 1549
588167 10
590168 25 
590213 75 
590769 72 
590769 70 
591286 80 
591353 83 
591620 64 
591821 256 
591886 63 
591953 152 
591953 69 
592022 93 
593484 103 
593484 101 
594395 100 
594395 6
594395 1549
594395 11
596394 25 
596450 75 
597002 72 
597002 70 
597510 80 
597577 83 
600176 64 
600511 61 
600576 150 
600576 68 
600576 65
600648 92 
601067 90 
602110 103 
602110 101 
602614 100 
602614 6
602614 1549
602614 10
604615 25 
604667 75 
605222 72 
605222 70 
605720 80 
605787 83 
606240 64 
607041 256 
607106 63 
607173 152 
607173 69 
607240 93 
608706 103 
608706 101 
609613 100 
609613 1
609613 1549
609613 11
609613 78 
611613 25 
611658 75 
612211 72 
612211 70 
612597 250 
612786 71 
612971 80 
613037 83 
614450 64 
615438 256 
615503 61 
615570 151 
615570 69 
615639 93 
616089 91 
617101 103 
617101 101 
618007 100 
618007 1
618007 1549
618007 10
620009 25 
620072 75 
620624 72 
620624 70 
621327 80 
621447 83 
622700 64 
623501 62 
623566 151 
623566 69 
623636 93 
623956 91 
624085 91 
624413 91 
625098 103 
625098 101 
626005 100 
626005 1
626005 1549
626005 11
628007 25 
628051 75 
628512 73 
628964 72 
628964 70 
629604 80 
629697 83 
630004 64 
630338 256 
630403 61 
630483 151 
630483 69 
630547 93 
630977 91 
631781 91 
632014 103 
632014 101 
632921 100 
632921 1
632921 1549
632921 10
634922 25 
634968 75 
635519 72 
635519 70 
636014 80 
636081 83 
637067 64 
637869 62 
637947 151 
637947 69 
638017 93 
639478 103 
639478 101 
640387 100 
640387 1
640387 1549
640387 10
642387 25 
642437 75 
642992 72 
642992 70 
643505 80 
643571 83 
644251 64 
645052 61 
645117 150 
645117 68 
645117 65
645185 92 
645556 90 
646645 103 
646645 101 
647160 100 
647160 1
647160 1549
647160 11
649159 25 
649215 75 
649766 72 
649766 70 
650302 80 
650368 83 
650568 64 
651237 61 
651301 151 
651301 69 
651372 93 
651920 91 
652692 91 
652839 103 
652839 101 
653754 100 
653754 1
653754 1549
653754 11
655753 25 
655800 75 
656355 72 
656355 70 
656886 80 
656953 83 
657325 64 
657794 256 
657859 61 
657925 151 
657925 69 
657991 93 
658532 91 
659458 103 
659458 101 
660363 100 
660363 1
660363 1549
660363 10
662365 25 
662410 75 
662961 72 
662961 70 
663483 80 
663550 83 
664522 64 
665191 256 
665589 62 
665655 151 
665655 69 
665725 93 
666585 91 
667188 103 
667188 101 
668095 100 
668095 1
668095 1549
668095 10
670098 25 
670159 75 
670713 72 
670713 70 
671226 80 
671293 83 
672852 64 
673787 256 
673852 61 
673919 150 
673919 68 
673919 65
673990 92 
674345 90 
675446 103 
675446 101 
675957 100 
675957 1
675957 1549
675957 11
677959 25 
678008 75 
678559 72 
678559 70 
679076 80 
679143 83 
679409 64 
680944 62 
681009 150 
681009 68 
681009 65
681084 92 
681457 90 
682537 103 
682537 101 
683047 100 
683047 1
683047 1549
683047 11
685048 25 
685093 75 
685645 72 
685645 70 
686140 80 
686207 83 
686407 64 
686542 256 
686607 62 
686673 150 
686673 68 
686673 65
686739 92 
688200 103 
688200 101 
688711 100 
688711 1
688711 1549
688711 11
690716 25 
690771 75 
691323 72 
691323 70 
691831 80 
691898 83 
691964 64 
692166 62 
692244 150 
692244 68 
692244 65
692308 92 
693777 103 
693777 101 
694283 100 
694283 1
694283 1549
694283 10
696283 25 
696342 75 
696896 72 
696896 70 
697402 80 
697469 83 
697708 64 
697910 256 
697975 63 
698042 151 
698042 69 
698111 93 
699576 103 
699576 101 
700492 100 
700492 1
700492 1549
700492 11
702494 25 
702545 75 
702747 73 
703197 72 
703197 70 
703706 80 
703773 83 
703906 64 
704108 256 
704173 62 
704239 150 
704239 68 
704239 65
704308 92 
704887 90 
705767 103 
705767 101 
706282 100 
706282 1
706282 1549
706282 10
708284 25 
708337 75 
708894 72 
708894 70 
709410 80 
709477 83 
709744 64 
710145 61 
710210 150 
710210 68 
710210 65
710280 92 
710634 90 
711737 103 
711737 101 
712248 100 
712248 1
712248 1549
712248 10
714249 25 
714313 75 
714866 72 
714866 70 
715381 80 
715448 83 
715701 64 
717102 256 
717167 61 
717234 150 
717234 68 
717234 65
717306 92 
717644 90 
718764 103 
718764 101 
719271 100 
719271 1
719271 1549
719271 11
721273 25 
721324 75 
721880 72 
721880 70 
722418 80 
722485 83 
722618 64 
722820 256 
722885 62 
722951 152 
722951 69 
723022 93 
723678 91 
724484 103 
724484 101 
725392 100 
725392 1
725392 1549
725392 10
727390 25 
727437 75 
727993 72 
727993 70 
728496 80 
728562 83 
729269 64 
730310 61 
730388 150 
730388 68 
730388 65
730455 92 
730811 90 
731922 103 
731922 101 
732426 100 
732426 1
732426 1549
732426 10
734427 25 
734474 75 
735025 72 
735025 70 
735546 80 
735613 83 
735679 64 
736094 256 
736159 61 
736226 150 
736226 68 
736226 65
736294 92 
736705 90 
737759 103 
737759 101 
738263 100 
738263 1
738263 1549
738263 10
740265 25 
740328 75 
740880 72 
740880 70 
741397 80 
741464 83 
741597 64 
741879 256 
741943 61 
742010 150 
742010 68 
742010 65
742081 92 
742479 90 
743541 103 
743541 101 
744054 100 
744054 1
744054 1549
744054 10
746053 25 
746276 75 
746831 72 
746831 70 
747328 80 
747394 83 
747528 64 
747863 256 
747927 61 
747994 152 
747994 69 
748066 93 
748601 91 
749531 103 
749531 101 
750451 100 
750451 1
750451 1549
750451 10
752449 25 
752505 75 
753059 72 
753059 70 
753538 80 
753605 83 
754085 64 
754418 61 
754498 150 
754498 68 
754498 65
754565 92 
754961 90 
755077 90 
756029 103 
756029 101 
756537 100 
756537 1
756537 1549
756537 11
758538 25 
758588 75 
759141 72 
759141 70 
759656 80 
759723 83 
760242 64 
760444 256 
760509 62 
760576 150 
760576 68 
760576 65
760644 92 
762108 103 
762108 101 
762613 100 
762613 1
762613 1549
762613 11
764613 25 
764674 75 
765231 72 
765231 70 
765733 80 
765800 83 
766320 64 
766455 62 
766520 150 
766520 68 
766520 65
766593 92 
768049 103 
768049 101 
768559 100 
768559 1
768559 1549
768559 11
770558 25 
770618 75 
771173 72 
771173 70 
771651 80 
771718 83 
771917 64 
772266 256 
772344 62 
772411 150 
772411 68 
772411 65
772486 92 
773943 103 
773943 101 
774450 100 
774450 1
774450 1549
774450 11
776448 25 
776495 75 
777046 72 
777046 70 
777542 80 
777608 83 
777675 64 
777877 256 
777942 62 
778008 150 
778008 68 
778008 65
778078 92 
779536 103 
779536 101 
780048 100 
780048 2
780048 1549
780048 10
780048 78 
782047 25 
782098 75 
782653 72 
782653 70 
783180 80 
783246 83 
783379 64 
783782 61 
783859 150 
783859 68 
783859 65
783930 92 
784380 90 
785391 103 
785391 101 
785898 100 
785898 2
785898 1549
785898 11
787899 25 
787949 75 
788504 72 
788504 70 
789004 80 
789070 83 
789137 64 
789339 256 
789403 62 
789470 151 
789470 69 
789540 93 
790991 91 
791006 103 
791006 101 
791922 100 
791922 2
791922 1549
791922 11
793922 25 
793969 75 
794524 72 
794524 70 
795041 80 
795108 83 
795841 64 
797507 61 
797573 151 
797573 69 
798074 91 
798087 93 
799102 103 
799102 101 
800013 100 
800013 2
800013 1549
800013 11
802014 25 
802071 75 
802624 72 
802624 70 
803131 80 
803198 83 
803744 64 
805212 61 
805277 151 
805277 69 
805341 93 
805721 91 
806809 103 
806809 101 
807717 100 
807717 2
807717 1549
807717 11
809716 25 
809761 75 
810315 72 
810315 70 
810834 80 
810901 83 
812047 64 
813262 256 
813327 61 
813394 151 
813394 69 
813459 93 
813878 91 
814925 103 
814925 101 
815833 100 
815833 2
815833 1549
815833 10
817834 25 
817883 75 
818435 72 
818435 70 
818951 80 
819018 83 
819671 64 
820473 256 
820737 61 
820804 150 
820804 68 
820804 65
820876 92 
821460 90 
822331 103 
822331 101 
822842 100 
822842 2
822842 1549
822842 10
824844 25 
824894 75 
825445 72 
825445 70 
825948 80 
826015 83 
826148 64 
826415 61 
826481 152 
826481 69 
826550 93 
827045 91 
828012 103 
828012 101 
828919 100 
828919 2
828919 1549
828919 10
830922 25 
830984 75 
831539 72 
831539 70 
832132 80 
832199 83 
833052 64 
833254 256 
833358 61 
833465 150 
833465 68 
833465 65
833537 92 
833871 90 
834998 103 
834998 101 
835505 100 
835505 2
835505 1549
835505 11
837505 25 
837554 75 
838108 72 
838108 70 
838703 80 
838769 83 
839103 64 
839371 256 
839436 62 
839502 151 
839502 69 
839574 93 
839947 91 
840190 91 
841035 103 
841035 101 
841940 100 
841940 2
841940 1549
841940 10
843942 25 
843987 75 
844541 72 
844541 70 
845060 80 
845127 83 
845380 64 
845780 256 
845847 61 
845913 150 
845913 68 
845913 65
845984 92 
846497 90 
847443 103 
847443 101 
847951 100 
847951 2
847951 1549
847951 10
849953 25 
850003 75 
850557 72 
850557 70 
851044 80 
851111 83 
851431 64 
851631 256 
851699 61 
851777 150 
851777 68 
851777 65
851847 92 
852353 90 
853307 103 
853307 101 
853815 100 
853815 2
853815 1549
853815 11
855817 25 
855863 75 
856419 72 
856419 70 
856922 80 
856988 83 
857695 64 
859109 256 
859241 62 
859307 151 
859307 69 
859376 93 
859789 91 
860842 103 
860842 101 
861747 100 
861747 2
861747 1549
861747 10
863746 25 
863793 75 
864345 72 
864345 70 
864865 80 
864932 83 
864998 64 
865267 256 
865332 61 
865398 152 
865398 69 
865461 93 
865910 91 
866566 91 
866928 103 
866928 101 
867837 100 
867837 2
867837 1549
867837 10
869837 25 
869883 75 
870441 72 
870441 70 
870956 80 
871023 83 
871342 64 
871678 61 
871742 150 
871742 68 
871742 65
871814 92 
872247 90 
873274 103 
873274 101 
873782 100 
873782 2
873782 1549
873782 11
875783 25 
875846 75 
876400 72 
876400 70 
876900 80 
876967 83 
878193 64 
878861 256 
878939 63 
879006 150 
879006 68 
879006 65
879075 92 
879533 90 
880539 103 
880539 101 
881044 100 
881044 2
881044 1549
881044 11
883045 25 
883096 75 
883649 72 
883649 70 
884150 80 
884218 83 
884417 64 
884619 256 
884683 63 
884750 150 
884750 68 
884750 65
884821 92 
886282 103 
886282 101 
886790 100 
886790 2
886790 1549
886790 10
888789 25 
888835 75 
889390 72 
889390 70 
889908 80 
889975 83 
890174 64 
890510 256 
890574 61 
890641 150 
890641 68 
890641 65
890713 92 
891173 90 
892171 103 
892171 101 
892678 100 
892678 2
892678 1549
892678 11
894680 25 
894726 75 
894879 73 
895330 72 
895330 70 
895852 80 
895919 83 
896385 64 
896654 63 
896718 150 
896718 68 
896718 65
896790 92 
898251 103 
898251 101 
898756 100 
898756 2
898756 1549
898756 10
900758 25 
901151 75 
901701 72 
901701 70 
902210 80 
902276 83 
902583 64 
902785 256 
902849 61 
902929 150 
902929 68 
902929 65
903001 92 
903328 90 
904463 103 
904463 101 
904982 100 
904982 2
904982 1549
904982 10
906982 25 
907027 75 
907583 72 
907583 70 
908100 80 
908167 83 
908434 64 
908900 61 
908967 150 
908967 68 
908967 65
909039 92 
910496 103 
910496 101 
911006 100 
911006 2
911006 1549
911006 11
913006 25 
913051 75 
913602 72 
913602 70 
914111 80 
914178 83 
914538 64 
914887 63 
914951 150 
914951 68 
914951 65
915023 92 
916480 103 
916480 101 
916991 100 
916991 2
916991 1549
916991 11
918991 25 
919194 75 
919749 72 
919749 70 
920269 80 
920335 83 
920468 64 
921203 256 
921268 63 
921335 150 
921335 68 
921335 65
921401 92 
922869 103 
922869 101 
923379 100 
923379 2
923379 1549
923379 11
925376 25 
925433 75 
925988 72 
925988 70 
926493 80 
926559 83 
927132 64 
927399 63 
927466 152 
927466 69 
927535 93 
928997 103 
928997 101 
929908 100 
929908 2
929908 1549
929908 10
931906 25 
931956 75 
932511 72 
932511 70 
933037 80 
933103 83 
933690 64 
934024 61 
934089 150 
934089 68 
934089 65
934160 92 
934575 90 
935618 103 
935618 101 
936128 100 
936128 5
936128 1549
936128 10
936128 78 
938128 25 
938174 75 
938727 72 
938727 70 
939314 80 
939381 83 
939541 64 
939742 256 
939834 61 
939940 151 
939940 69 
940010 93 
940752 91 
941470 103 
941470 101 
942379 100 
942379 5
942379 1549
942379 11
944381 25 
944426 75 
944980 72 
944980 70 
945578 80 
945646 83 
946484 64 
948084 62 
948150 150 
948150 68 
948150 65
948220 92 
948598 90 
949680 103 
949680 101 
950190 100 
950190 5
950190 1549
950190 11
952191 25 
952235 75 
952790 72 
952790 70 
953321 80 
953388 83 
953588 64 
954589 62 
954667 150 
954667 68 
954667 65
954734 92 
955118 90 
956199 103 
956199 101 
956707 100 
956707 5
956707 1549
956707 11
958706 25 
958784 75 
959338 72 
959338 70 
959865 80 
959932 83 
960185 64 
960320 256 
960385 62 
960452 150 
960452 68 
960452 65
960522 92 
961977 103 
961977 101 
962491 100 
962491 5
962491 1549
962491 11
964491 25 
964549 75 
965104 72 
965104 70 
965637 80 
965703 83 
965836 64 
966038 256 
966103 62 
966169 150 
966169 68 
966169 65
966240 92 
967699 103 
967699 101 
968207 100 
968207 5
968207 1549
968207 10
970208 25 
970254 75 
970807 72 
970807 70 
971314 80 
971381 83 
971580 64 
971782 256 
971847 61 
971914 151 
971914 69 
971982 93 
972455 91 
973443 103 
973443 101 
974351 100 
974351 5
974351 1549
974351 10
976354 25 
976398 75 
976951 72 
976951 70 
977471 80 
977538 83 
978417 64 
978686 256 
978751 61 
978818 151 
978818 69 
978888 93 
979345 91 
980346 103 
980346 101 
981257 100 
981257 5
981257 1549
981257 10
983258 25 
983307 75 
983863 72 
983863 70 
984375 80 
984442 83 
985028 64 
985443 61 
985776 151 
985776 69 
985843 93 
986377 91 
986872 91 
987306 103 
987306 101 
988213 100 
988213 5
988213 1549
988213 11
990215 25 
990259 75 
990813 72 
990813 70 
991332 80 
991399 83 
991599 64 
991734 256 
991799 62 
991865 150 
991865 68 
991865 65
991935 92 
993398 103 
993398 101 
993906 100 
993906 5
993906 1549
993906 10
995904 25 
995970 75 
996278 73 
996730 72 
996730 70 
997236 80 
997303 83 
997743 64 
998011 63 
998089 150 
998089 68 
998089 65
998162 92 
999622 103 
999622 101 
1000127 100 
1000127 5
1000127 1549
1000127 10
1002129 25 
1002193 75 
1002747 72 
1002747 70 
1003234 80 
1003301 83 
1003500 64 
1003715 256 
1003780 63 
1003847 150 
1003847 68 
1003847 65
1003919 92 
1005380 103 
1005380 101 
1005886 100 
1005886 5
1005886 1549
1005886 11
1007886 25 
1007931 75 
1008189 73 
1008642 72 
1008642 70 
1009178 80 
1009246 83 
1009498 64 
1009701 256 
1009765 62 
1009831 150 
1009831 68 
1009831 65
1009902 92 
1011360 103 
1011360 101 
1011870 100 
1011870 5
1011870 1549
1011870 10
1013871 25 
1013920 75 
1014477 72 
1014477 70 
1014976 80 
1015042 83 
1015175 64 
1015389 256 
1015457 63 
1015522 150 
1015522 68 
1015522 65
1015592 92 
1017053 103 
1017053 101 
1017560 100 
1017560 5
1017560 1549
1017560 11
1019562 25 
1019607 75 
1020164 72 
1020164 70 
1020666 80 
1020733 83 
1020933 64 
1021068 256 
1021133 62 
1021200 150 
1021200 68 
1021200 65
1021270 92 
1022733 103 
1022733 101 
1023239 100 
1023239 5
1023239 1549
1023239 11
1025240 25 
1025285 75 
1025835 72 
1025835 70 
1026344 80 
1026411 83 
1026544 64 
1026759 62 
1026837 150 
1026837 68 
1026837 65
1026908 92 
1028371 103 
1028371 101 
1028877 100 
1028877 5
1028877 1549
1028877 10
1030876 25 
1030922 75 
1031475 72 
1031475 70 
1031995 80 
1032062 83 
1035047 64 
1035249 256 
1035314 62 
1035380 153 
1035380 68 
1035380 65
1035452 92 
1036911 103 
1036911 101 
1037421 100 
1037421 5
1037421 1549
1037421 11
1039419 25 
1039465 75 
1040019 72 
1040019 70 
1040498 80 
1040565 83 
1040831 64 
1041033 256 
1041098 62 
1041165 150 
1041165 68 
1041165 65
1041235 92 
1042694 103 
1042694 101 
1043203 100 
1043203 5
1043203 1549
1043203 10
1045204 25 
1045255 75 
1045811 72 
1045811 70 
1046429 80 
1046522 83 
1046829 64 
1047097 256 
1047162 63 
1047229 150 
1047229 68 
1047229 65
1047305 92 
1048758 103 
1048758 101 
1049268 100 
1049268 5
1049268 1549
1049268 10
1051269 25 
1051313 75 
1051868 72 
1051868 70 
1052347 80 
1052413 83 
1052733 64 
1053001 63 
1053066 150 
1053066 68 
1053066 65
1053142 92 
1054596 103 
1054596 101 
1055106 100 
1055106 5
1055106 1549
1055106 10
1057106 25 
1057151 75 
1057705 72 
1057705 70 
1058211 80 
1058277 83 
1058411 64 
1058624 256 
1058692 63 
1058757 150 
1058757 68 
1058757 65
1058833 92 
1060288 103 
1060288 101 
1060795 100 
1060795 5
1060795 1549
1060795 10
1062796 25 
1062843 75 
1063396 72 
1063396 70 
1063915 80 
1063982 83 
1064235 64 
1064517 63 
1064595 150 
1064595 68 
1064595 65
1064665 92 
1066123 103 
1066123 101 
1066635 100 
1066635 5
1066635 1549
1066635 11
1068633 25 
1068692 75 
1069249 72 
1069249 70 
1069753 80 
1069819 83 
1069953 64 
1070154 62 
1070219 150 
1070219 68 
1070219 65
1070290 92 
1071750 103 
1071750 101 
1072259 100 
1072259 5
1072259 1549
1072259 11
1074259 25 
1074309 75 
1074862 72 
1074862 70 
1075390 80 
1075457 83 
1075523 64 
1075725 256 
1075790 62 
1075857 152 
1075857 69 
1075928 93 
1076634 91 
1076897 91 
1077386 103 
1077386 101 
1078297 100 
1078297 5
1078297 1549
1078297 10
1080297 25 
1080342 75 
1080895 72 
1080895 70 
1081401 80 
1081468 83 
1081708 64 
1081908 256 
1081976 63 
1082041 150 
1082041 68 
1082041 65
1082116 92 
1083572 103 
1083572 101 
1084081 100 
1084081 5
1084081 1549
1084081 11
1086081 25 
1086126 75 
1086468 73 
1086924 72 
1086924 70 
1087412 80 
1087479 83 
1087745 64 
1088013 256 
1088078 62 
1088145 150 
1088145 68 
1088145 65
1088213 92 
1088652 90 
1089675 103 
1089675 101 
1090184 100 
1090184 5
1090184 1549
1090184 11
1092182 25 
1092230 75 
1092781 72 
1092781 70 
1093289 80 
1093356 83 
1093490 64 
1093691 62 
1093756 150 
1093756 68 
1093756 65
1093833 92 
1095291 103 
1095291 101 
1095809 100 
1095809 4
1095809 1549
1095809 10
1095809 78 
1097809 25 
1097854 75 
1098406 72 
1098406 70 
1098927 80 
1098994 83 
1099127 64 
1099328 256 
1099407 63 
1099474 151 
1099474 69 
1099543 93 
1100125 91 
1101004 103 
1101004 101 
1101914 100 
1101914 4
1101914 1549
1101914 11
1103913 25 
1103962 75 
1104516 72 
1104516 70 
1105018 80 
1105084 83 
1105218 64 
1105484 62 
1105551 151 
1105551 69 
1105622 93 
1106046 91 
1107080 103 
1107080 101 
1107988 100 
1107988 4
1107988 1549
1107988 10
1109990 25 
1110042 75 
1110593 72 
1110593 70 
1111122 80 
1111189 83 
1112348 64 
1112830 61 
1112895 151 
1112895 69 
1112963 93 
1113500 91 
1114429 103 
1114429 101 
1115334 100 
1115334 4
1115334 1549
1115334 11
1117333 25 
1117392 75 
1117944 72 
1117944 70 
1118452 80 
1118519 83 
1119079 64 
1119812 61 
1119878 150 
1119878 68 
1119878 65
1119944 92 
1120302 90 
1120552 90 
1121413 103 
1121413 101 
1121931 100 
1121931 4
1121931 1549
1121931 11
1123931 25 
1123996 75 
1124550 72 
1124550 70 
1125076 80 
1125143 83 
1125609 64 
1126610 61 
1126675 150 
1126675 68 
1126675 65
1126741 92 
1127154 90 
1128203 103 
1128203 101 
1128715 100 
1128715 4
1128715 1549
1128715 11
1130715 25 
1131107 75 
1131658 72 
1131658 70 
1132166 80 
1132233 83 
1132606 64 
1132821 256 
1132886 61 
1132953 150 
1132953 68 
1132953 65
1133023 92 
1133502 90 
1134486 103 
1134486 101 
1134990 100 
1134990 4
1134990 1549
1134990 10
1136991 25 
1137503 75 
1138058 72 
1138058 70 
1138564 80 
1138630 83 
1139110 64 
1139778 256 
1139843 63 
1139910 153 
1139910 68 
1139910 65
1139979 92 
1141443 103 
1141443 101 
1141950 100 
1141950 4
1141950 1549
1141950 11
1143948 25 
1143994 75 
1144551 72 
1144551 70 
1145056 80 
1145121 83 
1145428 64 
1145762 61 
1145827 150 
1145827 68 
1145827 65
1145907 92 
1146322 90 
1147356 103 
1147356 101 
1147867 100 
1147867 4
1147867 1549
1147867 10
1149866 25 
1149912 75 
1150466 72 
1150466 70 
1151145 80 
1151265 83 
1151638 64 
1151906 256 
1151971 63 
1152038 151 
1152038 69 
1152108 93 
1153461 91 
1153569 103 
1153569 101 
1154476 100 
1154476 4
1154476 1549
1154476 11
1156477 25 
1156522 75 
1157074 72 
1157074 70 
1157596 80 
1157662 83 
1158182 64 
1159250 61 
1159328 150 
1159328 68 
1159328 65
1159400 92 
1159750 90 
1160862 103 
1160862 101 
1161366 100 
1161366 4
1161366 1549
1161366 10
1163369 25 
1163463 75 
1164018 72 
1164018 70 
1164526 80 
1164593 83 
1165726 64 
1165927 256 
1165992 63 
1166059 151 
1166059 69 
1166124 93 
1167589 103 
1167589 101 
1168499 100 
1168499 4
1168499 1549
1168499 10
1170498 25 
1170544 75 
1171096 72 
1171096 70 
1171603 80 
1171670 83 
1172776 64 
1173645 62 
1173709 150 
1173709 68 
1173709 65
1173780 92 
1174156 90 
1175238 103 
1175238 101 
1175746 100 
1175746 4
1175746 1549
1175746 10
1177747 25 
1178030 75 
1178581 72 
1178581 70 
1179107 80 
1179173 83 
1179373 64 
1179507 256 
1179575 62 
1179640 150 
1179640 68 
1179640 65
1179708 92 
1181170 103 
1181170 101 
1181677 100 
1181677 4
1181677 1549
1181677 10
1183679 25 
1183729 75 
1184283 72 
1184283 70 
1184758 80 
1184824 250 
1185491 76 
1185557 83 
1185931 64 
1186065 62 
1186130 150 
1186130 68 
1186130 65
1186203 92 
1187659 103 
1187659 101 
1188169 100 
1188169 4
1188169 1549
1188169 11
1190170 25 
1190216 75 
1190768 72 
1190768 70 
1191275 80 
1191342 83 
1192168 64 
1192503 256 
1192568 61 
1192634 152 
1192634 69 
1192704 93 
1193146 91 
1194165 103 
1194165 101 
1195072 100 
1195072 4
1195072 1549
1195072 10
1197074 25 
1197119 75 
1197670 72 
1197670 70 
1198205 80 
1198272 83 
1198685 64 
1198887 256 
1198952 62 
1199018 150 
1199018 68 
1199018 65
1199089 92 
1200552 103 
1200552 101 
1201059 100 
1201059 4
1201059 1549
1201059 10
1203058 25 
1203103 75 
1203658 72 
1203658 70 
1204136 80 
1204203 83 
1204403 64 
1204604 256 
1204669 62 
1204736 150 
1204736 68 
1204736 65
1204807 92 
1206270 103 
1206270 101 
1206777 100 
1206777 4
1206777 1549
1206777 11
1208776 25 
1208854 75 
1209405 72 
1209405 70 
1209907 80 
1209974 83 
1210294 64 
1210962 61 
1211027 150 
1211027 68 
1211027 65
1211098 92 
1211476 90 
1212555 103 
1212555 101 
1213065 100 
1213065 4
1213065 1549
1213065 11
1215065 25 
1215116 75 
1215669 72 
1215669 70 
1216185 80 
1216251 83 
1216318 64 
1216586 61 
1216651 150 
1216651 68 
1216651 65
1216727 92 
1218179 103 
1218179 101 
1218691 100 
1218691 4
1218691 1549
1218691 11
1220690 25 
1220736 75 
1221292 72 
1221292 70 
1221796 80 
1221862 83 
1221995 64 
1222195 256 
1222264 61 
1222329 150 
1222329 68 
1222329 65
1222401 92 
1222915 90 
1223854 103 
1223854 101 
1224369 100 
1224369 4
1224369 1549
1224369 11
1226368 25 
1226415 75 
1226965 72 
1226965 70 
1227473 80 
1227540 83 
1228206 64 
1230473 256 
1230539 61 
1230605 150 
1230605 68 
1230605 65
1230669 92 
1230996 90 
1232133 103 
1232133 101 
1232643 100 
1232643 4
1232643 1549
1232643 10
1234644 25 
1234690 75 
1235242 72 
1235242 70 
1235763 80 
1235830 83 
1239375 64 
1240243 256 
1240308 62 
1240374 150 
1240374 68 
1240374 65
1240443 92 
1241907 103 
1241907 101 
1242427 100 
1242427 4
1242427 1549
1242427 11
1244427 25 
1245236 75 
1245465 73 
1245949 72 
1245949 70 
1246452 80 
1246519 83 
1246772 64 
1247173 256 
1247238 61 
1247305 150 
1247305 68 
1247305 65
1247376 92 
1247792 90 
1248832 103 
1248832 101 
1249344 100 
1249344 6
1249344 1549
1249344 10
1249344 78 
1251344 25 
1251403 75 
1251956 72 
1251956 70 
1252556 80 
1252623 83 
1252876 64 
1253051 256 
1253129 62 
1253196 153 
1253196 68 
1253196 65
1253267 92 
1254727 103 
1254727 101 
1255236 100 
1255236 6
1255236 1549
1255236 11
1257235 25 
1257281 75 
1257834 72 
1257834 70 
1258367 80 
1258434 83 
1258633 64 
1258902 256 
1258967 61 
1259033 150 
1259033 68 
1259033 65
1259100 92 
1259499 90 
1260562 103 
1260562 101 
1261073 100 
1261073 6
1261073 1549
1261073 11
1263074 25 
1263136 75 
1263687 72 
1263687 70 
1264191 80 
1264258 83 
1264631 64 
1265032 256 
1265097 61 
1265164 150 
1265164 68 
1265164 65
1265231 92 
1265975 90 
1266693 103 
1266693 101 
1267202 100 
1267202 6
1267202 1549
1267202 11
1269204 25 
1269262 75 
1269816 72 
1269816 70 
1270348 80 
1270415 83 
1270482 64 
1270684 256 
1270748 61 
1270815 150 
1270815 68 
1270815 65
1270886 92 
1271503 90 
1272344 103 
1272344 101 
1272854 100 
1272854 6
1272854 1549
1272854 10
1274855 25 
1274913 75 
1275066 73 
1275574 72 
1275574 70 
1276093 80 
1276159 83 
1276359 64 
1276561 256 
1276626 62 
1276693 151 
1276693 69 
1276762 93 
1278222 103 
1278222 101 
1279133 100 
1279133 6
1279133 1549
1279133 10
1281132 25 
1281177 75 
1281729 72 
1281729 70 
1282237 80 
1282304 83 
1282903 64 
1283518 256 
1283583 62 
1283650 151 
1283650 69 
1283720 93 
1285180 103 
1285180 101 
1286090 100 
1286090 6
1286090 1549
1286090 10
1288088 25 
1288140 75 
1288695 72 
1288695 70 
1289207 80 
1289274 83 
1289767 64 
1290702 61 
1290780 151 
1290780 69 
1290845 93 
1291370 91 
1291838 91 
1292266 91 
1292315 103 
1292315 101 
1293218 100 
1293218 6
1293218 1549
1293218 10
1295219 25 
1295525 75 
1295652 73 
1296209 72 
1296209 70 
1296724 80 
1296791 83 
1297391 64 
1298390 62 
1298470 151 
1298470 69 
1298540 93 
1299060 91 
1299999 103 
1299999 101 
1300910 100 
1300910 6
1300910 1549
1300910 11
1302909 25 
1302955 75 
1303506 72 
1303506 70 
1305415 71 
1305707 80 
1305774 83 
1306853 64 
1307255 61 
1307320 150 
1307320 68 
1307320 65
1307389 92 
1307791 90 
1308852 103 
1308852 101 
1309372 100 
1309372 6
1309372 1549
1309372 10
1311372 25 
1311418 75 
1311971 72 
1311971 70 
1312478 80 
1312544 83 
1313397 64 
1313733 62 
1313810 151 
1313810 69 
1313879 93 
1314319 91 
1314902 91 
1315349 103 
1315349 101 
1316264 100 
1316264 6
1316264 1549
1316264 11
1318263 25 
1318326 75 
1318885 72 
1318885 70 
1319408 80 
1319475 83 
1319981 64 
1320383 256 
1320448 61 
1320514 150 
1320514 68 
1320514 65
1320580 92 
1320916 90 
1322046 103 
1322046 101 
1322554 100 
1322554 6
1322554 1549
1322554 10
1324553 25 
1324599 75 
1325154 72 
1325154 70 
1325645 80 
1325712 83 
1327031 64 
1327433 63 
1327511 150 
1327511 68 
1327511 65
1327582 92 
1329046 103 
1329046 101 
1329565 100 
1329565 6
1329565 1549
1329565 10
1331564 25 
1331615 75 
1332169 72 
1332169 70 
1332696 80 
1332762 83 
1332962 64 
1333230 256 
1333295 63 
1333375 150 
1333375 68 
1333375 65
1333448 92 
1334912 103 
1334912 101 
1335428 100 
1335428 6
1335428 1549
1335428 10
1337429 25 
1337492 75 
1338045 72 
1338045 70 
1338560 80 
1338627 83 
1339306 76 
1339680 64 
1340015 256 
1340079 62 
1340146 151 
1340146 69 
1340215 93 
1340840 91 
1341679 103 
1341679 101 
1342583 100 
1342583 6
1342583 1549
1342583 11
1344585 25 
1344631 75 
1345192 72 
1345192 70 
1345730 80 
1345797 83 
1346117 64 
1346718 256 
1346796 61 
1346863 150 
1346863 68 
1346863 65
1346930 92 
1347245 90 
1348396 103 
1348396 101 
1348904 100 
1348904 6
1348904 1549
1348904 10
1350906 25 
1350967 75 
1351522 72 
1351522 70 
1352021 80 
1352234 83 
1352674 64 
1352942 256 
1353007 63 
1353074 152 
1353074 69 
1353143 93 
1353884 91 
1353939 91 
1354235 91 
1354603 103 
1354603 101 
1355513 100 
1355513 6
1355513 1549
1355513 11
1357515 25 
1357572 75 
1358131 72 
1358131 70 
1358658 80 
1358725 83 
1359098 64 
1359433 256 
1359498 61 
1359565 150 
1359565 68 
1359565 65
1359633 92 
1360001 90 
1361092 103 
1361092 101 
1361603 100 
1361603 6
1361603 1549
1361603 11
1363603 25 
1363649 75 
1364205 72 
1364205 70 
1364722 80 
1364789 83 
1364856 64 
1365124 61 
1365189 150 
1365189 68 
1365189 65
1365260 92 
1366721 103 
1366721 101 
1367228 100 
1367228 6
1367228 1549
1367228 11
1369228 25 
1369273 75 
1369826 72 
1369826 70 
1370347 80 
1370413 83 
1370547 64 
1370748 256 
1370813 61 
1370880 150 
1370880 68 
1370880 65
1370946 92 
1371341 90 
1372408 103 
1372408 101 
1372919 100 
1372919 6
1372919 1549
1372919 10
1374919 25 
1375400 75 
1375957 72 
1375957 70 
1376478 80 
1376544 83 
1376904 64 
1377185 63 
1377264 150 
1377264 68 
1377264 65
1377334 92 
1378794 103 
1378794 101 
1379302 100 
1379302 6
1379302 1549
1379302 11
1381302 25 
1381349 75 
1381905 72 
1381905 70 
1382408 80 
1382475 83 
1384847 64 
1385382 256 
1385447 61 
1385515 150 
1385515 68 
1385515 65
1385582 92 
1385964 90 
1387042 103 
1387042 101 
1387554 100 
1387554 6
1387554 1549
1387554 10
1389552 25 
1389598 75 
1390151 72 
1390151 70 
1390658 80 
1390725 83 
1391111 64 
1391446 63 
1391511 150 
1391511 68 
1391511 65
1391581 92 
1393044 103 
1393044 101 
1393549 100 
1393549 6
1393549 1549
1393549 10
1395550 25 
1395596 75 
1396149 72 
1396149 70 
1396629 80 
1396696 83 
1396962 64 
1397164 256 
1397242 63 
1397309 150 
1397309 68 
1397309 65
1397379 92 
1398841 103 
1398841 101 
1399348 100 
1399348 6
1399348 1549
1399348 11
1401349 25 
1401411 75 
1401963 72 
1401963 70 
1402466 80 
1402533 83 
1402800 64 
1403068 61 
1403146 150 
1403146 68 
1403146 65
1403216 92 
1403638 90 
1404678 103 
1404678 101 
1405184 100 
1405184 6
1405184 1549
1405184 11
1407189 25 
1407244 75 
1407796 72 
1407796 70 
1408317 80 
1408384 83 
1408517 64 
1408786 256 
1408851 61 
1408917 152 
1408917 69 
1408987 93 
1410446 103 
1410446 101 
1411357 100 
1411357 6
1411357 1549
1411357 11
1413356 25 
1413406 75 
1413963 72 
1413963 70 
1414488 80 
1414555 83 
1414888 64 
1415223 61 
1415288 150 
1415288 68 
1415288 65
1415358 92 
1415814 90 
1415988 90 
1416818 103 
1416818 101 
1417327 100 
1417327 6
1417327 1549
1417327 10
1419328 25 
1419373 75 
1419925 72 
1419925 70 
1420432 80 
1420499 83 
1420912 64 
1421447 256 
1421512 63 
1421592 150 
1421592 68 
1421592 65
1421663 92 
1423123 103 
1423123 101 
1423631 100 
1423631 1
1423631 1549
1423631 11
1423631 78 
1425631 25 
1425676 75 
1426228 72 
1426228 70 
1426736 80 
1426803 83 
1427003 64 
1428137 256 
1428202 61 
1428269 151 
1428269 69 
1428339 93 
1428762 91 
1429798 103 
1429798 101 
1430708 100 
1430708 1
1430708 1549
1430708 10
1432710 25 
1432755 75 
1433309 72 
1433309 70 
1433813 80 
1433880 83 
1434906 64 
1435974 62 
1436052 151 
1436052 69 
1436120 93 
1436526 91 
1436789 91 
1437583 103 
1437583 101 
1438490 100 
1438490 1
1438490 1549
1438490 11
1440492 25 
1440538 75 
1441092 72 
1441092 70 
1441597 80 
1441663 83 
1442063 64 
1442532 256 
1442596 61 
1442663 153 
1442663 68 
1442663 65
1442734 92 
1443199 90 
1444191 103 
1444191 101 
1444704 100 
1444704 1
1444704 1549
1444704 10
1446701 25 
1446748 75 
1447304 72 
1447304 70 
1447808 80 
1447874 83 
1448727 76 
1449100 64 
1450102 256 
1450167 63 
1450233 151 
1450233 69 
1450301 93 
1450890 91 
1451306 91 
1451765 103 
1451765 101 
1452673 100 
1452673 1
1452673 1549
1452673 10
1454673 25 
1454731 75 
1455286 72 
1455286 70 
1455911 80 
1455977 83 
1456830 64 
1458298 61 
1458363 150 
1458363 68 
1458363 65
1458430 92 
1458864 90 
1459895 103 
1459895 101 
1460403 100 
1460403 1
1460403 1549
1460403 10
1462407 25 
1462465 75 
1463021 72 
1463021 70 
1463534 80 
1463601 83 
1465227 64 
1466227 62 
1466293 151 
1466293 69 
1466357 93 
1466779 91 
1466941 91 
1467477 91 
1467751 91 
1467826 103 
1467826 101 
1468731 100 
1468731 1
1468731 1549
1468731 11
1470734 25 
1470791 75 
1471348 72 
1471348 70 
1471851 80 
1471917 83 
1472490 64 
1472972 61 
1473037 151 
1473037 69 
1508317 91 
1508332 93 
1508332 103 
1508332 101 
1509247 100 
1509247 1
1509247 1549
1509247 10
1511249 25 
1511298 75 
1511854 72 
1511854 70 
1512367 80 
1512434 83 
1513327 64 
1513661 61 
1513727 150 
1513727 68 
1513727 65
1513796 92 
1514200 90 
1515256 103 
1515256 101 
1515766 100 
1515766 1
1515766 1549
1515766 11
1517766 25 
1517811 75 
1518366 72 
1518366 70 
1518844 80 
1518911 83 
1519377 64 
1519644 62 
1519711 150 
1519711 68 
1519711 65
1519777 92 
1521244 103 
1521244 101 
1521748 100 
1521748 1
1521748 1549
1521748 11
1523749 25 
1523801 75 
1524352 72 
1524352 70 
1524855 80 
1524922 83 
1524988 64 
1525190 256 
1525255 62 
1525322 150 
1525322 68 
1525322 65
1525394 92 
1526851 103 
1526851 101 
1527362 100 
1527362 1
1527362 1549
1527362 11
1529360 25 
1529420 75 
1529974 72 
1529974 70 
1530506 80 
1530639 250 
1531239 76 
1531319 83 
1531652 64 
1531801 62 
1531866 150 
1531866 68 
1531866 65
1531934 92 
1532516 90 
1533399 103 
1533399 101 
1533903 100 
1533903 1
1533903 1549
1533903 10
1535905 25 
1535955 75 
1536507 72 
1536507 70 
1537024 80 
1537090 83 
1537290 64 
1538544 256 
1538609 61 
1538676 150 
1538676 68 
1538676 65
1538740 92 
1539115 90 
1540207 103 
1540207 101 
1540714 100 
1540714 1
1540714 1549
1540714 10
1542716 25 
1542767 75 
1543317 72 
1543317 70 
1543821 80 
1543887 83 
1544207 64 
1544474 61 
1544540 150 
1544540 68 
1544540 65
1544610 92 
1545059 90 
1546068 103 
1546068 101 
1546579 100 
1546579 1
1546579 1549
1546579 11
1548579 25 
1548625 75 
1549180 72 
1549180 70 
1549685 80 
1549751 83 
1549885 64 
1550020 256 
1550085 62 
1550151 150 
1550151 68 
1550151 65
1550221 92 
1551684 103 
1551684 101 
1552190 100 
1552190 1
1552190 1549
1552190 11
1554191 25 
1554236 75 
1554788 72 
1554788 70 
1555282 80 
1555349 83 
1555589 64 
1555729 256 
1555856 62 
1555976 150 
1555976 68 
1555976 65
1556047 92 
1557506 103 
1557506 101 
1558013 100 
1558013 1
1558013 1549
1558013 10
1560016 25 
1560078 75 
1560636 72 
1560636 70 
1561201 80 
1561293 83 
1561427 64 
1561881 61 
1561973 150 
1561973 68 
1561973 65
1562038 92 
1562449 90 
1563501 103 
1563501 101 
1564011 100 
1564011 1
1564011 1549
1564011 11
1566011 25 
1566057 75 
1566611 72 
1566611 70 
1567171 80 
1567238 83 
1567371 64 
1567572 256 
1567637 62 
1567704 152 
1567704 69 
1567774 93 
1568333 91 
1569232 103 
1569232 101 
1570142 100 
1570142 1
1570142 1549
1570142 11
1572144 25 
1572188 75 
1572739 72 
1572739 70 
1573262 80 
1573328 83 
1573955 64 
1575969 256 
1576034 61 
1576100 151 
1576100 69 
1576165 93 
1576598 91 
1577609 91 
1577633 103 
1577633 101 
1578540 100 
1578540 1
1578540 1549
1578540 10
1580541 25 
1580598 75 
1581151 72 
1581151 70 
1581658 80 
1581725 83 
1582684 64 
1583019 61 
1583097 150 
1583097 68 
1583097 65
1583168 92 
1583616 90 
1584629 103 
1584629 101 
1585136 100 
1585136 1
1585136 1549
1585136 10
1587137 25 
1587183 75 
1587738 72 
1587738 70 
1588255 80 
1588322 83 
1588389 64 
1588657 61 
1588722 150 
1588722 68 
1588722 65
1588794 92 
1589391 90 
1590254 103 
1590254 101 
1590762 100 
1590762 1
1590762 1549
1590762 10
1592761 25 
1592811 75 
1592916 73 
1593430 72 
1593430 70 
1593946 80 
1594013 83 
1594266 64 
1594601 256 
1594666 61 
1594733 150 
1594733 68 
1594733 65
1594802 92 
1595197 90 
1596265 103 
1596265 101 
1596772 100 
1596772 1
1596772 1549
1596772 11
1598771 25 
1598823 75 
1599379 72 
1599379 70 
1599892 80 
1599957 83 
1600264 64 
1600465 62 
1600530 150 
1600530 68 
1600530 65
1600601 92 
1602062 103 
1602062 101 
1602569 100 
1602569 1
1602569 1549
1602569 10
1604570 25 
1604621 75 
1605174 72 
1605174 70 
1605688 80 
1605755 83 
1605955 64 
1606156 256 
1606221 61 
1606301 150 
1606301 68 
1606301 65
1606372 92 
1606841 90 
1607829 103 
1607829 101 
1608341 100 
1608341 1
1608341 1549
1608341 10
1610340 25 
1610399 75 
1610956 72 
1610956 70 
1611459 80 
1611526 83 
1611725 64 
1611927 61 
1611992 150 
1611992 68 
1611992 65
1612062 92 
1613520 103 
1613520 101 
1614031 100 
1614031 3
1614031 1549
1614031 11
1614031 78 
1616032 25 
1616078 75 
1616631 72 
1616631 70 
1617137 80 
1617203 83 
1617576 64 
1617845 256 
1617910 62 
1617976 151 
1617976 69 
1618040 93 
1618860 91 
1619020 91 
1619512 103 
1619512 101 
1620428 100 
1620428 3
1620428 1549
1620428 11
1622430 25 
1622480 75 
1623031 72 
1623031 70 
1623562 80 
1623627 83 
1624107 64 
1625241 256 
1625306 61 
1625373 153 
1625373 68 
1625373 65
1625441 92 
1625869 90 
1626901 103 
1626901 101 
1627412 100 
1627412 3
1627412 1549
1627412 10
1629414 25 
1629458 75 
1630011 72 
1630011 70 
1630544 80 
1630611 250 
1631479 76 
1631544 83 
1632197 64 
1634464 256 
1634529 62 
1634597 150 
1634597 68 
1634597 65
1634664 92 
1635031 90 
1635314 90 
1636125 103 
1636125 101 
1636641 100 
1636641 3
1636641 1549
1636641 10
1638640 25 
1638698 75 
1639253 72 
1639253 70 
1639767 80 
1639834 83 
1640034 64 
1641168 61 
1641233 151 
1641233 69 
1641296 93 
1642766 103 
1642766 101 
1643671 100 
1643671 3
1643671 1549
1643671 10
1645672 25 
1645723 75 
1646276 72 
1646276 70 
1646791 80 
1646857 83 
1647284 64 
1649350 61 
1649416 151 
1649416 69 
1649482 93 
1649907 91 
1650949 103 
1650949 101 
1651855 100 
1651855 3
1651855 1549
1651855 11
1653857 25 
1653914 75 
1654470 72 
1654470 70 
1654974 80 
1655041 83 
1655934 64 
1656415 256 
1656615 61 
1656680 151 
1656680 69 
1656743 93 
1658210 103 
1658210 101 
1659117 100 
1659117 3
1659117 1549
1659117 11
1661120 25 
1661165 75 
1661724 72 
1661724 70 
1662238 80 
1662304 83 
1663037 64 
1665171 61 
1665236 151 
1665236 69 
1665299 93 
1665697 91 
1666770 103 
1666770 101 
1667673 100 
1667673 3
1667673 1549
1667673 11
1669676 25 
1669734 75 
1670291 72 
1670291 70 
1670967 80 
1671034 83 
1672047 64 
1673181 62 
1673260 151 
1673260 69 
1673329 93 
1673721 91 
1674793 103 
1674793 101 
1675701 100 
1675701 3
1675701 1549
1675701 10
1677700 25 
1677745 75 
1678298 72 
1678298 70 
1678817 80 
1678884 83 
1679684 64 
1680951 61 
1681030 151 
1681030 69 
1681099 93 
1681465 91 
1682564 103 
1682564 101 
1683468 100 
1683468 3
1683468 1549
1683468 11
1685470 25 
1685533 75 
1686083 72 
1686083 70 
1686601 80 
1686667 83 
1687334 64 
1688000 63 
1688067 150 
1688067 68 
1688067 65
1688134 92 
1689599 103 
1689599 101 
1690104 100 
1690104 3
1690104 1549
1690104 11
1692106 25 
1692156 75 
1692708 72 
1692708 70 
1693225 80 
1693291 83 
1693491 64 
1693759 63 
1693824 150 
1693824 68 
1693824 65
1693896 92 
1695355 103 
1695355 101 
1695865 100 
1695865 3
1695865 1549
1695865 11
1697863 25 
1698060 75 
1698612 72 
1698612 70 
1699116 80 
1699182 83 
1699315 64 
1699517 256 
1699582 63 
1699649 152 
1699649 69 
1699717 93 
1700316 91 
1701178 103 
1701178 101 
1702087 100 
1702087 3
1702087 1549
1702087 10
1704088 25 
1704147 75 
1704703 72 
1704703 70 
1705206 80 
1705273 83 
1706299 64 
1706767 62 
1706846 150 
1706846 68 
1706846 65
1706912 92 
1707260 90 
1708375 103 
1708375 101 
1708884 100 
1708884 3
1708884 1549
1708884 10
1710883 25 
1710930 75 
1711486 72 
1711486 70 
1712017 80 
1712083 83 
1712217 64 
1712419 62 
1712497 150 
1712497 68 
1712497 65
1712568 92 
1714027 103 
1714027 101 
1714535 100 
1714535 3
1714535 1549
1714535 10
1716535 25 
1716581 75 
1717136 72 
1717136 70 
1717641 80 
1717708 83 
1717842 64 
1717976 256 
1718041 62 
1718108 150 
1718108 68 
1718108 65
1718183 92 
1719637 103 
1719637 101 
1720145 100 
1720145 3
1720145 1549
1720145 11
1722149 25 
1722210 75 
1722764 72 
1722764 70 
1723239 80 
1723305 83 
1723572 64 
1723774 256 
1723838 63 
1723905 150 
1723905 68 
1723905 65
1723975 92 
1725434 103 
1725434 101 
1725943 100 
1725943 3
1725943 1549
1725943 11
1727944 25 
1727995 75 
1728548 72 
1728548 70 
1729023 80 
1729090 83 
1729223 64 
1729424 63 
1729490 150 
1729490 68 
1729490 65
1729560 92 
1731017 103 
1731017 101 
1731528 100 
1731528 3
1731528 1549
1731528 10
1733529 25 
1733755 75 
1734311 72 
1734311 70 
1734834 80 
1734901 83 
1735100 76 
1735167 64 
1735369 256 
1735434 62 
1735500 150 
1735500 68 
1735500 65
1735570 92 
1737028 103 
1737028 101 
1737539 100 
1737539 3
1737539 1549
1737539 10
1739539 25 
1739598 75 
1740154 72 
1740154 70 
1740632 80 
1740698 250 
1741207 76 
1741271 83 
1741604 64 
1741739 62 
1741804 150 
1741804 68 
1741804 65
1741872 92 
1743333 103 
1743333 101 
1743842 100 
1743842 3
1743842 1549
1743842 10
1745845 25 
1745895 75 
1746450 72 
1746450 70 
1746976 80 
1747042 83 
1747175 64 
1747378 62 
1747455 150 
1747455 68 
1747455 65
1747525 92 
1748989 103 
1748989 101 
1749494 100 
1749494 3
1749494 1549
1749494 10
1751496 25 
1751553 75 
1751786 73 
1752243 72 
1752243 70 
1752746 80 
1752813 83 
1752880 64 
1753081 256 
1753146 62 
1753213 150 
1753213 68 
1753213 65
1753287 92 
1754744 103 
1754744 101 
1755253 100 
1755253 3
1755253 1549
1755253 11
1757252 25 
1757303 75 
1757401 73 
1757953 72 
1757953 70 
1758451 80 
1758517 83 
1758584 64 
1758852 256 
1758917 63 
1758984 150 
1758984 68 
1758984 65
1759053 92 
1760515 103 
1760515 101 
1761021 100 
1761021 3
1761021 1549
1761021 11
1763024 25 
1763088 75 
1763644 72 
1763644 70 
1764182 80 
1764248 250 
1765982 76 
1766048 83 
1766567 64 
1767169 63 
1767247 150 
1767247 68 
1767247 65
1767318 92 
1768777 103 
1768777 101 
1769286 100 
1769286 3
1769286 1549
1769286 11
1771285 25 
1771337 75 
1771889 72 
1771889 70 
1772578 80 
1772645 83 
1772711 64 
1772980 63 
1773045 150 
1773045 68 
1773045 65
1773113 92 
1774578 103 
1774578 101 
1775084 100 
1775084 3
1775084 1549
1775084 10
1777085 25 
1777134 75 
1777683 72 
1777683 70 
1778336 80 
1778442 83 
1778536 64 
1778737 256 
1778842 62 
1778949 150 
1778949 68 
1778949 65
1779019 92 
1780319 90 
1780479 103 
1780479 101 
1780986 100 
1780986 3
1780986 1549
1780986 10
1782988 25 
1783033 75 
1783588 72 
1783588 70 
1784200 80 
1784266 250 
1784535 76 
1784866 76 
1784933 83 
1785253 64 
1785454 62 
1785519 152 
1785519 69 
1785586 93 
1786067 91 
1787057 103 
1787057 101 
1787970 100 
1787970 2
1787970 1549
1787970 11
1787970 78 
1789972 25 
1790031 75 
1790586 72 
1790586 70 
1791090 80 
1791157 83 
1791637 64 
1793104 256 
1793169 61 
1793236 151 
1793236 69 
1793306 93 
1793695 91 
1794185 91 
1794768 103 
1794768 101 
1795676 100 
1795676 2
1795676 1549
1795676 11
1797675 25 
1797720 75 
1798276 72 
1798276 70 
1798767 80 
1798834 83 
1799447 64 
1801194 256 
1801259 61 
1801326 151 
1801326 69 
1801396 93 
1801795 91 
1802855 103 
1802855 101 
1803766 100 
1803766 2
1803766 1549
1803766 10
1805764 25 
1805815 75 
1806367 72 
1806367 70 
1806884 80 
1806950 83 
1807190 64 
1807393 62 
1807470 151 
1807470 69 
1807538 93 
1808026 91 
1809000 103 
1809000 101 
1809910 100 
1809910 2
1809910 1549
1809910 11
1811909 25 
1811968 75 
1812522 72 
1812522 70 
1813041 80 
1813108 83 
1813961 64 
1816695 61 
1816760 153 
1816760 68 
1816760 65
1816825 92 
1817303 90 
1818288 103 
1818288 101 
1818797 100 
1818797 2
1818797 1549
1818797 10
1820798 25 
1820849 75 
1821403 72 
1821403 70 
1821931 80 
1821997 83 
1822064 64 
1823730 256 
1823799 62 
1823877 151 
1823877 69 
1823943 93 
1825405 91 
1825405 103 
1825405 101 
1826314 100 
1826314 2
1826314 1549
1826314 10
1828316 25 
1828366 75 
1828923 72 
1828923 70 
1829435 80 
1829501 83 
1830061 64 
1831062 256 
1831127 62 
1831194 151 
1831194 69 
1831260 93 
1832723 103 
1832723 101 
1833635 100 
1833635 2
1833635 1549
1833635 11
1835635 25 
1835696 75 
1836248 72 
1836248 70 
1836765 80 
1836832 83 
1837364 64 
1837764 61 
1837965 151 
1837965 69 
1838033 93 
1838663 91 
1838759 91 
1839495 103 
1839495 101 
1840403 100 
1840403 2
1840403 1549
1840403 11
1842402 25 
1842448 75 
1843001 72 
1843001 70 
1843522 80 
1843588 83 
1844934 64 
1848002 256 
1848066 62 
1848133 151 
1848133 69 
1848203 93 
1848619 91 
1848743 91 
1849240 91 
1849577 91 
1849663 103 
1849663 101 
1850573 100 
1850573 2
1850573 1549
1850573 11
1852572 25 
1852617 75 
1853172 72 
1853172 70 
1853677 80 
1853744 83 
1855010 64 
1855278 256 
1855343 63 
1855410 150 
1855410 68 
1855410 65
1855482 92 
1856940 103 
1856940 101 
1857447 100 
1857447 2
1857447 1549
1857447 10
1859449 25 
1859494 75 
1860048 72 
1860048 70 
1860555 80 
1860621 83 
1860928 64 
1861329 62 
1861408 151 
1861408 69 
1861477 93 
1862411 91 
1862584 91 
1862941 103 
1862941 101 
1863845 100 
1863845 2
1863845 1549
1863845 11
1865847 25 
1865892 75 
1866451 72 
1866451 70 
1866952 80 
1867018 83 
1868604 64 
1868873 256 
1868938 63 
1869004 150 
1869004 68 
1869004 65
1869079 92 
1870542 103 
1870542 101 
1871058 100 
1871058 2
1871058 1549
1871058 10
1873057 25 
1873102 75 
1873654 72 
1873654 70 
1874149 80 
1874215 83 
1874415 64 
1874750 256 
1874815 63 
1874882 151 
1874882 69 
1874953 93 
1875662 91 
1876092 91 
1876413 103 
1876413 101 
1877322 100 
1877322 2
1877322 1549
1877322 11
1879321 25 
1879371 75 
1879925 72 
1879925 70 
1880426 80 
1880493 83 
1881279 64 
1882081 256 
1882146 62 
1882212 151 
1882212 69 
1882280 93 
1882617 91 
1883094 91 
1883742 103 
1883742 101 
1884650 100 
1884650 2
1884650 1549
1884650 10
1886651 25 
1886696 75 
1887249 72 
1887249 70 
1887836 80 
1887930 83 
1889249 64 
1889691 61 
1889782 150 
1889782 68 
1889782 65
1889847 92 
1890168 90 
1891317 103 
1891317 101 
1891822 100 
1891822 2
1891822 1549
1891822 10
1893822 25 
1893871 75 
1894430 72 
1894430 70 
1895033 80 
1895100 83 
1896726 64 
1896928 256 
1896993 63 
1897059 151 
1897059 69 
1897134 93 
1898589 103 
1898589 101 
1899498 100 
1899498 2
1899498 1549
1899498 10
1901498 25 
1901543 75 
1902099 72 
1902099 70 
1902604 80 
1902670 83 
1903510 64 
1905857 256 
1906095 61 
1906162 150 
1906162 68 
1906162 65
1906234 92 
1906598 90 
1907692 103 
1907692 101 
1908202 100 
1908202 2
1908202 1549
1908202 11
1910201 25 
1910266 75 
1910819 72 
1910819 70 
1911333 80 
1911400 83 
1912080 64 
1912348 256 
1912413 63 
1912479 150 
1912479 68 
1912479 65
1912556 92 
1914013 103 
1914013 101 
1914518 100 
1914518 2
1914518 1549
1914518 10
1916516 25 
1916569 75 
1917126 72 
1917126 70 
1917651 80 
1917717 83 
1918357 76 
1918610 64 
1920211 256 
1920276 61 
1920343 150 
1920343 68 
1920343 65
1920414 92 
1920838 90 
1921877 103 
1921877 101 
1922383 100 
1922383 2
1922383 1549
1922383 11
1924383 25 
1924967 75 
1925520 72 
1925520 70 
1926060 80 
1926127 83 
1926394 64 
1926728 256 
1926793 63 
1926860 150 
1926860 68 
1926860 65
1926930 92 
1928393 103 
1928393 101 
1928900 100 
1928900 2
1928900 1549
1928900 11
1930899 25 
1930949 75 
1931221 73 
1931678 72 
1931678 70 
1932191 80 
1932258 83 
1932391 64 
1932593 256 
1932658 63 
1932725 150 
1932725 68 
1932725 65
1932793 92 
1934253 103 
1934253 101 
1934765 100 
1934765 2
1934765 1549
1934765 11
1936765 25 
1936810 75 
1937363 72 
1937363 70 
1937882 80 
1937949 83 
1938082 64 
1938351 256 
1938415 63 
1938482 152 
1938482 69 
1938547 93 
1939095 91 
1939271 91 
1940011 103 
1940011 101 
1940920 100 
1940920 2
1940920 1549
1940920 10
1942922 25 
1942967 75 
1943520 72 
1943520 70 
1944026 80 
1944093 83 
1944666 64 
1945067 61 
1945132 150 
1945132 68 
1945132 65
1945198 92 
1945573 90 
1946665 103 
1946665 101 
1947173 100 
1947173 2
1947173 1549
1947173 10
1949171 25 
1949222 75 
1949772 72 
1949772 70 
1950290 80 
1950357 83 
1950903 64 
1951251 63 
1951330 151 
1951330 69 
1951400 93 
1951917 91 
1952013 91 
1952861 103 
1952861 101 
1953768 100 
1953768 2
1953768 1549
1953768 11
1955770 25 
1956454 75 
1956733 73 
1957186 72 
1957186 70 
1957700 80 
1957767 83 
1958673 64 
1960208 256 
1960273 62 
1960340 151 
1960340 69 
1960404 93 
1960818 91 
1960965 91 
1961604 91 
1961869 103 
1961869 101 
1962781 100 
1962781 2
1962781 1549
1962781 11
1964778 25 
1964828 75 
1965382 72 
1965382 70 
1965897 80 
1965964 83 
1966577 64 
1967391 61 
1967456 151 
1967456 69 
1967520 93 
1967958 91 
1968988 103 
1968988 101 
1969896 100 
1969896 2
1969896 1549
1969896 10
1971896 25 
1978668 75 
1979221 72 
1979221 70 
1979758 80 
1979825 83 
1981237 64 
1982372 61 
1982437 150 
1982437 68 
1982437 65
1982508 92 
1982874 90 
1983965 103 
1983965 101 
1984476 100 
1984476 2
1984476 1549
1984476 10
1986475 25 
1986535 75 
1987092 72 
1987092 70 
1987595 80 
1987661 83 
1988554 64 
1988889 63 
1988967 151 
1988967 69 
1989038 93 
1989677 91 
1990501 103 
1990501 101 
1991407 100 
1991407 2
1991407 1549
1991407 10
1993407 25 
1993453 75 
1994006 72 
1994006 70 
1994525 80 
1994738 83 
1995111 64 
1996592 256 
1996657 62 
1996724 151 
1996724 69 
1996788 93 
1997180 91 
1998080 91 
1998256 103 
1998256 101 
1999163 100 
1999163 2
1999163 1549
1999163 10
2001164 25 
2001209 75 
2001765 72 
2001765 70 
2002282 80 
2002349 83 
2003348 64 
2004350 61 
2004414 150 
2004414 68 
2004414 65
2004486 92 
2004813 90 
2004957 90 
2005946 103 
2005946 101 
2006452 100 
2006452 2
2006452 1549
2006452 11
2008453 25 
2008500 75 
2009056 72 
2009056 70 
2009572 80 
2009639 83 
2011278 64 
2011613 62 
2011678 151 
2011678 69 
2011745 93 
2012858 91 
2013212 103 
2013212 101 
2014116 100 
2014116 2
2014116 1549
2014116 11
2016117 25 
2016162 75 
2016714 72 
2016714 70 
2017222 80 
2017289 83 
2018515 64 
2019584 61 
2019648 151 
2019648 69 
2019713 93 
2020061 91 
2020112 91 
2021179 103 
2021179 101 
2022086 100 
2022086 2
2022086 1549
2022086 11
2024086 25 
2024132 75 
2024688 72 
2024688 70 
2025192 80 
2025259 83 
2025885 64 
2028832 256 
2028897 62 
2028964 153 
2028964 68 
2028964 65
2029031 92 
2029478 90 
2030497 103 
2030497 101 
2031003 100 
2031003 2
2031003 1549
2031003 10
2033002 25 
2033050 75 
2033603 72 
2033603 70 
2034122 80 
2034189 83 
2034708 64 
2034991 256 
2035055 63 
2035121 151 
2035121 69 
2035190 93 
2036653 103 
2036653 101 
2037560 100 
2037560 2
2037560 1549
2037560 11
2039561 25 
2039619 75 
2040173 72 
2040173 70 
2040679 80 
2040746 83 
2041332 64 
2042080 256 
2042145 61 
2042212 151 
2042212 69 
2042275 93 
2042736 91 
2043702 91 
2043744 103 
2043744 101 
2044650 100 
2044650 2
2044650 1549
2044650 11
2046652 25 
2046696 75 
2047247 72 
2047247 70 
2047756 80 
2047823 83 
2070160 252 
2070495 61 
2070573 151 
2070573 69 
2070642 93 
2071115 91 
2072102 103 
2072102 101 
2073012 100 
2073012 2
2073012 1549
2073012 10
2075012 25 
2075071 75 
2075626 72 
2075626 70 
2076131 80 
2076198 83 
2077810 64 
2078478 61 
2078543 150 
2078543 68 
2078543 65
2078614 92 
2079022 90 
2080074 103 
2080074 101 
2080583 100 
2080583 2
2080583 1549
2080583 10
2082582 25 
2082628 75 
2083183 72 
2083183 70 
2083701 80 
2083768 83 
2084168 64 
2084502 256 
2084567 63 
2084634 153 
2084634 68 
2084634 65
2084710 92 
2086166 103 
2086166 101 
2086672 100 
2086672 2
2086672 1549
2086672 11
2088672 25 
2088723 75 
2089197 73 
2090174 73 
2090632 72 
2090632 70 
2091138 80 
2091205 83 
2092004 64 
2092606 256 
2092672 61 
2092737 151 
2092737 69 
2092807 93 
2093237 91 
2094271 103 
2094271 101 
2095177 100 
2095177 2
2095177 1549
2095177 11
2097177 25 
2097235 75 
2097789 72 
2097789 70 
2098455 80 
2098521 83 
2101400 64 
2102401 61 
2102467 151 
2102467 69 
2102535 93 
2102973 91 
2104001 103 
2104001 101 
2104905 100 
2104905 2
2104905 1549
2104905 10
2106907 25 
2106952 75 
2107508 72 
2107508 70 
2108051 80 
2108118 83 
2108784 64 
2109452 256 
2109517 61 
2109584 150 
2109584 68 
2109584 65
2109655 92 
2109991 90 
2111115 103 
2111115 101 
2111623 100 
2111623 2
2111623 1549
2111623 11
2113624 25 
2114971 75 
2115527 72 
2115527 70 
2116847 71 
2117020 80 
2117087 83 
2117847 64 
2118515 256 
2118580 61 
2118646 151 
2118646 69 
2118717 93 
2119116 91 
2120177 103 
2120177 101 
2121087 100 
2121087 2
2121087 1549
2121087 10
2123085 25 
2123131 75 
2123687 72 
2123687 70 
2124191 80 
2124257 83 
2125230 64 
2125432 256 
2125497 61 
2125563 150 
2125563 68 
2125563 65
2125632 92 
2126011 90 
2127091 103 
2127091 101 
2127601 100 
2127601 2
2127601 1549
2127601 11
2129602 25 
2129652 75 
2130209 72 
2130209 70 
2130721 80 
2130921 250 
2131654 76 
2131721 83 
2131988 64 
2132189 256 
2132254 61 
2132321 151 
2132321 69 
2132396 93 
2133205 91 
2133858 103 
2133858 101 
2134771 100 
2134771 2
2134771 1549
2134771 11
2136774 25 
2136819 75 
2137374 72 
2137374 70 
2137878 80 
2137945 83 
2138918 64 
2139386 61 
2139451 151 
2139451 69 
2139514 93 
2140146 91 
2140983 103 
2140983 101 
2141894 100 
2141894 2
2141894 1549
2141894 10
2143893 25 
2143935 75 
2144487 72 
2144487 70 
2145009 80 
2145075 83 
2145982 64 
2146450 256 
2146515 61 
2146581 150 
2146581 68 
2146581 65
2146648 92 
2146993 90 
2148110 103 
2148110 101 
2148620 100 
2148620 2
2148620 1549
2148620 11
2150622 25 
2150684 75 
2151237 72 
2151237 70 
2151752 80 
2151819 83 
2153072 64 
2153408 256 
2153472 63 
2153538 150 
2153538 68 
2153538 65
2153615 92 
2155068 103 
2155068 101 
2155577 100 
2155577 2
2155577 1549
2155577 10
2157578 25 
2157629 75 
2158185 72 
2158185 70 
2158683 80 
2158750 83 
2159056 64 
2159389 63 
2159456 151 
2159456 69 
2159521 93 
2160262 91 
2160826 91 
2160990 103 
2160990 101 
2161897 100 
2161897 2
2161897 1549
2161897 11
2163896 25 
2168927 75 
2170647 73 
2171199 72 
2171199 70 
2171678 80 
2171744 83 
2172517 64 
2173918 61 
2173983 151 
2173983 69 
2174051 93 
2174498 91 
2174587 91 
2175512 103 
2175512 101 
2176421 100 
2176421 2
2176421 1549
2176421 10
2178422 25 
2178483 75 
2179036 72 
2179036 70 
2179514 80 
2179582 83 
2193308 252 
2193590 256 
2193655 61 
2193735 152 
2193735 69 
2193804 93 
2194250 91 
2195269 103 
2195269 101 
2196175 100 
2196175 2
2196175 1549
2196175 10
2198175 25 
2198232 75 
2198785 72 
2198785 70 
2199399 80 
2199466 83 
2200146 64 
2201587 256 
2201652 62 
2201718 151 
2201718 69 
2201789 93 
2202195 91 
2203203 91 
2203244 103 
2203244 101 
2204157 100 
2204157 2
2204157 1549
2204157 11
2206159 25 
2206203 75 
2206757 72 
2206757 70 
2207263 80 
2207329 83 
2208036 64 
2208771 61 
2208835 151 
2208835 69 
2208903 93 
2209459 91 
2209996 91 
2210370 103 
2210370 101 
2211280 100 
2211280 2
2211280 1549
2211280 10
2213277 25 
2213334 75 
2213890 72 
2213890 70 
2214393 80 
2214460 83 
2215273 64 
2215607 256 
2216739 62 
2216805 151 
2216805 69 
2216877 93 
2217390 91 
2217783 91 
2218338 103 
2218338 101 
2219244 100 
2219244 2
2219244 1549
2219244 10
2221244 25 
2221555 75 
2222110 72 
2222110 70 
2222616 80 
2222683 83 
2223549 64 
2223949 61 
2224016 152 
2224016 69 
2224083 93 
2224460 91 
2225554 103 
2225554 101 
2226469 100 
2226469 2
2226469 1549
2226469 10
2228469 25 
2228513 75 
2229070 72 
2229070 70 
2229573 80 
2229640 83 
2233545 64 
2234280 256 
2234345 63 
2234411 151 
2234411 69 
2234479 93 
2234858 91 
2234916 91 
2235942 103 
2235942 101 
2236850 100 
2236850 2
2236850 1549
2236850 10
2238850 25 
2238902 75 
2239459 72 
2239459 70 
2239969 80 
2240036 83 
2240570 64 
2241770 256 
2241835 61 
2241901 150 
2241901 68 
2241901 65
2241967 92 
2242414 90 
2243434 103 
2243434 101 
2243942 100 
2243942 2
2243942 1549
2243942 11
2245941 25 
2247315 75 
2251275 73 
2255186 73 
2255642 72 
2255642 70 
2256122 80 
2256189 83 
2256575 64 
2256843 256 
2256909 63 
2256975 150 
2256975 68 
2256975 65
2257046 92 
2258509 103 
2258509 101 
2259015 100 
2259015 2
2259015 1549
2259015 11
2261015 25 
2261060 75 
2261615 72 
2261615 70 
2262226 250 
2262706 71 
2262879 80 
2262946 83 
2263772 64 
2264042 63 
2264119 150 
2264119 68 
2264119 65
2264190 92 
2265646 103 
2265646 101 
2266157 100 
2266157 2
2266157 1549
2266157 11
2268158 25 
2268203 75 
2268754 72 
2268754 70 
2269277 80 
2269343 83 
2269543 64 
2269745 63 
2269810 150 
2269810 68 
2269810 65
2269879 92 
2271342 103 
2271342 101 
2271852 100 
2271852 2
2271852 1549
2271852 11
2273850 25 
2273895 75 
2274449 72 
2274449 70 
2274928 80 
2274994 83 
2275314 64 
2275449 256 
2275514 63 
2275581 150 
2275581 68 
2275581 65
2275651 92 
2277115 103 
2277115 101 
2277621 100 
2277621 2
2277621 1549
2277621 11
2279620 25 
2279679 75 
2280236 72 
2280236 70 
2280738 80 
2280805 250 
2281458 76 
2281525 83 
2282338 64 
2282539 62 
2282618 150 
2282618 68 
2282618 65
2282690 92 
2284151 103 
2284151 101 
2284658 100 
2284658 2
2284658 1549
2284658 10
2286656 25 
2286707 75 
2286882 73 
2287395 72 
2287395 70 
2287869 80 
2287935 83 
2288535 64 
2289270 61 
2289335 150 
2289335 68 
2289335 65
2289406 92 
2289792 90 
2290862 103 
2290862 101 
2291375 100 
2291375 2
2291375 1549
2291375 10
2293375 25 
2293420 75 
2293974 72 
2293974 70 
2294493 80 
2294559 83 
2294879 64 
2295214 63 
2295279 151 
2295279 69 
2295347 93 
2296019 91 
2296812 103 
2296812 101 
2297719 100 
2297719 2
2297719 1549
2297719 11
2299719 25 
2299768 75 
2299824 73 
2300375 72 
2300375 70 
2300877 80 
2300943 83 
2301596 64 
2302999 61 
2303062 151 
2303062 69 
2303128 93 
2303653 91 
2303930 91 
2304594 103 
2304594 101 
2305502 100 
2305502 2
2305502 1549
2305502 10
2307501 25 
2307547 75 
2308102 72 
2308102 70 
2308700 80 
2308767 83 
2309446 64 
2309649 256 
2309753 61 
2309873 150 
2309873 68 
2309873 65
2309944 92 
2310304 90 
2311411 103 
2311411 101 
2311926 100 
2311926 2
2311926 1549
2311926 11
2313926 25 
2313975 75 
2314533 72 
2314533 70 
2315137 80 
2315204 83 
2315990 64 
2316299 256 
2316390 63 
2316497 150 
2316497 68 
2316497 65
2316570 92 
2318028 103 
2318028 101 
2318536 100 
2318536 2
2318536 1549
2318536 11
2320535 25 
2320581 75 
2321137 72 
2321137 70 
2321735 80 
2321801 83 
2323161 76 
2324920 64 
2325188 256 
2325254 61 
2325320 153 
2325320 68 
2325320 65
2325391 92 
2325806 90 
2326848 103 
2326848 101 
2327358 100 
2327358 2
2327358 1549
2327358 10
2329360 25 
2329409 75 
2329966 72 
2329966 70 
2330451 80 
2330518 83 
2331477 64 
2332612 63 
2332677 151 
2332677 69 
2332740 93 
2334216 103 
2334216 101 
2335129 100 
2335129 2
2335129 1549
2335129 10
2337128 25 
2337179 75 
2337733 72 
2337733 70 
2338261 80 
2338328 83 
2339034 64 
2341035 256 
2341100 61 
2341166 150 
2341166 68 
2341166 65
2341239 92 
2341609 90 
2342705 103 
2342705 101 
2343219 100 
2343219 2
2343219 1549
2343219 11
2345218 25 
2345264 75 
2345815 72 
2345815 70 
2346338 80 
2346404 83 
2347217 64 
2347819 62 
2347897 151 
2347897 69 
2347967 93 
2349428 103 
2349428 101 
2350337 100 
2350337 2
2350337 1549
2350337 11
2352335 25 
2362374 254 
2381485 75 
2382038 72 
2382038 70 
2382549 80 
2382616 83 
2397370 76 
2398822 76 
2399262 76 
2402141 252 
2402342 61 
2402421 151 
2402421 69 
2402486 93 
2403951 103 
2403951 101 
2404859 100 
2404859 2
2404859 1549
2404859 10
2406860 25 
2407647 75 
2408201 72 
2408201 70 
2408725 80 
2408791 83 
2409711 64 
2410379 256 
2410444 61 
2410511 150 
2410511 68 
2410511 65
2411077 90 
2411090 92 
2412042 103 
2412042 101 
2412550 100 
2412550 2
2412550 1549
2412550 10
2414551 25 
2415312 75 
2415869 72 
2415869 70 
2416388 80 
2416455 83 
2416908 64 
2417377 61 
2417441 150 
2417441 68 
2417441 65
2417506 92 
2417921 90 
2418970 103 
2418970 101 
2419482 100 
2419482 2
2419482 1549
2419482 10
2421481 25 
2422142 75 
2422693 72 
2422693 70 
2423359 80 
2423425 83 
2423625 64 
2423958 61 
2424025 150 
2424025 68 
2424025 65
2424097 92 
2425557 103 
2425557 101 
2426064 100 
2426064 2
2426064 1549
2426064 10
2428065 25 
2428573 75 
2429126 72 
2429126 70 
2429769 80 
2429836 83 
2430382 64 
2430769 61 
2430902 152 
2430902 69 
2430972 93 
2431491 91 
2431609 91 
2432435 103 
2432435 101 
2433341 100 
2433341 2
2433341 1549
2433341 11
2435340 25 
2439829 75 
2440386 72 
2440386 70 
2441031 80 
2441098 83 
2441444 64 
2441713 256 
2441778 63 
2441844 150 
2441844 68 
2441844 65
2441909 92 
2443376 103 
2443376 101 
2443884 100 
2443884 2
2443884 1549
2443884 11
2445883 25 
2445929 75 
2446086 73 
2446538 72 
2446538 70 
2447042 80 
2447109 83 
2447415 64 
2447617 63 
2447682 150 
2447682 68 
2447682 65
2447751 92 
2449211 103 
2449211 101 
2449720 100 
2449720 2
2449720 1549
2449720 11
2451721 25 
2452166 75 
2452725 72 
2452725 70 
2453226 80 
2453293 83 
2487239 252 
2487572 256 
2487641 63 
2487705 150 
2487705 68 
2487705 65
2487776 92 
2489236 103 
2489236 101 
2489745 100 
2489745 2
2489745 1549
2489745 10
2491743 25 
2491789 75 
2492344 72 
2492344 70 
2492850 80 
2492916 83 
2493529 64 
2493811 63 
2493876 151 
2493876 69 
2493944 93 
2495405 103 
2495405 101 
2496314 100 
2496314 2
2496314 1549
2496314 10
2498314 25 
2498360 75 
2498912 72 
2498912 70 
2499420 80 
2499487 83 
2508803 64 
2509003 252 
2509338 61 
2509416 150 
2509416 68 
2509416 65
2509484 92 
2510947 103 
2510947 101 
2511455 100 
2511455 2
2511455 1549
2511455 11
2513455 25 
2513500 75 
2514054 72 
2514054 70 
2514562 80 
2514627 83 
2515094 64 
2515295 256 
2515360 63 
2515427 150 
2515427 68 
2515427 65
2515500 92 
2516957 103 
2516957 101 
2517465 100 
2517465 2
2517465 1549
2517465 11
2519465 25 
2519511 75 
2520063 72 
2520063 70 
2520585 80 
2520651 83 
2520891 64 
2521091 256 
2521159 63 
2521224 150 
2521224 68 
2521224 65
2521290 92 
2522751 103 
2522751 101 
2523263 100 
2523263 2
2523263 1549
2523263 10
2525264 25 
2525309 75 
2525864 72 
2525864 70 
2526382 80 
2526449 83 
2526715 64 
2527718 61 
2527795 150 
2527795 68 
2527795 65
2527866 92 
2529326 103 
2529326 101 
2529834 100 
2529834 2
2529834 1549
2529834 11
2531834 25 
2531879 75 
2532431 72 
2532431 70 
2532940 80 
2533006 83 
2533566 64 
2533981 256 
2534046 61 
2534112 153 
2534112 68 
2534112 65
2534181 92 
2535640 103 
2535640 101 
2536152 100 
2536152 2
2536152 1549
2536152 10
2538151 25 
2538197 75 
2538749 72 
2538749 70 
2539257 80 
2539323 83 
2539817 64 
2540085 256 
2540150 61 
2540216 150 
2540216 68 
2540216 65
2540288 92 
2541750 103 
2541750 101 
2542256 100 
2542256 2
2542256 1549
2542256 11
2544256 25 
2544301 75 
2544855 72 
2544855 70 
2545428 80 
2545521 83 
2546187 64 
2546456 256 
2546520 61 
2546587 151 
2546587 69 
2546660 93 
2547221 91 
2548081 91 
2548119 103 
2548119 101 
2549027 100 
2549027 2
2549027 1549
2549027 10
2551026 25 
2551085 75 
2551639 72 
2551639 70 
2552145 80 
2552211 83 
2552838 64 
2553253 256 
2553318 61 
2553384 150 
2553384 68 
2553384 65
2553454 92 
2554918 103 
2554918 101 
2555424 100 
2555424 2
2555424 1549
2555424 11
2557424 25 
2557469 75 
2558025 72 
2558025 70 
2558542 80 
2558609 83 
2558995 64 
2559464 256 
2559528 61 
2559595 151 
2559595 69 
2559665 93 
2560287 91 
2561004 91 
2561125 103 
2561125 101 
2562034 100 
2562034 2
2562034 1549
2562034 11
2564034 25 
2564079 75 
2564636 72 
2564636 70 
2565139 80 
2565206 83 
2565926 64 
2566394 256 
2568726 63 
2568804 150 
2568804 68 
2568804 65
2568875 92 
2570335 103 
2570335 101 
2570842 100 
2570842 2
2570842 1549
2570842 10
2572845 25 
2572889 75 
2573446 72 
2573446 70 
2573922 80 
2573989 83 
2574189 64 
2574390 256 
2574455 63 
2574522 151 
2574522 69 
2574590 93 
2576051 103 
2576051 101 
2576960 100 
2576960 2
2576960 1549
2576960 11
2578962 25 
2579006 75 
2579560 72 
2579560 70 
2580066 80 
2580133 83 
2580759 64 
2583574 256 
2583638 61 
2583705 151 
2583705 69 
2583774 93 
2585243 103 
2585243 101 
2586156 100 
2586156 2
2586156 1549
2586156 10
2588156 25 
2588202 75 
2588753 72 
2588753 70 
2589263 80 
2589329 83 
2590275 64 
2590957 256 
2591022 61 
2591088 150 
2591088 68 
2591088 65
2591159 92 
2591618 90 
2592619 103 
2592619 101 
2593127 100 
2593127 2
2593127 1549
2593127 10
2595128 25 
2595191 75 
2595743 72 
2595743 70 
2596220 80 
2596286 83 
2599138 64 
2599407 256 
2599472 61 
2599538 150 
2599538 68 
2599538 65
2599606 92 
2600150 90 
2601069 103 
2601069 101 
2601579 100 
2601579 2
2601579 1549
2601579 10
2603577 25 
2603627 75 
2604181 72 
2604181 70 
2604683 80 
2604749 83 
2605003 64 
2605337 61 
2605416 150 
2605416 68 
2605416 65
2605485 92 
2606947 103 
2606947 101 
2607453 100 
2607453 2
2607453 1549
2607453 10
2609454 25 
2612667 75 
2612870 73 
2613322 72 
2613322 70 
2613826 80 
2613892 83 
2614732 64 
2615800 256 
2615865 63 
2615932 151 
2615932 69 
2616002 93 
2616677 91 
2617462 103 
2617462 101 
2618371 100 
2618371 2
2618371 1549
2618371 10
2620372 25 
2620444 75 
2620994 72 
2620994 70 
2621502 80 
2621569 83 
2622315 64 
2622983 61 
2623048 150 
2623048 68 
2623048 65
2623113 92 
2623546 90 
2624581 103 
2624581 101 
2625090 100 
2625090 2
2625090 1549
2625090 11
2627088 25 
2627133 75 
2627690 72 
2627690 70 
2628166 80 
2628233 83 
2629126 64 
2630259 256 
2630327 62 
2630405 153 
2630405 68 
2630405 65
2630477 92 
2630908 90 
2631938 103 
2631938 101 
2632443 100 
2632443 2
2632443 1549
2632443 11
2634445 25 
2634490 75 
2635044 72 
2635044 70 
2635550 80 
2635616 83 
2636096 64 
2636311 62 
2636389 151 
2636389 69 
2636457 93 
2637501 91 
2637924 103 
2637924 101 
2638829 100 
2638829 2
2638829 1549
2638829 10
2640829 25 
2640874 75 
2641431 72 
2641431 70 
2641827 250 
2651956 71 
2652223 80 
2652290 83 
2652743 252 
2653024 61 
2653102 150 
2653102 68 
2653102 65
2653171 92 
2654637 103 
2654637 101 
2655142 100 
2655142 2
2655142 1549
2655142 10
2657145 25 
2657205 75 
2657758 72 
2657758 70 
2658234 80 
2658300 83 
2671375 252 
2671656 61 
2671735 150 
2671735 68 
2671735 65
2671804 92 
2673268 103 
2673268 101 
2673773 100 
2673773 2
2673773 1549
2673773 11
2675775 25 
2675832 75 
2677267 73 
2677775 72 
2677775 70 
2678292 80 
2678359 83 
2679638 64 
2679906 256 
2679971 63 
2680038 150 
2680038 68 
2680038 65
2680106 92 
2681567 103 
2681567 101 
2682076 100 
2682076 2
2682076 1549
2682076 11
2684078 25 
2684122 75 
2684679 72 
2684679 70 
2685182 80 
2685249 83 
2686035 64 
2687888 61 
2687955 151 
2687955 69 
2688024 93 
2688597 91 
2689190 91 
2689359 91 
2689489 103 
2689489 101 
2690406 100 
2690406 2
2690406 1549
2690406 11
2692406 25 
2692452 75 
2693008 72 
2693008 70 
2693512 80 
2693579 83 
2695311 64 
2696246 62 
2696311 151 
2696311 69 
2696379 93 
2696903 91 
2697123 91 
2697845 103 
2697845 101 
2698750 100 
2698750 2
2698750 1549
2698750 11
2700749 25 
2700796 75 
2701350 72 
2701350 70 
2701869 80 
2701935 83 
2702775 64 
2704189 63 
2704254 150 
2704254 68 
2704254 65
2704324 92 
2705783 103 
2705783 101 
2706293 100 
2706293 2
2706293 1549
2706293 11
2708293 25 
2708352 75 
2708911 72 
2708911 70 
2709426 80 
2709492 83 
2710159 64 
2710414 63 
2710492 150 
2710492 68 
2710492 65
2710563 92 
2712028 103 
2712028 101 
2712544 100 
2712544 2
2712544 1549
2712544 10
2714544 25 
2714589 75 
2715145 72 
2715145 70 
2715650 80 
2715716 83 
2716236 64 
2718038 256 
2718102 62 
2718169 151 
2718169 69 
2718236 93 
2718695 91 
2719697 103 
2719697 101 
2720607 100 
2720607 2
2720607 1549
2720607 10
2722607 25 
2726968 75 
2727521 72 
2727521 70 
2728031 80 
2728098 83 
2729937 64 
2730270 256 
2731405 61 
2731470 150 
2731470 68 
2731470 65
2765858 90 
2765868 92 
2765868 103 
2765868 101 
2766388 100 
2766388 2
2766388 1549
2766388 11
2768387 25 
2768438 75 
2768992 72 
2768992 70 
2769654 80 
2769760 83 
2770213 64 
2770482 256 
2770573 63 
2770667 150 
2770667 68 
2770667 65
2770737 92 
2772202 103 
2772202 101 
2772243 102 
