0 100 
0 6
0 1531
0 11
1995 25 
2612 75 
3013 72 
3013 70 
4079 250 
4281 71 
4479 80 
4692 83 
5505 64 
5707 256 
5905 62 
6105 151 
6105 69 
6175 93 
7643 103 
7643 101 
8457 100 
8457 6
8457 1531
8457 11
10457 25 
10569 75 
10972 72 
10972 70 
11836 80 
12036 83 
12622 64 
12824 256 
13049 61 
13249 150 
13249 68 
13249 65
13347 92 
13718 90 
14780 103 
14780 101 
15286 100 
15286 6
15286 1531
15286 10
17288 25 
17362 75 
17592 73 
17893 72 
17893 70 
18646 80 
18780 83 
19259 64 
19514 256 
19633 61 
19766 151 
19766 69 
19836 93 
21295 103 
21295 101 
22106 100 
22106 6
22106 1531
22106 11
24105 25 
24183 75 
24590 72 
24590 70 
25203 80 
25323 83 
25803 64 
26178 256 
26297 61 
26430 150 
26430 68 
26430 65
26498 92 
26958 90 
27960 103 
27960 101 
28468 100 
28468 6
28468 1531
28468 11
30469 25 
30545 75 
30947 72 
30947 70 
31561 80 
31681 83 
31801 64 
31935 256 
32054 61 
32187 150 
32187 68 
32187 65
32257 92 
33717 103 
33717 101 
34225 100 
34225 6
34225 1531
34225 10
36228 25 
36298 75 
36701 72 
36701 70 
37305 80 
37438 83 
37918 64 
38160 256 
38291 63 
38425 150 
38425 68 
38425 65
38500 92 
39959 103 
39959 101 
40465 100 
40465 6
40465 1531
40465 10
42464 25 
42549 75 
42950 72 
42950 70 
43556 80 
43676 83 
43796 64 
44037 63 
44169 152 
44169 69 
44237 93 
44762 91 
44834 91 
45700 103 
45700 101 
46508 100 
46508 6
46508 1531
46508 10
48508 25 
49112 75 
49518 72 
49518 70 
50380 71 
51339 250 
51579 71 
51699 80 
51819 83 
52659 64 
52913 61 
53045 151 
53045 69 
53115 93 
53617 91 
54576 103 
54576 101 
55385 100 
55385 6
55385 1531
55385 10
57385 25 
57467 75 
57877 72 
57877 70 
58483 80 
58603 83 
59536 64 
59790 256 
59909 62 
60029 151 
60029 69 
60103 93 
61559 103 
61559 101 
62369 100 
62369 6
62369 1531
62369 11
64367 25 
64446 75 
64851 72 
64851 70 
65440 80 
65560 83 
65680 64 
65921 256 
66040 61 
66173 150 
66173 68 
66173 65
66244 92 
66637 90 
67704 103 
67704 101 
68213 100 
68213 6
68213 1531
68213 11
70212 25 
70297 75 
70702 72 
70702 70 
71304 80 
71424 83 
71544 64 
71785 256 
71904 61 
72024 150 
72024 68 
72024 65
72096 92 
72507 90 
73555 103 
73555 101 
74062 100 
74062 6
74062 1531
74062 10
76063 25 
76148 75 
76554 72 
76554 70 
77155 80 
77275 83 
77515 64 
77756 63 
77888 150 
77888 68 
77888 65
77960 92 
79417 103 
79417 101 
79926 100 
79926 6
79926 1531
79926 10
81927 25 
82000 75 
82407 72 
82407 70 
82992 80 
83112 83 
83232 64 
83474 256 
83605 63 
83726 152 
83726 69 
83796 93 
84752 91 
84874 91 
85255 103 
85255 101 
86065 100 
86065 6
86065 1531
86065 11
88066 25 
88147 75 
88553 72 
88553 70 
89150 80 
89270 83 
89390 64 
89644 61 
89776 150 
89776 68 
89776 65
89843 92 
90647 90 
91308 103 
91308 101 
91817 100 
91817 6
91817 1531
91817 11
93816 25 
93900 75 
94304 72 
94304 70 
94894 80 
95014 83 
95587 64 
95842 61 
95974 150 
95974 68 
95974 65
96043 92 
96516 90 
97505 103 
97505 101 
98011 100 
98011 6
98011 1531
98011 10
100014 25 
100098 75 
100501 72 
100501 70 
101105 80 
101225 83 
101345 64 
101599 256 
101718 63 
101851 150 
101851 68 
101851 65
101920 92 
103385 103 
103385 101 
103889 100 
103889 6
103889 1531
103889 10
105889 25 
105975 75 
106377 72 
106377 70 
106982 80 
107102 83 
107342 64 
107464 256 
107582 63 
107702 150 
107702 68 
107702 65
107777 92 
109234 103 
109234 101 
109742 100 
109742 6
109742 1531
109742 11
111741 25 
111826 75 
112228 72 
112228 70 
112833 80 
112953 83 
113313 76 
113913 64 
114154 256 
114286 61 
114419 150 
114419 68 
114419 65
114490 92 
114924 90 
115949 103 
115949 101 
116458 100 
116458 6
116458 1531
116458 10
118458 25 
118535 75 
118631 73 
119033 72 
119033 70 
120083 80 
120283 250 
123828 76 
125881 76 
126068 83 
126387 64 
126589 62 
126787 151 
126787 69 
126850 93 
128316 103 
128316 101 
129127 100 
129127 6
129127 1531
129127 11
131126 25 
131205 75 
131611 72 
131611 70 
132385 80 
132505 250 
134277 76 
135264 76 
136343 76 
136476 83 
136596 64 
136838 256 
136956 61 
137076 150 
137076 68 
137076 65
137148 92 
137565 90 
138606 103 
138606 101 
139116 100 
139116 6
139116 1531
139116 11
141116 25 
141205 75 
141611 72 
141611 70 
142221 80 
142341 83 
142461 64 
142594 256 
142715 61 
142847 150 
142847 68 
142847 65
142916 92 
143513 90 
144377 103 
144377 101 
144886 100 
144886 6
144886 1531
144886 10
146886 25 
146971 75 
147375 72 
147375 70 
147978 80 
148098 83 
148338 64 
148473 256 
148605 63 
148738 150 
148738 68 
148738 65
148821 92 
150284 103 
150284 101 
150794 100 
150794 6
150794 1531
150794 10
152793 25 
152875 75 
153282 72 
153282 70 
153896 80 
154018 83 
154376 64 
154619 256 
154735 63 
154869 150 
154869 68 
154869 65
154939 92 
156398 103 
156398 101 
156909 100 
156909 5
156909 1531
156909 11
156909 78 
158907 25 
158998 75 
159398 72 
159398 70 
159987 80 
160106 83 
160227 64 
160468 61 
160600 153 
160600 68 
160600 65
160669 92 
161172 90 
162130 103 
162130 101 
162638 100 
162638 5
162638 1531
162638 10
164639 25 
164715 75 
165116 72 
165116 70 
165704 80 
165837 83 
165957 64 
166212 256 
166331 63 
166464 150 
166464 68 
166464 65
166533 92 
167994 103 
167994 101 
168503 100 
168503 5
168503 1531
168503 11
170504 25 
170588 75 
170996 72 
170996 70 
171568 80 
171688 83 
171808 64 
172063 256 
172181 61 
172315 151 
172315 69 
172379 93 
173849 103 
173849 101 
174654 100 
174654 5
174654 1531
174654 10
176654 25 
176735 75 
177141 72 
177141 70 
177739 80 
177859 83 
179178 76 
179298 64 
179793 256 
179925 62 
180045 151 
180045 69 
180111 93 
181469 91 
181577 103 
181577 101 
182384 100 
182384 5
182384 1531
182384 11
184384 25 
184463 75 
184863 72 
184863 70 
185456 80 
185576 83 
186415 64 
186537 256 
186669 61 
186802 151 
186802 69 
186868 93 
187635 91 
188335 103 
188335 101 
189141 100 
189141 5
189141 1531
189141 11
191141 25 
192587 75 
192735 73 
193136 72 
193136 70 
193732 80 
193852 83 
194092 64 
195067 256 
195198 61 
195318 151 
195318 69 
195381 93 
196849 103 
196849 101 
197656 100 
197656 5
197656 1531
197656 10
199656 25 
199736 75 
200138 72 
200138 70 
200729 80 
200849 83 
202635 64 
202755 256 
202890 63 
203022 150 
203022 68 
203022 65
203092 92 
203705 90 
204552 103 
204552 101 
205061 100 
205061 5
205061 1531
205061 10
207061 25 
207135 75 
207538 72 
207538 70 
208153 80 
208286 250 
209139 76 
209992 76 
210832 76 
210965 83 
211085 64 
211340 256 
211458 63 
211591 150 
211591 68 
211591 65
211660 92 
212138 90 
213121 103 
213121 101 
213631 100 
213631 5
213631 1531
213631 11
215632 25 
215847 75 
216248 72 
216248 70 
216829 80 
216962 83 
217789 64 
218295 62 
218429 152 
218429 69 
218493 93 
219734 91 
219961 103 
219961 101 
220768 100 
220768 5
220768 1531
220768 11
222769 25 
222851 75 
223254 72 
223254 70 
223853 80 
223973 83 
225506 64 
226120 256 
226252 61 
226372 151 
226372 69 
226438 93 
226960 91 
227451 91 
227903 103 
227903 101 
228712 100 
228712 5
228712 1531
228712 11
230710 25 
230789 75 
231192 72 
231192 70 
231783 80 
232129 83 
233635 64 
234357 256 
234555 61 
234755 151 
234755 69 
234817 93 
236288 103 
236288 101 
237093 100 
237093 5
237093 1531
237093 10
239093 25 
239174 75 
239575 72 
239575 70 
240353 80 
240473 83 
241592 64 
242192 61 
242325 151 
242325 69 
242388 93 
242904 91 
243494 91 
243857 103 
243857 101 
244669 100 
244669 5
244669 1531
244669 10
246666 25 
246963 75 
247125 73 
247530 72 
247530 70 
248283 80 
248403 83 
249682 64 
250043 256 
250175 62 
250308 151 
250308 69 
250378 93 
251233 91 
251598 91 
251841 103 
251841 101 
252649 100 
252649 5
252649 1531
252649 11
254647 25 
254730 75 
255135 72 
255135 70 
256932 71 
257052 250 
257174 71 
257506 80 
257625 83 
257985 64 
258240 256 
258358 63 
258478 151 
258478 69 
258549 93 
259626 91 
260010 103 
260010 101 
260818 100 
260818 5
260818 1531
260818 10
262816 25 
262896 75 
263300 72 
263300 70 
263903 80 
264023 83 
265342 64 
265477 256 
265609 63 
265742 150 
265742 68 
265742 65
265809 92 
267274 103 
267274 101 
267782 100 
267782 5
267782 1531
267782 10
269781 25 
270192 75 
270597 72 
270597 70 
271180 80 
271300 83 
271419 64 
271794 63 
271926 150 
271926 68 
271926 65
272001 92 
272562 90 
273455 103 
273455 101 
273965 100 
273965 5
273965 1531
273965 11
275966 25 
276477 75 
276879 72 
276879 70 
277497 80 
278337 76 
278470 250 
279190 76 
280162 76 
280283 83 
280403 64 
280644 62 
280896 150 
280896 68 
280896 65
280966 92 
281401 90 
282429 103 
282429 101 
282934 100 
282934 5
282934 1531
282934 11
284934 25 
285087 75 
285492 72 
285492 70 
286093 80 
286213 83 
286453 64 
286588 256 
286708 62 
286826 150 
286826 68 
286826 65
286897 92 
287421 90 
288361 103 
288361 101 
288878 100 
288878 5
288878 1531
288878 10
290878 25 
290951 75 
291358 72 
291358 70 
291958 80 
292077 83 
292317 64 
292559 63 
292690 150 
292690 68 
292690 65
292762 92 
294221 103 
294221 101 
294735 100 
294735 5
294735 1531
294735 11
296733 25 
296820 75 
297223 72 
297223 70 
297822 80 
297942 83 
298062 64 
298316 256 
298448 62 
298581 150 
298581 68 
298581 65
298646 92 
299201 90 
300111 103 
300111 101 
300621 100 
300621 5
300621 1531
300621 10
302621 25 
302706 75 
303111 72 
303111 70 
303713 80 
303846 250 
304712 76 
305458 76 
307138 76 
307258 83 
307378 64 
307752 256 
307884 63 
308004 150 
308004 68 
308004 65
308076 92 
308537 90 
309533 103 
309533 101 
310044 100 
310044 5
310044 1531
310044 11
312044 25 
312118 75 
312526 72 
312526 70 
313095 80 
313215 83 
313335 64 
313457 256 
313588 62 
313722 150 
313722 68 
313722 65
313791 92 
315251 103 
315251 101 
315762 100 
315762 5
315762 1531
315762 10
317760 25 
317833 75 
318240 72 
318240 70 
318826 80 
318946 83 
319066 64 
319321 256 
319452 63 
319586 150 
319586 68 
319586 65
319655 92 
321115 103 
321115 101 
321624 100 
321624 5
321624 1531
321624 10
323625 25 
323703 75 
324104 72 
324104 70 
324704 80 
324824 83 
325063 64 
325310 256 
325437 63 
325570 150 
325570 68 
325570 65
325641 92 
327097 103 
327097 101 
327608 100 
327608 5
327608 1531
327608 11
329610 25 
329694 75 
330096 72 
330096 70 
330701 80 
330821 83 
330941 64 
331062 256 
331194 62 
331314 152 
331314 69 
331380 93 
332738 91 
332844 103 
332844 101 
333652 100 
333652 5
333652 1531
333652 10
335654 25 
335736 75 
336139 72 
336139 70 
336739 80 
336858 83 
336978 64 
337342 63 
337472 150 
337472 68 
337472 65
337554 92 
338096 90 
339019 103 
339019 101 
339523 100 
339523 5
339523 1531
339523 11
341524 25 
341602 75 
342010 72 
342010 70 
342616 80 
342736 83 
344708 64 
345204 256 
345335 62 
345468 150 
345468 68 
345468 65
345534 92 
346001 90 
346995 103 
346995 101 
347509 100 
347509 5
347509 1531
347509 11
349509 25 
349592 75 
349993 72 
349993 70 
351212 250 
351719 71 
351905 80 
352105 83 
352425 64 
352627 256 
352825 62 
353025 150 
353025 68 
353025 65
353096 92 
353523 90 
354554 103 
354554 101 
355064 100 
355064 5
355064 1531
355064 10
357064 25 
357154 75 
357556 72 
357556 70 
358329 80 
358529 250 
359249 76 
360049 76 
361515 76 
362754 76 
362954 83 
363141 64 
363342 256 
363940 62 
364140 151 
364140 69 
364208 93 
364758 91 
365673 103 
365673 101 
366478 100 
366478 5
366478 1531
366478 10
368481 25 
368651 75 
369055 72 
369055 70 
369845 80 
370044 83 
370364 64 
370766 256 
370884 63 
371097 150 
371097 68 
371097 65
371170 92 
371671 90 
372629 103 
372629 101 
373138 100 
373138 5
373138 1531
373138 11
375141 25 
375226 75 
375631 72 
375631 70 
376415 80 
376615 250 
378361 76 
379347 76 
380334 76 
381413 76 
381613 83 
381826 64 
382028 256 
382346 62 
382546 152 
382546 69 
382775 91 
382789 93 
383263 91 
384076 103 
384076 101 
384885 100 
384885 5
384885 1531
384885 11
386884 25 
386970 75 
387374 72 
387374 70 
388130 80 
388250 83 
388597 64 
388851 256 
388983 62 
389103 150 
389103 68 
389103 65
389174 92 
389587 90 
390636 103 
390636 101 
391156 100 
391156 3
391156 1531
391156 11
391156 78 
393156 25 
393246 75 
393653 72 
393653 70 
394262 80 
394381 83 
394621 64 
394742 256 
394874 62 
394994 151 
394994 69 
395071 93 
396053 91 
396419 91 
396523 103 
396523 101 
397335 100 
397335 3
397335 1531
397335 10
399334 25 
399413 75 
399817 72 
399817 70 
400405 80 
400525 83 
401245 64 
401499 256 
401631 63 
401764 151 
401764 69 
401835 93 
402308 91 
402710 91 
403298 103 
403298 101 
404103 100 
404103 3
404103 1531
404103 10
406103 25 
406182 75 
406670 73 
406973 72 
406973 70 
407575 80 
407695 83 
408895 64 
409389 256 
409508 61 
409641 151 
409641 69 
409709 93 
411171 103 
411171 101 
411982 100 
411982 3
411982 1531
411982 11
413980 25 
414059 75 
414460 72 
414460 70 
415065 80 
415185 83 
415545 64 
415667 256 
415798 62 
415932 151 
415932 69 
416001 93 
416358 91 
417464 103 
417464 101 
418271 100 
418271 3
418271 1531
418271 10
420270 25 
420349 75 
420752 72 
420752 70 
421369 80 
421489 83 
422915 64 
423170 256 
423302 63 
423435 151 
423435 69 
423520 93 
424978 103 
424978 101 
425790 100 
425790 3
425790 1531
425790 11
427787 25 
427866 75 
428268 72 
428268 70 
428873 80 
428993 83 
429353 64 
429608 256 
429739 62 
429859 151 
429859 69 
429924 93 
430411 91 
431392 103 
431392 101 
432199 100 
432199 3
432199 1531
432199 11
434198 25 
434281 75 
434685 72 
434685 70 
435284 80 
435403 83 
436710 64 
437084 61 
437216 151 
437216 69 
437279 93 
437872 91 
438401 91 
438746 103 
438746 101 
439554 100 
439554 3
439554 1531
439554 10
441554 25 
441634 75 
442038 72 
442038 70 
442627 80 
442747 83 
443467 64 
443841 256 
444093 61 
444213 151 
444213 69 
444274 93 
444584 91 
444843 91 
445742 103 
445742 101 
446551 100 
446551 3
446551 1531
446551 11
448553 25 
448635 75 
449040 72 
449040 70 
449651 80 
449784 83 
453502 64 
454837 256 
454969 61 
455102 151 
455102 69 
455166 93 
455657 91 
456635 103 
456635 101 
457454 100 
457454 3
457454 1531
457454 11
459456 25 
460514 75 
460916 72 
460916 70 
461499 80 
461619 83 
469096 76 
470162 64 
471122 252 
471723 256 
471975 62 
472110 151 
472110 69 
472174 93 
472675 91 
472741 91 
473640 103 
473640 101 
474445 100 
474445 3
474445 1531
474445 10
476447 25 
476526 75 
476928 72 
476928 70 
477532 80 
477652 83 
478492 64 
478733 256 
478865 63 
478998 151 
478998 69 
479061 93 
480247 91 
480532 103 
480532 101 
481336 100 
481336 3
481336 1531
481336 10
483338 25 
483420 75 
483921 73 
484222 72 
484222 70 
484823 80 
484943 83 
486009 64 
486383 62 
486515 152 
486515 69 
486584 93 
488045 103 
488045 101 
488853 100 
488853 3
488853 1531
488853 11
490855 25 
491208 75 
496457 73 
497378 73 
497684 72 
497684 70 
498537 80 
498737 83 
499336 64 
500591 61 
500789 151 
500789 69 
500857 93 
501835 91 
501960 91 
502323 103 
502323 101 
503127 100 
503127 3
503127 1531
503127 10
505128 25 
505207 75 
505619 72 
505619 70 
506427 71 
506827 80 
506947 83 
507346 64 
508081 256 
508479 61 
508693 151 
508693 69 
508761 93 
509625 91 
510147 91 
510223 103 
510223 101 
511036 100 
511036 3
511036 1531
511036 10
513036 25 
513613 75 
513995 73 
514433 73 
514740 72 
514740 70 
515516 80 
515716 83 
516436 64 
517024 256 
517156 61 
517355 151 
517355 69 
517419 93 
517983 91 
518877 91 
518885 103 
518885 101 
519693 100 
519693 3
519693 1531
519693 10
521696 25 
521922 75 
522328 72 
522328 70 
523113 80 
523326 83 
524153 64 
524567 256 
525192 63 
525325 151 
525325 69 
525396 93 
525954 91 
526700 91 
526857 103 
526857 101 
527666 100 
527666 3
527666 1531
527666 10
529664 25 
529745 75 
530146 72 
530146 70 
530923 80 
531110 83 
533216 64 
533430 256 
533549 61 
534375 151 
534375 69 
534440 93 
534921 91 
535411 91 
535909 103 
535909 101 
536713 100 
536713 3
536713 1531
536713 11
538715 25 
538793 75 
539195 72 
539195 70 
539693 250 
540279 71 
540519 80 
540639 83 
541239 64 
541733 256 
541852 62 
541985 151 
541985 69 
542048 93 
543517 103 
543517 101 
544322 100 
544322 3
544322 1531
544322 10
546326 25 
547426 75 
547579 73 
547981 72 
547981 70 
548596 80 
548716 83 
549795 64 
550157 256 
550408 63 
550542 151 
550542 69 
550613 93 
551063 91 
552073 103 
552073 101 
552879 100 
552879 3
552879 1531
552879 10
554882 25 
555126 75 
555528 72 
555528 70 
556112 80 
556246 83 
557205 64 
559259 256 
559391 61 
559524 153 
559524 68 
559524 65
559589 92 
560027 90 
561061 103 
561061 101 
561577 100 
561577 3
561577 1531
561577 11
563580 25 
563669 75 
564073 72 
564073 70 
564682 80 
564815 83 
566348 64 
566590 256 
566708 61 
566841 151 
566841 69 
566914 93 
567329 91 
568374 103 
568374 101 
569181 100 
569181 3
569181 1531
569181 11
571181 25 
571259 75 
571664 72 
571664 70 
572266 80 
572386 83 
572745 64 
573000 61 
573132 151 
573132 69 
573201 93 
573750 91 
574662 103 
574662 101 
575470 100 
575470 3
575470 1531
575470 11
577471 25 
577551 75 
577953 72 
577953 70 
578556 80 
578676 83 
578916 64 
579174 256 
579303 61 
579436 151 
579436 69 
579506 93 
580237 91 
580836 91 
580971 103 
580971 101 
581789 100 
581789 3
581789 1531
581789 11
583787 25 
583867 75 
584270 72 
584270 70 
584874 80 
584994 83 
585353 64 
585861 61 
585993 151 
585993 69 
586062 93 
586769 91 
586906 91 
587310 91 
587525 103 
587525 101 
588333 100 
588333 3
588333 1531
588333 10
590332 25 
590415 75 
590600 73 
591000 72 
591000 70 
591617 80 
591737 83 
592097 64 
592339 256 
592457 61 
592591 151 
592591 69 
592664 93 
593473 91 
594122 103 
594122 101 
594928 100 
594928 3
594928 1531
594928 11
596929 25 
597008 75 
597412 72 
597412 70 
597988 80 
598108 83 
598468 64 
598829 256 
598948 61 
599081 151 
599081 69 
599148 93 
600615 103 
600615 101 
601425 100 
601425 3
601425 1531
601425 10
603424 25 
603504 75 
603905 72 
603905 70 
604505 80 
604625 83 
604972 64 
605345 61 
605478 151 
605478 69 
605547 93 
607009 103 
607009 101 
607816 100 
607816 3
607816 1531
607816 11
609817 25 
610068 75 
610432 73 
610739 72 
610739 70 
611329 80 
611449 83 
611929 64 
612423 256 
612542 61 
612675 151 
612675 69 
612747 93 
613787 91 
614204 103 
614204 101 
615015 100 
615015 3
615015 1531
615015 10
617015 25 
617093 75 
617497 72 
617497 70 
618100 80 
618233 83 
618953 64 
619314 256 
619432 61 
619566 151 
619566 69 
619629 93 
620184 91 
620653 91 
621095 103 
621095 101 
621905 100 
621905 3
621905 1531
621905 11
623906 25 
623988 75 
624390 72 
624390 70 
624990 80 
625110 83 
625470 64 
625843 61 
625976 151 
625976 69 
626047 93 
627506 103 
627506 101 
628314 100 
628314 3
628314 1531
628314 11
630317 25 
631103 75 
631880 73 
632103 73 
632405 72 
632405 70 
633213 71 
633573 80 
633706 83 
634536 64 
635032 61 
635159 151 
635159 69 
635229 93 
636123 91 
636643 91 
636687 103 
636687 101 
637499 100 
637499 3
637499 1531
637499 10
639498 25 
639581 75 
639985 72 
639985 70 
640597 80 
640717 83 
641556 64 
643117 256 
643236 61 
643369 151 
643369 69 
643440 93 
643918 91 
644902 103 
644902 101 
645708 100 
645708 3
645708 1531
645708 11
647709 25 
648000 75 
648405 72 
648405 70 
649020 80 
649153 83 
649633 64 
650607 256 
650739 61 
650859 153 
650859 68 
650859 65
650928 92 
651449 90 
652386 103 
652386 101 
652897 100 
652897 3
652897 1531
652897 10
654898 25 
654988 75 
655394 72 
655394 70 
655977 80 
656097 83 
656937 64 
657058 256 
657190 61 
657323 151 
657323 69 
657394 93 
657874 91 
658857 103 
658857 101 
659663 100 
659663 3
659663 1531
659663 10
661662 25 
661741 75 
662146 72 
662146 70 
662734 80 
662854 83 
663214 64 
663335 256 
663467 61 
663600 151 
663600 69 
663670 93 
665131 103 
665131 101 
665940 100 
665940 3
665940 1531
665940 10
667940 25 
668023 75 
668433 72 
668433 70 
669051 80 
669185 83 
670384 64 
670772 62 
670891 152 
670891 69 
670961 93 
671748 91 
672058 91 
672424 103 
672424 101 
673229 100 
673229 3
673229 1531
673229 11
675231 25 
675313 75 
675782 73 
676088 72 
676088 70 
676662 80 
676782 83 
677848 64 
678342 256 
678474 61 
678607 151 
678607 69 
678676 93 
679153 91 
680138 103 
680138 101 
680945 100 
680945 3
680945 1531
680945 11
682947 25 
683030 75 
683436 72 
683436 70 
684032 80 
684152 83 
687017 64 
687378 256 
687510 61 
687631 151 
687631 69 
687701 93 
689163 103 
689163 101 
689969 100 
689969 3
689969 1531
689969 10
691969 25 
693030 75 
693437 72 
693437 70 
694054 80 
694174 83 
699785 64 
702319 256 
702571 61 
702691 151 
702691 69 
702761 93 
703265 91 
704221 103 
704221 101 
705028 100 
705028 3
705028 1531
705028 10
707031 25 
707113 75 
707520 72 
707520 70 
708128 80 
708248 83 
710047 64 
711262 61 
711380 151 
711380 69 
711946 91 
711959 93 
712912 103 
712912 101 
713721 100 
713721 3
713721 1531
713721 11
715718 25 
715800 75 
716201 72 
716201 70 
716805 80 
716924 83 
717631 64 
717992 256 
718111 61 
718244 151 
718244 69 
718310 93 
719779 103 
719779 101 
720598 100 
720598 3
720598 1531
720598 11
722595 25 
722675 75 
723076 72 
723076 70 
723655 80 
723775 83 
724495 64 
726309 256 
727160 61 
727280 151 
727280 69 
727349 93 
728814 103 
728814 101 
729621 100 
729621 3
729621 1531
729621 11
731620 25 
731698 75 
732099 72 
732099 70 
732931 80 
733131 83 
733451 64 
735558 256 
735757 62 
736158 151 
736158 69 
736224 93 
736837 91 
737689 103 
737689 101 
738496 100 
738496 3
738496 1531
738496 10
740495 25 
740760 75 
741162 72 
741162 70 
741941 80 
742127 83 
743127 64 
744794 256 
745219 61 
745339 151 
745339 69 
745405 93 
746868 103 
746868 101 
747678 100 
747678 3
747678 1531
747678 10
749679 25 
750233 75 
750635 72 
750635 70 
751417 80 
751616 83 
752896 64 
753097 256 
753296 63 
753429 151 
753429 69 
753498 93 
754961 103 
754961 101 
755768 100 
755768 3
755768 1531
755768 11
757769 25 
757846 75 
758251 72 
758251 70 
759027 80 
759213 83 
760093 64 
762040 256 
762239 61 
762439 151 
762439 69 
762502 93 
763970 103 
763970 101 
764776 100 
764776 3
764776 1531
764776 10
766779 25 
766856 75 
767257 72 
767257 70 
768010 80 
768130 83 
771555 64 
771690 256 
771808 62 
771928 150 
771928 68 
771928 65
772000 92 
772604 90 
773458 103 
773458 101 
773967 100 
773967 3
773967 1531
773967 11
775967 25 
776905 75 
777309 72 
777309 70 
777912 80 
778032 83 
779578 76 
779698 64 
779940 256 
780071 62 
780204 153 
780204 68 
780204 65
780274 92 
780737 90 
781733 103 
781733 101 
782243 100 
782243 3
782243 1531
782243 10
784243 25 
784322 75 
784729 72 
784729 70 
785336 80 
785456 83 
785575 64 
785830 256 
785949 62 
786082 150 
786082 68 
786082 65
786153 92 
786600 90 
787609 103 
787609 101 
788120 100 
788120 3
788120 1531
788120 10
790122 25 
790200 75 
790605 72 
790605 70 
791213 80 
791346 83 
791466 64 
791708 256 
791826 62 
791959 150 
791959 68 
791959 65
792024 92 
793487 103 
793487 101 
793999 100 
793999 3
793999 1531
793999 11
795998 25 
796089 75 
796490 72 
796490 70 
797091 80 
797211 83 
797464 64 
798425 256 
798543 62 
798677 151 
798677 69 
798750 93 
799239 91 
799842 91 
800206 103 
800206 101 
801016 100 
801016 3
801016 1531
801016 11
803016 25 
803095 75 
803503 72 
803503 70 
804114 80 
804234 83 
804594 64 
805689 256 
805807 61 
805940 151 
805940 69 
806004 93 
806472 91 
807472 103 
807472 101 
808281 100 
808281 3
808281 1531
808281 10
810282 25 
810364 75 
810773 72 
810773 70 
811365 80 
811485 83 
811724 64 
811846 62 
811978 150 
811978 68 
811978 65
812047 92 
812616 90 
813511 103 
813511 101 
814017 100 
814017 3
814017 1531
814017 10
816016 25 
816093 75 
816499 72 
816499 70 
817109 80 
817229 250 
817975 76 
818108 83 
818348 64 
818590 62 
818708 150 
818708 68 
818708 65
818777 92 
819235 90 
820241 103 
820241 101 
820747 100 
820747 3
820747 1531
820747 11
822747 25 
822821 75 
823221 72 
823221 70 
823799 80 
823933 83 
824172 64 
824414 63 
824546 150 
824546 68 
824546 65
824616 92 
825189 90 
826077 103 
826077 101 
826583 100 
826583 3
826583 1531
826583 11
828585 25 
828664 75 
829068 72 
829068 70 
829664 80 
829786 83 
829903 64 
830158 256 
830290 63 
830423 150 
830423 68 
830423 65
830492 92 
831957 103 
831957 101 
832462 100 
832462 3
832462 1531
832462 11
834463 25 
834547 75 
834950 72 
834950 70 
835554 80 
835688 83 
835808 64 
836067 256 
836194 63 
836327 150 
836327 68 
836327 65
836397 92 
837855 103 
837855 101 
838365 100 
838365 3
838365 1531
838365 10
840368 25 
840457 75 
840860 72 
840860 70 
841472 80 
841605 83 
841725 64 
841980 256 
842098 62 
842232 150 
842232 68 
842232 65
842301 92 
842786 90 
843765 103 
843765 101 
844270 100 
844270 3
844270 1531
844270 10
846272 25 
846343 75 
846750 72 
846750 70 
847363 80 
847483 83 
847603 64 
847736 62 
847871 150 
847871 68 
847871 65
847952 92 
849416 103 
849416 101 
849921 100 
849921 3
849921 1531
849921 11
851921 25 
852008 75 
852413 72 
852413 70 
853014 80 
853254 250 
854107 76 
854226 83 
854360 64 
854721 62 
854840 150 
854840 68 
854840 65
854922 92 
855674 90 
856382 103 
856382 101 
856893 100 
856893 3
856893 1531
856893 11
858892 25 
858977 75 
859382 72 
859382 70 
859984 80 
860104 83 
860224 64 
860470 256 
860597 63 
860730 152 
860730 69 
860798 93 
862261 103 
862261 101 
863070 100 
863070 3
863070 1531
863070 10
865071 25 
865153 75 
865557 72 
865557 70 
866155 80 
866275 83 
866515 64 
866655 256 
866781 62 
866901 150 
866901 68 
866901 65
866970 92 
867395 90 
868434 103 
868434 101 
868940 100 
868940 3
868940 1531
868940 10
870939 25 
871012 75 
871415 72 
871415 70 
872312 80 
872512 250 
873325 76 
873445 83 
873645 64 
873850 62 
874245 150 
874245 68 
874245 65
874320 92 
874731 90 
875645 90 
875782 103 
875782 101 
876296 100 
876296 3
876296 1531
876296 10
878298 25 
878382 75 
878786 72 
878786 70 
879549 80 
879749 83 
879949 64 
880151 256 
880349 62 
880549 150 
880549 68 
880549 65
880612 92 
881015 90 
882081 103 
882081 101 
882588 100 
882588 3
882588 1531
882588 11
884589 25 
884678 75 
885085 72 
885085 70 
885840 80 
885960 83 
886200 64 
886454 63 
886586 150 
886586 68 
886586 65
886670 92 
887494 90 
888128 103 
888128 101 
888638 100 
888638 3
888638 1531
888638 11
890638 25 
890717 75 
891125 72 
891125 70 
891731 80 
891851 83 
892090 64 
892226 256 
892344 63 
892477 152 
892477 69 
892547 93 
894008 103 
894008 101 
894815 100 
894815 1
894815 1531
894815 11
894815 78 
896817 25 
896959 75 
897361 72 
897361 70 
897955 80 
898075 83 
898434 64 
899529 256 
899647 61 
899767 151 
899767 69 
899837 93 
901300 103 
901300 101 
902105 100 
902105 1
902105 1531
902105 10
904106 25 
904189 75 
904591 72 
904591 70 
905192 80 
905312 83 
905431 64 
905686 62 
905820 151 
905820 69 
905887 93 
906648 91 
907235 91 
907355 91 
907355 103 
907355 101 
908171 100 
908171 1
908171 1531
908171 11
910170 25 
910256 75 
910661 72 
910661 70 
911256 80 
911376 83 
912775 76 
913015 64 
914096 256 
914214 61 
914334 151 
914334 69 
914398 93 
914870 91 
915869 103 
915869 101 
916674 100 
916674 1
916674 1531
916674 11
918675 25 
918752 75 
919158 72 
919158 70 
919759 80 
919879 83 
921305 64 
922518 62 
922638 150 
922638 68 
922638 65
922709 92 
923235 90 
924170 103 
924170 101 
924678 100 
924678 1
924678 1531
924678 10
926676 25 
926755 75 
927159 72 
927159 70 
927756 80 
927875 83 
928115 64 
928250 256 
928382 62 
928502 151 
928502 69 
928571 93 
929933 91 
930036 103 
930036 101 
930842 100 
930842 1
930842 1531
930842 10
932842 25 
932972 75 
933337 73 
933525 73 
933829 72 
933829 70 
934419 80 
934539 83 
936405 64 
936780 61 
936911 150 
936911 68 
936911 65
936980 92 
937405 90 
938442 103 
938442 101 
938951 100 
938951 1
938951 1531
938951 10
940955 25 
941116 75 
941645 73 
942051 72 
942051 70 
942643 80 
942762 83 
942882 64 
943138 256 
943256 61 
943389 150 
943389 68 
943389 65
943465 92 
943874 90 
944923 103 
944923 101 
945427 100 
945427 1
945427 1531
945427 10
947428 25 
947513 75 
947913 72 
947913 70 
948520 80 
948640 83 
948880 64 
949001 256 
949120 61 
949253 150 
949253 68 
949253 65
949322 92 
949800 90 
950786 103 
950786 101 
951290 100 
951290 1
951290 1531
951290 11
953292 25 
953369 75 
953769 72 
953769 70 
954371 80 
954504 83 
955450 64 
955812 63 
955943 151 
955943 69 
956015 93 
957304 91 
957480 103 
957480 101 
958296 100 
958296 1
958296 1531
958296 10
960296 25 
960374 75 
960778 72 
960778 70 
961395 80 
961514 83 
961648 64 
962008 61 
962141 150 
962141 68 
962141 65
962214 92 
962627 90 
963673 103 
963673 101 
964180 100 
964180 1
964180 1531
964180 11
966181 25 
966270 75 
966674 72 
966674 70 
967259 80 
967379 83 
967738 64 
968940 256 
969071 62 
969205 150 
969205 68 
969205 65
969276 92 
969674 90 
970733 103 
970733 101 
971245 100 
971245 1
971245 1531
971245 10
973243 25 
973322 75 
973727 72 
973727 70 
974322 80 
974442 83 
974816 64 
975177 61 
975309 150 
975309 68 
975309 65
975379 92 
975778 90 
976839 103 
976839 101 
977346 100 
977346 1
977346 1531
977346 10
979349 25 
979438 75 
979844 72 
979844 70 
980413 80 
980533 83 
980773 64 
980897 256 
981026 61 
981159 150 
981159 68 
981159 65
981229 92 
981613 90 
982694 103 
982694 101 
983212 100 
983212 1
983212 1531
983212 10
985211 25 
985307 75 
985714 72 
985714 70 
986571 80 
986770 250 
987730 76 
988636 76 
989756 76 
989956 83 
990142 64 
990555 61 
990675 150 
990675 68 
990675 65
990746 92 
991162 90 
992204 103 
992204 101 
992715 100 
992715 1
992715 1531
992715 11
994714 25 
994787 75 
995192 72 
995192 70 
995980 80 
996180 83 
996900 64 
997101 256 
997313 62 
997513 150 
997513 68 
997513 65
997581 92 
997994 90 
999041 103 
999041 101 
999551 100 
999551 1
999551 1531
999551 10
1001551 25 
1001642 75 
1002043 72 
1002043 70 
1002844 80 
1003044 250 
1003910 76 
1004923 76 
1005856 76 
1006056 83 
1006256 64 
1006457 256 
1006655 61 
1006855 150 
1006855 68 
1006855 65
1006925 92 
1007297 90 
1008386 103 
1008386 101 
1008895 100 
1008895 1
1008895 1531
1008895 11
1010895 25 
1010980 75 
1011387 72 
1011387 70 
1012213 80 
1012413 83 
1012986 64 
1013187 256 
1013386 62 
1013586 152 
1013586 69 
1013649 93 
1014136 91 
1014638 91 
1015116 103 
1015116 101 
1015926 100 
1015926 1
1015926 1531
1015926 11
1017924 25 
1018003 75 
1018405 72 
1018405 70 
1019170 80 
1019357 83 
1020623 64 
1021064 256 
1021263 62 
1021466 150 
1021466 68 
1021466 65
1021530 92 
1021972 90 
1022994 103 
1022994 101 
1023500 100 
1023500 1
1023500 1531
1023500 11
1025501 25 
1025578 75 
1025982 72 
1025982 70 
1026767 80 
1026967 83 
1027553 64 
1027755 256 
1027873 62 
1028073 150 
1028073 68 
1028073 65
1028145 92 
1029606 103 
1029606 101 
1030112 100 
1030112 1
1030112 1531
1030112 10
1032112 25 
1032191 75 
1032636 73 
1032962 72 
1032962 70 
1033724 80 
1033924 83 
1034137 64 
1034459 256 
1034670 61 
1034803 150 
1034803 68 
1034803 65
1034875 92 
1035266 90 
1036340 103 
1036340 101 
1036856 100 
1036856 1
1036856 1531
1036856 10
1038856 25 
1038946 75 
1039354 72 
1039354 70 
1040095 80 
1040215 83 
1040454 64 
1040696 61 
1040828 152 
1040828 69 
1040898 93 
1041422 91 
1041930 91 
1042358 103 
1042358 101 
1043166 100 
1043166 1
1043166 1531
1043166 11
1045168 25 
1045250 75 
1045653 72 
1045653 70 
1046239 80 
1046359 83 
1047318 64 
1047440 256 
1047558 62 
1047678 150 
1047678 68 
1047678 65
1047749 92 
1049207 103 
1049207 101 
1049716 100 
1049716 2
1049716 1531
1049716 10
1049716 78 
1051718 25 
1051796 75 
1052201 72 
1052201 70 
1052809 80 
1052929 83 
1053169 64 
1053424 256 
1053542 61 
1053675 150 
1053675 68 
1053675 65
1053745 92 
1054136 90 
1055209 103 
1055209 101 
1055727 100 
1055727 2
1055727 1531
1055727 11
1057729 25 
1057818 75 
1058221 72 
1058221 70 
1058807 80 
1058927 83 
1059646 64 
1060008 256 
1060139 62 
1060273 151 
1060273 69 
1060344 93 
1061112 91 
1061802 103 
1061802 101 
1062613 100 
1062613 2
1062613 1531
1062613 11
1064612 25 
1064717 75 
1065123 72 
1065123 70 
1065724 80 
1065844 83 
1066803 64 
1068136 256 
1068376 61 
1068496 151 
1068496 69 
1068559 93 
1070027 103 
1070027 101 
1070833 100 
1070833 2
1070833 1531
1070833 11
1072836 25 
1072918 75 
1073325 72 
1073325 70 
1073920 80 
1074040 83 
1075000 64 
1075135 256 
1075266 62 
1075386 151 
1075386 69 
1075456 93 
1076910 91 
1076919 103 
1076919 101 
1077726 100 
1077726 2
1077726 1531
1077726 10
1079726 25 
1079804 75 
1080211 72 
1080211 70 
1080797 80 
1080917 83 
1081157 64 
1083451 256 
1083583 61 
1083716 150 
1083716 68 
1083716 65
1083786 92 
1084192 90 
1085244 103 
1085244 101 
1085753 100 
1085753 2
1085753 1531
1085753 10
1087756 25 
1087840 75 
1088242 72 
1088242 70 
1088847 80 
1088967 83 
1089087 64 
1089342 256 
1089460 61 
1089594 150 
1089594 68 
1089594 65
1089663 92 
1090148 90 
1091124 103 
1091124 101 
1091631 100 
1091631 2
1091631 1531
1091631 11
1093632 25 
1093718 75 
1094122 72 
1094122 70 
1094738 80 
1094858 83 
1095578 64 
1095699 256 
1095818 62 
1095951 151 
1095951 69 
1096021 93 
1096689 91 
1097481 103 
1097481 101 
1098294 100 
1098294 2
1098294 1531
1098294 10
1100292 25 
1100374 75 
1100778 72 
1100778 70 
1101375 80 
1101495 83 
1101975 64 
1102350 61 
1102482 150 
1102482 68 
1102482 65
1102552 92 
1102966 90 
1104015 103 
1104015 101 
1104522 100 
1104522 2
1104522 1531
1104522 11
1106520 25 
1106649 75 
1106918 73 
1107225 72 
1107225 70 
1107839 80 
1107959 83 
1108786 64 
1109160 256 
1109279 63 
1109412 150 
1109412 68 
1109412 65
1109481 92 
1110038 90 
1110946 103 
1110946 101 
1111463 100 
1111463 2
1111463 1531
1111463 10
1113465 25 
1113549 75 
1113952 72 
1113952 70 
1114543 80 
1114663 83 
1114903 64 
1115025 256 
1115143 63 
1115276 151 
1115276 69 
1115344 93 
1116653 91 
1116811 103 
1116811 101 
1117614 100 
1117614 2
1117614 1531
1117614 11
1119615 25 
1119693 75 
1120095 72 
1120095 70 
1120687 80 
1120807 83 
1122353 64 
1124528 256 
1124659 61 
1124792 153 
1124792 68 
1124792 65
1124857 92 
1125251 90 
1126320 103 
1126320 101 
1126830 100 
1126830 2
1126830 1531
1126830 10
1128831 25 
1129481 75 
1129624 73 
1130026 72 
1130026 70 
1130616 80 
1130736 83 
1131216 64 
1131338 256 
1131469 61 
1131589 150 
1131589 68 
1131589 65
1131662 92 
1132075 90 
1133119 103 
1133119 101 
1133627 100 
1133627 2
1133627 1531
1133627 10
1135631 25 
1135718 75 
1136122 72 
1136122 70 
1136720 80 
1136841 83 
1136960 64 
1137215 256 
1137334 61 
1137467 150 
1137467 68 
1137467 65
1137535 92 
1138232 90 
1139003 103 
1139003 101 
1139520 100 
1139520 2
1139520 1531
1139520 11
1141520 25 
1141596 75 
1141998 72 
1141998 70 
1143038 80 
1143238 83 
1143438 64 
1143774 256 
1143971 63 
1144104 150 
1144104 68 
1144104 65
1144180 92 
1144687 90 
1145637 103 
1145637 101 
1146145 100 
1146145 2
1146145 1531
1146145 11
1148144 25 
1148233 75 
1148634 72 
1148634 70 
1149435 80 
1149635 83 
1149821 64 
1150130 256 
1150328 63 
1150461 150 
1150461 68 
1150461 65
1150524 92 
1150935 90 
1151991 103 
1151991 101 
1152505 100 
1152505 2
1152505 1531
1152505 11
1154502 25 
1154585 75 
1154992 72 
1154992 70 
1155766 80 
1155966 83 
1156088 64 
1156287 256 
1156485 63 
1156712 150 
1156712 68 
1156712 65
1156781 92 
1158242 103 
1158242 101 
1158753 100 
1158753 2
1158753 1531
1158753 10
1160751 25 
1160836 75 
1161239 72 
1161239 70 
1162006 80 
1162203 250 
1163203 76 
1164402 76 
1165270 76 
1165402 83 
1165655 64 
1166030 61 
1166148 150 
1166148 68 
1166148 65
1166221 92 
1166625 90 
1167687 103 
1167687 101 
1168199 100 
1168199 2
1168199 1531
1168199 11
1170201 25 
1170277 75 
1170679 72 
1170679 70 
1171279 80 
1171399 83 
1172225 64 
1172599 63 
1172732 150 
1172732 68 
1172732 65
1172799 92 
1174265 103 
1174265 101 
1174772 100 
1174772 2
1174772 1531
1174772 10
1176770 25 
1176856 75 
1177262 72 
1177262 70 
1177850 80 
1177970 83 
1178210 64 
1178451 256 
1178689 61 
1178823 152 
1178823 69 
1178891 93 
1179411 91 
1179982 91 
1180353 103 
1180353 101 
1181161 100 
1181161 2
1181161 1531
1181161 10
1183163 25 
1183240 75 
1184331 73 
1184452 73 
1184757 72 
1184757 70 
1186646 71 
1186992 80 
1187112 83 
1187592 64 
1188074 256 
1188192 61 
1188312 150 
1188312 68 
1188312 65
1188381 92 
1188767 90 
1189840 103 
1189840 101 
1190351 100 
1190351 2
1190351 1531
1190351 11
1192352 25 
1192423 75 
1192825 72 
1192825 70 
1193430 80 
1193550 83 
1194029 64 
1194271 256 
1194403 63 
1194523 150 
1194523 68 
1194523 65
1194590 92 
1195067 90 
1196054 103 
1196054 101 
1196566 100 
1196566 2
1196566 1531
1196566 11
1198563 25 
1198651 75 
1199056 72 
1199056 70 
1199641 80 
1199760 83 
1200120 64 
1200255 256 
1200387 63 
1200520 150 
1200520 68 
1200520 65
1200602 92 
1202066 103 
1202066 101 
1202571 100 
1202571 2
1202571 1531
1202571 10
1204574 25 
1204704 75 
1205051 73 
1205357 72 
1205357 70 
1205958 80 
1206078 83 
1206318 64 
1206692 256 
1206811 61 
1206944 150 
1206944 68 
1206944 65
1207014 92 
1207486 90 
1208476 103 
1208476 101 
1208983 100 
1208983 2
1208983 1531
1208983 10
1210982 25 
1211063 75 
1211467 72 
1211467 70 
1212049 80 
1212168 83 
1212288 64 
1212648 61 
1212768 150 
1212768 68 
1212768 65
1212841 92 
1214297 103 
1214297 101 
1214807 100 
1214807 4
1214807 1531
1214807 11
1214807 78 
1216808 25 
1216897 75 
1217304 72 
1217304 70 
1217913 80 
1218033 83 
1218273 64 
1218514 256 
1218646 63 
1218779 151 
1218779 69 
1218847 93 
1219810 91 
1220310 103 
1220310 101 
1221119 100 
1221119 4
1221119 1531
1221119 11
1223119 25 
1223201 75 
1223603 72 
1223603 70 
1224203 80 
1224323 83 
1224683 64 
1226138 256 
1226496 62 
1226629 151 
1226629 69 
1226699 93 
1227229 91 
1228163 103 
1228163 101 
1228968 100 
1228968 4
1228968 1531
1228968 10
1230969 25 
1231051 75 
1231322 73 
1231626 72 
1231626 70 
1232227 80 
1232347 83 
1232600 64 
1233081 256 
1233213 61 
1233333 151 
1233333 69 
1233401 93 
1233859 91 
1234087 91 
1234865 103 
1234865 101 
1235673 100 
1235673 4
1235673 1531
1235673 11
1237671 25 
1237785 75 
1238186 72 
1238186 70 
1238784 80 
1238904 83 
1239730 64 
1241664 61 
1241796 150 
1241796 68 
1241796 65
1241865 92 
1242285 90 
1243329 103 
1243329 101 
1243836 100 
1243836 4
1243836 1531
1243836 11
1245834 25 
1245925 75 
1246332 72 
1246332 70 
1246900 80 
1247020 83 
1247260 64 
1247875 256 
1248007 61 
1248140 150 
1248140 68 
1248140 65
1248209 92 
1248564 90 
1249673 103 
1249673 101 
1250179 100 
1250179 4
1250179 1531
1250179 10
1252178 25 
1252255 75 
1252659 73 
1252965 72 
1252965 70 
1253565 80 
1253684 83 
1254391 64 
1254885 256 
1255004 63 
1255137 151 
1255137 69 
1255204 93 
1256667 103 
1256667 101 
1257475 100 
1257475 4
1257475 1531
1257475 11
1259475 25 
1259560 75 
1259786 73 
1260089 72 
1260089 70 
1260695 80 
1260828 83 
1261188 64 
1261989 61 
1262121 150 
1262121 68 
1262121 65
1262193 92 
1262568 90 
1263651 103 
1263651 101 
1264159 100 
1264159 4
1264159 1531
1264159 10
1266161 25 
1266766 75 
1267168 72 
1267168 70 
1267958 80 
1268145 250 
1269131 76 
1270078 76 
1270277 83 
1270477 64 
1270679 62 
1270810 151 
1270810 69 
1270882 93 
1271437 91 
1271808 91 
1271940 91 
1272348 103 
1272348 101 
1273163 100 
1273163 4
1273163 1531
1273163 10
1275164 25 
1275241 75 
1275644 72 
1275644 70 
1276395 80 
1276515 83 
1276874 64 
1277716 61 
1277834 151 
1277834 69 
1277903 93 
1278470 91 
1278888 91 
1279099 91 
1279366 103 
1279366 101 
1280171 100 
1280171 4
1280171 1531
1280171 11
1282174 25 
1282251 75 
1282655 72 
1282655 70 
1283258 80 
1283752 76 
1283872 83 
1284351 64 
1285579 256 
1285711 61 
1285844 150 
1285844 68 
1285844 65
1285913 92 
1286380 90 
1287375 103 
1287375 101 
1287883 100 
1287883 4
1287883 1531
1287883 10
1289882 25 
1290184 75 
1290288 73 
1290621 72 
1290621 70 
1291215 80 
1291335 83 
1291695 64 
1292056 256 
1292175 61 
1292295 151 
1292295 69 
1292363 93 
1293216 91 
1293585 91 
1293812 91 
1293827 103 
1293827 101 
1294633 100 
1294633 4
1294633 1531
1294633 10
1296635 25 
1296712 75 
1297115 72 
1297115 70 
1297732 80 
1297852 83 
1298812 64 
1299053 256 
1299172 61 
1299305 151 
1299305 69 
1299375 93 
1299897 91 
1299957 91 
1300525 91 
1300835 103 
1300835 101 
1301645 100 
1301645 4
1301645 1531
1301645 11
1303645 25 
1303722 75 
1304128 72 
1304128 70 
1304716 80 
1304836 83 
1306022 64 
1306504 256 
1306742 61 
1306875 152 
1306875 69 
1306948 93 
1307910 91 
1308405 103 
1308405 101 
1309213 100 
1309213 4
1309213 1531
1309213 11
1311216 25 
1311571 75 
1312693 73 
1312874 73 
1313119 73 
1313420 72 
1313420 70 
1314032 80 
1314152 83 
1315245 76 
1315485 64 
1317059 256 
1317419 61 
1318152 150 
1318152 68 
1318152 65
1318226 92 
1318705 90 
1319681 103 
1319681 101 
1320191 100 
1320191 4
1320191 1531
1320191 10
1322190 25 
1322279 75 
1322680 72 
1322680 70 
1323282 80 
1323401 83 
1324241 64 
1324962 256 
1325094 61 
1325214 151 
1325214 69 
1325280 93 
1326515 91 
1326745 103 
1326745 101 
1327552 100 
1327552 4
1327552 1531
1327552 11
1329554 25 
1329632 75 
1330037 72 
1330037 70 
1330652 80 
1330772 83 
1331958 64 
1333172 256 
1333304 61 
1333437 150 
1333437 68 
1333437 65
1333506 92 
1333901 90 
1334968 103 
1334968 101 
1335475 100 
1335475 4
1335475 1531
1335475 11
1337476 25 
1337553 75 
1337955 72 
1337955 70 
1338555 80 
1338675 83 
1339395 64 
1339636 256 
1339768 61 
1339901 150 
1339901 68 
1339901 65
1339970 92 
1340354 90 
1341430 103 
1341430 101 
1341939 100 
1341939 4
1341939 1531
1341939 10
1343942 25 
1344019 75 
1344424 72 
1344424 70 
1345046 80 
1345166 83 
1345645 64 
1345888 256 
1346005 63 
1346139 151 
1346139 69 
1346209 93 
1347672 103 
1347672 101 
1348478 100 
1348478 4
1348478 1531
1348478 11
1350477 25 
1350556 75 
1350961 72 
1350961 70 
1351323 250 
1351564 71 
1351910 80 
1352031 83 
1352869 64 
1353484 256 
1353991 61 
1354109 150 
1354109 68 
1354109 65
1354177 92 
1354599 90 
1355642 103 
1355642 101 
1356153 100 
1356153 4
1356153 1531
1356153 10
1358150 25 
1358233 75 
1358636 72 
1358636 70 
1359253 80 
1359373 83 
1359746 64 
1361187 256 
1361306 62 
1361425 150 
1361425 68 
1361425 65
1361494 92 
1361902 90 
1362958 103 
1362958 101 
1363465 100 
1363465 4
1363465 1531
1363465 10
1365468 25 
1365550 75 
1365956 72 
1365956 70 
1366557 80 
1366690 83 
1366810 64 
1367051 256 
1367183 62 
1367316 150 
1367316 68 
1367316 65
1367386 92 
1368844 103 
1368844 101 
1369355 100 
1369355 4
1369355 1531
1369355 11
1371355 25 
1371441 75 
1371846 72 
1371846 70 
1372434 80 
1372554 83 
1372901 64 
1373142 256 
1373274 63 
1373407 151 
1373407 69 
1373479 93 
1374298 91 
1374939 103 
1374939 101 
1375746 100 
1375746 4
1375746 1531
1375746 10
1377745 25 
1377829 75 
1378234 72 
1378234 70 
1379258 80 
1379458 250 
1382110 76 
1382433 76 
1382963 76 
1383163 83 
1383363 64 
1383566 256 
1383883 62 
1384083 152 
1384083 69 
1384154 93 
1384826 91 
1385072 91 
1385428 91 
1385612 103 
1385612 101 
1386422 100 
1386422 4
1386422 1531
1386422 10
1388422 25 
1388625 75 
1388949 73 
1389279 72 
1389279 70 
1390067 80 
1390267 83 
1390466 64 
1390668 256 
1390866 62 
1391066 150 
1391066 68 
1391066 65
1391136 92 
1391644 90 
1392596 103 
1392596 101 
1393106 100 
1393106 4
1393106 1531
1393106 10
1395106 25 
1395195 75 
1395600 72 
1395600 70 
1396384 80 
1396584 83 
1396706 64 
1396905 256 
1397037 62 
1397237 150 
1397237 68 
1397237 65
1397309 92 
1397787 90 
1398769 103 
1398769 101 
1399274 100 
1399274 4
1399274 1531
1399274 11
1401276 25 
1401353 75 
1401754 72 
1401754 70 
1402515 80 
1402701 83 
1403021 64 
1403223 256 
1403341 63 
1403541 151 
1403541 69 
1403610 93 
1405071 103 
1405071 101 
1405881 100 
1405881 4
1405881 1531
1405881 10
1407880 25 
1407963 75 
1408364 72 
1408364 70 
1409125 80 
1409325 250 
1411004 76 
1411897 76 
1412097 83 
1412311 64 
1412512 256 
1412712 62 
1412910 150 
1412910 68 
1412910 65
1412976 92 
1413387 90 
1414438 103 
1414438 101 
1414951 100 
1414951 4
1414951 1531
1414951 10
1416950 25 
1417029 75 
1417436 72 
1417436 70 
1418201 80 
1418401 83 
1418537 64 
1418749 256 
1418948 62 
1419148 150 
1419148 68 
1419148 65
1419218 92 
1419633 90 
1420677 103 
1420677 101 
1421187 100 
1421187 4
1421187 1531
1421187 11
1423187 25 
1423277 75 
1423678 72 
1423678 70 
1424465 80 
1424679 83 
1425212 64 
1425800 256 
1425998 61 
1426198 150 
1426198 68 
1426198 65
1426267 92 
1426658 90 
1427727 103 
1427727 101 
1428236 100 
1428236 4
1428236 1531
1428236 10
1430238 25 
1430742 75 
1431143 72 
1431143 70 
1431929 80 
1432129 83 
1432249 64 
1432450 256 
1432782 61 
1432982 151 
1432982 69 
1433045 93 
1433518 91 
1434240 91 
1434514 103 
1434514 101 
1435322 100 
1435322 4
1435322 1531
1435322 11
1437321 25 
1437399 75 
1437803 72 
1437803 70 
1438553 80 
1438673 83 
1439619 64 
1439994 61 
1440125 152 
1440125 69 
1440194 93 
1440653 91 
1441111 91 
1441655 103 
1441655 101 
1442469 100 
1442469 4
1442469 1531
1442469 11
1444466 25 
1444543 75 
1444945 72 
1444945 70 
1445550 80 
1445670 83 
1446616 64 
1448430 256 
1448562 61 
1448682 150 
1448682 68 
1448682 65
1448753 92 
1449183 90 
1450210 103 
1450210 101 
1450722 100 
1450722 4
1450722 1531
1450722 11
1452722 25 
1452812 75 
1452979 73 
1453345 73 
1453653 72 
1453653 70 
1454253 80 
1454373 83 
1454493 64 
1454734 256 
1454866 61 
1454986 150 
1454986 68 
1454986 65
1455057 92 
1455613 90 
1456518 103 
1456518 101 
1457024 100 
1457024 4
1457024 1531
1457024 10
1459028 25 
1459212 75 
1459616 72 
1459616 70 
1460237 80 
1460357 83 
1460837 64 
1460959 256 
1461090 62 
1461223 150 
1461223 68 
1461223 65
1461295 92 
1461727 90 
1462759 103 
1462759 101 
1463276 100 
1463276 4
1463276 1531
1463276 11
1465276 25 
1465855 75 
1466257 72 
1466257 70 
1466848 80 
1466967 83 
1467221 64 
1467475 256 
1467607 61 
1467740 150 
1467740 68 
1467740 65
1467812 92 
1468207 90 
1469274 103 
1469274 101 
1469780 100 
1469780 4
1469780 1531
1469780 10
1471779 25 
1471857 75 
1472260 72 
1472260 70 
1472858 80 
1472978 83 
1473458 64 
1473833 62 
1473966 150 
1473966 68 
1473966 65
1474032 92 
1474471 90 
1475496 103 
1475496 101 
1476004 100 
1476004 4
1476004 1531
1476004 11
1478005 25 
1478083 75 
1478485 72 
1478485 70 
1479082 80 
1479202 83 
1479442 64 
1479686 61 
1479815 150 
1479815 68 
1479815 65
1479886 92 
1480316 90 
1481344 103 
1481344 101 
1481856 100 
1481856 4
1481856 1531
1481856 10
1483854 25 
1483944 75 
1484349 72 
1484349 70 
1484960 80 
1485080 83 
1485440 64 
1487001 256 
1487121 62 
1487239 150 
1487239 68 
1487239 65
1487308 92 
1487790 90 
1488771 103 
1488771 101 
1489276 100 
1489276 5
1489276 1531
1489276 10
1489276 78 
1491279 25 
1491668 75 
1492075 72 
1492075 70 
1492663 80 
1492783 83 
1492903 64 
1493158 256 
1493276 62 
1493396 153 
1493396 68 
1493396 65
1493466 92 
1494924 103 
1494924 101 
1495435 100 
1495435 5
1495435 1531
1495435 11
1497436 25 
1497512 75 
1497917 72 
1497917 70 
1498514 80 
1498634 83 
1498874 64 
1499129 256 
1499247 61 
1499380 151 
1499380 69 
1499444 93 
1499972 91 
1500118 91 
1500710 91 
1500910 103 
1500910 101 
1501719 100 
1501719 5
1501719 1531
1501719 11
1503720 25 
1503800 75 
1504203 72 
1504203 70 
1504805 80 
1504925 83 
1506004 64 
1506606 256 
1506724 62 
1506844 150 
1506844 68 
1506844 65
1506916 92 
1507343 90 
1508373 103 
1508373 101 
1508883 100 
1508883 5
1508883 1531
1508883 10
1510882 25 
1510974 75 
1511381 72 
1511381 70 
1511975 80 
1512095 83 
1512455 64 
1512816 256 
1512948 62 
1513081 151 
1513081 69 
1513151 93 
1513762 91 
1514615 103 
1514615 101 
1515419 100 
1515419 5
1515419 1531
1515419 11
1517421 25 
1517503 75 
1517908 72 
1517908 70 
1518506 80 
1518626 83 
1518985 64 
1519470 256 
1519599 61 
1519732 151 
1519732 69 
1519801 93 
1520409 91 
1520716 91 
1521261 103 
1521261 101 
1522070 100 
1522070 5
1522070 1531
1522070 10
1524070 25 
1524149 75 
1524551 72 
1524551 70 
1525156 80 
1525276 83 
1526116 64 
1527570 256 
1527689 61 
1527822 151 
1527822 69 
1527903 93 
1528904 91 
1529366 103 
1529366 101 
1530173 100 
1530173 5
1530173 1531
1530173 10
1532175 25 
1532253 75 
1532658 72 
1532658 70 
1533273 80 
1533393 83 
1534459 64 
1535419 61 
1535539 151 
1535539 69 
1535601 93 
1536021 91 
1536792 91 
1537069 103 
1537069 101 
1537878 100 
1537878 5
1537878 1531
1537878 11
1539876 25 
1539956 75 
1540363 72 
1540363 70 
1541309 80 
1541509 83 
1542762 64 
1542964 256 
1543162 255 
1544575 62 
1544788 150 
1544788 68 
1544788 65
1544851 92 
1545301 90 
1546321 103 
1546321 101 
1546828 100 
1546828 5
1546828 1531
1546828 10
1548827 25 
1550657 75 
1551062 72 
1551062 70 
1551865 80 
1552065 83 
1552864 64 
1553279 256 
1553411 62 
1553611 151 
1553611 69 
1553674 93 
1555141 103 
1555141 101 
1555951 100 
1555951 5
1555951 1531
1555951 10
1557949 25 
1558030 75 
1558436 72 
1558436 70 
1559222 80 
1559408 83 
1560475 64 
1561196 256 
1561409 61 
1561541 151 
1561541 69 
1561604 93 
1562122 91 
1562560 91 
1562962 91 
1563075 103 
1563075 101 
1563879 100 
1563879 5
1563879 1531
1563879 11
1565880 25 
1565958 75 
1566360 72 
1566360 70 
1567152 80 
1567352 83 
1568418 64 
1568620 256 
1568818 62 
1569018 150 
1569018 68 
1569018 65
1569089 92 
1569613 90 
1570548 103 
1570548 101 
1571055 100 
1571055 5
1571055 1531
1571055 11
1573058 25 
1573129 75 
1573378 73 
1573681 72 
1573681 70 
1574459 80 
1574655 83 
1576788 64 
1577016 62 
1577148 150 
1577148 68 
1577148 65
1577219 92 
1577700 90 
1578681 103 
1578681 101 
1579186 100 
1579186 5
1579186 1531
1579186 11
1581188 25 
1581307 75 
1581709 72 
1581709 70 
1582509 80 
1582705 83 
1582905 64 
1583240 62 
1583438 150 
1583438 68 
1583438 65
1583508 92 
1584032 90 
1584966 103 
1584966 101 
1585476 100 
1585476 5
1585476 1531
1585476 11
1587481 25 
1587567 75 
1587969 72 
1587969 70 
1588746 80 
1588943 83 
1589142 64 
1589278 256 
1589476 62 
1589609 150 
1589609 68 
1589609 65
1589680 92 
1590164 90 
1591141 103 
1591141 101 
1591648 100 
1591648 5
1591648 1531
1591648 10
1593647 25 
1593740 75 
1594142 72 
1594142 70 
1594900 80 
1595020 83 
1595260 64 
1595515 256 
1595633 63 
1595766 152 
1595766 69 
1595828 93 
1597298 103 
1597298 101 
1598107 100 
1598107 5
1598107 1531
1598107 11
1600109 25 
1600189 75 
1600590 72 
1600590 70 
1601191 80 
1601311 83 
1601551 64 
1601806 256 
1601924 62 
1602057 150 
1602057 68 
1602057 65
1602126 92 
1602594 90 
1603591 103 
1603591 101 
1604097 100 
1604097 5
1604097 1531
1604097 11
1606095 25 
1606805 75 
1607211 72 
1607211 70 
1607815 80 
1607935 83 
1608175 64 
1608429 256 
1608548 62 
1608681 150 
1608681 68 
1608681 65
1608751 92 
1609298 90 
1610214 103 
1610214 101 
1610720 100 
1610720 5
1610720 1531
1610720 10
1612721 25 
1614585 75 
1614991 72 
1614991 70 
1615585 80 
1615705 83 
1616304 64 
1616786 256 
1617024 61 
1617157 153 
1617157 68 
1617157 65
1617228 92 
1617624 90 
1618685 103 
1618685 101 
1619198 100 
1619198 5
1619198 1531
1619198 10
1621195 25 
1621268 75 
1621671 72 
1621671 70 
1622275 80 
1622395 83 
1622515 64 
1622757 256 
1622888 61 
1623022 151 
1623022 69 
1623089 93 
1623845 91 
1624552 103 
1624552 101 
1625361 100 
1625361 5
1625361 1531
1625361 11
1627361 25 
1627439 75 
1627840 72 
1627840 70 
1628459 80 
1628579 83 
1628712 64 
1628956 62 
1629086 150 
1629086 68 
1629086 65
1629155 92 
1630482 90 
1630617 103 
1630617 101 
1631123 100 
1631123 5
1631123 1531
1631123 11
1633124 25 
1633214 75 
1633527 73 
1633829 73 
1634137 72 
1634137 70 
1634750 80 
1634870 83 
1634990 64 
1635111 256 
1635243 62 
1635376 150 
1635376 68 
1635376 65
1635445 92 
1636909 103 
1636909 101 
1637414 100 
1637414 5
1637414 1531
1637414 10
1639415 25 
1639516 75 
1639916 72 
1639916 70 
1640508 80 
1640641 83 
1641121 64 
1641615 256 
1641734 61 
1641869 151 
1641869 69 
1641938 93 
1643400 103 
1643400 101 
1644205 100 
1644205 5
1644205 1531
1644205 10
1646206 25 
1646284 75 
1646686 72 
1646686 70 
1647305 80 
1647425 83 
1648624 64 
1649345 256 
1649957 62 
1650077 151 
1650077 69 
1650150 93 
1651239 91 
1651608 103 
1651608 101 
1652415 100 
1652415 5
1652415 1531
1652415 11
1654416 25 
1654494 75 
1654899 72 
1654899 70 
1655501 80 
1655621 83 
1656461 64 
1657674 256 
1657795 62 
1657927 150 
1657927 68 
1657927 65
1657996 92 
1658423 90 
1659461 103 
1659461 101 
1659978 100 
1659978 5
1659978 1531
1659978 10
1661980 25 
1662069 75 
1662474 72 
1662474 70 
1663058 80 
1663178 83 
1663538 64 
1664499 62 
1664617 151 
1664617 69 
1664688 93 
1666147 103 
1666147 101 
1666956 100 
1666956 5
1666956 1531
1666956 11
1668956 25 
1670125 75 
1670532 72 
1670532 70 
1671148 80 
1671268 83 
1671974 64 
1672216 256 
1672347 62 
1672467 150 
1672467 68 
1672467 65
1672535 92 
1673996 103 
1673996 101 
1674507 100 
1674507 5
1674507 1531
1674507 10
1676507 25 
1676592 75 
1676999 72 
1676999 70 
1677598 80 
1677718 83 
1678573 76 
1678811 64 
1680012 256 
1680371 61 
1680491 151 
1680491 69 
1680555 93 
1681709 91 
1682020 103 
1682020 101 
1682831 100 
1682831 5
1682831 1531
1682831 10
1684830 25 
1686821 75 
1687222 72 
1687222 70 
1687807 80 
1687927 83 
1688887 64 
1689848 256 
1689967 62 
1690100 153 
1690100 68 
1690100 65
1690172 92 
1690604 90 
1691511 90 
1691636 103 
1691636 101 
1692150 100 
1692150 5
1692150 1531
1692150 10
1694153 25 
1694237 75 
1694644 72 
1694644 70 
1695711 80 
1695911 83 
1696311 64 
1696512 256 
1696630 62 
1696830 151 
1696830 69 
1696900 93 
1698107 91 
1698365 103 
1698365 101 
1699168 100 
1699168 5
1699168 1531
1699168 10
1701169 25 
1701250 75 
1701653 72 
1701653 70 
1702415 80 
1702535 83 
1704494 64 
1705629 256 
1706546 62 
1706760 151 
1706760 69 
1706822 93 
1707561 91 
1708294 103 
1708294 101 
1709098 100 
1709098 5
1709098 1531
1709098 10
1711100 25 
1711182 75 
1711586 72 
1711586 70 
1712397 80 
1712610 83 
1714396 76 
1714956 64 
1716943 61 
1717142 151 
1717142 69 
1717207 93 
1717763 91 
1718674 103 
1718674 101 
1719480 100 
1719480 5
1719480 1531
1719480 11
1721482 25 
1721566 75 
1721967 72 
1721967 70 
1722753 80 
1722966 83 
1723366 64 
1723607 256 
1723806 62 
1723939 150 
1723939 68 
1723939 65
1724004 92 
1724417 90 
1725468 103 
1725468 101 
1725976 100 
1725976 5
1725976 1531
1725976 11
1727977 25 
1728055 75 
1728458 72 
1728458 70 
1729297 80 
1729497 83 
1729696 64 
1729831 256 
1729950 62 
1730083 150 
1730083 68 
1730083 65
1730155 92 
1731617 103 
1731617 101 
1732122 100 
1732122 5
1732122 1531
1732122 11
1734123 25 
1734212 75 
1734615 72 
1734615 70 
1735227 80 
1735347 83 
1735467 64 
1735722 256 
1735854 62 
1735974 150 
1735974 68 
1735974 65
1736042 92 
1737508 103 
1737508 101 
1738012 100 
1738012 5
1738012 1531
1738012 11
1740012 25 
1740087 75 
1740491 72 
1740491 70 
1741092 80 
1741212 83 
1741345 64 
1741586 62 
1741718 150 
1741718 68 
1741718 65
1741790 92 
1743254 103 
1743254 101 
1743769 100 
1743769 5
1743769 1531
1743769 10
1745771 25 
1745860 75 
1746265 72 
1746265 70 
1746863 80 
1746982 83 
1747222 64 
1747477 63 
1747609 150 
1747609 68 
1747609 65
1747692 92 
1749150 103 
1749150 101 
1749663 100 
1749663 5
1749663 1531
1749663 10
1751660 25 
1751739 75 
1752145 72 
1752145 70 
1752740 80 
1752860 83 
1752980 64 
1753341 63 
1753473 150 
1753473 68 
1753473 65
1753544 92 
1755003 103 
1755003 101 
1755511 100 
1755511 5
1755511 1531
1755511 10
1757512 25 
1757584 75 
1757988 72 
1757988 70 
1758578 80 
1758697 83 
1758937 64 
1759181 63 
1759311 152 
1759311 69 
1759378 93 
1760412 91 
1760576 91 
1760842 103 
1760842 101 
1761654 100 
1761654 5
1761654 1531
1761654 11
1763653 25 
1763733 75 
1764138 72 
1764138 70 
1764735 80 
1764855 83 
1765215 64 
1765336 256 
1765468 62 
1765601 150 
1765601 68 
1765601 65
1765669 92 
1767129 103 
1767129 101 
1767640 100 
1767640 5
1767640 1531
1767640 11
1769641 25 
1769730 75 
1770131 72 
1770131 70 
1770732 80 
1770852 83 
1770972 64 
1771227 256 
1771346 62 
1771479 150 
1771479 68 
1771479 65
1771565 92 
1773022 103 
1773022 101 
1773533 100 
1773533 5
1773533 1531
1773533 11
1775532 25 
1775621 75 
1776028 72 
1776028 70 
1776637 80 
1776757 83 
1776876 64 
1777011 256 
1777130 62 
1777263 150 
1777263 68 
1777263 65
1777331 92 
1777878 90 
1778721 90 
1778797 103 
1778797 101 
1779303 100 
1779303 5
1779303 1531
1779303 10
1781304 25 
1781387 75 
1781792 72 
1781792 70 
1782381 80 
1782501 83 
1782741 64 
1782995 63 
1783127 150 
1783127 68 
1783127 65
1783203 92 
1784661 103 
1784661 101 
1785166 100 
1785166 5
1785166 1531
1785166 11
1787167 25 
1787251 75 
1787655 72 
1787655 70 
1788272 80 
1788392 83 
1788512 64 
1788766 256 
1788898 62 
1789018 150 
1789018 68 
1789018 65
1789091 92 
1790552 103 
1790552 101 
1791057 100 
1791057 5
1791057 1531
1791057 11
1793058 25 
1793142 75 
1793550 72 
1793550 70 
1794136 80 
1794269 83 
1794389 64 
1794522 256 
1794657 62 
1794776 150 
1794776 68 
1794776 65
1794850 92 
1796304 103 
1796304 101 
1796815 100 
1796815 5
1796815 1531
1796815 10
1798815 25 
1798893 75 
1799297 72 
1799297 70 
1799907 80 
1800027 83 
1800160 64 
1800415 256 
1800533 63 
1800666 150 
1800666 68 
1800666 65
1800749 92 
1802211 103 
1802211 101 
1802718 100 
1802718 5
1802718 1531
1802718 10
1804721 25 
1804885 75 
1805291 72 
1805291 70 
1805904 80 
1806024 83 
1806264 64 
1806505 256 
1806637 63 
1806770 150 
1806770 68 
1806770 65
1806835 92 
1808304 103 
1808304 101 
1808810 100 
1808810 5
1808810 1531
1808810 10
1810809 25 
1810899 75 
1811306 72 
1811306 70 
1811915 80 
1812035 83 
1812275 64 
1812516 63 
1812648 150 
1812648 68 
1812648 65
1812719 92 
1814178 103 
1814178 101 
1814687 100 
1814687 5
1814687 1531
1814687 10
1816688 25 
1816780 75 
1817184 72 
1817184 70 
1817792 80 
1817926 83 
1818046 64 
1818287 256 
1818419 63 
1818539 152 
1818539 69 
1818613 93 
1819589 91 
1820070 103 
1820070 101 
1820880 100 
1820880 3
1820880 1531
1820880 10
1820880 78 
1822877 25 
1822956 75 
1823361 72 
1823361 70 
1823963 80 
1824083 83 
1824923 76 
1825163 64 
1826497 62 
1826629 150 
1826629 68 
1826629 65
1826702 92 
1827129 90 
1828158 103 
1828158 101 
1828669 100 
1828669 3
1828669 1531
1828669 11
1830667 25 
1831379 75 
1831782 72 
1831782 70 
1832653 80 
1832853 83 
1833053 64 
1833254 62 
1833466 151 
1833466 69 
1833533 93 
1834319 91 
1834785 91 
1834997 103 
1834997 101 
1835805 100 
1835805 3
1835805 1531
1835805 10
1837805 25 
1837888 75 
1838289 72 
1838289 70 
1839064 80 
1839263 83 
1839757 64 
1840158 256 
1840356 62 
1840476 150 
1840476 68 
1840476 65
1840548 92 
1840967 90 
1842008 103 
1842008 101 
1842514 100 
1842514 3
1842514 1531
1842514 11
1844515 25 
1844980 75 
1845242 73 
1845578 72 
1845578 70 
1846367 80 
1846567 83 
1846767 64 
1846902 62 
1847034 151 
1847034 69 
1847104 93 
1848298 91 
1848570 103 
1848570 101 
1849385 100 
1849385 3
1849385 1531
1849385 11
1851387 25 
1851464 75 
1851869 72 
1851869 70 
1852485 80 
1852606 83 
1853084 64 
1854764 256 
1855003 62 
1855123 151 
1855123 69 
1855189 93 
1855745 91 
1856653 103 
1856653 101 
1857462 100 
1857462 3
1857462 1531
1857462 11
1859463 25 
1859541 75 
1859945 72 
1859945 70 
1860534 80 
1860654 83 
1861602 64 
1863188 61 
1863320 151 
1863320 69 
1863389 93 
1863840 91 
1864284 91 
1864850 91 
1864850 103 
1864850 101 
1865672 100 
1865672 3
1865672 1531
1865672 11
1867672 25 
1867751 75 
1868153 72 
1868153 70 
1868731 80 
1868851 83 
1869451 64 
1869706 256 
1869837 62 
1869970 151 
1869970 69 
1870043 93 
1870580 91 
1871505 103 
1871505 101 
1872311 100 
1872311 3
1872311 1531
1872311 10
1874309 25 
1874393 75 
1874797 72 
1874797 70 
1875395 80 
1875515 83 
1876354 64 
1876836 256 
1876954 62 
1877087 150 
1877087 68 
1877087 65
1877157 92 
1877606 90 
1878622 103 
1878622 101 
1879139 100 
1879139 3
1879139 1531
1879139 10
1881139 25 
1881217 75 
1881620 72 
1881620 70 
1882219 80 
1882339 83 
1882818 64 
1883075 256 
1883192 62 
1883325 150 
1883325 68 
1883325 65
1883396 92 
1884853 103 
1884853 101 
1885365 100 
1885365 3
1885365 1531
1885365 10
1887364 25 
1887501 75 
1887909 72 
1887909 70 
1888523 80 
1888643 83 
1888763 64 
1889004 62 
1889136 150 
1889136 68 
1889136 65
1889205 92 
1890669 103 
1890669 101 
1891175 100 
1891175 3
1891175 1531
1891175 11
1893176 25 
1893260 75 
1893666 72 
1893666 70 
1894267 80 
1894387 83 
1894747 64 
1895002 256 
1895133 63 
1895266 150 
1895266 68 
1895266 65
1895343 92 
1896795 103 
1896795 101 
1897305 100 
1897305 3
1897305 1531
1897305 11
1899305 25 
1899391 75 
1899763 73 
1900069 72 
1900069 70 
1900651 80 
1900771 83 
1901131 64 
1901252 256 
1901384 63 
1901519 150 
1901519 68 
1901519 65
1901582 92 
1903045 103 
1903045 101 
1903559 100 
1903559 3
1903559 1531
1903559 11
1905557 25 
1905641 75 
1906048 72 
1906048 70 
1906649 80 
1906768 83 
1907022 64 
1907143 256 
1907275 63 
1907408 150 
1907408 68 
1907408 65
1907480 92 
1908937 103 
1908937 101 
1909447 100 
1909447 3
1909447 1531
1909447 11
1911448 25 
1911537 75 
1911696 73 
1911998 72 
1911998 70 
1912619 80 
1912739 83 
1912872 64 
1913114 256 
1913246 63 
1913366 150 
1913366 68 
1913366 65
1913431 92 
1914899 103 
1914899 101 
1915405 100 
1915405 3
1915405 1531
1915405 10
1917406 25 
1917492 75 
1917896 72 
1917896 70 
1918510 80 
1918630 83 
1918990 64 
1919231 256 
1919363 62 
1919496 150 
1919496 68 
1919496 65
1919569 92 
1919970 90 
1921030 103 
1921030 101 
1921535 100 
1921535 3
1921535 1531
1921535 11
1923536 25 
1923613 75 
1924019 72 
1924019 70 
1924614 80 
1924734 83 
1925094 64 
1925229 256 
1925347 62 
1925480 151 
1925480 69 
1925551 93 
1926396 91 
1927011 103 
1927011 101 
1927818 100 
1927818 3
1927818 1531
1927818 10
1929818 25 
1929900 75 
1930303 72 
1930303 70 
1930905 80 
1931025 83 
1931744 64 
1932705 256 
1932959 62 
1933090 152 
1933090 69 
1933154 93 
1933620 91 
1934622 103 
1934622 101 
1935429 100 
1935429 3
1935429 1531
1935429 10
1937430 25 
1937508 75 
1937912 72 
1937912 70 
1938528 80 
1938648 83 
1945099 64 
1947899 256 
1948124 252 
1948351 151 
1948351 69 
1948418 93 
1948860 91 
1948956 91 
1949881 103 
1949881 101 
1950691 100 
1950691 3
1950691 1531
1950691 10
1952690 25 
1952773 75 
1953177 72 
1953177 70 
1953962 80 
1954162 83 
1958866 64 
1959481 62 
1959613 152 
1959613 69 
1959680 93 
1960179 91 
1960269 91 
1960568 91 
1960970 91 
1961145 103 
1961145 101 
1961951 100 
1961951 3
1961951 1531
1961951 10
1963952 25 
1964030 75 
1964432 72 
1964432 70 
1965037 80 
1965157 83 
2018241 252 
2018616 62 
2018748 150 
2018748 68 
2018748 65
2018812 92 
2019266 90 
2020282 103 
2020282 101 
2020800 100 
2020800 3
2020800 1531
2020800 10
2022799 25 
2022874 75 
2023276 72 
2023276 70 
2023879 80 
2023999 83 
2024239 64 
2024480 62 
2024612 150 
2024612 68 
2024612 65
2024681 92 
2025152 90 
2026140 103 
2026140 101 
2026652 100 
2026652 3
2026652 1531
2026652 11
2028651 25 
2028736 75 
2029140 72 
2029140 70 
2029743 80 
2029863 83 
2030103 64 
2030344 63 
2030476 150 
2030476 68 
2030476 65
2030546 92 
2032004 103 
2032004 101 
2032521 100 
2032521 3
2032521 1531
2032521 10
2034519 25 
2034605 75 
2035012 72 
2035012 70 
2035607 80 
2035727 250 
2036460 76 
2037313 76 
2037433 83 
2037553 64 
2037928 256 
2038046 63 
2038179 151 
2038179 69 
2038247 93 
2038902 91 
2039386 91 
2039712 103 
2039712 101 
2040517 100 
2040517 3
2040517 1531
2040517 11
2042518 25 
2042600 75 
2043005 72 
2043005 70 
2043604 80 
2043724 83 
2044563 64 
2044818 256 
2044950 62 
2045070 151 
2045070 69 
2045133 93 
2046108 91 
2046604 91 
2046604 103 
2046604 101 
2047423 100 
2047423 3
2047423 1531
2047423 11
2049423 25 
2049501 75 
2049907 72 
2049907 70 
2050508 80 
2050627 83 
2055465 64 
2057027 256 
2057278 62 
2057411 151 
2057411 69 
2057475 93 
2057949 91 
2058944 103 
2058944 101 
2059749 100 
2059749 3
2059749 1531
2059749 11
2061751 25 
2061834 75 
2062240 72 
2062240 70 
2062836 80 
2062956 83 
2064488 64 
2066409 62 
2066528 151 
2066528 69 
2066595 93 
2067253 91 
2067665 91 
2068057 103 
2068057 101 
2068867 100 
2068867 3
2068867 1531
2068867 11
2070867 25 
2070951 75 
2071355 72 
2071355 70 
2071938 80 
2072058 83 
2078935 64 
2079910 256 
2080641 61 
2080775 151 
2080775 69 
2080846 93 
2081293 91 
2081975 91 
2082304 103 
2082304 101 
2083112 100 
2083112 3
2083112 1531
2083112 11
2085115 25 
2085192 75 
2085598 72 
2085598 70 
2086186 80 
2086306 83 
2088198 64 
2095768 252 
2101886 61 
2102019 151 
2102019 69 
2102087 93 
2102636 91 
2103125 91 
2103554 103 
2103554 101 
2104358 100 
2104358 3
2104358 1531
2104358 10
2106359 25 
2106438 75 
2106844 72 
2106844 70 
2107417 80 
2107537 83 
2108123 64 
2108498 256 
2108616 62 
2108736 150 
2108736 68 
2108736 65
2108805 92 
2109238 90 
2110268 103 
2110268 101 
2110774 100 
2110774 3
2110774 1531
2110774 10
2112774 25 
2112865 75 
2113266 72 
2113266 70 
2113867 80 
2114107 250 
2114840 76 
2115800 76 
2115933 83 
2116053 64 
2116308 256 
2116426 62 
2116546 150 
2116546 68 
2116546 65
2116617 92 
2117027 90 
2117407 90 
2118075 103 
2118075 101 
2118586 100 
2118586 3
2118586 1531
2118586 11
2120586 25 
2121116 75 
2121523 72 
2121523 70 
2122104 80 
2122224 83 
2124010 64 
2124611 256 
2124849 62 
2124983 153 
2124983 68 
2124983 65
2125051 92 
2125504 90 
2126513 103 
2126513 101 
2127023 100 
2127023 3
2127023 1531
2127023 11
2129021 25 
2129112 75 
2129513 72 
2129513 70 
2130127 80 
2130260 83 
2130380 64 
2130623 62 
2130740 151 
2130740 69 
2130808 93 
2131817 91 
2132268 103 
2132268 101 
2133080 100 
2133080 3
2133080 1531
2133080 11
2135079 25 
2135157 75 
2135558 72 
2135558 70 
2136165 80 
2136298 83 
2136658 64 
2138099 256 
2138232 63 
2138350 150 
2138350 68 
2138350 65
2138415 92 
2138947 90 
2139884 103 
2139884 101 
2140389 100 
2140389 3
2140389 1531
2140389 10
2142389 25 
2142474 75 
2142879 72 
2142879 70 
2143468 80 
2143588 83 
2143828 64 
2144083 256 
2144201 62 
2144321 150 
2144321 68 
2144321 65
2144392 92 
2145860 103 
2145860 101 
2146375 100 
2146375 3
2146375 1531
2146375 10
2148373 25 
2148452 75 
2148856 72 
2148856 70 
2149426 80 
2149546 83 
2149786 64 
2149907 256 
2150039 62 
2150172 150 
2150172 68 
2150172 65
2150240 92 
2150644 90 
2151703 103 
2151703 101 
2152213 100 
2152213 3
2152213 1531
2152213 11
2154213 25 
2154296 75 
2154698 72 
2154698 70 
2155596 80 
2155796 250 
2156409 76 
2156543 83 
2156743 64 
2157091 256 
2157302 63 
2157519 150 
2157519 68 
2157519 65
2157585 92 
2158096 90 
2159050 103 
2159050 101 
2159568 100 
2159568 3
2159568 1531
2159568 10
2161569 25 
2161642 75 
2162045 72 
2162045 70 
2162753 80 
2162940 83 
2163340 64 
2163568 256 
2163793 62 
2163913 150 
2163913 68 
2163913 65
2163985 92 
2165442 103 
2165442 101 
2165952 100 
2165952 3
2165952 1531
2165952 11
2167953 25 
2168042 75 
2168447 72 
2168447 70 
2169204 80 
2169324 83 
2172509 64 
2173004 256 
2173123 63 
2173256 150 
2173256 68 
2173256 65
2173329 92 
2174790 103 
2174790 101 
2175308 100 
2175308 3
2175308 1531
2175308 10
2177308 25 
2177393 75 
2177800 72 
2177800 70 
2178387 80 
2178507 83 
2179226 64 
2179601 256 
2179720 62 
2179853 150 
2179853 68 
2179853 65
2179927 92 
2180419 90 
2181066 90 
2181385 103 
2181385 101 
2181891 100 
2181891 3
2181891 1531
2181891 10
2183891 25 
2183977 75 
2184382 72 
2184382 70 
2184984 80 
2185104 83 
2185344 64 
2185585 62 
2185717 152 
2185717 69 
2185787 93 
2187254 103 
2187254 101 
2188073 100 
2188073 3
2188073 1531
2188073 11
2190071 25 
2190161 75 
2190565 72 
2190565 70 
2191155 80 
2191275 83 
2191861 64 
2192221 63 
2192354 150 
2192354 68 
2192354 65
2192424 92 
2193884 103 
2193884 101 
2194392 100 
2194392 3
2194392 1531
2194392 10
2196394 25 
2196483 75 
2196887 72 
2196887 70 
2197499 80 
2197620 83 
2198098 64 
2198220 256 
2198352 62 
2198485 150 
2198485 68 
2198485 65
2198554 92 
2200015 103 
2200015 101 
2200523 100 
2200523 3
2200523 1531
2200523 10
2202525 25 
2202614 75 
2203018 72 
2203018 70 
2203616 80 
2203736 83 
2203989 64 
2204125 256 
2204256 62 
2204389 150 
2204389 68 
2204389 65
2204459 92 
2205917 103 
2205917 101 
2206431 100 
2206431 3
2206431 1531
2206431 11
2208430 25 
2218506 254 
2218696 75 
2219096 72 
2219096 70 
2219716 80 
2219836 83 
2220196 64 
2220451 256 
2220569 63 
2220702 150 
2220702 68 
2220702 65
2220772 92 
2221326 90 
2222233 103 
2222233 101 
2222741 100 
2222741 3
2222741 1531
2222741 10
2224742 25 
2224827 75 
2225229 72 
2225229 70 
2225847 80 
2225967 83 
2226087 64 
2226355 62 
2226486 150 
2226486 68 
2226486 65
2226569 92 
2228033 103 
2228033 101 
2228539 100 
2228539 3
2228539 1531
2228539 11
2230539 25 
2230624 75 
2231028 72 
2231028 70 
2231644 80 
2231764 83 
2232124 64 
2232379 63 
2232511 150 
2232511 68 
2232511 65
2232580 92 
2234041 103 
2234041 101 
2234549 100 
2234549 3
2234549 1531
2234549 11
2236550 25 
2237146 75 
2237549 72 
2237549 70 
2238148 80 
2238268 83 
2238628 64 
2238763 256 
2238895 63 
2239028 150 
2239028 68 
2239028 65
2239109 92 
2239639 90 
2240578 103 
2240578 101 
2241092 100 
2241092 6
2241092 1531
2241092 11
2241092 78 
2243093 25 
2244439 75 
2244844 72 
2244844 70 
2245465 80 
2245585 83 
2245958 64 
2246573 256 
2246705 62 
2246838 151 
2246838 69 
2246909 93 
2247991 91 
2248368 103 
2248368 101 
2249181 100 
2249181 6
2249181 1531
2249181 10
2251180 25 
2251262 75 
2251668 72 
2251668 70 
2252277 80 
2252395 83 
2252755 64 
2254809 256 
2254941 62 
2255074 151 
2255074 69 
2255142 93 
2255405 91 
2256606 103 
2256606 101 
2257413 100 
2257413 6
2257413 1531
2257413 10
2259415 25 
2259493 75 
2259894 72 
2259894 70 
2260485 80 
2260605 83 
2266443 64 
2266684 256 
2266816 61 
2266949 151 
2266949 69 
2267019 93 
2267714 91 
2268483 103 
2268483 101 
2269287 100 
2269287 6
2269287 1531
2269287 10
2271288 25 
2271368 75 
2271773 72 
2271773 70 
2272667 80 
2272867 83 
2274040 64 
2275494 256 
2275612 62 
2276027 151 
2276027 69 
2276093 93 
2276894 91 
2277555 103 
2277555 101 
2278364 100 
2278364 6
2278364 1531
2278364 11
2280364 25 
2281829 75 
2281986 73 
2282386 72 
2282386 70 
2283143 80 
2283262 83 
2284102 76 
2284222 64 
2285916 62 
2286048 151 
2286048 69 
2286111 93 
2286766 91 
2287284 91 
2287581 103 
2287581 101 
2288388 100 
2288388 6
2288388 1531
2288388 10
2290387 25 
2290465 75 
2290868 72 
2290868 70 
2291446 80 
2291566 83 
2294911 64 
2295166 256 
2295764 255 
2297496 61 
2297630 151 
2297630 69 
2297700 93 
2298229 91 
2299161 103 
2299161 101 
2299970 100 
2299970 6
2299970 1531
2299970 11
2301970 25 
2303824 75 
2304225 72 
2304225 70 
2304840 80 
2304960 83 
2306399 64 
2307974 256 
2308225 61 
2308358 150 
2308358 68 
2308358 65
2308431 92 
2308841 90 
2309887 103 
2309887 101 
2310396 100 
2310396 6
2310396 1531
2310396 10
2312399 25 
2312483 75 
2312891 72 
2312891 70 
2313463 80 
2313583 83 
2313823 64 
2314185 61 
2314316 151 
2314316 69 
2314386 93 
2314885 91 
2315369 91 
2315848 91 
2315848 103 
2315848 101 
2316656 100 
2316656 6
2316656 1531
2316656 11
2318656 25 
2318733 75 
2319137 72 
2319137 70 
2319727 80 
2319847 83 
2320207 64 
2320586 256 
2320713 61 
2320847 152 
2320847 69 
2320916 93 
2322053 91 
2322381 103 
2322381 101 
2323187 100 
2323187 6
2323187 1531
2323187 11
2325189 25 
2325271 75 
2325675 72 
2325675 70 
2326298 80 
2326418 83 
2327364 64 
2328325 256 
2328457 61 
2328577 150 
2328577 68 
2328577 65
2328641 92 
2329019 90 
2330105 103 
2330105 101 
2330618 100 
2330618 6
2330618 1531
2330618 11
2332616 25 
2333076 75 
2333478 72 
2333478 70 
2334081 80 
2334334 250 
2335414 76 
2335534 83 
2335655 64 
2335895 256 
2336014 61 
2336147 150 
2336147 68 
2336147 65
2336220 92 
2337680 103 
2337680 101 
2338188 100 
2338188 6
2338188 1531
2338188 10
2340186 25 
2340793 75 
2341194 72 
2341194 70 
2341798 80 
2341931 83 
2342051 64 
2342426 256 
2342544 61 
2342677 151 
2342677 69 
2342747 93 
2343292 91 
2343564 91 
2343876 91 
2344210 103 
2344210 101 
2345016 100 
2345016 6
2345016 1531
2345016 10
2347018 25 
2347095 75 
2347501 72 
2347501 70 
2348102 80 
2348222 83 
2348821 64 
2349303 256 
2349555 61 
2349688 151 
2349688 69 
2349753 93 
2350309 91 
2350382 91 
2350884 91 
2351222 103 
2351222 101 
2352026 100 
2352026 6
2352026 1531
2352026 11
2354026 25 
2354105 75 
2354509 72 
2354509 70 
2355125 80 
2355245 83 
2356072 64 
2356553 61 
2356685 152 
2356685 69 
2356748 93 
2358216 103 
2358216 101 
2359024 100 
2359024 6
2359024 1531
2359024 11
2361024 25 
2361103 75 
2361504 72 
2361504 70 
2362109 80 
2362229 83 
2363522 64 
2364617 256 
2364976 61 
2365095 150 
2365095 68 
2365095 65
2365160 92 
2365333 90 
2365644 90 
2366628 103 
2366628 101 
2367133 100 
2367133 6
2367133 1531
2367133 10
2369135 25 
2369219 75 
2370138 73 
2370441 72 
2370441 70 
2371025 80 
2371145 83 
2371745 64 
2371987 61 
2372118 151 
2372118 69 
2372187 93 
2372763 91 
2373314 91 
2373652 103 
2373652 101 
2374458 100 
2374458 6
2374458 1531
2374458 10
2376458 25 
2376536 75 
2376938 72 
2376938 70 
2377543 80 
2377663 83 
2378862 64 
2379837 256 
2379957 61 
2380075 151 
2380075 69 
2380139 93 
2380664 91 
2381074 91 
2381362 91 
2381607 103 
2381607 101 
2382413 100 
2382413 6
2382413 1531
2382413 11
2384413 25 
2384500 75 
2384905 72 
2384905 70 
2385779 80 
2385966 83 
2386579 64 
2386980 63 
2387179 151 
2387179 69 
2387247 93 
2388712 103 
2388712 101 
2389520 100 
2389520 6
2389520 1531
2389520 11
2391518 25 
2391596 75 
2391999 72 
2391999 70 
2392883 80 
2393083 83 
2394535 64 
2395057 256 
2395575 61 
2395775 150 
2395775 68 
2395775 65
2396268 90 
2396281 92 
2397308 103 
2397308 101 
2397814 100 
2397814 6
2397814 1531
2397814 10
2399813 25 
2399899 75 
2400300 72 
2400300 70 
2401066 80 
2401266 83 
2402305 64 
2402534 256 
2402652 63 
2402852 150 
2402852 68 
2402852 65
2402922 92 
2403384 90 
2404382 103 
2404382 101 
2404890 100 
2404890 6
2404890 1531
2404890 10
2406892 25 
2406982 75 
2407385 72 
2407385 70 
2408170 80 
2408356 83 
2408863 64 
2409265 256 
2409463 63 
2409596 150 
2409596 68 
2409596 65
2409670 92 
2411129 103 
2411129 101 
2411634 100 
2411634 6
2411634 1531
2411634 10
2413636 25 
2413713 75 
2414121 72 
2414121 70 
2414900 80 
2415100 83 
2415300 64 
2415701 256 
2415820 63 
2416033 150 
2416033 68 
2416033 65
2416101 92 
2416597 90 
2417563 103 
2417563 101 
2418077 100 
2418077 6
2418077 1531
2418077 11
2420074 25 
2420669 75 
2420977 73 
2421312 72 
2421312 70 
2422070 80 
2422190 83 
2422790 64 
2423885 61 
2424016 150 
2424016 68 
2424016 65
2424086 92 
2424471 90 
2425546 103 
2425546 101 
2426056 100 
2426056 6
2426056 1531
2426056 11
2428055 25 
2428132 75 
2428534 72 
2428534 70 
2429121 80 
2429241 83 
2429827 64 
2430922 256 
2431053 61 
2431173 150 
2431173 68 
2431173 65
2431239 92 
2431639 90 
2432703 103 
2432703 101 
2433213 100 
2433213 6
2433213 1531
2433213 11
2435213 25 
2445294 254 
2445668 75 
2447628 73 
2447769 73 
2448080 72 
2448080 70 
2448581 71 
2448939 80 
2449059 83 
2450085 64 
2450340 256 
2450458 63 
2450592 151 
2450592 69 
2450658 93 
2451312 91 
2452124 103 
2452124 101 
2452930 100 
2452930 6
2452930 1531
2452930 10
2454932 25 
2461666 75 
2461832 73 
2461904 73 
2462306 72 
2462306 70 
2462880 80 
2463000 83 
2463586 64 
2464321 61 
2464453 151 
2464453 69 
2464525 93 
2465426 91 
2465986 103 
2465986 101 
2466792 100 
2466792 6
2466792 1531
2466792 11
2468791 25 
2468870 75 
2469272 72 
2469272 70 
2469864 80 
2469984 83 
2470583 64 
2471798 256 
2471929 61 
2472063 150 
2472063 68 
2472063 65
2472130 92 
2472532 90 
2473593 103 
2473593 101 
2474100 100 
2474100 6
2474100 1531
2474100 10
2476101 25 
2476174 75 
2476579 72 
2476579 70 
2477154 80 
2477274 83 
2477860 64 
2478235 256 
2478353 63 
2478487 152 
2478487 69 
2478555 93 
2479178 91 
2479719 91 
2480020 103 
2480020 101 
2480826 100 
2480826 6
2480826 1531
2480826 10
2482826 25 
2482911 75 
2483311 72 
2483311 70 
2483884 80 
2484004 83 
2487843 64 
2490496 62 
2490748 151 
2490748 69 
2490818 93 
2491547 91 
2491907 91 
2492282 103 
2492282 101 
2493087 100 
2493087 6
2493087 1531
2493087 11
2495087 25 
2495172 75 
2495440 73 
2495628 73 
2495988 72 
2495988 70 
2496572 80 
2496692 83 
2497852 64 
2498573 256 
2498705 61 
2498825 150 
2498825 68 
2498825 65
2498889 92 
2499319 90 
2500358 103 
2500358 101 
2500863 100 
2500863 6
2500863 1531
2500863 10
2502863 25 
2503152 75 
2503559 72 
2503559 70 
2504156 80 
2504276 83 
2504875 64 
2505490 256 
2505622 61 
2505755 151 
2505755 69 
2505822 93 
2506571 91 
2506764 91 
2507188 91 
2507289 103 
2507289 101 
2508107 100 
2508107 6
2508107 1531
2508107 11
2510107 25 
2510668 75 
2511071 72 
2511071 70 
2511566 250 
2511794 71 
2512032 80 
2512152 83 
2513085 64 
2514406 256 
2514525 61 
2514658 150 
2514658 68 
2514658 65
2514726 92 
2515225 90 
2516189 103 
2516189 101 
2516698 100 
2516698 6
2516698 1531
2516698 11
2518700 25 
2518840 75 
2519245 72 
2519245 70 
2519842 80 
2519963 83 
2520322 64 
2520577 256 
2520696 61 
2520829 150 
2520829 68 
2520829 65
2520898 92 
2522358 103 
2522358 101 
2522866 100 
2522866 6
2522866 1531
2522866 11
2524869 25 
2530834 75 
2531138 73 
2531445 72 
2531445 70 
2532504 80 
2532690 83 
2533224 64 
2533425 256 
2533557 61 
2533757 150 
2533757 68 
2533757 65
2533829 92 
2534594 90 
2534763 90 
2535288 103 
2535288 101 
2535797 100 
2535797 6
2535797 1531
2535797 11
2537795 25 
2537872 75 
2538276 72 
2538276 70 
2539101 80 
2539301 83 
2539647 64 
2539849 256 
2539967 61 
2540167 150 
2540167 68 
2540167 65
2540240 92 
2541195 90 
2541695 103 
2541695 101 
2542208 100 
2542208 6
2542208 1531
2542208 11
2544205 25 
2544278 75 
2544685 72 
2544685 70 
2545485 80 
2545685 83 
2545820 64 
2546020 256 
2546218 61 
2546418 150 
2546418 68 
2546418 65
2546487 92 
2547541 90 
2547871 90 
2547951 103 
2547951 101 
2548457 100 
2548457 6
2548457 1531
2548457 10
2550457 25 
2551203 75 
2551343 73 
2551647 73 
2551953 72 
2551953 70 
2552762 80 
2552962 83 
2553828 64 
2554896 256 
2555094 61 
2555294 151 
2555294 69 
2555367 93 
2556339 91 
2556801 91 
2556823 103 
2556823 101 
2557632 100 
2557632 6
2557632 1531
2557632 10
2559634 25 
2569706 254 
2581059 75 
2581460 72 
2581460 70 
2582256 80 
2582443 83 
2584655 64 
2584857 61 
2585268 151 
2585268 69 
2585336 93 
2585855 91 
2586801 103 
2586801 101 
2587607 100 
2587607 6
2587607 1531
2587607 10
2589608 25 
2589686 75 
2590088 72 
2590088 70 
2590852 80 
2591052 83 
2591759 64 
2593160 256 
2593893 61 
2594211 151 
2594211 69 
2594281 93 
2594807 91 
2595234 91 
2595521 91 
2595743 91 
2595743 103 
2595743 101 
2596549 100 
2596549 6
2596549 1531
2596549 10
2598549 25 
2598629 75 
2599035 72 
2599035 70 
2599809 80 
2600009 83 
2600928 64 
2602329 61 
2602528 153 
2602528 68 
2602528 65
2602596 92 
2602996 90 
2604059 103 
2604059 101 
2604566 100 
2604566 6
2604566 1531
2604566 10
2606568 25 
2606652 75 
2607058 72 
2607058 70 
2607939 80 
2608139 83 
2608338 64 
2608538 256 
2608740 61 
2608951 151 
2608951 69 
2609021 93 
2609541 91 
2610479 103 
2610479 101 
2611289 100 
2611289 6
2611289 1531
2611289 11
2613290 25 
2623363 254 
2649846 75 
2650247 72 
2650247 70 
2651027 80 
2651227 83 
2653199 64 
2660625 252 
2663103 256 
2663302 61 
2663515 150 
2663515 68 
2663515 65
2663583 92 
2664032 90 
2665046 103 
2665046 101 
2665554 100 
2665554 6
2665554 1531
2665554 10
2667553 25 
2667633 75 
2668039 72 
2668039 70 
2668819 80 
2669339 250 
2670152 76 
2670272 83 
2670685 64 
2670887 256 
2671005 61 
2671218 151 
2671218 69 
2671289 93 
2672192 91 
2672752 103 
2672752 101 
2673559 100 
2673559 6
2673559 1531
2673559 11
2675557 25 
2675636 75 
2676044 72 
2676044 70 
2676803 80 
2676923 83 
2677296 64 
2678151 256 
2678642 61 
2678762 150 
2678762 68 
2678762 65
2678832 92 
2679269 90 
2680292 103 
2680292 101 
2680801 100 
2680801 6
2680801 1531
2680801 11
2682801 25 
2682886 75 
2683293 72 
2683293 70 
2683880 80 
2684000 83 
2685412 64 
2691412 256 
2691530 61 
2691663 150 
2691663 68 
2691663 65
2691741 92 
2692143 90 
2692953 90 
2693195 103 
2693195 101 
2693703 100 
2693703 6
2693703 1531
2693703 10
2695702 25 
2695787 75 
2696192 72 
2696192 70 
2696781 80 
2696901 83 
2699620 64 
2699741 256 
2699860 61 
2699993 151 
2699993 69 
2700065 93 
2701523 103 
2701523 101 
2702333 100 
2702333 6
2702333 1531
2702333 10
2704333 25 
2713233 75 
2713635 72 
2713635 70 
2714240 80 
2714360 83 
2716133 64 
2716375 256 
2716613 61 
2716733 151 
2716733 69 
2716799 93 
2717419 91 
2717929 91 
2718265 103 
2718265 101 
2719071 100 
2719071 6
2719071 1531
2719071 10
2721071 25 
2721150 75 
2721552 72 
2721552 70 
2722144 80 
2722264 83 
2759848 252 
2760102 256 
2760221 61 
2760354 153 
2760354 68 
2760354 65
2760420 92 
2761123 90 
2761706 90 
2761885 103 
2761885 101 
2762392 100 
2762392 6
2762392 1531
2762392 11
2764393 25 
2764465 75 
2764866 72 
2764866 70 
2765472 80 
2765592 83 
2766312 64 
2766673 256 
2766791 63 
2766911 151 
2766911 69 
2766979 93 
2767636 91 
2768444 103 
2768444 101 
2769248 100 
2769248 6
2769248 1531
2769248 11
2771252 25 
2771329 75 
2771734 72 
2771734 70 
2772349 80 
2772469 83 
2773055 64 
2773310 256 
2773429 61 
2773562 150 
2773562 68 
2773562 65
2773631 92 
2774431 90 
2774548 90 
2775078 90 
2775093 103 
2775093 101 
2775602 100 
2775602 6
2775602 1531
2775602 11
2777602 25 
2777686 75 
2778089 72 
2778089 70 
2779000 80 
2779200 250 
2779813 76 
2781640 76 
2782611 76 
2782798 83 
2783384 64 
2784106 256 
2784304 61 
2784504 150 
2784504 68 
2784504 65
2784573 92 
2785367 90 
2785551 90 
2785957 90 
2786033 103 
2786033 101 
2786543 100 
2786543 6
2786543 1531
2786543 10
2788543 25 
2798623 254 
2801541 75 
2801944 72 
2801944 70 
2802710 80 
2802909 83 
2809147 64 
2812266 252 
2815866 61 
2816064 151 
2816064 69 
2816130 93 
2816700 91 
2816841 91 
2817595 103 
2817595 101 
2818404 100 
2818404 6
2818404 1531
2818404 10
2820404 25 
2820482 75 
2820886 72 
2820886 70 
2821635 80 
2821755 83 
2826939 64 
2827182 256 
2827419 61 
2828152 151 
2828152 69 
2828763 91 
2828780 93 
2829685 103 
2829685 101 
2830490 100 
2830490 6
2830490 1531
2830490 11
2832492 25 
2842563 254 
2843846 75 
2844498 73 
2844828 72 
2844828 70 
2845425 80 
2845545 83 
2847078 64 
2847212 256 
2847344 61 
2847477 150 
2847477 68 
2847477 65
2847548 92 
2849008 103 
2849008 101 
2849518 100 
2849518 6
2849518 1531
2849518 10
2851515 25 
2851588 75 
2851992 72 
2851992 70 
2852595 80 
2852715 83 
2853075 64 
2853330 256 
2853448 61 
2853581 153 
2853581 68 
2853581 65
2853651 92 
2854685 90 
2855111 103 
2855111 101 
2855620 100 
2855620 6
2855620 1531
2855620 10
2857620 25 
2857706 75 
2858109 72 
2858109 70 
2858699 80 
2858819 83 
2859179 64 
2859421 61 
2859552 151 
2859552 69 
2859623 93 
2860411 91 
2861085 103 
2861085 101 
2861892 100 
2861892 6
2861892 1531
2861892 11
2863892 25 
2873965 254 
2882334 75 
2882739 72 
2882739 70 
2883356 80 
2883475 83 
2883955 64 
2884090 62 
2884222 150 
2884222 68 
2884222 65
2884305 92 
2885470 90 
2885696 90 
2885768 103 
2885768 101 
2886273 100 
2886273 6
2886273 1531
2886273 10
2888274 25 
2888346 75 
2888752 72 
2888752 70 
2889340 80 
2889460 83 
2889819 64 
2890061 256 
2890193 61 
2890313 151 
2890313 69 
2890385 93 
2890922 91 
2891155 91 
2891744 91 
2891844 103 
2891844 101 
2892653 100 
2892653 6
2892653 1531
2892653 11
2894653 25 
2904725 254 
2911149 75 
2911457 73 
2911763 72 
2911763 70 
2912370 80 
2912490 83 
2913649 64 
2913771 256 
2913891 61 
2914023 150 
2914023 68 
2914023 65
2914088 92 
2915555 103 
2915555 101 
2916062 100 
2916062 6
2916062 1531
2916062 11
2918062 25 
2918434 75 
2928140 254 
2941911 73 
2942222 72 
2942222 70 
2943264 80 
2943463 83 
2943783 64 
2943998 256 
2944130 61 
2944330 150 
2944330 68 
2944330 65
2944399 92 
2945862 103 
2945862 101 
2945906 102 
