0 100 
0 3
0 1532
0 10
1995 25 
2944 75 
3347 72 
3347 70 
4479 80 
4706 83 
5292 64 
5718 62 
5958 150 
5958 68 
5958 65
6079 92 
6427 90 
7488 103 
7488 101 
7996 100 
7996 3
7996 1532
7996 11
9997 25 
10070 75 
10473 72 
10473 70 
11223 80 
11343 83 
11823 64 
12424 256 
12556 61 
12689 153 
12689 68 
12689 65
12760 92 
13175 90 
14222 103 
14222 101 
14727 100 
14727 3
14727 1532
14727 11
16728 25 
16801 75 
17206 72 
17206 70 
17793 80 
17913 83 
18033 64 
18288 256 
18407 61 
18527 151 
18527 69 
18594 93 
20064 103 
20064 101 
20878 100 
20878 3
20878 1532
20878 10
22878 25 
22962 75 
23370 72 
23370 70 
23951 80 
24071 83 
24191 64 
24313 256 
24431 62 
24564 150 
24564 68 
24564 65
24639 92 
25085 90 
26098 103 
26098 101 
26602 100 
26602 3
26602 1532
26602 11
28603 25 
28688 75 
29089 72 
29089 70 
29669 80 
29788 83 
29908 64 
30163 256 
30282 61 
30415 151 
30415 69 
30482 93 
31945 103 
31945 101 
32754 100 
32754 3
32754 1532
32754 10
34754 25 
34832 75 
35240 72 
35240 70 
35839 80 
35959 83 
36199 64 
36321 256 
36439 62 
36572 150 
36572 68 
36572 65
36642 92 
37069 90 
38108 103 
38108 101 
38626 100 
38626 3
38626 1532
38626 11
40624 25 
40697 75 
41100 72 
41100 70 
41704 80 
41837 250 
42676 76 
42796 83 
43156 64 
43531 63 
43663 150 
43663 68 
43663 65
43731 92 
45193 103 
45193 101 
45703 100 
45703 3
45703 1532
45703 10
47702 25 
47779 75 
48181 72 
48181 70 
48781 80 
48901 83 
49021 64 
49142 256 
49260 62 
49394 150 
49394 68 
49394 65
49463 92 
50927 103 
50927 101 
51434 100 
51434 3
51434 1532
51434 11
53437 25 
53525 75 
53931 72 
53931 70 
54525 80 
54645 83 
54765 64 
55021 256 
55151 63 
55271 150 
55271 68 
55271 65
55344 92 
56799 103 
56799 101 
57309 100 
57309 3
57309 1532
57309 10
59310 25 
59388 75 
59792 72 
59792 70 
60362 80 
60482 83 
60602 64 
60844 62 
60976 150 
60976 68 
60976 65
61051 92 
62510 103 
62510 101 
63026 100 
63026 3
63026 1532
63026 10
65028 25 
65100 75 
65499 72 
65499 70 
66107 80 
66227 83 
66347 64 
66590 62 
66720 150 
66720 68 
66720 65
66787 92 
68253 103 
68253 101 
68760 100 
68760 3
68760 1532
68760 11
70758 25 
70838 75 
71242 72 
71242 70 
71851 80 
71971 83 
72091 64 
72333 256 
72464 63 
72584 150 
72584 68 
72584 65
72655 92 
74115 103 
74115 101 
74624 100 
74624 3
74624 1532
74624 10
76623 25 
76695 75 
77100 72 
77100 70 
77675 80 
77795 83 
77915 64 
78170 62 
78289 150 
78289 68 
78289 65
78355 92 
79819 103 
79819 101 
80326 100 
80326 3
80326 1532
80326 10
82328 25 
82399 75 
82802 72 
82802 70 
83393 80 
83513 83 
83633 64 
83755 256 
83873 62 
83993 150 
83993 68 
83993 65
84068 92 
85527 103 
85527 101 
86032 100 
86032 3
86032 1532
86032 10
88033 25 
88109 75 
88513 72 
88513 70 
89111 80 
89231 83 
89351 64 
89594 62 
89710 152 
89710 69 
89778 93 
91243 103 
91243 101 
92051 100 
92051 3
92051 1532
92051 11
94048 25 
94132 75 
94541 72 
94541 70 
95135 80 
95255 83 
96094 64 
96576 256 
96694 61 
96814 151 
96814 69 
96880 93 
98343 103 
98343 101 
99155 100 
99155 3
99155 1532
99155 11
101156 25 
101237 75 
101638 72 
101638 70 
102225 80 
102345 83 
103358 64 
103613 256 
104104 62 
104224 151 
104224 69 
104295 93 
104970 91 
105596 91 
105754 103 
105754 101 
106564 100 
106564 3
106564 1532
106564 11
108564 25 
108643 75 
109048 72 
109048 70 
109622 80 
109742 83 
110208 64 
112876 256 
113167 61 
113434 151 
113434 69 
113504 93 
114966 103 
114966 101 
115772 100 
115772 3
115772 1532
115772 10
117772 25 
117853 75 
118258 72 
118258 70 
119138 80 
119338 83 
119644 64 
119873 256 
120098 62 
120218 150 
120218 68 
120218 65
120286 92 
121745 103 
121745 101 
122257 100 
122257 3
122257 1532
122257 11
124256 25 
124329 75 
124730 72 
124730 70 
125522 80 
125722 250 
127588 76 
128707 76 
128827 83 
129281 64 
129482 256 
129694 63 
129920 150 
129920 68 
129920 65
129989 92 
131450 103 
131450 101 
131959 100 
131959 3
131959 1532
131959 11
133958 25 
134049 75 
134455 72 
134455 70 
135185 80 
135305 83 
135904 64 
136266 256 
136384 62 
136504 151 
136504 69 
136573 93 
138036 103 
138036 101 
138844 100 
138844 3
138844 1532
138844 11
140845 25 
141124 75 
141413 73 
141718 72 
141718 70 
142302 80 
142422 83 
142902 64 
145195 256 
145314 61 
145447 151 
145447 69 
145517 93 
146977 103 
146977 101 
147788 100 
147788 3
147788 1532
147788 11
149787 25 
149870 75 
150272 72 
150272 70 
150845 80 
150965 83 
152444 64 
152926 256 
153044 63 
153164 150 
153164 68 
153164 65
153236 92 
153701 90 
154695 103 
154695 101 
155204 100 
155204 3
155204 1532
155204 10
157202 25 
157276 75 
157682 72 
157682 70 
158282 80 
158402 83 
160294 64 
160776 62 
160894 150 
160894 68 
160894 65
160966 92 
161458 90 
162423 103 
162423 101 
162935 100 
162935 3
162935 1532
162935 11
164933 25 
165008 75 
165410 72 
165410 70 
166012 80 
166132 83 
166705 64 
166946 256 
167065 63 
167185 150 
167185 68 
167185 65
167250 92 
168715 103 
168715 101 
169222 100 
169222 3
169222 1532
169222 10
171225 25 
171316 75 
171722 72 
171722 70 
172290 80 
172409 83 
172529 64 
172649 256 
172772 62 
172902 152 
172902 69 
172983 93 
173787 91 
174248 91 
174448 103 
174448 101 
175255 100 
175255 3
175255 1532
175255 10
177256 25 
177333 75 
177735 72 
177735 70 
178300 80 
178420 83 
178768 64 
179021 256 
179140 63 
179273 151 
179273 69 
179347 93 
179938 91 
180806 103 
180806 101 
181612 100 
181612 3
181612 1532
181612 11
183613 25 
183691 75 
184098 72 
184098 70 
184711 80 
184831 83 
185311 64 
186512 256 
186643 62 
186763 151 
186763 69 
186833 93 
187254 91 
187887 91 
188297 103 
188297 101 
189100 100 
189100 3
189100 1532
189100 10
191101 25 
191183 75 
191586 72 
191586 70 
192174 80 
192294 83 
193001 64 
194206 61 
194334 151 
194334 69 
194404 93 
194753 91 
195703 91 
195865 103 
195865 101 
196672 100 
196672 3
196672 1532
196672 10
198674 25 
198751 75 
199157 72 
199157 70 
199745 80 
199865 83 
200464 64 
201799 256 
201917 62 
202039 150 
202039 68 
202039 65
202106 92 
202512 90 
203340 90 
203570 103 
203570 101 
204077 100 
204077 3
204077 1532
204077 10
206076 25 
206149 75 
206556 72 
206556 70 
207155 80 
207275 83 
207395 64 
207770 256 
207888 62 
208021 152 
208021 69 
208090 93 
209128 91 
209512 91 
209549 103 
209549 101 
210361 100 
210361 3
210361 1532
210361 10
212359 25 
212439 75 
212842 72 
212842 70 
213446 80 
213566 83 
213912 64 
214154 62 
214285 150 
214285 68 
214285 65
214354 92 
215815 103 
215815 101 
216325 100 
216325 3
216325 1532
216325 11
218325 25 
218397 75 
218805 72 
218805 70 
219377 80 
219496 83 
219736 64 
219978 256 
220096 63 
220216 150 
220216 68 
220216 65
220285 92 
221745 103 
221745 101 
222254 100 
222254 3
222254 1532
222254 10
224256 25 
224327 75 
224735 72 
224735 70 
225347 80 
225467 83 
225587 64 
225842 256 
225974 62 
226094 150 
226094 68 
226094 65
226172 92 
227625 103 
227625 101 
228132 100 
228132 3
228132 1532
228132 11
230132 25 
230212 75 
230613 72 
230613 70 
231212 80 
231331 83 
231451 64 
231709 256 
231825 63 
231958 150 
231958 68 
231958 65
232027 92 
233486 103 
233486 101 
233996 100 
233996 3
233996 1532
233996 11
235998 25 
236076 75 
236481 72 
236481 70 
237529 250 
238222 71 
238342 80 
238542 83 
238915 64 
239236 256 
239435 63 
239555 150 
239555 68 
239555 65
239620 92 
241088 103 
241088 101 
241598 100 
241598 3
241598 1532
241598 11
243596 25 
243685 75 
244087 72 
244087 70 
244859 80 
245046 83 
245166 64 
245488 63 
245685 150 
245685 68 
245685 65
245756 92 
247215 103 
247215 101 
247724 100 
247724 3
247724 1532
247724 11
249725 25 
249803 75 
250209 72 
250209 70 
251083 80 
251270 83 
251470 64 
251672 256 
251883 63 
252016 150 
252016 68 
252016 65
252086 92 
253549 103 
253549 101 
254054 100 
254054 3
254054 1532
254054 10
256056 25 
256134 75 
256538 72 
256538 70 
257294 80 
257494 250 
258214 76 
259120 76 
260293 76 
260480 83 
260666 64 
261106 62 
261306 150 
261306 68 
261306 65
261378 92 
261765 90 
262839 103 
262839 101 
263345 100 
263345 3
263345 1532
263345 10
265345 25 
265431 75 
265831 72 
265831 70 
266570 80 
266690 83 
266930 64 
267052 256 
267170 62 
267303 150 
267303 68 
267303 65
267377 92 
268837 103 
268837 101 
269343 100 
269343 3
269343 1532
269343 11
271342 25 
271415 75 
271825 72 
271825 70 
272421 80 
272541 83 
272661 64 
272916 256 
273034 63 
273154 152 
273154 69 
273222 93 
273750 91 
274686 103 
274686 101 
275494 100 
275494 3
275494 1532
275494 11
277494 25 
277576 75 
277979 72 
277979 70 
278552 80 
278672 83 
279351 64 
281031 61 
281164 151 
281164 69 
281226 93 
281641 91 
282323 91 
282697 103 
282697 101 
283502 100 
283502 3
283502 1532
283502 10
285503 25 
285582 75 
285984 72 
285984 70 
286562 80 
286682 83 
287028 64 
287150 256 
287268 62 
287388 150 
287388 68 
287388 65
287460 92 
287887 90 
288917 103 
288917 101 
289426 100 
289426 3
289426 1532
289426 11
291427 25 
291504 75 
291909 72 
291909 70 
292479 80 
292599 83 
292839 64 
292974 256 
293092 63 
293212 150 
293212 68 
293212 65
293282 92 
294741 103 
294741 101 
295250 100 
295250 3
295250 1532
295250 11
297253 25 
297444 75 
297833 73 
298138 72 
298138 70 
298730 80 
298850 83 
298970 64 
299212 256 
299343 63 
299463 150 
299463 68 
299463 65
299534 92 
300995 103 
300995 101 
301504 100 
301504 3
301504 1532
301504 10
303502 25 
303603 75 
304007 72 
304007 70 
304608 80 
304741 83 
304861 64 
305116 256 
305234 62 
305354 150 
305354 68 
305354 65
305423 92 
306892 103 
306892 101 
307406 100 
307406 3
307406 1532
307406 10
309411 25 
309497 75 
309901 72 
309901 70 
310485 80 
310605 83 
310725 64 
310967 256 
311085 62 
311218 150 
311218 68 
311218 65
311288 92 
312751 103 
312751 101 
313259 100 
313259 2
313259 1532
313259 11
313259 78 
315256 25 
315348 75 
315751 72 
315751 70 
316336 80 
316456 83 
316576 64 
316818 256 
316936 63 
317056 150 
317056 68 
317056 65
317126 92 
318589 103 
318589 101 
319096 100 
319096 2
319096 1532
319096 10
321094 25 
321172 75 
321573 72 
321573 70 
322174 80 
322294 83 
322414 64 
322669 62 
322800 151 
322800 69 
322869 93 
323891 91 
324337 103 
324337 101 
325154 100 
325154 2
325154 1532
325154 10
327154 25 
327231 75 
327639 72 
327639 70 
328225 80 
328345 83 
328584 64 
328839 62 
328958 151 
328958 69 
329026 93 
329624 91 
330081 91 
330491 103 
330491 101 
331296 100 
331296 2
331296 1532
331296 11
333296 25 
333381 75 
333782 72 
333782 70 
334369 80 
334489 83 
334729 64 
334850 256 
334969 63 
335089 150 
335089 68 
335089 65
335157 92 
336621 103 
336621 101 
337127 100 
337127 2
337127 1532
337127 11
339129 25 
339218 75 
339623 72 
339623 70 
340220 80 
340340 83 
340473 64 
340715 256 
340846 63 
340979 150 
340979 68 
340979 65
341053 92 
342511 103 
342511 101 
343017 100 
343017 2
343017 1532
343017 10
345019 25 
345097 75 
345499 72 
345499 70 
346084 80 
346204 83 
346444 64 
346566 256 
346697 62 
346817 151 
346817 69 
346886 93 
348350 103 
348350 101 
349158 100 
349158 2
349158 1532
349158 10
351157 25 
351240 75 
351647 72 
351647 70 
352215 80 
352335 83 
352694 64 
354615 256 
354747 61 
354867 150 
354867 68 
354867 65
354936 92 
355307 90 
356394 103 
356394 101 
356905 100 
356905 2
356905 1532
356905 11
358905 25 
358985 75 
359392 72 
359392 70 
359998 80 
360118 83 
360358 64 
360613 256 
360731 63 
360864 150 
360864 68 
360864 65
360938 92 
362399 103 
362399 101 
362917 100 
362917 2
362917 1532
362917 10
364916 25 
365007 75 
365413 72 
365413 70 
366009 80 
366355 83 
366769 64 
367103 256 
367345 61 
367542 152 
367542 69 
367604 93 
368956 91 
369075 103 
369075 101 
369881 100 
369881 2
369881 1532
369881 11
371880 25 
371965 75 
372124 73 
372550 73 
372851 72 
372851 70 
373593 80 
373712 83 
374072 64 
375873 256 
375991 61 
376112 151 
376112 69 
376178 93 
376614 91 
377187 91 
377383 91 
377630 91 
377643 103 
377643 101 
378449 100 
378449 2
378449 1532
378449 10
380451 25 
380529 75 
380931 72 
380931 70 
381509 80 
381629 83 
382775 64 
384335 61 
384455 150 
384455 68 
384455 65
384527 92 
384880 90 
385982 103 
385982 101 
386494 100 
386494 2
386494 1532
386494 10
388495 25 
388584 75 
388986 72 
388986 70 
389586 80 
389706 83 
389826 64 
390068 61 
390199 150 
390199 68 
390199 65
390270 92 
391729 103 
391729 101 
392237 100 
392237 2
392237 1532
392237 11
394239 25 
394316 75 
394722 72 
394722 70 
395304 80 
395423 83 
395663 64 
395785 256 
395905 63 
396023 150 
396023 68 
396023 65
396092 92 
397551 103 
397551 101 
398062 100 
398062 2
398062 1532
398062 10
400061 25 
400136 75 
400540 72 
400540 70 
401114 80 
401234 83 
401354 64 
401596 256 
401727 61 
401847 150 
401847 68 
401847 65
401918 92 
402386 90 
403378 103 
403378 101 
403885 100 
403885 2
403885 1532
403885 10
405887 25 
405998 75 
406400 72 
406400 70 
407005 80 
407125 83 
407245 64 
407487 256 
407605 61 
407725 150 
407725 68 
407725 65
407795 92 
409043 90 
409255 103 
409255 101 
409766 100 
409766 2
409766 1532
409766 11
411767 25 
411855 75 
412258 72 
412258 70 
412843 80 
412963 83 
413083 64 
413325 256 
413443 63 
413563 150 
413563 68 
413563 65
413632 92 
415092 103 
415092 101 
415600 100 
415600 2
415600 1532
415600 11
417601 25 
417681 75 
418089 72 
418089 70 
418667 80 
418787 83 
419133 64 
419259 256 
419374 63 
419493 150 
419493 68 
419493 65
419562 92 
421021 103 
421021 101 
421531 100 
421531 2
421531 1532
421531 11
423533 25 
423664 75 
423832 73 
424145 72 
424145 70 
424718 80 
424838 83 
425078 64 
425333 256 
425451 63 
425571 150 
425571 68 
425571 65
425641 92 
427104 103 
427104 101 
427609 100 
427609 2
427609 1532
427609 11
429611 25 
429700 75 
430106 72 
430106 70 
430702 80 
430822 83 
430942 64 
431184 256 
431302 63 
431435 150 
431435 68 
431435 65
431506 92 
432967 103 
432967 101 
433474 100 
433474 2
433474 1532
433474 10
435475 25 
435559 75 
435962 72 
435962 70 
436580 80 
436700 83 
436939 64 
437315 256 
437433 61 
437553 152 
437553 69 
437621 93 
438166 91 
438930 91 
439083 103 
439083 101 
439893 100 
439893 2
439893 1532
439893 10
441892 25 
441970 75 
442375 72 
442375 70 
442950 80 
443070 83 
443310 64 
444043 61 
444176 150 
444176 68 
444176 65
444245 92 
444712 90 
445711 103 
445711 101 
446216 100 
446216 2
446216 1532
446216 10
448216 25 
448292 75 
448461 73 
448796 72 
448796 70 
449361 80 
449481 250 
450334 76 
451175 76 
451307 83 
451547 64 
451788 256 
451920 61 
452053 150 
452053 68 
452053 65
452122 92 
452507 90 
453586 103 
453586 101 
454091 100 
454091 6
454091 1532
454091 11
454091 78 
456093 25 
456169 75 
456574 72 
456574 70 
457158 80 
457278 83 
457518 64 
457759 256 
457877 63 
457997 151 
457997 69 
458060 93 
459529 103 
459529 101 
460335 100 
460335 6
460335 1532
460335 11
462337 25 
462420 75 
462826 72 
462826 70 
463435 80 
463555 83 
463795 64 
465250 62 
465381 151 
465381 69 
465447 93 
465909 91 
466915 103 
466915 101 
467719 100 
467719 6
467719 1532
467719 10
469719 25 
469803 75 
470204 72 
470204 70 
470792 80 
470912 83 
471258 64 
472818 61 
472938 153 
472938 68 
472938 65
473008 92 
473425 90 
474470 103 
474470 101 
474980 100 
474980 6
474980 1532
474980 11
476977 25 
477054 75 
477354 73 
477690 72 
477690 70 
479029 250 
479775 71 
480161 80 
480361 83 
480921 64 
481123 256 
481241 61 
481481 150 
481481 68 
481481 65
481552 92 
481940 90 
483012 103 
483012 101 
483520 100 
483520 6
483520 1532
483520 11
485521 25 
486080 75 
486481 72 
486481 70 
487265 80 
487478 83 
487665 64 
488053 256 
488251 61 
488451 150 
488451 68 
488451 65
488521 92 
488941 90 
489985 103 
489985 101 
490489 100 
490489 6
490489 1532
490489 10
492491 25 
492563 75 
492968 72 
492968 70 
493769 71 
494159 80 
494356 83 
495702 64 
495836 256 
495968 61 
496102 151 
496102 69 
496170 93 
496659 91 
497266 91 
497631 103 
497631 101 
498442 100 
498442 6
498442 1532
498442 10
500442 25 
500519 75 
500925 72 
500925 70 
501513 80 
501633 83 
502446 64 
502807 256 
503045 61 
503179 151 
503179 69 
503252 93 
504431 91 
504708 103 
504708 101 
505518 100 
505518 6
505518 1532
505518 11
507519 25 
507597 75 
508003 72 
508003 70 
508590 80 
508710 83 
509789 64 
512070 256 
512188 61 
512308 150 
512308 68 
512308 65
512375 92 
512755 90 
513839 103 
513839 101 
514348 100 
514348 6
514348 1532
514348 10
516347 25 
516419 75 
516823 72 
516823 70 
517426 80 
517546 83 
518026 64 
518388 256 
518506 61 
518625 151 
518625 69 
518695 93 
519547 91 
520159 103 
520159 101 
520979 100 
520979 6
520979 1532
520979 10
522977 25 
523056 75 
523408 73 
523496 73 
523803 72 
523803 70 
524396 80 
524516 83 
525569 64 
526065 256 
526196 62 
526316 151 
526316 69 
526388 93 
527846 103 
527846 101 
528655 100 
528655 6
528655 1532
528655 11
530654 25 
530786 75 
531191 72 
531191 70 
531793 80 
531915 83 
532260 64 
533341 256 
533473 61 
533593 150 
533593 68 
533593 65
533663 92 
534009 90 
535127 103 
535127 101 
535632 100 
535632 6
535632 1532
535632 10
537631 25 
537709 75 
538115 72 
538115 70 
538711 80 
538830 83 
539070 64 
539685 256 
539803 61 
539923 151 
539923 69 
539993 93 
540364 91 
540877 91 
541455 103 
541455 101 
542262 100 
542262 6
542262 1532
542262 11
544264 25 
544341 75 
544745 72 
544745 70 
545335 80 
545454 83 
545694 64 
547748 61 
547880 150 
547880 68 
547880 65
547948 92 
548346 90 
549412 103 
549412 101 
549919 100 
549919 6
549919 1532
549919 11
551920 25 
552119 75 
552526 72 
552526 70 
553384 250 
554051 71 
554171 80 
554291 83 
554651 64 
554892 256 
555010 61 
555130 150 
555130 68 
555130 65
555201 92 
555566 90 
556659 103 
556659 101 
557168 100 
557168 6
557168 1532
557168 10
559169 25 
559353 75 
559501 73 
559833 72 
559833 70 
560435 80 
560555 83 
561248 64 
563542 61 
563673 151 
563673 69 
563742 93 
564169 91 
564605 91 
564672 91 
565110 91 
565211 103 
565211 101 
566026 100 
566026 6
566026 1532
566026 10
568025 25 
568106 75 
568512 72 
568512 70 
569085 80 
569204 83 
570018 64 
570633 256 
570751 61 
570884 151 
570884 69 
570952 93 
572227 91 
572416 103 
572416 101 
573223 100 
573223 6
573223 1532
573223 10
575224 25 
575302 75 
575703 72 
575703 70 
576295 80 
576415 83 
576761 64 
577736 256 
577854 61 
577974 151 
577974 69 
578044 93 
578932 91 
579086 91 
579507 103 
579507 101 
580313 100 
580313 6
580313 1532
580313 10
582312 25 
582397 75 
582799 72 
582799 70 
583385 80 
583505 83 
584438 64 
585293 256 
585411 61 
585544 151 
585544 69 
585607 93 
587078 103 
587078 101 
587882 100 
587882 6
587882 1532
587882 11
589884 25 
590099 75 
590501 72 
590501 70 
591115 80 
591236 83 
591595 64 
592690 256 
592808 61 
592928 150 
592928 68 
592928 65
592998 92 
593442 90 
594459 103 
594459 101 
594968 100 
594968 6
594968 1532
594968 11
596968 25 
597668 75 
598074 72 
598074 70 
599099 80 
599605 250 
600338 76 
603644 76 
603843 83 
604043 64 
604352 256 
604550 61 
604683 150 
604683 68 
604683 65
604754 92 
605155 90 
606213 103 
606213 101 
606722 100 
606722 6
606722 1532
606722 11
608722 25 
608801 75 
609132 73 
609439 72 
609439 70 
610201 80 
610441 250 
611174 76 
612013 76 
612133 83 
612373 64 
612628 256 
612760 61 
612880 152 
612880 69 
612951 93 
613411 91 
613663 91 
613983 91 
614179 91 
614410 103 
614410 101 
615218 100 
615218 6
615218 1532
615218 10
617219 25 
617303 75 
617707 72 
617707 70 
618318 80 
618437 83 
620263 64 
621358 256 
621476 62 
621609 151 
621609 69 
621676 93 
623139 103 
623139 101 
623949 100 
623949 6
623949 1532
623949 10
625948 25 
626027 75 
626432 72 
626432 70 
627007 80 
627127 83 
628393 64 
630088 256 
630219 61 
630352 151 
630352 69 
630423 93 
631020 91 
631503 91 
631883 103 
631883 101 
632691 100 
632691 6
632691 1532
632691 11
634692 25 
634770 75 
635177 72 
635177 70 
635750 80 
635870 83 
636110 64 
636351 256 
636470 61 
636590 150 
636590 68 
636590 65
636662 92 
637094 90 
638120 103 
638120 101 
638628 100 
638628 6
638628 1532
638628 11
640629 25 
640720 75 
641129 72 
641129 70 
641734 80 
641854 83 
642094 64 
642229 256 
642347 61 
642481 150 
642481 68 
642481 65
642550 92 
642988 90 
644010 103 
644010 101 
644518 100 
644518 6
644518 1532
644518 11
646519 25 
646605 75 
647008 72 
647008 70 
647612 80 
647732 83 
647972 64 
648213 256 
648332 61 
648465 150 
648465 68 
648465 65
648531 92 
648936 90 
649999 103 
649999 101 
650505 100 
650505 6
650505 1532
650505 10
652505 25 
652589 75 
652994 72 
652994 70 
653583 80 
653703 83 
655782 64 
656983 256 
657101 61 
657235 151 
657235 69 
657303 93 
658765 103 
658765 101 
659573 100 
659573 6
659573 1532
659573 11
661575 25 
661659 75 
662062 72 
662062 70 
662646 80 
662766 83 
663245 64 
663487 256 
663605 61 
663725 150 
663725 68 
663725 65
663794 92 
664161 90 
665258 103 
665258 101 
665763 100 
665763 6
665763 1532
665763 10
667765 25 
667841 75 
668248 72 
668248 70 
668857 80 
668976 83 
670616 64 
671590 256 
671709 61 
671842 151 
671842 69 
671905 93 
672766 91 
673372 103 
673372 101 
674182 100 
674182 6
674182 1532
674182 11
676181 25 
676260 75 
676662 72 
676662 70 
677266 80 
677386 83 
677626 64 
678121 256 
678239 61 
678372 152 
678372 69 
678442 93 
679903 103 
679903 101 
680712 100 
680712 6
680712 1532
680712 10
682711 25 
682790 75 
683193 72 
683193 70 
683784 80 
683903 83 
685170 64 
686518 61 
686649 151 
686649 69 
686715 93 
687182 91 
687660 91 
688179 103 
688179 101 
688988 100 
688988 6
688988 1532
688988 11
690989 25 
691073 75 
691478 72 
691478 70 
692060 80 
692180 83 
692527 64 
693248 61 
693366 150 
693366 68 
693366 65
693441 92 
693855 90 
694899 103 
694899 101 
695405 100 
695405 6
695405 1532
695405 10
697410 25 
697496 75 
697903 72 
697903 70 
698498 80 
698617 83 
699897 64 
700379 256 
700497 62 
700630 151 
700630 69 
700699 93 
701181 91 
702164 103 
702164 101 
702968 100 
702968 6
702968 1532
702968 10
704970 25 
705052 75 
705458 72 
705458 70 
706041 80 
706161 83 
707667 64 
708282 61 
708413 151 
708413 69 
708485 93 
709946 103 
709946 101 
710752 100 
710752 6
710752 1532
710752 11
712752 25 
712836 75 
713236 72 
713236 70 
714264 80 
714451 250 
715251 76 
716157 76 
717076 76 
717276 83 
717492 64 
717811 256 
718009 61 
718223 150 
718223 68 
718223 65
718291 92 
718696 90 
718923 90 
719750 103 
719750 101 
720262 100 
720262 6
720262 1532
720262 10
722266 25 
722352 75 
722760 72 
722760 70 
723544 80 
723727 83 
724807 64 
725381 256 
725513 62 
725713 153 
725713 68 
725713 65
725783 92 
726231 90 
726403 90 
727244 103 
727244 101 
727751 100 
727751 6
727751 1532
727751 10
729753 25 
729824 75 
730229 72 
730229 70 
731017 80 
731231 250 
731684 76 
731817 83 
731937 64 
732297 256 
732430 62 
732550 151 
732550 69 
732618 93 
733816 91 
733974 91 
734084 103 
734084 101 
734903 100 
734903 6
734903 1532
734903 11
736903 25 
736986 75 
737387 72 
737387 70 
737975 80 
738094 83 
738454 64 
738696 256 
738814 61 
738947 150 
738947 68 
738947 65
739013 92 
739400 90 
740481 103 
740481 101 
740986 100 
740986 6
740986 1532
740986 10
742986 25 
743058 75 
743462 72 
743462 70 
744052 80 
744172 83 
744292 64 
744533 256 
744652 62 
744772 151 
744772 69 
744835 93 
745992 91 
746301 103 
746301 101 
747111 100 
747111 6
747111 1532
747111 11
749110 25 
749197 75 
749601 72 
749601 70 
750170 80 
750289 83 
750529 64 
750771 61 
750902 150 
750902 68 
750902 65
750968 92 
752434 103 
752434 101 
752940 100 
752940 6
752940 1532
752940 11
754942 25 
755021 75 
755425 72 
755425 70 
756007 80 
756127 83 
756367 64 
756488 256 
756607 61 
756740 150 
756740 68 
756740 65
756813 92 
757194 90 
758269 103 
758269 101 
758780 100 
758780 6
758780 1532
758780 10
760781 25 
760869 75 
761271 72 
761271 70 
761858 80 
761978 83 
762924 64 
763046 256 
763164 62 
763297 151 
763297 69 
763365 93 
763885 91 
764294 91 
764832 103 
764832 101 
765651 100 
765651 6
765651 1532
765651 11
767650 25 
767729 75 
768133 72 
768133 70 
768735 80 
768855 83 
769095 64 
769230 256 
769348 61 
769468 150 
769468 68 
769468 65
769538 92 
770005 90 
770998 103 
770998 101 
771508 100 
771508 6
771508 1532
771508 11
773508 25 
773598 75 
774000 72 
774000 70 
774599 80 
774719 83 
774839 64 
775094 256 
775226 61 
775346 150 
775346 68 
775346 65
775419 92 
776878 103 
776878 101 
777385 100 
777385 6
777385 1532
777385 10
779384 25 
779631 75 
780034 72 
780034 70 
780637 80 
780757 83 
782009 64 
782384 62 
782516 153 
782516 68 
782516 65
782586 92 
783035 90 
784045 103 
784045 101 
784554 100 
784554 6
784554 1532
784554 10
786558 25 
786645 75 
787046 72 
787046 70 
787647 80 
787767 83 
788007 64 
788133 256 
788260 62 
788394 151 
788394 69 
788464 93 
789198 91 
789643 91 
789927 103 
789927 101 
790731 100 
790731 6
790731 1532
790731 11
792734 25 
792811 75 
793214 72 
793214 70 
793831 80 
793951 83 
794191 64 
794326 256 
794444 61 
794578 150 
794578 68 
794578 65
794650 92 
796105 103 
796105 101 
796618 100 
796618 6
796618 1532
796618 11
798616 25 
798702 75 
799105 72 
799105 70 
799709 80 
799829 83 
799949 64 
800311 61 
800442 150 
800442 68 
800442 65
800512 92 
800900 90 
801971 103 
801971 101 
802480 100 
802480 6
802480 1532
802480 10
804482 25 
804566 75 
804968 72 
804968 70 
805533 80 
805653 83 
806133 64 
806255 256 
806373 62 
806493 151 
806493 69 
806562 93 
808027 103 
808027 101 
808831 100 
808831 6
808831 1532
808831 11
810831 25 
810910 75 
811317 72 
811317 70 
811904 80 
812024 83 
812264 64 
812505 256 
812625 61 
812743 150 
812743 68 
812743 65
812813 92 
813182 90 
814278 103 
814278 101 
814787 100 
814787 6
814787 1532
814787 10
816787 25 
817088 75 
817492 72 
817492 70 
818074 80 
818194 83 
818554 64 
819050 256 
819167 62 
819301 151 
819301 69 
819373 93 
820830 103 
820830 101 
821639 100 
821639 6
821639 1532
821639 11
823639 25 
823724 75 
824126 72 
824126 70 
824712 80 
824832 83 
825191 64 
825313 256 
825445 61 
825578 150 
825578 68 
825578 65
825643 92 
826322 90 
827110 103 
827110 101 
827615 100 
827615 6
827615 1532
827615 10
829616 25 
829692 75 
830099 72 
830099 70 
830816 80 
831016 83 
831709 64 
833057 256 
833255 62 
833375 151 
833375 69 
833445 93 
833944 91 
834909 103 
834909 101 
835715 100 
835715 6
835715 1532
835715 10
837714 25 
837797 75 
838200 72 
838200 70 
838999 80 
839186 83 
841691 64 
842293 256 
842411 62 
842544 151 
842544 69 
842610 93 
842978 91 
844075 103 
844075 101 
844884 100 
844884 6
844884 1532
844884 11
846884 25 
846968 75 
847371 72 
847371 70 
847982 80 
848102 83 
848462 64 
848583 256 
848702 61 
848822 150 
848822 68 
848822 65
848893 92 
849338 90 
850353 103 
850353 101 
850860 100 
850860 6
850860 1532
850860 10
852860 25 
852938 75 
853341 72 
853341 70 
853926 80 
854046 83 
854992 64 
855235 256 
855366 62 
855486 153 
855486 68 
855486 65
855561 92 
855999 90 
857013 103 
857013 101 
857526 100 
857526 6
857526 1532
857526 11
859525 25 
859602 75 
860006 72 
860006 70 
860590 80 
860710 83 
860950 64 
861072 256 
861190 61 
861323 150 
861323 68 
861323 65
861394 92 
861873 90 
862857 103 
862857 101 
863363 100 
863363 6
863363 1532
863363 10
865364 25 
865441 75 
865848 72 
865848 70 
866454 80 
866574 83 
866814 64 
866949 256 
867067 62 
867202 151 
867202 69 
867270 93 
868662 91 
868733 103 
868733 101 
869546 100 
869546 6
869546 1532
869546 11
871545 25 
871623 75 
872028 72 
872028 70 
872625 80 
872745 83 
872985 64 
873125 256 
873252 61 
873385 150 
873385 68 
873385 65
873470 92 
874018 90 
874932 103 
874932 101 
875439 100 
875439 6
875439 1532
875439 11
877437 25 
877514 75 
877915 72 
877915 70 
878516 80 
878636 83 
878756 64 
879011 256 
879129 61 
879262 150 
879262 68 
879262 65
879333 92 
879862 90 
880793 103 
880793 101 
881301 100 
881301 6
881301 1532
881301 10
883306 25 
883392 75 
883793 72 
883793 70 
884380 80 
884500 83 
884740 64 
884873 256 
884995 62 
885127 151 
885127 69 
885195 93 
886658 103 
886658 101 
887465 100 
887465 6
887465 1532
887465 11
889466 25 
889551 75 
889957 72 
889957 70 
890551 80 
890671 83 
891031 64 
891271 61 
891404 150 
891404 68 
891404 65
891473 92 
891958 90 
892933 103 
892933 101 
893443 100 
893443 6
893443 1532
893443 10
895444 25 
895533 75 
895934 72 
895934 70 
896522 80 
896642 83 
897775 64 
898376 256 
898628 62 
898748 151 
898748 69 
898818 93 
899962 91 
900287 91 
900287 103 
900287 101 
901099 100 
901099 6
901099 1532
901099 10
903101 25 
903183 75 
903585 72 
903585 70 
904199 80 
904319 83 
906851 64 
907213 256 
907331 62 
907453 151 
907453 69 
907520 93 
907963 91 
908984 103 
908984 101 
909791 100 
909791 6
909791 1532
909791 11
911789 25 
911875 75 
912281 72 
912281 70 
912862 80 
912982 83 
916607 64 
917208 256 
917340 61 
917473 150 
917473 68 
917473 65
917545 92 
917900 90 
919008 103 
919008 101 
919524 100 
919524 6
919524 1532
919524 10
921526 25 
921611 75 
922017 72 
922017 70 
922605 80 
922738 83 
923657 64 
923899 256 
924017 62 
924150 153 
924150 68 
924150 65
924220 92 
924617 90 
925680 103 
925680 101 
926190 100 
926190 6
926190 1532
926190 11
928191 25 
928262 75 
928665 72 
928665 70 
929282 80 
929402 83 
929522 64 
929776 256 
929895 61 
930015 150 
930015 68 
930015 65
930089 92 
930509 90 
931542 103 
931542 101 
932052 100 
932052 6
932052 1532
932052 11
934054 25 
934126 75 
934532 72 
934532 70 
935133 80 
935253 83 
935492 64 
935614 256 
935732 61 
935866 150 
935866 68 
935866 65
935939 92 
937323 90 
937397 103 
937397 101 
937904 100 
937904 6
937904 1532
937904 11
939908 25 
939995 75 
940400 72 
940400 70 
941423 250 
942076 71 
942276 80 
942463 83 
942956 64 
943157 256 
943356 61 
943556 150 
943556 68 
943556 65
943621 92 
944127 90 
945089 103 
945089 101 
945595 100 
945595 6
945595 1532
945595 10
947595 25 
947680 75 
948088 72 
948088 70 
948887 80 
949073 83 
949260 64 
949582 256 
949780 62 
949980 151 
949980 69 
950047 93 
951007 91 
951509 103 
951509 101 
952318 100 
952318 6
952318 1532
952318 10
954319 25 
954397 75 
954802 72 
954802 70 
955551 80 
955671 83 
956377 64 
956498 256 
956617 62 
956750 151 
956750 69 
956822 93 
957463 91 
958140 91 
958279 103 
958279 101 
959088 100 
959088 6
959088 1532
959088 10
961090 25 
961173 75 
961580 72 
961580 70 
962161 80 
962281 83 
964800 64 
965761 256 
965881 61 
966013 151 
966013 69 
966076 93 
966599 91 
967547 103 
967547 101 
968353 100 
968353 6
968353 1532
968353 10
970352 25 
970431 75 
970832 72 
970832 70 
971398 80 
971517 83 
975382 64 
976117 256 
976249 62 
976369 151 
976369 69 
976438 93 
977898 103 
977898 101 
978707 100 
978707 6
978707 1532
978707 11
980707 25 
980788 75 
981192 72 
981192 70 
981780 80 
981902 83 
982140 64 
982381 256 
982500 61 
982619 150 
982619 68 
982619 65
982689 92 
983121 90 
984148 103 
984148 101 
984659 100 
984659 6
984659 1532
984659 11
986657 25 
986730 75 
987055 73 
987151 73 
987456 72 
987456 70 
988057 80 
988177 83 
988417 64 
988539 256 
988657 61 
988777 150 
988777 68 
988777 65
988848 92 
990309 103 
990309 101 
990815 100 
990815 6
990815 1532
990815 10
992815 25 
992893 75 
993296 72 
993296 70 
993881 80 
994001 83 
994708 64 
995189 62 
995321 151 
995321 69 
995392 93 
995887 91 
996363 91 
996851 103 
996851 101 
997659 100 
997659 6
997659 1532
997659 11
999661 25 
999740 75 
1000144 72 
1000144 70 
1000732 80 
1000865 83 
1001105 64 
1001349 61 
1001465 150 
1001465 68 
1001465 65
1001540 92 
1002996 103 
1002996 101 
1003503 100 
1003503 6
1003503 1532
1003503 11
1005508 25 
1005750 75 
1006152 72 
1006152 70 
1006769 250 
1007371 71 
1007503 80 
1007622 83 
1007982 64 
1008224 256 
1008342 61 
1008462 150 
1008462 68 
1008462 65
1008536 92 
1009996 103 
1009996 101 
1010502 100 
1010502 6
1010502 1532
1010502 10
1012501 25 
1012687 75 
1012942 73 
1013280 72 
1013280 70 
1013873 80 
1013993 83 
1015246 64 
1015487 256 
1015619 63 
1015752 150 
1015752 68 
1015752 65
1015823 92 
1017287 103 
1017287 101 
1017793 100 
1017793 6
1017793 1532
1017793 10
1019790 25 
1019868 75 
1020273 72 
1020273 70 
1020844 80 
1020964 83 
1021084 64 
1021325 256 
1021444 63 
1021577 150 
1021577 68 
1021577 65
1021646 92 
1023109 103 
1023109 101 
1023616 100 
1023616 6
1023616 1532
1023616 11
1025617 25 
1025747 75 
1026154 72 
1026154 70 
1026761 80 
1026881 83 
1027121 64 
1027376 256 
1027495 61 
1027628 152 
1027628 69 
1027699 93 
1028189 91 
1028816 91 
1029161 103 
1029161 101 
1029966 100 
1029966 6
1029966 1532
1029966 11
1031966 25 
1032046 75 
1032452 72 
1032452 70 
1033039 80 
1033160 83 
1033518 64 
1033773 256 
1033905 61 
1034025 150 
1034025 68 
1034025 65
1034098 92 
1035557 103 
1035557 101 
1036065 100 
1036065 6
1036065 1532
1036065 10
1038065 25 
1038136 75 
1038543 72 
1038543 70 
1039143 80 
1039263 83 
1040076 64 
1040691 256 
1040822 63 
1040955 150 
1040955 68 
1040955 65
1041029 92 
1041428 90 
1042487 103 
1042487 101 
1042995 100 
1042995 6
1042995 1532
1042995 10
1044995 25 
1045080 75 
1045482 72 
1045482 70 
1046086 80 
1046206 83 
1046686 64 
1046941 63 
1047073 150 
1047073 68 
1047073 65
1047146 92 
1048603 103 
1048603 101 
1049111 100 
1049111 6
1049111 1532
1049111 10
1051111 25 
1051190 75 
1051592 72 
1051592 70 
1052177 80 
1052297 83 
1052417 64 
1052659 256 
1052790 63 
1052911 150 
1052911 68 
1052911 65
1052984 92 
1053712 90 
1054438 103 
1054438 101 
1054951 100 
1054951 6
1054951 1532
1054951 11
1056950 25 
1057035 75 
1057437 72 
1057437 70 
1058321 80 
1058441 83 
1058681 64 
1058937 62 
1059188 150 
1059188 68 
1059188 65
1059260 92 
1060719 103 
1060719 101 
1061226 100 
1061226 6
1061226 1532
1061226 11
1063226 25 
1063304 75 
1063705 72 
1063705 70 
1064292 80 
1064412 83 
1064532 64 
1064772 256 
1064893 61 
1065025 152 
1065025 69 
1065093 93 
1066218 91 
1066399 91 
1066559 103 
1066559 101 
1067364 100 
1067364 6
1067364 1532
1067364 11
1069365 25 
1069444 75 
1069849 72 
1069849 70 
1070436 80 
1070558 83 
1070796 64 
1071171 61 
1071303 150 
1071303 68 
1071303 65
1071371 92 
1071946 90 
1072834 103 
1072834 101 
1073340 100 
1073340 6
1073340 1532
1073340 11
1075342 25 
1075432 75 
1075835 72 
1075835 70 
1076434 80 
1076554 83 
1076674 64 
1076915 256 
1077034 61 
1077167 150 
1077167 68 
1077167 65
1077238 92 
1077699 90 
1078695 103 
1078695 101 
1079211 100 
1079211 6
1079211 1532
1079211 10
1081210 25 
1081613 75 
1082098 73 
1082402 72 
1082402 70 
1083018 80 
1083139 83 
1083484 64 
1083726 63 
1083844 150 
1083844 68 
1083844 65
1083924 92 
1085371 103 
1085371 101 
1085882 100 
1085882 6
1085882 1532
1085882 10
1087884 25 
1087968 75 
1088370 72 
1088370 70 
1088962 80 
1089082 83 
1089335 64 
1089457 256 
1089588 63 
1089722 150 
1089722 68 
1089722 65
1089794 92 
1091251 103 
1091251 101 
1091759 100 
1091759 5
1091759 1532
1091759 11
1091759 78 
1093761 25 
1093833 75 
1094240 72 
1094240 70 
1094840 80 
1094973 83 
1095093 64 
1095348 256 
1095479 61 
1095599 153 
1095599 68 
1095599 65
1095671 92 
1096061 90 
1097134 103 
1097134 101 
1097651 100 
1097651 5
1097651 1532
1097651 10
1099651 25 
1099724 75 
1100128 72 
1100128 70 
1100717 80 
1100837 83 
1100957 64 
1101201 256 
1101330 63 
1101464 150 
1101464 68 
1101464 65
1101538 92 
1102997 103 
1102997 101 
1103517 100 
1103517 5
1103517 1532
1103517 10
1105515 25 
1105590 75 
1106353 73 
1106694 72 
1106694 70 
1107288 80 
1107408 83 
1107648 64 
1107782 256 
1107901 63 
1108021 150 
1108021 68 
1108021 65
1108088 92 
1109550 103 
1109550 101 
1110059 100 
1110059 5
1110059 1532
1110059 11
1112061 25 
1112150 75 
1112555 72 
1112555 70 
1113139 80 
1113259 83 
1113379 64 
1113634 256 
1113765 61 
1113898 151 
1113898 69 
1113967 93 
1114537 91 
1115428 103 
1115428 101 
1116239 100 
1116239 5
1116239 1532
1116239 10
1118237 25 
1118317 75 
1118725 72 
1118725 70 
1119296 80 
1119416 83 
1120949 64 
1121084 256 
1121202 63 
1121335 150 
1121335 68 
1121335 65
1121405 92 
1121961 90 
1122868 103 
1122868 101 
1123375 100 
1123375 5
1123375 1532
1123375 11
1125375 25 
1125460 75 
1125863 72 
1125863 70 
1126440 80 
1126560 83 
1126800 64 
1126934 256 
1127053 61 
1127173 151 
1127173 69 
1127239 93 
1128707 103 
1128707 101 
1129513 100 
1129513 5
1129513 1532
1129513 10
1131511 25 
1131590 75 
1131998 72 
1131998 70 
1132584 80 
1132704 83 
1134796 64 
1135038 256 
1135156 63 
1135289 150 
1135289 68 
1135289 65
1135356 92 
1135850 90 
1136821 103 
1136821 101 
1137329 100 
1137329 5
1137329 1532
1137329 11
1139331 25 
1139401 75 
1139807 72 
1139807 70 
1140421 80 
1140541 83 
1140781 64 
1140902 256 
1141034 61 
1141154 151 
1141154 69 
1141222 93 
1142127 91 
1142683 103 
1142683 101 
1143492 100 
1143492 5
1143492 1532
1143492 10
1145492 25 
1145571 75 
1145975 72 
1145975 70 
1146551 80 
1146671 83 
1148884 64 
1150085 62 
1150217 151 
1150217 69 
1150286 93 
1150722 91 
1151076 91 
1151750 103 
1151750 101 
1152555 100 
1152555 5
1152555 1532
1152555 11
1154556 25 
1154635 75 
1155037 72 
1155037 70 
1155654 80 
1155774 83 
1157175 64 
1158200 61 
1158333 151 
1158333 69 
1158397 93 
1158941 91 
1159357 91 
1159863 103 
1159863 101 
1160671 100 
1160671 5
1160671 1532
1160671 11
1162674 25 
1164489 75 
1164622 73 
1164955 72 
1164955 70 
1165677 80 
1165797 83 
1167729 64 
1169064 256 
1169182 61 
1169303 151 
1169303 69 
1169371 93 
1170835 103 
1170835 101 
1171642 100 
1171642 5
1171642 1532
1171642 10
1173641 25 
1173719 75 
1174126 72 
1174126 70 
1174686 80 
1174806 83 
1176206 64 
1178953 256 
1179206 62 
1179324 151 
1179324 69 
1179388 93 
1179861 91 
1180855 103 
1180855 101 
1181662 100 
1181662 5
1181662 1532
1181662 10
1183663 25 
1183744 75 
1184148 72 
1184148 70 
1184722 80 
1184842 83 
1185655 64 
1185897 63 
1186028 150 
1186028 68 
1186028 65
1186100 92 
1186694 90 
1187561 103 
1187561 101 
1188069 100 
1188069 5
1188069 1532
1188069 10
1190071 25 
1191202 75 
1191318 73 
1191719 72 
1191719 70 
1192306 80 
1192426 83 
1192546 64 
1192787 256 
1192906 63 
1193039 150 
1193039 68 
1193039 65
1193108 92 
1194573 103 
1194573 101 
1195077 100 
1195077 5
1195077 1532
1195077 10
1197078 25 
1197579 75 
1197983 72 
1197983 70 
1198556 80 
1198677 83 
1198903 64 
1199158 256 
1199276 63 
1199396 150 
1199396 68 
1199396 65
1199465 92 
1200928 103 
1200928 101 
1201434 100 
1201434 5
1201434 1532
1201434 11
1203435 25 
1203995 75 
1204222 73 
1204533 72 
1204533 70 
1205114 80 
1205234 83 
1205487 64 
1206808 61 
1206940 151 
1206940 69 
1207009 93 
1207552 91 
1208047 91 
1208473 103 
1208473 101 
1209280 100 
1209280 5
1209280 1532
1209280 10
1211278 25 
1211415 75 
1211829 73 
1212131 72 
1212131 70 
1212724 80 
1212844 83 
1213084 64 
1213325 256 
1213444 63 
1213577 150 
1213577 68 
1213577 65
1213646 92 
1215106 103 
1215106 101 
1215616 100 
1215616 5
1215616 1532
1215616 11
1217616 25 
1217688 75 
1218095 72 
1218095 70 
1218695 80 
1218815 83 
1219175 64 
1221336 256 
1221962 62 
1222093 152 
1222093 69 
1222165 93 
1223311 91 
1223623 103 
1223623 101 
1224431 100 
1224431 5
1224431 1532
1224431 11
1226433 25 
1226512 75 
1226916 72 
1226916 70 
1227504 80 
1227624 83 
1249295 252 
1249551 256 
1249682 63 
1249815 151 
1249815 69 
1249883 93 
1251346 103 
1251346 101 
1252153 100 
1252153 5
1252153 1532
1252153 11
1254156 25 
1264229 254 
1271108 75 
1271353 73 
1271560 73 
1271868 72 
1271868 70 
1272899 80 
1273086 83 
1273405 64 
1273607 256 
1273739 63 
1273938 151 
1273938 69 
1274008 93 
1275061 91 
1275469 103 
1275469 101 
1276277 100 
1276277 5
1276277 1532
1276277 10
1278277 25 
1284102 75 
1284239 73 
1284640 72 
1284640 70 
1285414 80 
1285614 83 
1287040 64 
1288787 61 
1288919 151 
1288919 69 
1288986 93 
1289451 91 
1289502 91 
1289900 91 
1290449 103 
1290449 101 
1291257 100 
1291257 5
1291257 1532
1291257 10
1293257 25 
1293342 75 
1293748 72 
1293748 70 
1294503 80 
1294703 83 
1296089 64 
1296305 256 
1296503 63 
1296702 150 
1296702 68 
1296702 65
1296772 92 
1297286 90 
1298231 103 
1298231 101 
1298742 100 
1298742 5
1298742 1532
1298742 11
1300742 25 
1300816 75 
1301221 72 
1301221 70 
1302020 80 
1302927 250 
1304619 76 
1306218 76 
1306405 83 
1306592 64 
1306820 62 
1306938 151 
1306938 69 
1307008 93 
1307770 91 
1308352 91 
1308472 103 
1308472 101 
1309289 100 
1309289 5
1309289 1532
1309289 11
1311292 25 
1311369 75 
1311770 72 
1311770 70 
1312536 80 
1312656 83 
1314695 64 
1314896 256 
1315095 62 
1315295 152 
1315295 69 
1315362 93 
1315796 91 
1316612 91 
1316829 103 
1316829 101 
1317634 100 
1317634 5
1317634 1532
1317634 10
1319634 25 
1319714 75 
1320122 72 
1320122 70 
1320892 80 
1321092 83 
1321799 64 
1322385 62 
1322612 151 
1322612 69 
1322680 93 
1323105 91 
1323465 91 
1323915 91 
1324141 103 
1324141 101 
1324950 100 
1324950 5
1324950 1532
1324950 10
1326950 25 
1327030 75 
1327436 72 
1327436 70 
1328196 80 
1328316 83 
1329129 64 
1331410 256 
1331675 62 
1331795 151 
1331795 69 
1331866 93 
1332285 91 
1332920 91 
1333329 103 
1333329 101 
1334135 100 
1334135 5
1334135 1532
1334135 11
1336133 25 
1336217 75 
1336622 72 
1336622 70 
1337193 80 
1337312 83 
1337899 64 
1338141 256 
1338258 63 
1338392 151 
1338392 69 
1338457 93 
1339924 103 
1339924 101 
1340730 100 
1340730 5
1340730 1532
1340730 11
1342731 25 
1342809 75 
1343213 72 
1343213 70 
1343816 80 
1343936 83 
1344536 64 
1347070 256 
1347188 62 
1347321 150 
1347321 68 
1347321 65
1347403 92 
1347830 90 
1348868 103 
1348868 101 
1349375 100 
1349375 5
1349375 1532
1349375 10
1351373 25 
1351464 75 
1351869 72 
1351869 70 
1352466 80 
1352586 83 
1352826 64 
1352961 256 
1353092 62 
1353212 151 
1353212 69 
1353278 93 
1354715 91 
1354745 103 
1354745 101 
1355551 100 
1355551 5
1355551 1532
1355551 11
1357552 25 
1357630 75 
1358036 72 
1358036 70 
1358637 80 
1358757 83 
1359117 64 
1359731 256 
1359863 62 
1359996 150 
1359996 68 
1359996 65
1360067 92 
1360520 90 
1361529 103 
1361529 101 
1362036 100 
1362036 5
1362036 1532
1362036 11
1364034 25 
1364108 75 
1364509 72 
1364509 70 
1365127 80 
1365367 250 
1367660 76 
1367780 83 
1368019 64 
1368261 256 
1368393 62 
1368513 150 
1368513 68 
1368513 65
1368578 92 
1369012 90 
1370048 103 
1370048 101 
1370565 100 
1370565 5
1370565 1532
1370565 10
1372566 25 
1372644 75 
1373049 72 
1373049 70 
1373631 80 
1373750 83 
1374217 64 
1374472 256 
1374603 63 
1374723 150 
1374723 68 
1374723 65
1374793 92 
1376251 103 
1376251 101 
1376761 100 
1376761 5
1376761 1532
1376761 11
1378764 25 
1378835 75 
1379237 72 
1379237 70 
1379828 80 
1379948 83 
1380081 64 
1380203 256 
1380321 62 
1380441 150 
1380441 68 
1380441 65
1380512 92 
1381969 103 
1381969 101 
1382480 100 
1382480 5
1382480 1532
1382480 10
1384483 25 
1384611 75 
1385016 72 
1385016 70 
1385612 80 
1385732 83 
1385972 64 
1386231 256 
1386358 63 
1386492 150 
1386492 68 
1386492 65
1386563 92 
1388023 103 
1388023 101 
1388533 100 
1388533 5
1388533 1532
1388533 11
1390532 25 
1390616 75 
1391019 72 
1391019 70 
1391597 80 
1391716 83 
1391956 64 
1392078 256 
1392209 62 
1392343 150 
1392343 68 
1392343 65
1392413 92 
1393876 103 
1393876 101 
1394380 100 
1394380 5
1394380 1532
1394380 10
1396383 25 
1396845 75 
1397248 72 
1397248 70 
1397847 80 
1397967 83 
1398207 64 
1398462 63 
1398580 152 
1398580 69 
1398647 93 
1399809 91 
1400110 103 
1400110 101 
1400926 100 
1400926 5
1400926 1532
1400926 10
1402923 25 
1403003 75 
1403411 72 
1403411 70 
1404004 80 
1404124 83 
1405044 64 
1405286 256 
1405404 63 
1405524 150 
1405524 68 
1405524 65
1405590 92 
1407057 103 
1407057 101 
1407561 100 
1407561 5
1407561 1532
1407561 11
1409563 25 
1409653 75 
1410059 72 
1410059 70 
1410642 80 
1410762 83 
1410882 64 
1411123 256 
1411255 62 
1411388 150 
1411388 68 
1411388 65
1411459 92 
1412917 103 
1412917 101 
1413428 100 
1413428 5
1413428 1532
1413428 11
1415428 25 
1415518 75 
1415921 72 
1415921 70 
1416506 80 
1416626 83 
1416746 64 
1417001 256 
1417132 62 
1417266 150 
1417266 68 
1417266 65
1417348 92 
1418811 103 
1418811 101 
1419317 100 
1419317 5
1419317 1532
1419317 10
1421318 25 
1421395 75 
1421803 72 
1421803 70 
1422397 80 
1422517 83 
1422997 64 
1423123 256 
1423250 63 
1423370 150 
1423370 68 
1423370 65
1423439 92 
1424900 103 
1424900 101 
1425408 100 
1425408 5
1425408 1532
1425408 11
1427410 25 
1427486 75 
1427623 73 
1427751 73 
1428155 72 
1428155 70 
1429007 80 
1429207 250 
1429914 76 
1430847 76 
1431860 76 
1433099 76 
1433299 83 
1433499 64 
1433714 256 
1433912 62 
1434032 152 
1434032 69 
1434102 93 
1435563 103 
1435563 101 
1436371 100 
1436371 5
1436371 1532
1436371 11
1438372 25 
1438450 75 
1438854 72 
1438854 70 
1439616 80 
1439803 83 
1440030 64 
1440231 256 
1440349 62 
1440549 150 
1440549 68 
1440549 65
1440620 92 
1441104 90 
1442078 103 
1442078 101 
1442587 100 
1442587 5
1442587 1532
1442587 10
1444588 25 
1444665 75 
1445067 72 
1445067 70 
1445787 80 
1445907 83 
1446147 64 
1446402 256 
1446520 63 
1446653 150 
1446653 68 
1446653 65
1446724 92 
1448186 103 
1448186 101 
1448696 100 
1448696 5
1448696 1532
1448696 11
1450695 25 
1450778 75 
1451179 72 
1451179 70 
1451758 80 
1451878 83 
1452118 64 
1452240 256 
1452360 62 
1452491 150 
1452491 68 
1452491 65
1452556 92 
1454025 103 
1454025 101 
1454531 100 
1454531 5
1454531 1532
1454531 10
1456530 25 
1456616 75 
1457019 72 
1457019 70 
1457622 80 
1457742 83 
1457982 64 
1458117 256 
1458235 63 
1458369 150 
1458369 68 
1458369 65
1458440 92 
1459901 103 
1459901 101 
1460408 100 
1460408 1
1460408 1532
1460408 10
1460408 78 
1462407 25 
1462480 75 
1462885 72 
1462885 70 
1463473 80 
1463593 83 
1463833 64 
1463968 256 
1464086 63 
1464219 151 
1464219 69 
1464291 93 
1465749 103 
1465749 101 
1466559 100 
1466559 1
1466559 1532
1466559 10
1468559 25 
1468637 75 
1469044 72 
1469044 70 
1469644 80 
1469764 83 
1470244 64 
1470499 256 
1470630 63 
1470763 151 
1470763 69 
1470833 93 
1472294 103 
1472294 101 
1473102 100 
1473102 1
1473102 1532
1473102 10
1475104 25 
1475190 75 
1475598 72 
1475598 70 
1476201 80 
1476321 83 
1477481 76 
1478307 64 
1480479 256 
1480733 62 
1480853 151 
1480853 69 
1480922 93 
1482386 103 
1482386 101 
1483192 100 
1483192 1
1483192 1532
1483192 11
1485192 25 
1485276 75 
1485680 72 
1485680 70 
1486264 80 
1486384 83 
1486624 64 
1486757 256 
1486878 62 
1486997 150 
1486997 68 
1486997 65
1487070 92 
1488531 103 
1488531 101 
1489035 100 
1489035 1
1489035 1532
1489035 11
1491037 25 
1491108 75 
1491515 72 
1491515 70 
1492101 80 
1492221 83 
1492461 64 
1492583 256 
1492714 62 
1492834 150 
1492834 68 
1492834 65
1492907 92 
1494368 103 
1494368 101 
1494873 100 
1494873 1
1494873 1532
1494873 10
1496873 25 
1497043 75 
1497450 72 
1497450 70 
1498046 80 
1498165 83 
1498645 64 
1498769 256 
1498885 63 
1499005 151 
1499005 69 
1499074 93 
1500400 91 
1500538 103 
1500538 101 
1501345 100 
1501345 1
1501345 1532
1501345 11
1503345 25 
1503424 75 
1503825 72 
1503825 70 
1504416 80 
1504536 83 
1504776 64 
1504898 256 
1505031 62 
1505149 150 
1505149 68 
1505149 65
1505225 92 
1506682 103 
1506682 101 
1507187 100 
1507187 1
1507187 1532
1507187 10
1509189 25 
1509275 75 
1509680 72 
1509680 70 
1510294 80 
1510414 83 
1510773 64 
1510908 256 
1511040 63 
1511160 151 
1511160 69 
1511231 93 
1512692 103 
1512692 101 
1513500 100 
1513500 1
1513500 1532
1513500 11
1515498 25 
1515577 75 
1515978 72 
1515978 70 
1516558 80 
1516678 83 
1516918 64 
1517053 256 
1517171 62 
1517291 150 
1517291 68 
1517291 65
1517359 92 
1518821 103 
1518821 101 
1519334 100 
1519334 1
1519334 1532
1519334 10
1521333 25 
1521404 75 
1521810 72 
1521810 70 
1522409 80 
1522529 83 
1522888 64 
1523130 256 
1523248 63 
1523368 151 
1523368 69 
1523439 93 
1524901 103 
1524901 101 
1525706 100 
1525706 1
1525706 1532
1525706 10
1527707 25 
1527958 75 
1528265 73 
1528570 72 
1528570 70 
1529166 80 
1529286 83 
1531498 64 
1533072 256 
1533191 62 
1533311 151 
1533311 69 
1533378 93 
1533840 91 
1533907 91 
1534845 103 
1534845 101 
1535651 100 
1535651 1
1535651 1532
1535651 11
1537650 25 
1538402 75 
1538807 72 
1538807 70 
1539402 80 
1539522 83 
1545146 64 
1545614 256 
1545839 62 
1545959 150 
1545959 68 
1545959 65
1546027 92 
1547305 90 
1547491 103 
1547491 101 
1547999 100 
1547999 1
1547999 1532
1547999 11
1549998 25 
1550070 75 
1550350 73 
1550540 73 
1550841 72 
1550841 70 
1551613 80 
1551810 250 
1552531 76 
1553489 76 
1554502 76 
1554622 83 
1554995 64 
1555210 256 
1555408 62 
1555635 150 
1555635 68 
1555635 65
1555702 92 
1557169 103 
1557169 101 
1557673 100 
1557673 1
1557673 1532
1557673 10
1559673 25 
1559759 75 
1560161 72 
1560161 70 
1560939 80 
1561126 83 
1561619 64 
1561821 256 
1562019 63 
1562232 153 
1562232 68 
1562232 65
1562318 92 
1562984 90 
1563777 103 
1563777 101 
1564285 100 
1564285 1
1564285 1532
1564285 11
1566285 25 
1566375 75 
1566781 72 
1566781 70 
1567550 80 
1567750 250 
1568496 76 
1569429 76 
1569629 83 
1569842 64 
1570058 62 
1570269 150 
1570269 68 
1570269 65
1570339 92 
1570779 90 
1571799 103 
1571799 101 
1572309 100 
1572309 1
1572309 1532
1572309 11
1574307 25 
1575658 75 
1576064 72 
1576064 70 
1576839 80 
1577039 83 
1577161 64 
1577375 256 
1577506 62 
1577719 150 
1577719 68 
1577719 65
1577795 92 
1579257 103 
1579257 101 
1579770 100 
1579770 1
1579770 1532
1579770 11
1581772 25 
1581861 75 
1582269 72 
1582269 70 
1583143 80 
1583343 250 
1584331 76 
1584783 76 
1584996 83 
1585196 64 
1585398 256 
1585596 62 
1585796 152 
1585796 69 
1585864 93 
1586786 91 
1587162 91 
1587328 103 
1587328 101 
1588148 100 
1588148 1
1588148 1532
1588148 10
1590148 25 
1590228 75 
1590632 72 
1590632 70 
1591393 80 
1591580 83 
1591780 64 
1592102 256 
1592300 63 
1592500 151 
1592500 69 
1592567 93 
1593095 91 
1593654 91 
1594028 91 
1594028 103 
1594028 101 
1594840 100 
1594840 1
1594840 1532
1594840 10
1596841 25 
1596917 75 
1597327 72 
1597327 70 
1598071 80 
1598191 83 
1599337 64 
1600058 256 
1600176 62 
1600297 151 
1600297 69 
1600364 93 
1600803 91 
1601316 91 
1601827 103 
1601827 101 
1602634 100 
1602634 1
1602634 1532
1602634 10
1604636 25 
1604714 75 
1605120 72 
1605120 70 
1605721 80 
1605841 83 
1606307 64 
1615303 252 
1618542 62 
1618662 151 
1618662 69 
1618729 93 
1620193 103 
1620193 101 
1621001 100 
1621001 1
1621001 1532
1621001 11
1623002 25 
1624410 75 
1624813 72 
1624813 70 
1625406 80 
1625526 83 
1625886 64 
1626128 256 
1626246 62 
1626379 150 
1626379 68 
1626379 65
1626449 92 
1627907 103 
1627907 101 
1628423 100 
1628423 1
1628423 1532
1628423 10
1630421 25 
1630503 75 
1630906 72 
1630906 70 
1631483 80 
1631603 83 
1632083 76 
1632203 64 
1632458 256 
1632576 63 
1632710 151 
1632710 69 
1632777 93 
1634242 103 
1634242 101 
1635048 100 
1635048 1
1635048 1532
1635048 11
1637049 25 
1637128 75 
1637530 72 
1637530 70 
1638121 80 
1638254 83 
1638614 64 
1638736 256 
1638854 62 
1638987 150 
1638987 68 
1638987 65
1639057 92 
1640525 103 
1640525 101 
1641040 100 
1641040 1
1641040 1532
1641040 10
1643040 25 
1643126 75 
1643528 72 
1643528 70 
1644118 80 
1644238 83 
1644705 64 
1644947 63 
1645078 151 
1645078 69 
1645147 93 
1645891 91 
1646449 91 
1646609 103 
1646609 101 
1647418 100 
1647418 1
1647418 1532
1647418 11
1649416 25 
1649501 75 
1649908 72 
1649908 70 
1650502 80 
1650622 83 
1650862 64 
1651103 62 
1651235 150 
1651235 68 
1651235 65
1651312 92 
1652764 103 
1652764 101 
1653278 100 
1653278 1
1653278 1532
1653278 11
1655276 25 
1656434 75 
1656835 72 
1656835 70 
1657419 80 
1657539 83 
1657779 64 
1658019 62 
1658152 150 
1658152 68 
1658152 65
1658217 92 
1659685 103 
1659685 101 
1660191 100 
1660191 1
1660191 1532
1660191 11
1662192 25 
1666935 75 
1667395 73 
1668141 73 
1668312 73 
1668431 73 
1672258 254 
1701134 73 
1702007 73 
1702312 72 
1702312 70 
1703347 80 
1703533 83 
1703907 64 
1704322 256 
1704520 62 
1704720 150 
1704720 68 
1704720 65
1704788 92 
1705294 90 
1706253 103 
1706253 101 
1706758 100 
1706758 1
1706758 1532
1706758 10
1708759 25 
1708833 75 
1709236 72 
1709236 70 
1709971 80 
1710091 83 
1712743 64 
1713718 256 
1713849 63 
1713969 151 
1713969 69 
1714037 93 
1715500 103 
1715500 101 
1716308 100 
1716308 1
1716308 1532
1716308 10
1718309 25 
1718387 75 
1718793 72 
1718793 70 
1719367 80 
1719487 83 
1720073 64 
1721156 62 
1721286 153 
1721286 68 
1721286 65
1721350 92 
1721796 90 
1722819 103 
1722819 101 
1723326 100 
1723326 1
1723326 1532
1723326 10
1725326 25 
1725398 75 
1725805 72 
1725805 70 
1726364 80 
1726484 83 
1726844 64 
1726979 256 
1727110 62 
1727230 151 
1727230 69 
1727296 93 
1728528 91 
1728761 103 
1728761 101 
1729571 100 
1729571 1
1729571 1532
1729571 10
1731570 25 
1734647 75 
1735052 72 
1735052 70 
1735640 80 
1735760 83 
1737746 64 
1738001 256 
1738119 63 
1738239 151 
1738239 69 
1738306 93 
1739770 103 
1739770 101 
1740578 100 
1740578 1
1740578 1532
1740578 11
1742578 25 
1742657 75 
1743063 72 
1743063 70 
1743637 80 
1743757 83 
1743997 64 
1744132 256 
1744263 62 
1744383 150 
1744383 68 
1744383 65
1744452 92 
1745917 103 
1745917 101 
1746422 100 
1746422 1
1746422 1532
1746422 11
1748422 25 
1748496 75 
1748900 72 
1748900 70 
1749488 80 
1749608 83 
1749728 64 
1749969 256 
1750087 62 
1750221 150 
1750221 68 
1750221 65
1750290 92 
1751754 103 
1751754 101 
1752258 100 
1752258 1
1752258 1532
1752258 11
1754261 25 
1755381 75 
1755538 73 
1755942 72 
1755942 70 
1756512 80 
1756633 83 
1756871 64 
1757007 256 
1757138 62 
1757258 150 
1757258 68 
1757258 65
1757323 92 
1758788 103 
1758788 101 
1759298 100 
1759298 1
1759298 1532
1759298 10
1761298 25 
1761369 75 
1761774 72 
1761774 70 
1762362 80 
1762482 83 
1762829 64 
1763070 63 
1763202 151 
1763202 69 
1763278 93 
1764731 103 
1764731 101 
1765542 100 
1765542 1
1765542 1532
1765542 11
1767541 25 
1767620 75 
1768025 72 
1768025 70 
1768613 80 
1768733 83 
1768853 64 
1769108 256 
1769239 62 
1769373 150 
1769373 68 
1769373 65
1769441 92 
1770910 103 
1770910 101 
1771426 100 
1771426 1
1771426 1532
1771426 11
1773425 25 
1773913 75 
1774314 72 
1774314 70 
1774931 80 
1775050 83 
1775743 64 
1775985 256 
1776103 62 
1776237 150 
1776237 68 
1776237 65
1776310 92 
1777662 90 
1777775 103 
1777775 101 
1778287 100 
1778287 1
1778287 1532
1778287 10
1780290 25 
1780361 75 
1780765 72 
1780765 70 
1781368 80 
1781488 83 
1781968 64 
1783662 61 
1783793 152 
1783793 69 
1783862 93 
1784343 91 
1784807 91 
1784995 91 
1785241 91 
1785331 103 
1785331 101 
1786147 100 
1786147 1
1786147 1532
1786147 11
1788146 25 
1788229 75 
1788636 72 
1788636 70 
1789205 80 
1789325 83 
1790391 64 
1790646 256 
1798069 62 
1798201 150 
1798201 68 
1798201 65
1798264 92 
1799731 103 
1799731 101 
1800245 100 
1800245 1
1800245 1532
1800245 10
1802242 25 
1802326 75 
1802730 72 
1802730 70 
1803306 80 
1803425 83 
1803892 64 
1804027 256 
1804158 62 
1804279 151 
1804279 69 
1804346 93 
1804890 91 
1805711 91 
1805811 103 
1805811 101 
1806618 100 
1806618 1
1806618 1532
1806618 10
1808617 25 
1808696 75 
1809102 72 
1809102 70 
1809729 80 
1809849 83 
1827722 252 
1836493 256 
1837598 62 
1837718 151 
1837718 69 
1837783 93 
1838743 91 
1839246 103 
1839246 101 
1840061 100 
1840061 1
1840061 1532
1840061 11
1842058 25 
1842135 75 
1842537 72 
1842537 70 
1843142 80 
1843262 83 
1843502 64 
1843624 256 
1843742 62 
1843875 150 
1843875 68 
1843875 65
1843948 92 
1845405 103 
1845405 101 
1845913 100 
1845913 1
1845913 1532
1845913 10
1847914 25 
1847986 75 
1848393 72 
1848393 70 
1848966 80 
1849086 83 
1849446 64 
1849688 256 
1849808 63 
1849926 151 
1849926 69 
1849994 93 
1851458 103 
1851458 101 
1852264 100 
1852264 1
1852264 1532
1852264 10
1854266 25 
1854344 75 
1855767 73 
1856072 72 
1856072 70 
1856643 80 
1856763 83 
1857896 64 
1858858 62 
1858976 151 
1858976 69 
1859045 93 
1859516 91 
1860089 91 
1860172 91 
1860505 103 
1860505 101 
1861316 100 
1861316 1
1861316 1532
1861316 11
1863316 25 
1863393 75 
1863794 72 
1863794 70 
1864373 80 
1864493 83 
1864733 64 
1864975 62 
1865093 150 
1865093 68 
1865093 65
1865162 92 
1866626 103 
1866626 101 
1867135 100 
1867135 1
1867135 1532
1867135 10
1869132 25 
1869217 75 
1869621 72 
1869621 70 
1870238 80 
1870358 83 
1870837 64 
1872530 61 
1872650 150 
1872650 68 
1872650 65
1872719 92 
1873225 90 
1874178 103 
1874178 101 
1874688 100 
1874688 1
1874688 1532
1874688 11
1876689 25 
1876779 75 
1877183 72 
1877183 70 
1877768 80 
1877888 83 
1878128 64 
1878251 256 
1878368 62 
1878488 152 
1878488 69 
1878556 93 
1879546 91 
1879803 91 
1880019 103 
1880019 101 
1880827 100 
1880827 1
1880827 1532
1880827 11
1882828 25 
1882906 75 
1883312 72 
1883312 70 
1883885 80 
1884005 83 
1884245 64 
1885086 256 
1885205 61 
1885338 151 
1885338 69 
1886014 91 
1886028 93 
1886410 91 
1886556 91 
1886851 91 
1886866 103 
1886866 101 
1887676 100 
1887676 1
1887676 1532
1887676 11
1889678 25 
1890349 75 
1890495 73 
1890802 72 
1890802 70 
1891402 80 
1891522 83 
1892122 64 
1893457 256 
1893575 61 
1893694 151 
1893694 69 
1893768 93 
1894259 91 
1895232 103 
1895232 101 
1896045 100 
1896045 1
1896045 1532
1896045 11
1898048 25 
1904680 75 
1908122 254 
1908936 73 
1909274 72 
1909274 70 
1909875 80 
1909994 83 
1910474 64 
1910954 62 
1911087 150 
1911087 68 
1911087 65
1911158 92 
1912620 103 
1912620 101 
1913125 100 
1913125 1
1913125 1532
1913125 10
1915127 25 
1915203 75 
1915434 73 
1915754 72 
1915754 70 
1916338 80 
1916472 83 
1918711 64 
1919086 256 
1919577 62 
1919697 151 
1919697 69 
1919770 93 
1920311 91 
1921022 91 
1921227 103 
1921227 101 
1922040 100 
1922040 1
1922040 1532
1922040 10
1924037 25 
1924114 75 
1924521 72 
1924521 70 
1925108 80 
1925228 83 
1926161 64 
1926642 256 
1926774 61 
1926894 150 
1926894 68 
1926894 65
1926958 92 
1927341 90 
1928425 103 
1928425 101 
1928934 100 
1928934 1
1928934 1532
1928934 11
1930934 25 
1931198 75 
1931600 72 
1931600 70 
1932199 80 
1932318 83 
1932680 64 
1932801 256 
1932932 62 
1933051 150 
1933051 68 
1933051 65
1933124 92 
1934581 103 
1934581 101 
1935094 100 
1935094 1
1935094 1532
1935094 10
1937091 25 
1937176 75 
1937581 72 
1937581 70 
1938169 80 
1938289 83 
1938649 64 
1938904 256 
1939142 61 
1939276 150 
1939276 68 
1939276 65
1939345 92 
1939856 90 
1940810 103 
1940810 101 
1941328 100 
1941328 1
1941328 1532
1941328 10
1943328 25 
1943406 75 
1943814 72 
1943814 70 
1944380 80 
1944513 83 
1944633 64 
1944875 256 
1945007 61 
1945127 150 
1945127 68 
1945127 65
1945196 92 
1946658 103 
1946658 101 
1947166 100 
1947166 1
1947166 1532
1947166 10
1949165 25 
1949238 75 
1949643 72 
1949643 70 
1950231 80 
1950351 83 
1950711 64 
1950833 256 
1950951 61 
1951071 150 
1951071 68 
1951071 65
1951141 92 
1951525 90 
1952600 103 
1952600 101 
1953111 100 
1953111 1
1953111 1532
1953111 10
1955112 25 
1955195 75 
1955596 72 
1955596 70 
1956189 80 
1956309 83 
1956668 64 
1956804 256 
1956935 61 
1957055 150 
1957055 68 
1957055 65
1957124 92 
1958585 103 
1958585 101 
1959093 100 
1959093 1
1959093 1532
1959093 10
1961093 25 
1961166 75 
1961569 72 
1961569 70 
1962159 80 
1962279 83 
1962639 64 
1962895 256 
1963013 61 
1963132 150 
1963132 68 
1963132 65
1963201 92 
1964546 90 
1964663 103 
1964663 101 
1965171 100 
1965171 1
1965171 1532
1965171 11
1967172 25 
1967248 75 
1967452 73 
1967782 72 
1967782 70 
1968383 80 
1968503 83 
1968743 64 
1968865 256 
1968983 62 
1969103 150 
1969103 68 
1969103 65
1969174 92 
1970633 103 
1970633 101 
1971146 100 
1971146 1
1971146 1532
1971146 11
1973144 25 
1973232 75 
1973638 72 
1973638 70 
1974208 80 
1974328 250 
1980339 76 
1980458 83 
1980818 64 
1981073 62 
1981192 150 
1981192 68 
1981192 65
1981261 92 
1982721 103 
1982721 101 
1983230 100 
1983230 1
1983230 1532
1983230 11
1985230 25 
1985307 75 
1985712 72 
1985712 70 
1986323 80 
1986443 83 
1986576 64 
1986831 62 
1986962 152 
1986962 69 
1987032 93 
1988148 91 
1988494 103 
1988494 101 
1989300 100 
1989300 1
1989300 1532
1989300 11
1991302 25 
1991380 75 
1991782 72 
1991782 70 
1992347 80 
1992467 83 
1992707 64 
1992842 256 
1992960 62 
1993080 150 
1993080 68 
1993080 65
1993149 92 
1994311 90 
1994607 103 
1994607 101 
1995120 100 
1995120 1
1995120 1532
1995120 10
1997119 25 
2007186 254 
2012592 75 
2012992 72 
2012992 70 
2013911 80 
2014111 83 
2016950 64 
2017658 61 
2017856 150 
2017856 68 
2017856 65
2017928 92 
2018349 90 
2019384 103 
2019384 101 
2019894 100 
2019894 1
2019894 1532
2019894 10
2021896 25 
2021969 75 
2022370 72 
2022370 70 
2023094 80 
2023214 83 
2023561 64 
2023682 256 
2023814 61 
2023934 150 
2023934 68 
2023934 65
2024007 92 
2025467 103 
2025467 101 
2025974 100 
2025974 4
2025974 1532
2025974 11
2025974 78 
2027973 25 
2038041 254 
2065671 75 
2066075 72 
2066075 70 
2066689 80 
2066809 83 
2067169 64 
2067291 256 
2067409 62 
2067529 151 
2067529 69 
2067595 93 
2068484 91 
2069056 91 
2069056 103 
2069056 101 
2069868 100 
2069868 4
2069868 1532
2069868 11
2071869 25 
2071947 75 
2072352 72 
2072352 70 
2072927 80 
2073047 83 
2113563 252 
2113819 256 
2113936 62 
2114056 151 
2114056 69 
2114128 93 
2114928 91 
2114975 91 
2115589 103 
2115589 101 
2116395 100 
2116395 4
2116395 1532
2116395 11
2118397 25 
2118475 75 
2118875 72 
2118875 70 
2119481 250 
2130570 71 
2130809 80 
2130943 83 
2131902 252 
2132024 256 
2132889 61 
2133022 150 
2133022 68 
2133022 65
2133092 92 
2134555 103 
2134555 101 
2135060 100 
2135060 4
2135060 1532
2135060 11
2137061 25 
2137133 75 
2137538 72 
2137538 70 
2138113 80 
2138233 83 
2138579 64 
2138714 256 
2138833 62 
2138953 153 
2138953 68 
2138953 65
2139024 92 
2140482 103 
2140482 101 
2140995 100 
2140995 4
2140995 1532
2140995 11
2142994 25 
2143083 75 
2143488 72 
2143488 70 
2144084 250 
2156612 71 
2156732 80 
2156852 83 
2165768 252 
2186521 256 
2186653 62 
2186786 151 
2186786 69 
2186856 93 
2188319 103 
2188319 101 
2189125 100 
2189125 4
2189125 1532
2189125 11
2191124 25 
2192058 75 
2192458 72 
2192458 70 
2193050 80 
2193170 83 
2214868 252 
2215123 62 
2215241 151 
2215241 69 
2215308 93 
2215829 91 
2216771 103 
2216771 101 
2217581 100 
2217581 4
2217581 1532
2217581 10
2219580 25 
2219659 75 
2221596 73 
2221731 73 
2222032 72 
2222032 70 
2222625 80 
2222745 83 
2223464 64 
2223679 61 
2223877 151 
2223877 69 
2223945 93 
2224492 91 
2224906 91 
2225411 103 
2225411 101 
2226217 100 
2226217 4
2226217 1532
2226217 10
2228218 25 
2238287 254 
2247498 75 
2247902 72 
2247902 70 
2248694 80 
2248894 83 
2249680 64 
2249882 256 
2250080 61 
2250280 151 
2250280 69 
2250347 93 
2250843 91 
2251292 91 
2251810 103 
2251810 101 
2252618 100 
2252618 4
2252618 1532
2252618 10
2254619 25 
2255046 75 
2255449 72 
2255449 70 
2256224 80 
2256424 83 
2257463 64 
2257865 256 
2258063 63 
2258263 151 
2258263 69 
2258344 93 
2258830 91 
2259806 103 
2259806 101 
2260617 100 
2260617 4
2260617 1532
2260617 10
2262616 25 
2262694 75 
2263095 72 
2263095 70 
2263874 80 
2263994 83 
2267553 64 
2273443 252 
2284001 256 
2285453 255 
2294608 61 
2294728 151 
2294728 69 
2294795 93 
2296257 103 
2296257 101 
2297067 100 
2297067 4
2297067 1532
2297067 10
2299068 25 
2299146 75 
2299547 72 
2299547 70 
2300139 80 
2300259 83 
2300832 64 
2301194 255 
2302645 61 
2302780 151 
2302780 69 
2302847 93 
2303331 91 
2303950 91 
2304310 103 
2304310 101 
2305116 100 
2305116 4
2305116 1532
2305116 10
2307116 25 
2309807 75 
2310208 72 
2310208 70 
2310815 80 
2310935 83 
2312254 64 
2312389 256 
2312507 61 
2312640 151 
2312640 69 
2312723 93 
2314187 103 
2314187 101 
2314992 100 
2314992 4
2314992 1532
2314992 10
2316992 25 
2317072 75 
2317475 72 
2317475 70 
2318065 80 
2318185 83 
2318891 64 
2319506 61 
2319638 151 
2319638 69 
2319707 93 
2321167 103 
2321167 101 
2321975 100 
2321975 4
2321975 1532
2321975 11
2323978 25 
2324055 75 
2324459 72 
2324459 70 
2325062 80 
2325182 83 
2325542 64 
2325663 256 
2325782 62 
2325902 151 
2325902 69 
2325976 93 
2326658 91 
2327433 103 
2327433 101 
2328240 100 
2328240 4
2328240 1532
2328240 11
2330242 25 
2330320 75 
2330721 72 
2330721 70 
2331326 80 
2331459 83 
2331819 64 
2332181 62 
2332312 151 
2332312 69 
2332377 93 
2333088 91 
2333844 103 
2333844 101 
2334650 100 
2334650 4
2334650 1532
2334650 11
2336652 25 
2336733 75 
2337134 72 
2337134 70 
2337710 80 
2337843 83 
2338310 64 
2338551 256 
2338670 63 
2338790 151 
2338790 69 
2338860 93 
2340320 103 
2340320 101 
2341130 100 
2341130 4
2341130 1532
2341130 10
2343130 25 
2343209 75 
2343613 72 
2343613 70 
2344214 80 
2344334 83 
2344920 64 
2345282 256 
2345414 61 
2345547 153 
2345547 68 
2345547 65
2345617 92 
2347078 103 
2347078 101 
2347584 100 
2347584 4
2347584 1532
2347584 10
2349585 25 
2349659 75 
2350060 72 
2350060 70 
2350638 80 
2350771 83 
2351011 64 
2351493 61 
2351624 151 
2351624 69 
2351692 93 
2352206 91 
2352325 91 
2353073 91 
2353154 103 
2353154 101 
2353964 100 
2353964 4
2353964 1532
2353964 10
2355963 25 
2356042 75 
2356444 72 
2356444 70 
2357035 80 
2357155 83 
2357862 64 
2358117 256 
2358235 61 
2358368 151 
2358368 69 
2358441 93 
2359131 91 
2359813 91 
2359901 103 
2359901 101 
2360706 100 
2360706 4
2360706 1532
2360706 11
2362708 25 
2365831 75 
2366233 72 
2366233 70 
2367111 80 
2367311 83 
2368018 64 
2368726 256 
2368924 61 
2369124 150 
2369124 68 
2369124 65
2369198 92 
2369588 90 
2370658 103 
2370658 101 
2371161 100 
2371161 4
2371161 1532
2371161 11
2373162 25 
2373248 75 
2373649 72 
2373649 70 
2374415 250 
2388902 71 
2389035 80 
2389155 83 
2393887 252 
2394008 256 
2394140 61 
2394273 150 
2394273 68 
2394273 65
2394349 92 
2395802 103 
2395802 101 
2396311 100 
2396311 4
2396311 1532
2396311 10
2398313 25 
2398387 75 
2398788 72 
2398788 70 
2399365 80 
2399484 83 
2399964 64 
2400219 256 
2400337 61 
2400471 151 
2400471 69 
2400541 93 
2401142 91 
2401903 91 
2402003 103 
2402003 101 
2402810 100 
2402810 4
2402810 1532
2402810 11
2404811 25 
2404893 75 
2405295 72 
2405295 70 
2405868 80 
2405989 83 
2406348 64 
2407070 256 
2407188 61 
2407321 152 
2407321 69 
2407392 93 
2407832 91 
2408855 103 
2408855 101 
2409665 100 
2409665 4
2409665 1532
2409665 10
2411662 25 
2411739 75 
2412145 72 
2412145 70 
2412732 80 
2412852 83 
2413452 64 
2413947 256 
2414065 61 
2414185 151 
2414185 69 
2414254 93 
2415720 103 
2415720 101 
2416525 100 
2416525 4
2416525 1532
2416525 10
2418524 25 
2418603 75 
2419010 72 
2419010 70 
2419623 80 
2419745 83 
2420329 64 
2421064 61 
2421195 151 
2421195 69 
2421263 93 
2422027 91 
2422725 103 
2422725 101 
2423537 100 
2423537 4
2423537 1532
2423537 11
2425535 25 
2425614 75 
2426019 72 
2426019 70 
2426607 80 
2426740 83 
2426860 64 
2427582 61 
2427713 150 
2427713 68 
2427713 65
2427781 92 
2429246 103 
2429246 101 
2429750 100 
2429750 4
2429750 1532
2429750 10
2431752 25 
2431843 75 
2436936 73 
2437237 72 
2437237 70 
2437842 80 
2437962 83 
2439508 64 
2439643 256 
2439774 61 
2439894 151 
2439894 69 
2439962 93 
2441424 103 
2441424 101 
2442234 100 
2442234 4
2442234 1532
2442234 10
2444234 25 
2454308 254 
2459543 75 
2459949 72 
2459949 70 
2460539 80 
2460659 83 
2461499 64 
2461634 256 
2461754 61 
2461885 151 
2461885 69 
2461954 93 
2462495 91 
2463419 103 
2463419 101 
2464223 100 
2464223 4
2464223 1532
2464223 11
2466224 25 
2466305 75 
2468681 73 
2468984 72 
2468984 70 
2469589 80 
2469709 83 
2470415 64 
2470670 256 
2470788 62 
2470921 151 
2470921 69 
2470991 93 
2471965 91 
2472453 103 
2472453 101 
2473261 100 
2473261 4
2473261 1532
2473261 11
2475261 25 
2475339 75 
2475745 72 
2475745 70 
2476786 80 
2476986 83 
2477386 64 
2477601 256 
2477919 61 
2478119 150 
2478119 68 
2478119 65
2478188 92 
2478587 90 
2479222 90 
2479649 103 
2479649 101 
2480158 100 
2480158 4
2480158 1532
2480158 11
2482157 25 
2482231 75 
2482636 72 
2482636 70 
2483423 80 
2483623 83 
2483996 64 
2484212 256 
2484329 61 
2484529 150 
2484529 68 
2484529 65
2484601 92 
2485141 90 
2486062 103 
2486062 101 
2486568 100 
2486568 4
2486568 1532
2486568 10
2488569 25 
2488642 75 
2489050 72 
2489050 70 
2489807 80 
2490007 83 
2490940 64 
2491195 256 
2491313 63 
2491433 151 
2491433 69 
2491501 93 
2492964 103 
2492964 101 
2493773 100 
2493773 4
2493773 1532
2493773 11
2495771 25 
2495851 75 
2496257 72 
2496257 70 
2496831 80 
2496951 83 
2497311 64 
2497445 256 
2497564 61 
2497697 150 
2497697 68 
2497697 65
2497770 92 
2498305 90 
2499228 103 
2499228 101 
2499736 100 
2499736 4
2499736 1532
2499736 11
2501737 25 
2501821 75 
2502226 72 
2502226 70 
2502815 80 
2502935 83 
2503535 64 
2503790 256 
2503908 61 
2504041 152 
2504041 69 
2504113 93 
2504618 91 
2505115 91 
2505569 91 
2505569 103 
2505569 101 
2506379 100 
2506379 4
2506379 1532
2506379 10
2508381 25 
2508463 75 
2508867 72 
2508867 70 
2509452 80 
2509572 83 
2510172 64 
2510427 256 
2510545 61 
2510678 151 
2510678 69 
2510745 93 
2511905 91 
2512209 103 
2512209 101 
2513016 100 
2513016 4
2513016 1532
2513016 10
2515018 25 
2521193 75 
2521598 72 
2521598 70 
2522180 80 
2522300 83 
2525699 64 
2525954 256 
2526072 61 
2526205 151 
2526205 69 
2526286 93 
2527109 91 
2527751 103 
2527751 101 
2528556 100 
2528556 4
2528556 1532
2528556 11
2530558 25 
2531768 75 
2532028 73 
2532354 72 
2532354 70 
2532843 71 
2533069 250 
2533191 71 
2533670 71 
2533789 80 
2533909 83 
2534029 64 
2534268 256 
2537041 61 
2537161 150 
2537161 68 
2537161 65
2537233 92 
2538605 90 
2538693 103 
2538693 101 
2539201 100 
2539201 4
2539201 1532
2539201 10
2541200 25 
2541272 75 
2541678 72 
2541678 70 
2542252 80 
2542372 83 
2543785 64 
2544026 256 
2544158 63 
2544278 151 
2544278 69 
2544346 93 
2545807 103 
2545807 101 
2546617 100 
2546617 4
2546617 1532
2546617 11
2548617 25 
2548734 75 
2549101 73 
2549357 73 
2549667 72 
2549667 70 
2550275 250 
2550622 71 
2551222 71 
2551928 71 
2552288 71 
2552528 71 
2552887 71 
2553007 80 
2553141 250 
2553383 76 
2553636 76 
2553876 76 
2553994 83 
2554234 64 
2555088 256 
2555207 61 
2555340 150 
2555340 68 
2555340 65
2555409 92 
2555855 90 
2556873 103 
2556873 101 
2557377 100 
2557377 4
2557377 1532
2557377 11
2559380 25 
2559464 75 
2559867 72 
2559867 70 
2560458 80 
2560578 83 
2560937 64 
2561179 256 
2561297 61 
2561420 150 
2561420 68 
2561420 65
2561487 92 
2562950 103 
2562950 101 
2563455 100 
2563455 4
2563455 1532
2563455 10
2565455 25 
2565528 75 
2565936 72 
2565936 70 
2566522 80 
2566642 83 
2567242 64 
2567483 61 
2567615 151 
2567615 69 
2567690 93 
2568238 91 
2569147 103 
2569147 101 
2569953 100 
2569953 4
2569953 1532
2569953 10
2571954 25 
2572032 75 
2572439 72 
2572439 70 
2573026 80 
2573146 83 
2585501 252 
2588274 256 
2588873 61 
2589006 151 
2589006 69 
2589073 93 
2590538 103 
2590538 101 
2591346 100 
2591346 4
2591346 1532
2591346 10
2593348 25 
2593429 75 
2593835 72 
2593835 70 
2595097 250 
2595338 71 
2595456 80 
2595590 250 
2596192 76 
2596789 76 
2596922 83 
2597162 64 
2597284 256 
2597416 61 
2597536 151 
2597536 69 
2597606 93 
2598016 91 
2598138 91 
2598667 91 
2599073 103 
2599073 101 
2599889 100 
2599889 4
2599889 1532
2599889 10
2601887 25 
2602520 75 
2603422 73 
2603724 72 
2603724 70 
2604546 250 
2636599 71 
2636959 80 
2637079 83 
2637919 252 
2639120 61 
2639253 151 
2639253 69 
2696183 91 
2696199 93 
2696199 103 
2696199 101 
2697020 100 
2697020 4
2697020 1532
2697020 11
2699020 25 
2699099 75 
2699504 72 
2699504 70 
2700426 80 
2700626 83 
2701039 64 
2701254 256 
2701372 62 
2701572 151 
2701572 69 
2701643 93 
2703103 103 
2703103 101 
2703912 100 
2703912 4
2703912 1532
2703912 10
2705911 25 
2706325 75 
2706729 72 
2706729 70 
2707493 80 
2707690 83 
2708116 64 
2708491 256 
2708623 61 
2708756 151 
2708756 69 
2708825 93 
2709273 91 
2709858 91 
2710219 91 
2710286 103 
2710286 101 
2711095 100 
2711095 4
2711095 1532
2711095 11
2713095 25 
2713174 75 
2713580 72 
2713580 70 
2714180 80 
2714300 83 
2714660 64 
2714782 256 
2714900 62 
2715020 151 
2715020 69 
2715091 93 
2715938 91 
2716363 91 
2716549 103 
2716549 101 
2717359 100 
2717359 4
2717359 1532
2717359 11
2719360 25 
2729433 254 
2737362 75 
2740463 73 
2740709 73 
2741044 73 
2741347 72 
2741347 70 
2741837 250 
2741957 71 
2743022 71 
2743382 80 
2743502 83 
2744208 64 
2744450 256 
2744568 62 
2744701 151 
2744701 69 
2744773 93 
2746231 103 
2746231 101 
2747040 100 
2747040 4
2747040 1532
2747040 11
2749040 25 
2757116 75 
2757351 73 
2757657 72 
2757657 70 
2758255 80 
2758375 83 
2763253 64 
2763495 61 
2763627 150 
2763627 68 
2763627 65
2763709 92 
2765171 103 
2765171 101 
2765678 100 
2765678 4
2765678 1532
2765678 11
2767681 25 
2767764 75 
2768172 72 
2768172 70 
2768758 80 
2768878 83 
2769118 64 
2769239 256 
2769358 61 
2769491 152 
2769491 69 
2769558 93 
2771025 103 
2771025 101 
2771844 100 
2771844 4
2771844 1532
2771844 10
2773844 25 
2773922 75 
2774330 72 
2774330 70 
2774942 80 
2775062 83 
2775542 64 
2775795 61 
2775928 151 
2775928 69 
2775996 93 
2776693 91 
2777457 103 
2777457 101 
2778269 100 
2778269 4
2778269 1532
2778269 10
2780266 25 
2780349 75 
2780754 72 
2780754 70 
2781339 80 
2781459 83 
2781819 64 
2782420 256 
2782539 61 
2782672 151 
2782672 69 
2782739 93 
2783240 91 
2783674 91 
2784133 91 
2784205 103 
2784205 101 
2785009 100 
2785009 4
2785009 1532
2785009 11
2787011 25 
2787090 75 
2787496 72 
2787496 70 
2788070 80 
2788190 83 
2788550 64 
2789045 256 
2789176 61 
2789309 150 
2789309 68 
2789309 65
2789378 92 
2789890 90 
2790269 90 
2790838 103 
2790838 101 
2791348 100 
2791348 4
2791348 1532
2791348 10
2793349 25 
2793434 75 
2793840 72 
2793840 70 
2794440 80 
2794561 83 
2795040 64 
2795282 256 
2795400 61 
2795520 151 
2795520 69 
2795591 93 
2797052 103 
2797052 101 
2797858 100 
2797858 4
2797858 1532
2797858 11
2799859 25 
2799938 75 
2800344 72 
2800344 70 
2800944 80 
2801064 83 
2801304 64 
2801786 61 
2801904 150 
2801904 68 
2801904 65
2801974 92 
2802514 90 
2803434 103 
2803434 101 
2803944 100 
2803944 4
2803944 1532
2803944 10
2805943 25 
2806015 75 
2806416 72 
2806416 70 
2807222 80 
2807435 83 
2809048 64 
2809262 61 
2809381 151 
2809381 69 
2809454 93 
2809906 91 
2810392 91 
2810915 103 
2810915 101 
2811721 100 
2811721 4
2811721 1532
2811721 11
2813720 25 
2813799 75 
2814201 72 
2814201 70 
2814939 80 
2815059 83 
2815525 64 
2815658 256 
2815780 61 
2815912 152 
2815912 69 
2815979 93 
2816522 91 
2816933 91 
2817134 91 
2817446 103 
2817446 101 
2818252 100 
2818252 4
2818252 1532
2818252 10
2820252 25 
2820329 75 
2820730 72 
2820730 70 
2821323 80 
2821443 83 
2822162 64 
2822417 256 
2822549 61 
2822669 151 
2822669 69 
2822739 93 
2824203 103 
2824203 101 
2825007 100 
2825007 4
2825007 1532
2825007 11
2827008 25 
2827086 75 
2827490 72 
2827490 70 
2828093 80 
2828213 83 
2845406 252 
2845661 256 
2847020 62 
2847152 151 
2847152 69 
2847222 93 
2847629 91 
2847738 91 
2848684 103 
2848684 101 
2849492 100 
2849492 4
2849492 1532
2849492 11
2851492 25 
2852579 75 
2852819 73 
2853091 73 
2853394 72 
2853394 70 
2854004 80 
2854122 83 
2855642 64 
2855897 61 
2856028 150 
2856028 68 
2856028 65
2856101 92 
2857001 90 
2857559 103 
2857559 101 
2858066 100 
2858066 4
2858066 1532
2858066 10
2860067 25 
2860140 75 
2860549 72 
2860549 70 
2861146 80 
2861266 83 
2861746 64 
2861881 256 
2861999 61 
2862132 151 
2862132 69 
2862199 93 
2862674 91 
2863294 91 
2863665 103 
2863665 101 
2864472 100 
2864472 4
2864472 1532
2864472 11
2866471 25 
2866550 75 
2866952 72 
2866952 70 
2867557 80 
2867677 83 
2868143 64 
2868265 256 
2868383 61 
2868516 150 
2868516 68 
2868516 65
2868590 92 
2869465 90 
2870001 90 
2870047 103 
2870047 101 
2870555 100 
2870555 4
2870555 1532
2870555 10
2872555 25 
2872628 75 
2873035 72 
2873035 70 
2873621 80 
2873741 83 
2874207 64 
2874449 256 
2874581 61 
2874701 151 
2874701 69 
2874770 93 
2875462 91 
2876234 103 
2876234 101 
2877041 100 
2877041 4
2877041 1532
2877041 10
2879039 25 
2879123 75 
2879528 72 
2879528 70 
2880112 80 
2880231 83 
2880831 64 
2880966 256 
2881098 61 
2881231 151 
2881231 69 
2881300 93 
2882085 91 
2882761 103 
2882761 101 
2883570 100 
2883570 4
2883570 1532
2883570 11
2885570 25 
2885652 75 
2886057 72 
2886057 70 
2886629 80 
2886749 83 
2886989 64 
2887231 256 
2887362 61 
2887482 150 
2887482 68 
2887482 65
2887551 92 
2888371 90 
2888935 90 
2889011 103 
2889011 101 
2889519 100 
2889519 4
2889519 1532
2889519 10
2891520 25 
2891595 75 
2891998 72 
2891998 70 
2892573 80 
2892706 83 
2894932 64 
2895187 256 
2895319 61 
2895452 151 
2895452 69 
2895521 93 
2895983 91 
2896335 91 
2896954 91 
2896983 103 
2896983 101 
2897792 100 
2897792 4
2897792 1532
2897792 11
2899792 25 
2899870 75 
2900272 72 
2900272 70 
2900850 80 
2900970 83 
2901436 64 
2901811 256 
2901929 61 
2902049 152 
2902049 69 
2902117 93 
2903582 103 
2903582 101 
2904388 100 
2904388 4
2904388 1532
2904388 10
2906389 25 
2906471 75 
2906874 72 
2906874 70 
2907474 80 
2907593 83 
2908300 64 
2908635 256 
2908766 61 
2909233 151 
2909233 69 
2909301 93 
2909716 91 
2910178 91 
2910619 91 
2910767 103 
2910767 101 
2911571 100 
2911571 4
2911571 1532
2911571 11
2913572 25 
2913657 75 
2914121 73 
2914428 72 
2914428 70 
2915484 80 
2915683 83 
2916190 64 
2916392 256 
2916603 61 
2916723 150 
2916723 68 
2916723 65
2916794 92 
2917567 90 
2918224 90 
2918251 103 
2918251 101 
2918763 100 
2918763 4
2918763 1532
2918763 10
2920763 25 
2920836 75 
2921239 72 
2921239 70 
2922041 250 
2927745 71 
2927945 80 
2928145 83 
2930197 64 
2930401 256 
2930611 61 
2930731 151 
2930731 69 
2930805 93 
2932263 103 
2932263 101 
2933069 100 
2933069 4
2933069 1532
2933069 11
2935069 25 
2935148 75 
2935552 72 
2935552 70 
2936328 80 
2936542 83 
2936861 64 
2937063 256 
2937181 61 
2937381 150 
2937381 68 
2937381 65
2937453 92 
2937923 90 
2938915 103 
2938915 101 
2939420 100 
2939420 4
2939420 1532
2939420 10
2941421 25 
2941506 75 
2941913 72 
2941913 70 
2942686 80 
2942872 83 
2943579 64 
2943780 256 
2943978 61 
2944098 151 
2944098 69 
2944164 93 
2945630 103 
2945630 101 
2946437 100 
2946437 4
2946437 1532
2946437 11
2948437 25 
2948522 75 
2948927 72 
2948927 70 
2949696 80 
2949883 83 
2950389 64 
2950607 256 
2950816 61 
2950935 150 
2950935 68 
2950935 65
2951005 92 
2951578 90 
2952188 90 
2952322 90 
2952467 103 
2952467 101 
2952975 100 
2952975 4
2952975 1532
2952975 11
2954974 25 
2955060 75 
2955462 72 
2955462 70 
2956253 80 
2956440 83 
2956653 64 
2956855 61 
2956986 150 
2956986 68 
2956986 65
2957055 92 
2957613 90 
2958322 90 
2958519 103 
2958519 101 
2959024 100 
2959024 4
2959024 1532
2959024 10
2961026 25 
2961111 75 
2961511 72 
2961511 70 
2962278 80 
2962477 83 
2962797 64 
2962999 256 
2963197 61 
2963397 151 
2963397 69 
2963479 93 
2963944 91 
2964367 91 
2964941 103 
2964941 101 
2965749 100 
2965749 4
2965749 1532
2965749 10
2967749 25 
2967828 75 
2968235 72 
2968235 70 
2969115 80 
2969315 83 
2970088 64 
2970409 256 
2970594 61 
2970794 151 
2970794 69 
2970861 93 
2971289 91 
2972132 91 
2972324 103 
2972324 101 
2973132 100 
2973132 4
2973132 1532
2973132 10
2975133 25 
2975212 75 
2975617 72 
2975617 70 
2976378 80 
2976578 83 
2978964 64 
2979339 256 
2979537 61 
2979684 151 
2979684 69 
2979756 93 
2980204 91 
2980698 91 
2981197 91 
2981211 103 
2981211 101 
2982023 100 
2982023 4
2982023 1532
2982023 11
2984023 25 
2985239 75 
2990441 73 
2990771 72 
2990771 70 
2991572 80 
2991772 83 
2992372 64 
2992587 256 
2992718 61 
2992931 150 
2992931 68 
2992931 65
2993005 92 
2994062 90 
2994463 103 
2994463 101 
2994970 100 
2994970 4
2994970 1532
2994970 11
2996970 25 
2997056 75 
2997457 72 
2997457 70 
2998222 80 
2998342 83 
2998916 64 
2999119 256 
2999342 61 
2999462 150 
2999462 68 
2999462 65
2999532 92 
3000097 90 
3000761 90 
3000992 103 
3000992 101 
3001502 100 
3001502 4
3001502 1532
3001502 10
3003500 25 
3003573 75 
3003979 72 
3003979 70 
3004740 80 
3004940 83 
3005433 64 
3005848 256 
3006059 63 
3006193 153 
3006193 68 
3006193 65
3006261 92 
3007726 103 
3007726 101 
3008233 100 
3008233 4
3008233 1532
3008233 11
3010233 25 
3010304 75 
3010705 72 
3010705 70 
3011497 80 
3011697 83 
3012257 64 
3012511 256 
3012630 61 
3012763 150 
3012763 68 
3012763 65
3012836 92 
3013593 90 
3014157 90 
3014294 103 
3014294 101 
3014803 100 
3014803 4
3014803 1532
3014803 10
3016803 25 
3016874 75 
3017282 72 
3017282 70 
3017854 80 
3017974 83 
3018454 64 
3018829 63 
3018961 151 
3018961 69 
3019031 93 
3020494 103 
3020494 101 
3021300 100 
3021300 4
3021300 1532
3021300 10
3023301 25 
3023953 75 
3024563 73 
3024879 72 
3024879 70 
3025131 250 
3025491 71 
3026079 71 
3026906 71 
3027144 80 
3027264 250 
3027386 76 
3027504 83 
3027983 64 
3028358 61 
3028490 151 
3028490 69 
3028565 93 
3029168 91 
3029468 91 
3030024 103 
3030024 101 
3030830 100 
3030830 4
3030830 1532
3030830 10
3032830 25 
3033240 75 
3033646 72 
3033646 70 
3034248 80 
3034368 83 
3034847 64 
3034983 256 
3035114 61 
3035234 153 
3035234 68 
3035234 65
3035306 92 
3036227 90 
3036763 103 
3036763 101 
3037272 100 
3037272 4
3037272 1532
3037272 11
3039274 25 
3039345 75 
3039751 72 
3039751 70 
3040352 80 
3040472 83 
3041058 64 
3041313 256 
3041431 63 
3041551 151 
3041551 69 
3041617 93 
3042262 91 
3042762 91 
3043084 91 
3043084 103 
3043084 101 
3043905 100 
3043905 4
3043905 1532
3043905 11
3045904 25 
3045986 75 
3046394 72 
3046394 70 
3046976 80 
3047096 83 
3047575 64 
3047844 61 
3047975 150 
3047975 68 
3047975 65
3048050 92 
3049302 90 
3049505 103 
3049505 101 
3050014 100 
3050014 4
3050014 1532
3050014 11
3052013 25 
3052088 75 
3052494 72 
3052494 70 
3053093 80 
3053213 250 
3057051 76 
3057171 83 
3058717 64 
3058973 256 
3059104 61 
3059224 150 
3059224 68 
3059224 65
3059298 92 
3060008 90 
3060606 90 
3060756 103 
3060756 101 
3061264 100 
3061264 4
3061264 1532
3061264 10
3063263 25 
3063335 75 
3063737 72 
3063737 70 
3064328 80 
3064448 83 
3064928 64 
3065050 256 
3065181 61 
3065315 151 
3065315 69 
3065385 93 
3065854 91 
3066217 91 
3066848 103 
3066848 101 
3067654 100 
3067654 4
3067654 1532
3067654 11
3069653 25 
3069732 75 
3070135 72 
3070135 70 
3070739 80 
3070859 83 
3071339 64 
3071461 256 
3071581 61 
3071712 150 
3071712 68 
3071712 65
3071782 92 
3072406 90 
3073237 90 
3073247 103 
3073247 101 
3073764 100 
3073764 4
3073764 1532
3073764 10
3075765 25 
3075850 75 
3076256 72 
3076256 70 
3076857 80 
3076977 83 
3077683 64 
3077805 256 
3077936 61 
3078056 151 
3078056 69 
3078130 93 
3079588 103 
3079588 101 
3080394 100 
3080394 4
3080394 1532
3080394 11
3082396 25 
3082475 75 
3082884 72 
3082884 70 
3083467 80 
3083587 83 
3084307 64 
3084547 61 
3084680 150 
3084680 68 
3084680 65
3084754 92 
3085456 90 
3086072 90 
3086217 90 
3086217 103 
3086217 101 
3086732 100 
3086732 4
3086732 1532
3086732 11
3088731 25 
3088805 75 
3089211 72 
3089211 70 
3089798 80 
3089918 83 
3090398 64 
3090653 256 
3090784 63 
3090917 153 
3090917 68 
3090917 65
3090984 92 
3092447 103 
3092447 101 
3092957 100 
3092957 4
3092957 1532
3092957 10
3094957 25 
3095029 75 
3095434 72 
3095434 70 
3096022 80 
3096142 83 
3096862 64 
3097117 256 
3097248 63 
3097368 151 
3097368 69 
3097438 93 
3098901 103 
3098901 101 
3099704 100 
3099704 4
3099704 1532
3099704 10
3101707 25 
3101791 75 
3102199 72 
3102199 70 
3102806 80 
3102926 83 
3104938 64 
3105311 256 
3105445 61 
3105565 151 
3105565 69 
3105636 93 
3107094 103 
3107094 101 
3107903 100 
3107903 4
3107903 1532
3107903 10
3109903 25 
3109982 75 
3110385 72 
3110385 70 
3110976 80 
3111096 83 
3111575 64 
3111830 61 
3111962 151 
3111962 69 
3112036 93 
3112682 91 
3113112 91 
3113495 103 
3113495 101 
3114299 100 
3114299 4
3114299 1532
3114299 11
3116300 25 
3116380 75 
3116786 72 
3116786 70 
3117386 80 
3117506 83 
3117973 64 
3118214 256 
3118346 61 
3118479 150 
3118479 68 
3118479 65
3118555 92 
3119078 90 
3119941 90 
3120006 103 
3120006 101 
3120056 102 
