0 100 
0 5
0 1597
0 10
1998 25 
2065 75 
2891 72 
2891 70 
4021 80 
4505 83 
6561 64 
6746 62 
6762 62 
6762 151 
6762 69 
6976 93 
8287 103 
8287 101 
9197 100 
9197 5
9197 1597
9197 11
11196 25 
11244 75 
12067 72 
12067 70 
13116 80 
13596 83 
13690 64 
13868 62 
13888 62 
13888 150 
13888 68 
13888 65
14108 92 
15421 103 
15421 101 
15927 100 
15927 5
15927 1597
15927 10
17929 25 
17988 75 
18810 72 
18810 70 
19859 80 
20344 83 
20862 64 
21111 61 
21132 61 
21132 151 
21132 69 
21342 93 
22653 103 
22653 101 
23563 100 
23563 5
23563 1597
23563 11
25565 25 
25614 75 
26439 72 
26439 70 
27544 80 
27939 76 
28429 76 
28502 83 
28651 64 
28839 62 
28860 62 
28860 150 
28860 68 
28860 65
29070 92 
30383 103 
30383 101 
30892 100 
30892 5
30892 1597
30892 10
32895 25 
32944 75 
33773 72 
33773 70 
34787 80 
35505 76 
35600 83 
35769 64 
35993 63 
36008 63 
36008 150 
36008 68 
36008 65
36203 92 
37535 103 
37535 101 
38052 100 
38052 5
38052 1597
38052 11
40051 25 
40112 75 
40937 72 
40937 70 
41929 80 
42668 76 
42742 83 
42877 64 
43089 62 
43110 62 
43110 150 
43110 68 
43110 65
43317 92 
44633 103 
44633 101 
45143 100 
45143 5
45143 1597
45143 10
47140 25 
47194 75 
48020 72 
48020 70 
48997 80 
50300 76 
50335 76 
50833 76 
50924 83 
51174 64 
51409 63 
51430 63 
51430 150 
51430 68 
51430 65
51626 92 
52951 103 
52951 101 
53458 100 
53458 5
53458 1597
53458 11
55459 25 
55519 75 
56344 72 
56344 70 
57295 80 
57676 83 
57786 64 
57990 256 
58010 62 
58030 62 
58030 152 
58030 69 
58240 93 
59558 103 
59558 101 
60469 100 
60469 5
60469 1597
60469 11
62469 25 
62516 75 
63343 72 
63343 70 
64110 80 
65154 76 
65225 83 
65448 64 
66360 61 
66376 61 
66376 151 
66376 69 
66579 93 
67092 91 
67521 91 
67631 91 
67901 103 
67901 101 
68810 100 
68810 5
68810 1597
68810 10
70811 25 
70860 75 
71689 72 
71689 70 
72471 80 
72848 83 
73777 64 
74715 61 
74730 61 
74730 151 
74730 69 
74936 93 
76261 103 
76261 101 
77169 100 
77169 5
77169 1597
77169 11
79169 25 
79229 75 
80052 72 
80052 70 
80823 80 
81191 83 
83287 64 
84833 63 
84848 63 
84848 151 
84848 69 
85058 93 
86378 103 
86378 101 
87295 100 
87295 5
87295 1597
87295 11
89297 25 
89345 75 
90170 72 
90170 70 
90941 80 
91323 83 
91825 64 
93065 61 
93081 61 
93081 151 
93081 69 
93287 93 
93676 91 
94613 103 
94613 101 
95520 100 
95520 5
95520 1597
95520 11
97519 25 
97567 75 
98395 72 
98395 70 
99177 80 
99545 83 
99871 64 
100721 63 
100739 63 
100739 151 
100739 69 
100942 93 
102190 91 
102267 103 
102267 101 
103183 100 
103183 5
103183 1597
103183 11
105183 25 
105231 75 
106055 72 
106055 70 
106826 80 
107202 83 
108312 64 
110601 62 
110619 62 
110619 150 
110619 68 
110619 65
110827 92 
111111 90 
112157 103 
112157 101 
112673 100 
112673 5
112673 1597
112673 11
114673 25 
114738 75 
115577 72 
115577 70 
116352 80 
117039 76 
117193 83 
117226 64 
117419 62 
117436 62 
117436 152 
117436 69 
117641 93 
118962 103 
118962 101 
119869 100 
119869 5
119869 1597
119869 10
121868 25 
121918 75 
122742 72 
122742 70 
123512 80 
123878 83 
125126 64 
125854 63 
125873 63 
125873 150 
125873 68 
125873 65
126077 92 
127396 103 
127396 101 
127905 100 
127905 5
127905 1597
127905 10
129906 25 
129953 75 
130778 72 
130778 70 
131545 80 
133535 76 
134090 76 
134177 83 
134348 64 
134611 63 
134635 63 
134635 150 
134635 68 
134635 65
134839 92 
136156 103 
136156 101 
136661 100 
136661 5
136661 1597
136661 10
138663 25 
138723 75 
139547 72 
139547 70 
140318 80 
141017 76 
141088 83 
141212 64 
141425 63 
141446 63 
141446 150 
141446 68 
141446 65
141659 92 
142979 103 
142979 101 
143490 100 
143490 5
143490 1597
143490 10
145489 25 
145547 75 
146374 72 
146374 70 
147141 80 
147512 83 
147600 64 
147824 63 
147844 63 
147844 150 
147844 68 
147844 65
148060 92 
149375 103 
149375 101 
149883 100 
149883 5
149883 1597
149883 10
151883 25 
151937 75 
152766 72 
152766 70 
153539 80 
153912 83 
153952 64 
154175 63 
154197 63 
154197 150 
154197 68 
154197 65
154405 92 
155719 103 
155719 101 
156228 100 
156228 5
156228 1597
156228 11
158228 25 
158280 75 
159108 72 
159108 70 
160114 80 
160572 83 
160745 64 
160997 62 
161019 62 
161019 150 
161019 68 
161019 65
161228 92 
162541 103 
162541 101 
163049 100 
163049 5
163049 1597
163049 10
165050 25 
165099 75 
165924 72 
165924 70 
166882 80 
167713 76 
167786 83 
167918 64 
168136 63 
168156 63 
168156 150 
168156 68 
168156 65
168374 92 
169684 103 
169684 101 
170195 100 
170195 5
170195 1597
170195 11
172193 25 
172242 75 
173071 72 
173071 70 
173852 80 
174429 76 
174859 76 
174967 83 
175020 64 
175219 62 
175238 62 
175238 150 
175238 68 
175238 65
175446 92 
176767 103 
176767 101 
177272 100 
177272 5
177272 1597
177272 11
179271 25 
179319 75 
180147 72 
180147 70 
180930 80 
181621 76 
181705 83 
181814 64 
182017 62 
182037 62 
182037 150 
182037 68 
182037 65
182244 92 
183560 103 
183560 101 
184067 100 
184067 5
184067 1597
184067 10
186068 25 
186118 75 
186945 72 
186945 70 
187712 80 
188454 76 
188925 76 
189030 83 
189098 64 
189325 63 
189345 63 
189345 150 
189345 68 
189345 65
189546 92 
190864 103 
190864 101 
191375 100 
191375 5
191375 1597
191375 10
193373 25 
193438 75 
194260 72 
194260 70 
195028 80 
195396 83 
195503 64 
195765 63 
195785 63 
195785 152 
195785 69 
195994 93 
197316 103 
197316 101 
198237 100 
198237 5
198237 1597
198237 11
200236 25 
200285 75 
201113 72 
201113 70 
201891 80 
202524 76 
202649 83 
202722 64 
202933 62 
202953 62 
202953 150 
202953 68 
202953 65
203174 92 
204482 103 
204482 101 
204993 100 
204993 5
204993 1597
204993 10
206992 25 
207040 75 
207862 72 
207862 70 
208631 80 
209004 83 
209229 64 
209462 63 
209483 63 
209483 150 
209483 68 
209483 65
209695 92 
211014 103 
211014 101 
211523 100 
211523 5
211523 1597
211523 11
213523 25 
213572 75 
214400 72 
214400 70 
215180 80 
215887 76 
215961 83 
216085 64 
216277 62 
216298 62 
216298 150 
216298 68 
216298 65
216508 92 
217829 103 
217829 101 
218346 100 
218346 5
218346 1597
218346 10
220349 25 
220409 75 
221235 72 
221235 70 
222002 80 
222716 76 
222788 83 
222891 64 
223107 256 
223126 63 
223147 63 
223147 150 
223147 68 
223147 65
223360 92 
224675 103 
224675 101 
225185 100 
225185 5
225185 1597
225185 10
225185 79 
227184 25 
227238 75 
228060 72 
228060 70 
228825 80 
229568 76 
230103 76 
230178 83 
230288 64 
230484 256 
230502 63 
230522 63 
230522 150 
230522 68 
230522 65
230736 92 
232045 103 
232045 101 
232561 100 
232561 5
232561 1597
232561 10
234560 25 
234616 75 
235441 72 
235441 70 
236205 80 
236582 83 
236750 64 
236994 63 
237016 63 
237016 150 
237016 68 
237016 65
237220 92 
238537 103 
238537 101 
239051 100 
239051 5
239051 1597
239051 11
241048 25 
241106 75 
241934 72 
241934 70 
242696 80 
243071 83 
243107 64 
243325 62 
243348 62 
243348 150 
243348 68 
243348 65
243553 92 
244864 103 
244864 101 
245374 100 
245374 5
245374 1597
245374 11
247376 25 
247437 75 
248262 72 
248262 70 
249026 80 
249545 76 
250115 76 
250193 83 
250395 64 
250596 62 
250617 62 
250617 152 
250617 69 
250827 93 
252025 91 
252152 103 
252152 101 
253064 100 
253064 1
253064 1597
253064 11
253064 78 
253064 781 
255065 25 
255113 75 
255936 72 
255936 70 
256711 80 
257086 83 
257231 64 
258462 61 
258478 61 
258478 151 
258478 69 
258684 93 
259191 91 
259758 91 
260005 103 
260005 101 
260921 100 
260921 1
260921 1597
260921 10
262921 25 
262976 75 
263805 72 
263805 70 
264589 80 
264971 83 
266114 64 
267044 62 
267060 62 
267060 151 
267060 69 
267270 93 
268588 103 
268588 101 
269499 100 
269499 1
269499 1597
269499 11
271499 25 
271560 75 
272382 72 
272382 70 
273322 80 
273700 83 
274145 64 
274857 62 
274875 62 
274875 150 
274875 68 
274875 65
275077 92 
275364 90 
276400 103 
276400 101 
276909 100 
276909 1
276909 1597
276909 10
278908 25 
278962 75 
279784 72 
279784 70 
280551 80 
280916 83 
281682 64 
282428 62 
282444 62 
282444 151 
282444 69 
282644 93 
283970 103 
283970 101 
284878 100 
284878 1
284878 1597
284878 11
286878 25 
287045 75 
287220 73 
288046 72 
288046 70 
288812 80 
289185 83 
290244 64 
290856 63 
290873 63 
290873 151 
290873 69 
291067 93 
292396 103 
292396 101 
293305 100 
293305 1
293305 1597
293305 10
295303 25 
295351 75 
296184 72 
296184 70 
296963 80 
297712 76 
297791 83 
297972 64 
298179 62 
298199 62 
298199 151 
298199 69 
298401 93 
299723 103 
299723 101 
300630 100 
300630 1
300630 1597
300630 11
302632 25 
302680 75 
303501 72 
303501 70 
304275 80 
304643 83 
304835 64 
305086 62 
305108 62 
305108 150 
305108 68 
305108 65
305311 92 
306624 103 
306624 101 
307137 100 
307137 1
307137 1597
307137 11
309135 25 
309183 75 
310010 72 
310010 70 
310784 80 
311411 76 
311872 76 
311946 83 
312083 64 
312310 256 
312328 62 
312350 62 
312350 150 
312350 68 
312350 65
312564 92 
313878 103 
313878 101 
314385 100 
314385 1
314385 1597
314385 10
316385 25 
316433 75 
317255 72 
317255 70 
318026 80 
318402 83 
318433 64 
318678 62 
318694 62 
318694 151 
318694 69 
318905 93 
320225 103 
320225 101 
321143 100 
321143 1
321143 1597
321143 10
323142 25 
323196 75 
323500 73 
324242 72 
324242 70 
325008 80 
325383 83 
325470 64 
327666 62 
327683 62 
327683 151 
327683 69 
327878 93 
329206 103 
329206 101 
330112 100 
330112 1
330112 1597
330112 10
332114 25 
332175 75 
333000 72 
333000 70 
333763 80 
334140 83 
334348 64 
335763 61 
335780 61 
335780 150 
335780 68 
335780 65
335985 92 
336266 90 
337310 103 
337310 101 
337830 100 
337830 1
337830 1597
337830 10
339830 25 
339891 75 
340044 73 
340788 72 
340788 70 
341565 80 
341937 83 
342084 64 
343489 61 
343505 61 
343505 150 
343505 68 
343505 65
343704 92 
343966 90 
345021 103 
345021 101 
345532 100 
345532 1
345532 1597
345532 11
347533 25 
347594 75 
348422 72 
348422 70 
349187 80 
349889 76 
349962 83 
350087 64 
350302 62 
350322 62 
350322 150 
350322 68 
350322 65
350534 92 
351852 103 
351852 101 
352357 100 
352357 1
352357 1597
352357 11
354357 25 
354404 75 
355227 72 
355227 70 
356001 80 
356635 76 
356735 83 
356782 64 
356980 62 
356999 62 
356999 150 
356999 68 
356999 65
357208 92 
358525 103 
358525 101 
359033 100 
359033 1
359033 1597
359033 11
361034 25 
361095 75 
361922 72 
361922 70 
362705 80 
363391 76 
363493 83 
363585 64 
363802 62 
363818 62 
363818 152 
363818 69 
364026 93 
365351 103 
365351 101 
366271 100 
366271 1
366271 1597
366271 10
368271 25 
368332 75 
369161 72 
369161 70 
369941 80 
370308 83 
370601 64 
371700 61 
371718 61 
371718 150 
371718 68 
371718 65
371920 92 
372147 90 
373236 103 
373236 101 
373746 100 
373746 1
373746 1597
373746 10
375747 25 
375795 75 
376617 72 
376617 70 
377687 80 
378199 83 
378267 64 
378881 61 
378903 61 
378903 150 
378903 68 
378903 65
379105 92 
380425 103 
380425 101 
380945 100 
380945 1
380945 1597
380945 11
382944 25 
382994 75 
383816 72 
383816 70 
384755 80 
385510 76 
385582 83 
385652 64 
385874 62 
385891 62 
385891 152 
385891 69 
386102 93 
387416 103 
387416 101 
388325 100 
388325 1
388325 1597
388325 11
390329 25 
390389 75 
391217 72 
391217 70 
391992 80 
392364 83 
392734 64 
394020 61 
394038 61 
394038 151 
394038 69 
394242 93 
394740 91 
395560 103 
395560 101 
396472 100 
396472 1
396472 1597
396472 11
398471 25 
398519 75 
399346 72 
399346 70 
400111 80 
400484 83 
401540 64 
402649 61 
402667 61 
402667 151 
402667 69 
402863 93 
403821 91 
404183 103 
404183 101 
405095 100 
405095 1
405095 1597
405095 10
407093 25 
407146 75 
407974 72 
407974 70 
408751 80 
409120 83 
409261 64 
411395 62 
411413 62 
411413 151 
411413 69 
411620 93 
412945 103 
412945 101 
413863 100 
413863 1
413863 1597
413863 11
415864 25 
415911 75 
416733 72 
416733 70 
417509 80 
417885 83 
419280 64 
421087 61 
421105 61 
421105 151 
421105 69 
421309 93 
421874 91 
422283 91 
422633 103 
422633 101 
423539 100 
423539 1
423539 1597
423539 11
425539 25 
425601 75 
426427 72 
426427 70 
427213 80 
427595 83 
429199 64 
431304 62 
431323 62 
431323 150 
431323 68 
431323 65
431535 92 
431845 90 
432854 103 
432854 101 
433359 100 
433359 1
433359 1597
433359 10
435362 25 
435415 75 
436244 72 
436244 70 
437016 80 
437384 83 
439269 64 
439929 63 
439947 63 
439947 151 
439947 69 
440152 93 
440653 91 
441480 103 
441480 101 
442397 100 
442397 1
442397 1597
442397 10
444398 25 
444446 75 
445270 72 
445270 70 
446039 80 
446408 83 
447093 64 
448687 62 
448705 62 
448705 151 
448705 69 
448909 93 
450234 103 
450234 101 
451140 100 
451140 1
451140 1597
451140 10
453141 25 
453190 75 
454019 72 
454019 70 
454793 80 
455171 83 
455652 64 
458188 61 
458206 61 
458206 150 
458206 68 
458206 65
458412 92 
458763 90 
459735 103 
459735 101 
460244 100 
460244 1
460244 1597
460244 10
462244 25 
462359 75 
463181 72 
463181 70 
463955 80 
464336 83 
466310 64 
467407 62 
467424 62 
467424 151 
467424 69 
467617 93 
468151 91 
468946 103 
468946 101 
469851 100 
469851 1
469851 1597
469851 11
471852 25 
471901 75 
472725 72 
472725 70 
473499 80 
473879 83 
474942 64 
475720 62 
475737 62 
475737 150 
475737 68 
475737 65
475937 92 
476169 90 
477262 103 
477262 101 
477770 100 
477770 1
477770 1597
477770 10
479768 25 
479818 75 
480641 72 
480641 70 
481406 80 
481786 83 
482144 64 
483451 256 
483472 61 
483487 61 
483487 150 
483487 68 
483487 65
483697 92 
483939 90 
485016 103 
485016 101 
485525 100 
485525 1
485525 1597
485525 11
487526 25 
487587 75 
488411 72 
488411 70 
489473 80 
490280 76 
490352 83 
490405 64 
490585 256 
490603 62 
490623 62 
490623 150 
490623 68 
490623 65
490837 92 
492143 103 
492143 101 
492656 100 
492656 1
492656 1597
492656 11
494657 25 
494718 75 
495543 72 
495543 70 
496569 80 
497191 76 
497693 76 
497765 83 
497935 64 
498128 62 
498149 62 
498149 150 
498149 68 
498149 65
498363 92 
499677 103 
499677 101 
500189 100 
500189 1
500189 1597
500189 11
502189 25 
502249 75 
503077 72 
503077 70 
504056 80 
504744 76 
504837 83 
504875 64 
505046 62 
505067 62 
505067 152 
505067 69 
505279 93 
506165 91 
506592 103 
506592 101 
507505 100 
507505 1
507505 1597
507505 10
509503 25 
509552 75 
510380 72 
510380 70 
511330 80 
511698 83 
512047 64 
513074 61 
513091 61 
513091 150 
513091 68 
513091 65
513295 92 
513575 90 
514614 103 
514614 101 
515127 100 
515127 1
515127 1597
515127 10
517127 25 
517180 75 
518009 72 
518009 70 
518780 80 
519156 83 
519237 64 
519526 61 
519547 61 
519547 150 
519547 68 
519547 65
519751 92 
521071 103 
521071 101 
521580 100 
521580 1
521580 1597
521580 10
523583 25 
523639 75 
524465 72 
524465 70 
525235 80 
525609 83 
525647 64 
525916 61 
525937 61 
525937 150 
525937 68 
525937 65
526149 92 
527466 103 
527466 101 
527973 100 
527973 1
527973 1597
527973 11
529977 25 
530040 75 
530868 72 
530868 70 
531644 80 
532224 76 
532756 76 
532830 83 
532969 64 
533211 62 
533230 62 
533230 150 
533230 68 
533230 65
533438 92 
534757 103 
534757 101 
535265 100 
535265 1
535265 1597
535265 10
537265 25 
537318 75 
538147 72 
538147 70 
538917 80 
539286 83 
539371 64 
539669 61 
539686 61 
539686 150 
539686 68 
539686 65
539888 92 
541210 103 
541210 101 
541728 100 
541728 1
541728 1597
541728 11
543730 25 
543905 75 
544071 73 
544818 72 
544818 70 
545594 80 
545966 83 
546018 64 
546260 62 
546276 62 
546276 150 
546276 68 
546276 65
546493 92 
547804 103 
547804 101 
548313 100 
548313 1
548313 1597
548313 11
550311 25 
550365 75 
551190 72 
551190 70 
551966 80 
552664 76 
552738 83 
552785 64 
552955 62 
552971 62 
552971 152 
552971 69 
553175 93 
554495 103 
554495 101 
555403 100 
555403 1
555403 1597
555403 11
557403 25 
557451 75 
558273 72 
558273 70 
559041 80 
559414 83 
560827 64 
563020 62 
563038 62 
563038 150 
563038 68 
563038 65
563248 92 
563508 90 
564567 103 
564567 101 
565077 100 
565077 1
565077 1597
565077 11
567082 25 
567144 75 
567291 73 
567482 73 
568228 72 
568228 70 
569001 80 
569750 76 
569826 83 
569929 64 
570162 62 
570184 62 
570184 150 
570184 68 
570184 65
570396 92 
570875 90 
571710 103 
571710 101 
572221 100 
572221 1
572221 1597
572221 10
574221 25 
574269 75 
575096 72 
575096 70 
575861 80 
576230 83 
576334 64 
576670 61 
576690 61 
576690 150 
576690 68 
576690 65
576898 92 
578218 103 
578218 101 
578727 100 
578727 1
578727 1597
578727 11
578727 79 
580726 25 
580786 75 
581611 72 
581611 70 
582384 80 
582945 76 
583097 83 
583132 64 
583339 62 
583361 62 
583361 150 
583361 68 
583361 65
583564 92 
584876 103 
584876 101 
585389 100 
585389 1
585389 1597
585389 10
587389 25 
587438 75 
588261 72 
588261 70 
589032 80 
589397 83 
589481 64 
589759 61 
589780 61 
589780 150 
589780 68 
589780 65
589994 92 
591308 103 
591308 101 
591827 100 
591827 1
591827 1597
591827 10
593827 25 
593874 75 
594699 72 
594699 70 
595472 80 
595853 83 
596072 64 
596277 61 
596297 61 
596297 150 
596297 68 
596297 65
596508 92 
597821 103 
597821 101 
598329 100 
598329 1
598329 1597
598329 10
600329 25 
600383 75 
601211 72 
601211 70 
601987 80 
603914 76 
604596 76 
604669 83 
604904 64 
605109 61 
605126 61 
605126 150 
605126 68 
605126 65
605329 92 
606644 103 
606644 101 
607155 100 
607155 1
607155 1597
607155 11
609158 25 
609222 75 
610048 72 
610048 70 
610821 80 
611396 83 
611467 64 
611832 62 
611847 62 
611847 150 
611847 68 
611847 65
612057 92 
613377 103 
613377 101 
613883 100 
613883 1
613883 1597
613883 10
615884 25 
615932 75 
616758 72 
616758 70 
617739 80 
618163 83 
618277 64 
618588 61 
618610 61 
618610 150 
618610 68 
618610 65
618812 92 
620134 103 
620134 101 
620640 100 
620640 1
620640 1597
620640 11
622642 25 
622689 75 
623512 72 
623512 70 
624501 80 
624933 83 
625059 64 
625287 62 
625303 62 
625303 150 
625303 68 
625303 65
625504 92 
626819 103 
626819 101 
627336 100 
627336 1
627336 1597
627336 10
629336 25 
629398 75 
630225 72 
630225 70 
631006 80 
631384 83 
631611 64 
631856 61 
631879 61 
631879 150 
631879 68 
631879 65
632094 92 
633406 103 
633406 101 
633914 100 
633914 2
633914 1597
633914 10
633914 78 
633914 781 
635917 25 
635965 75 
636793 72 
636793 70 
637579 80 
637952 83 
639129 64 
639820 61 
639843 61 
639843 152 
639843 69 
640047 93 
641361 103 
641361 101 
642269 100 
642269 2
642269 1597
642269 10
644271 25 
644333 75 
645161 72 
645161 70 
645940 80 
646309 83 
647548 64 
649755 61 
649770 61 
649770 150 
649770 68 
649770 65
649973 92 
650240 90 
651293 103 
651293 101 
651799 100 
651799 2
651799 1597
651799 11
653801 25 
653867 75 
654694 72 
654694 70 
655466 80 
655835 83 
655955 64 
657008 62 
657027 62 
657027 151 
657027 69 
657242 93 
658560 103 
658560 101 
659476 100 
659476 2
659476 1597
659476 11
661478 25 
661525 75 
662353 72 
662353 70 
663135 80 
663506 83 
665120 64 
666297 62 
666313 62 
666313 151 
666313 69 
666509 93 
667795 91 
667833 103 
667833 101 
668740 100 
668740 2
668740 1597
668740 10
670740 25 
670790 75 
671615 72 
671615 70 
672379 80 
672753 83 
673343 64 
674342 61 
674360 61 
674360 150 
674360 68 
674360 65
674561 92 
674794 90 
675879 103 
675879 101 
676391 100 
676391 2
676391 1597
676391 11
678391 25 
678443 75 
679265 72 
679265 70 
680050 80 
680428 83 
681596 64 
682487 63 
682503 63 
682503 150 
682503 68 
682503 65
682701 92 
682944 90 
684028 103 
684028 101 
684533 100 
684533 2
684533 1597
684533 11
686534 25 
686583 75 
687405 72 
687405 70 
688178 80 
688548 83 
688765 64 
689012 63 
689032 63 
689032 150 
689032 68 
689032 65
689237 92 
690555 103 
690555 101 
691064 100 
691064 2
691064 1597
691064 10
693065 25 
693125 75 
693951 72 
693951 70 
694718 80 
695086 83 
695436 64 
695754 61 
695776 61 
695776 150 
695776 68 
695776 65
695984 92 
697299 103 
697299 101 
697808 100 
697808 2
697808 1597
697808 11
699808 25 
699875 75 
700700 72 
700700 70 
701481 80 
701858 83 
702395 64 
702599 63 
702618 63 
702618 150 
702618 68 
702618 65
702835 92 
704149 103 
704149 101 
704659 100 
704659 2
704659 1597
704659 10
706657 25 
706706 75 
707527 72 
707527 70 
708303 80 
708678 83 
708988 64 
709273 61 
709294 61 
709294 150 
709294 68 
709294 65
709495 92 
710813 103 
710813 101 
711323 100 
711323 2
711323 1597
711323 10
713323 25 
713375 75 
714197 72 
714197 70 
714974 80 
715350 83 
715542 64 
715795 61 
715815 61 
715815 150 
715815 68 
715815 65
716024 92 
717338 103 
717338 101 
717851 100 
717851 2
717851 1597
717851 10
719853 25 
719905 75 
720728 72 
720728 70 
721509 80 
721882 83 
722663 64 
722900 63 
722920 63 
722920 153 
722920 68 
722920 65
723122 92 
724448 103 
724448 101 
724954 100 
724954 2
724954 1597
724954 11
726956 25 
727003 75 
727830 72 
727830 70 
728866 80 
729358 83 
729927 64 
730121 63 
730142 63 
730142 150 
730142 68 
730142 65
730355 92 
731675 103 
731675 101 
732191 100 
732191 2
732191 1597
732191 11
734193 25 
734256 75 
735081 72 
735081 70 
736113 80 
737030 76 
737190 83 
737225 64 
737528 63 
737544 63 
737544 150 
737544 68 
737544 65
737753 92 
739065 103 
739065 101 
739578 100 
739578 2
739578 1597
739578 11
741576 25 
741630 75 
742455 72 
742455 70 
743558 80 
744095 83 
744408 64 
744846 63 
744865 63 
744865 150 
744865 68 
744865 65
745060 92 
746382 103 
746382 101 
746895 100 
746895 2
746895 1597
746895 10
748893 25 
748960 75 
749784 72 
749784 70 
750812 80 
751294 83 
751555 64 
751784 61 
751802 61 
751802 150 
751802 68 
751802 65
752012 92 
753330 103 
753330 101 
753838 100 
753838 2
753838 1597
753838 10
755835 25 
755885 75 
756712 72 
756712 70 
757748 80 
758234 83 
758738 64 
759004 63 
759027 63 
759027 151 
759027 69 
759241 93 
760552 103 
760552 101 
761463 100 
761463 2
761463 1597
761463 10
763463 25 
763521 75 
764349 72 
764349 70 
765380 80 
765886 83 
766736 64 
767891 61 
767909 61 
767909 150 
767909 68 
767909 65
768118 92 
768413 90 
769439 103 
769439 101 
769950 100 
769950 2
769950 1597
769950 11
771950 25 
772002 75 
772829 72 
772829 70 
773832 80 
774253 83 
776081 64 
777543 62 
777559 62 
777559 151 
777559 69 
777755 93 
779080 103 
779080 101 
779986 100 
779986 2
779986 1597
779986 11
781987 25 
782047 75 
782875 72 
782875 70 
783830 80 
784210 83 
784557 64 
786135 61 
786153 61 
786153 153 
786153 68 
786153 65
786353 92 
786650 90 
787673 103 
787673 101 
788187 100 
788187 2
788187 1597
788187 10
790187 25 
790244 75 
791066 72 
791066 70 
791842 80 
792219 83 
792771 64 
793142 61 
793160 61 
793160 150 
793160 68 
793160 65
793369 92 
794687 103 
794687 101 
795204 100 
795204 2
795204 1597
795204 10
797205 25 
797420 75 
798243 72 
798243 70 
799021 80 
799396 83 
799429 64 
799745 61 
799767 61 
799767 150 
799767 68 
799767 65
799976 92 
801292 103 
801292 101 
801802 100 
801802 2
801802 1597
801802 10
803804 25 
803856 75 
804683 72 
804683 70 
805459 80 
805831 83 
805963 64 
806445 61 
806468 61 
806468 150 
806468 68 
806468 65
806686 92 
807997 103 
807997 101 
808505 100 
808505 2
808505 1597
808505 11
810511 25 
810574 75 
811397 72 
811397 70 
812174 80 
812546 83 
812894 64 
813516 63 
813531 63 
813531 150 
813531 68 
813531 65
813745 92 
815060 103 
815060 101 
815570 100 
815570 2
815570 1597
815570 11
817570 25 
817637 75 
818466 72 
818466 70 
819243 80 
819619 83 
819857 64 
820066 63 
820086 63 
820086 150 
820086 68 
820086 65
820290 92 
821606 103 
821606 101 
822117 100 
822117 2
822117 1597
822117 11
824115 25 
824166 75 
824989 72 
824989 70 
825765 80 
826137 83 
826315 64 
826539 63 
826561 63 
826561 150 
826561 68 
826561 65
826771 92 
828083 103 
828083 101 
828591 100 
828591 2
828591 1597
828591 10
830591 25 
830953 75 
831775 72 
831775 70 
832554 80 
832924 83 
833030 64 
833300 61 
833319 61 
833319 150 
833319 68 
833319 65
833521 92 
834841 103 
834841 101 
835349 100 
835349 2
835349 1597
835349 10
837351 25 
837409 75 
838236 72 
838236 70 
839005 80 
839375 83 
839488 64 
839838 61 
839858 61 
839858 150 
839858 68 
839858 65
840070 92 
841384 103 
841384 101 
841890 100 
841890 2
841890 1597
841890 11
843892 25 
843946 75 
844443 73 
845185 72 
845185 70 
845961 80 
846334 83 
846514 64 
846758 63 
846780 63 
846780 150 
846780 68 
846780 65
846984 92 
848302 103 
848302 101 
848811 100 
848811 2
848811 1597
848811 11
850809 25 
850862 75 
851685 72 
851685 70 
852455 80 
852817 83 
852971 64 
853183 63 
853205 63 
853205 150 
853205 68 
853205 65
853413 92 
854725 103 
854725 101 
855234 100 
855234 2
855234 1597
855234 10
857235 25 
857296 75 
858119 72 
858119 70 
858888 80 
859256 83 
859310 64 
859639 61 
859654 61 
859654 150 
859654 68 
859654 65
859860 92 
861177 103 
861177 101 
861683 100 
861683 2
861683 1597
861683 10
863684 25 
863747 75 
864086 73 
864828 72 
864828 70 
865609 80 
866416 76 
866488 83 
866550 64 
866794 256 
866813 61 
866830 61 
866830 150 
866830 68 
866830 65
867042 92 
868360 103 
868360 101 
868870 100 
868870 2
868870 1597
868870 11
868870 79 
870870 25 
870933 75 
871756 72 
871756 70 
872523 80 
872891 83 
872959 64 
873180 63 
873200 63 
873200 150 
873200 68 
873200 65
873417 92 
874730 103 
874730 101 
875237 100 
875237 2
875237 1597
875237 10
877239 25 
877299 75 
878126 72 
878126 70 
878890 80 
879260 83 
879344 64 
879618 61 
879639 61 
879639 150 
879639 68 
879639 65
879854 92 
881164 103 
881164 101 
881676 100 
881676 2
881676 1597
881676 11
883676 25 
883724 75 
884550 72 
884550 70 
885632 80 
886115 83 
886148 64 
886383 63 
886405 63 
886405 150 
886405 68 
886405 65
886602 92 
887925 103 
887925 101 
888433 100 
888433 2
888433 1597
888433 11
890432 25 
890482 75 
891306 72 
891306 70 
892392 80 
893269 76 
893341 83 
893420 64 
893648 63 
893669 63 
893669 152 
893669 69 
893883 93 
895200 103 
895200 101 
896108 100 
896108 3
896108 1597
896108 10
896108 78 
896108 781 
898108 25 
898158 75 
898474 73 
899220 72 
899220 70 
900289 80 
901180 76 
901337 83 
901391 64 
901648 61 
901669 61 
901669 151 
901669 69 
901881 93 
902629 91 
903196 103 
903196 101 
904105 100 
904105 3
904105 1597
904105 11
906107 25 
906167 75 
906991 72 
906991 70 
908040 80 
908529 83 
909336 64 
911387 61 
911403 61 
911403 151 
911403 69 
911603 93 
912925 103 
912925 101 
913836 100 
913836 3
913836 1597
913836 10
915834 25 
915884 75 
916711 72 
916711 70 
917746 80 
918324 76 
918854 76 
918926 83 
919190 64 
919413 61 
919430 61 
919430 151 
919430 69 
919633 93 
920840 91 
920948 103 
920948 101 
921859 100 
921859 3
921859 1597
921859 11
923858 25 
923919 75 
924741 72 
924741 70 
925710 80 
926141 83 
928099 64 
929663 62 
929680 62 
929680 153 
929680 68 
929680 65
929878 92 
930221 90 
931199 103 
931199 101 
931706 100 
931706 3
931706 1597
931706 11
933707 25 
934587 75 
935414 72 
935414 70 
936386 80 
937195 76 
937860 76 
937932 83 
938074 64 
938468 62 
938483 62 
938483 151 
938483 69 
938691 93 
939517 91 
940006 103 
940006 101 
940916 100 
940916 3
940916 1597
940916 11
942918 25 
942978 75 
943803 72 
943803 70 
944779 80 
945209 83 
946434 64 
948653 61 
948672 61 
948672 151 
948672 69 
948866 93 
950198 103 
950198 101 
951111 100 
951111 3
951111 1597
951111 10
953112 25 
953179 75 
953625 73 
954403 72 
954403 70 
955178 80 
957066 76 
957140 83 
957272 64 
958730 62 
958746 62 
958746 150 
958746 68 
958746 65
958947 92 
959271 90 
960269 103 
960269 101 
960788 100 
960788 3
960788 1597
960788 10
962787 25 
962837 75 
963658 72 
963658 70 
964431 80 
965116 76 
965196 83 
965308 64 
965491 256 
965510 62 
965525 62 
965525 150 
965525 68 
965525 65
965732 92 
967053 103 
967053 101 
967572 100 
967572 3
967572 1597
967572 11
969572 25 
969626 75 
969769 73 
970553 72 
970553 70 
971324 80 
971710 83 
971808 64 
972446 63 
972466 63 
972466 150 
972466 68 
972466 65
972686 92 
973995 103 
973995 101 
974518 100 
974518 3
974518 1597
974518 10
976519 25 
976576 75 
977405 72 
977405 70 
978186 80 
978925 76 
979371 76 
979447 83 
979553 64 
979756 62 
979776 62 
979776 150 
979776 68 
979776 65
979988 92 
981297 103 
981297 101 
981806 100 
981806 3
981806 1597
981806 10
983806 25 
983859 75 
984681 72 
984681 70 
985464 80 
985834 83 
985881 64 
986061 62 
986077 62 
986077 150 
986077 68 
986077 65
986284 92 
987602 103 
987602 101 
988110 100 
988110 3
988110 1597
988110 11
990112 25 
990177 75 
991000 72 
991000 70 
991777 80 
993069 76 
993144 83 
993296 64 
993543 63 
993558 63 
993558 150 
993558 68 
993558 65
993766 92 
995080 103 
995080 101 
995587 100 
995587 3
995587 1597
995587 11
997587 25 
997635 75 
998458 72 
998458 70 
999225 80 
999909 76 
1000411 76 
1000486 83 
1000598 64 
1000799 63 
1000819 63 
1000819 150 
1000819 68 
1000819 65
1001024 92 
1002339 103 
1002339 101 
1002850 100 
1002850 3
1002850 1597
1002850 10
1004849 25 
1004902 75 
1005725 72 
1005725 70 
1006503 80 
1007191 76 
1007316 83 
1007349 64 
1007554 62 
1007572 62 
1007572 150 
1007572 68 
1007572 65
1007781 92 
1009100 103 
1009100 101 
1009605 100 
1009605 3
1009605 1597
1009605 10
1011609 25 
1011674 75 
1012502 72 
1012502 70 
1013280 80 
1013889 76 
1014031 83 
1014102 64 
1014329 62 
1014353 62 
1014353 150 
1014353 68 
1014353 65
1014568 92 
1015884 103 
1015884 101 
1016389 100 
1016389 3
1016389 1597
1016389 11
1018390 25 
1018443 75 
1019267 72 
1019267 70 
1020033 80 
1020612 76 
1021117 76 
1021190 83 
1021330 64 
1021559 63 
1021575 63 
1021575 150 
1021575 68 
1021575 65
1021786 92 
1023105 103 
1023105 101 
1023613 100 
1023613 3
1023613 1597
1023613 10
1025615 25 
1025663 75 
1026489 72 
1026489 70 
1027260 80 
1027863 76 
1028342 76 
1028417 83 
1028516 64 
1028707 62 
1028725 62 
1028725 150 
1028725 68 
1028725 65
1028933 92 
1030250 103 
1030250 101 
1030756 100 
1030756 3
1030756 1597
1030756 10
1032756 25 
1032807 75 
1033635 72 
1033635 70 
1034411 80 
1034987 76 
1035528 76 
1035598 83 
1035749 64 
1035954 62 
1035975 62 
1035975 152 
1035975 69 
1036183 93 
1036720 91 
1037499 103 
1037499 101 
1038407 100 
1038407 3
1038407 1597
1038407 11
1040407 25 
1040455 75 
1041280 72 
1041280 70 
1042057 80 
1042434 83 
1043369 64 
1044073 256 
1044197 63 
1044212 63 
1044212 150 
1044212 68 
1044212 65
1044415 92 
1044819 90 
1045738 103 
1045738 101 
1046246 100 
1046246 3
1046246 1597
1046246 11
1048245 25 
1048292 75 
1049114 72 
1049114 70 
1049883 80 
1050737 76 
1050814 83 
1051159 64 
1051497 63 
1051517 63 
1051517 150 
1051517 68 
1051517 65
1051717 92 
1053039 103 
1053039 101 
1053546 100 
1053546 3
1053546 1597
1053546 10
1055548 25 
1055599 75 
1056424 72 
1056424 70 
1057461 80 
1058292 76 
1058856 76 
1058928 83 
1059080 64 
1059337 62 
1059353 62 
1059353 150 
1059353 68 
1059353 65
1059554 92 
1060876 103 
1060876 101 
1061386 100 
1061386 3
1061386 1597
1061386 10
1063385 25 
1063438 75 
1064264 72 
1064264 70 
1065041 80 
1065772 76 
1065845 83 
1065967 64 
1066199 62 
1066214 62 
1066214 150 
1066214 68 
1066214 65
1066425 92 
1067741 103 
1067741 101 
1068247 100 
1068247 3
1068247 1597
1068247 10
1070248 25 
1070303 75 
1071127 72 
1071127 70 
1071901 80 
1072638 76 
1073093 76 
1073170 83 
1073265 64 
1073485 256 
1073514 62 
1073530 62 
1073530 150 
1073530 68 
1073530 65
1073740 92 
1075052 103 
1075052 101 
1075563 100 
1075563 3
1075563 1597
1075563 11
1075563 79 
1077567 25 
1077707 75 
1078083 73 
1078863 72 
1078863 70 
1079632 80 
1080347 76 
1080429 83 
1080476 64 
1080682 63 
1080698 63 
1080698 152 
1080698 69 
1080909 93 
1082227 103 
1082227 101 
1083137 100 
1083137 3
1083137 1597
1083137 11
1085135 25 
1085187 75 
1086015 72 
1086015 70 
1086786 80 
1088512 76 
1088596 83 
1088824 64 
1090089 61 
1090104 61 
1090104 151 
1090104 69 
1090301 93 
1090852 91 
1091627 91 
1091627 103 
1091627 101 
1092546 100 
1092546 3
1092546 1597
1092546 11
1094545 25 
1094598 75 
1095440 73 
1096186 72 
1096186 70 
1096964 80 
1097336 83 
1098209 64 
1099912 62 
1099928 62 
1099928 151 
1099928 69 
1100137 93 
1101460 103 
1101460 101 
1102366 100 
1102366 3
1102366 1597
1102366 10
1104367 25 
1104421 75 
1105247 72 
1105247 70 
1106024 80 
1106393 83 
1106614 64 
1109204 62 
1109222 62 
1109222 150 
1109222 68 
1109222 65
1109427 92 
1109707 90 
1109736 90 
1110748 103 
1110748 101 
1111256 100 
1111256 3
1111256 1597
1111256 11
1113257 25 
1113895 75 
1114721 72 
1114721 70 
1115496 80 
1117084 76 
1117214 83 
1117410 64 
1118563 62 
1118578 62 
1118578 151 
1118578 69 
1118778 93 
1120105 103 
1120105 101 
1121013 100 
1121013 3
1121013 1597
1121013 10
1123014 25 
1123074 75 
1123898 72 
1123898 70 
1124665 80 
1125037 83 
1125249 64 
1128044 61 
1128061 61 
1128061 151 
1128061 69 
1128255 93 
1129013 91 
1129582 103 
1129582 101 
1130488 100 
1130488 4
1130488 1597
1130488 11
1130488 78 
1130488 781 
1132489 25 
1132542 75 
1133364 72 
1133364 70 
1134142 80 
1134514 83 
1135079 64 
1136975 62 
1136994 62 
1136994 151 
1136994 69 
1137200 93 
1137684 91 
1138524 103 
1138524 101 
1139430 100 
1139430 4
1139430 1597
1139430 11
1141433 25 
1141493 75 
1142316 72 
1142316 70 
1143086 80 
1143453 83 
1144195 64 
1145979 61 
1145996 61 
1145996 150 
1145996 68 
1145996 65
1146195 92 
1146631 90 
1147516 103 
1147516 101 
1148026 100 
1148026 4
1148026 1597
1148026 10
1150028 25 
1150089 75 
1150915 72 
1150915 70 
1151685 80 
1152068 83 
1152920 64 
1153547 61 
1153566 61 
1153566 151 
1153566 69 
1153765 93 
1154309 91 
1155093 103 
1155093 101 
1156017 100 
1156017 4
1156017 1597
1156017 10
1158014 25 
1158072 75 
1158893 72 
1158893 70 
1159990 80 
1160534 83 
1160642 64 
1163194 61 
1163210 61 
1163210 151 
1163210 69 
1163414 93 
1164227 91 
1164736 103 
1164736 101 
1165648 100 
1165648 4
1165648 1597
1165648 11
1167645 25 
1167695 75 
1168524 72 
1168524 70 
1169496 80 
1170823 76 
1170896 83 
1171096 64 
1173498 61 
1173514 61 
1173514 150 
1173514 68 
1173514 65
1173721 92 
1174070 90 
1175038 103 
1175038 101 
1175550 100 
1175550 4
1175550 1597
1175550 11
1177548 25 
1177602 75 
1177843 73 
1178585 72 
1178585 70 
1179533 80 
1179908 83 
1180263 64 
1182257 61 
1182275 61 
1182275 150 
1182275 68 
1182275 65
1182477 92 
1182717 90 
1183793 103 
1183793 101 
1184305 100 
1184305 4
1184305 1597
1184305 11
1186305 25 
1186353 75 
1187180 72 
1187180 70 
1187944 80 
1188729 76 
1188864 83 
1188945 64 
1189536 61 
1189552 61 
1189552 150 
1189552 68 
1189552 65
1189762 92 
1190037 90 
1191071 103 
1191071 101 
1191582 100 
1191582 4
1191582 1597
1191582 10
1193583 25 
1193767 75 
1193843 73 
1194626 72 
1194626 70 
1195396 80 
1195767 83 
1197898 64 
1199443 61 
1199459 61 
1199459 151 
1199459 69 
1199669 93 
1200272 91 
1200993 103 
1200993 101 
1201913 100 
1201913 4
1201913 1597
1201913 10
1203912 25 
1203972 75 
1204797 72 
1204797 70 
1205567 80 
1205932 83 
1206560 64 
1208650 61 
1208669 61 
1208669 153 
1208669 68 
1208669 65
1208880 92 
1209153 90 
1210197 103 
1210197 101 
1210709 100 
1210709 4
1210709 1597
1210709 11
1212709 25 
1212779 75 
1213605 72 
1213605 70 
1214378 80 
1215433 76 
1215508 83 
1215655 64 
1216589 61 
1216605 61 
1216605 150 
1216605 68 
1216605 65
1216808 92 
1217051 90 
1218129 103 
1218129 101 
1218639 100 
1218639 4
1218639 1597
1218639 10
1220636 25 
1220686 75 
1221511 72 
1221511 70 
1222275 80 
1222650 83 
1224093 64 
1225344 256 
1225363 61 
1225378 61 
1225378 151 
1225378 69 
1225571 93 
1226060 91 
1226902 103 
1226902 101 
1227818 100 
1227818 4
1227818 1597
1227818 11
1229819 25 
1229869 75 
1230697 72 
1230697 70 
1231473 80 
1231846 83 
1231906 64 
1233499 61 
1233515 61 
1233515 150 
1233515 68 
1233515 65
1233718 92 
1234046 90 
1235045 103 
1235045 101 
1235561 100 
1235561 4
1235561 1597
1235561 11
1237567 25 
1237629 75 
1238452 72 
1238452 70 
1239216 80 
1239944 76 
1240058 83 
1240115 64 
1240379 61 
1240396 61 
1240396 150 
1240396 68 
1240396 65
1240607 92 
1241917 103 
1241917 101 
1242429 100 
1242429 4
1242429 1597
1242429 10
1244428 25 
1244493 75 
1245321 72 
1245321 70 
1246092 80 
1246463 83 
1247832 64 
1248825 61 
1248845 61 
1248845 151 
1248845 69 
1249044 93 
1250374 103 
1250374 101 
1251288 100 
1251288 4
1251288 1597
1251288 11
1253291 25 
1253352 75 
1254070 73 
1254813 72 
1254813 70 
1255236 71 
1255777 80 
1256154 83 
1256331 64 
1257785 61 
1257802 61 
1257802 150 
1257802 68 
1257802 65
1258001 92 
1258264 90 
1259321 103 
1259321 101 
1259832 100 
1259832 4
1259832 1597
1259832 10
1261833 25 
1262069 75 
1262892 72 
1262892 70 
1263659 80 
1264031 83 
1265797 64 
1267147 61 
1267163 61 
1267163 151 
1267163 69 
1267354 93 
1267814 91 
1268491 91 
1268681 103 
1268681 101 
1269589 100 
1269589 4
1269589 1597
1269589 11
1271588 25 
1271636 75 
1272461 72 
1272461 70 
1273230 80 
1273600 83 
1273660 64 
1276592 61 
1276610 61 
1276610 150 
1276610 68 
1276610 65
1276808 92 
1277091 90 
1278130 103 
1278130 101 
1278638 100 
1278638 4
1278638 1597
1278638 10
1280639 25 
1280705 75 
1281529 72 
1281529 70 
1282571 80 
1283048 83 
1284459 64 
1285221 63 
1285237 63 
1285237 151 
1285237 69 
1285444 93 
1285855 91 
1286766 103 
1286766 101 
1287675 100 
1287675 4
1287675 1597
1287675 11
1289677 25 
1289740 75 
1290567 72 
1290567 70 
1291616 80 
1292099 83 
1292577 64 
1296606 252 
1297150 61 
1297171 61 
1297171 152 
1297171 69 
1297379 93 
1298697 103 
1298697 101 
1299614 100 
1299614 4
1299614 1597
1299614 10
1301615 25 
1301664 75 
1302484 72 
1302484 70 
1303512 80 
1303988 83 
1311684 64 
1312783 61 
1312801 61 
1312801 151 
1312801 69 
1313000 93 
1314327 103 
1314327 101 
1315234 100 
1315234 4
1315234 1597
1315234 10
1317235 25 
1317297 75 
1318118 72 
1318118 70 
1319139 80 
1319563 83 
1323053 64 
1326360 61 
1326376 61 
1326376 151 
1326376 69 
1338039 91 
1338474 91 
1345547 91 
1346086 91 
1346209 93 
1346209 103 
1346209 101 
1347129 100 
1347129 4
1347129 1597
1347129 10
1349129 25 
1349183 75 
1350006 72 
1350006 70 
1350957 80 
1351330 83 
1351516 64 
1352874 256 
1352892 61 
1352907 61 
1352907 151 
1352907 69 
1353112 93 
1353944 91 
1354422 91 
1354439 103 
1354439 101 
1355351 100 
1355351 4
1355351 1597
1355351 10
1357352 25 
1357404 75 
1358232 72 
1358232 70 
1359008 80 
1359379 83 
1366077 64 
1368718 61 
1368735 61 
1368735 151 
1368735 69 
1368940 93 
1369453 91 
1369922 91 
1370196 91 
1370267 103 
1370267 101 
1371186 100 
1371186 4
1371186 1597
1371186 10
1373185 25 
1373233 75 
1374059 72 
1374059 70 
1374838 80 
1375213 83 
1376332 64 
1378547 61 
1378563 61 
1378563 151 
1378563 69 
1378770 93 
1379283 91 
1379792 91 
1380090 103 
1380090 101 
1381007 100 
1381007 4
1381007 1597
1381007 11
1383006 25 
1383346 75 
1383408 73 
1383471 73 
1384283 72 
1384283 70 
1385060 80 
1385430 83 
1385759 64 
1388723 61 
1388739 61 
1388739 150 
1388739 68 
1388739 65
1388949 92 
1389268 90 
1390268 103 
1390268 101 
1390778 100 
1390778 4
1390778 1597
1390778 11
1392776 25 
1392837 75 
1393665 72 
1393665 70 
1394433 80 
1394798 83 
1394935 64 
1395570 61 
1395581 61 
1395581 152 
1395581 69 
1395783 93 
1397107 103 
1397107 101 
1398025 100 
1398025 4
1398025 1597
1398025 11
1400028 25 
1400088 75 
1400913 72 
1400913 70 
1401680 80 
1402130 76 
1402286 83 
1402586 64 
1405206 61 
1405222 61 
1405222 150 
1405222 68 
1405222 65
1405423 92 
1405729 90 
1406745 103 
1406745 101 
1407262 100 
1407262 4
1407262 1597
1407262 10
1409263 25 
1409312 75 
1410132 72 
1410132 70 
1410902 80 
1411276 83 
1413294 64 
1415931 62 
1415948 62 
1415948 150 
1415948 68 
1415948 65
1416149 92 
1416422 90 
1417471 103 
1417471 101 
1417980 100 
1417980 4
1417980 1597
1417980 11
1419980 25 
1420040 75 
1420864 72 
1420864 70 
1421631 80 
1422004 83 
1422550 64 
1423565 256 
1423583 61 
1423600 61 
1423600 150 
1423600 68 
1423600 65
1423796 92 
1424030 90 
1425121 103 
1425121 101 
1425628 100 
1425628 4
1425628 1597
1425628 10
1427630 25 
1427690 75 
1428516 72 
1428516 70 
1429278 80 
1429654 83 
1430153 64 
1433151 61 
1433169 61 
1433169 151 
1433169 69 
1433336 91 
1433492 93 
1434689 103 
1434689 101 
1435595 100 
1435595 4
1435595 1597
1435595 11
1437597 25 
1437646 75 
1438468 72 
1438468 70 
1439245 80 
1439623 83 
1440641 64 
1442474 61 
1442491 61 
1442491 150 
1442491 68 
1442491 65
1442696 92 
1444017 103 
1444017 101 
1444525 100 
1444525 4
1444525 1597
1444525 10
1446526 25 
1446576 75 
1447404 72 
1447404 70 
1448181 80 
1448557 83 
1449341 64 
1454552 62 
1454565 62 
1454565 150 
1454565 68 
1454565 65
1454777 92 
1456091 103 
1456091 101 
1456602 100 
1456602 4
1456602 1597
1456602 11
1458602 25 
1458652 75 
1459482 72 
1459482 70 
1460481 80 
1460904 83 
1461143 64 
1462169 61 
1462188 61 
1462188 150 
1462188 68 
1462188 65
1462396 92 
1462628 90 
1463718 103 
1463718 101 
1464224 100 
1464224 4
1464224 1597
1464224 10
1466226 25 
1466286 75 
1467115 72 
1467115 70 
1468067 80 
1468438 83 
1469865 64 
1471048 62 
1471063 62 
1471063 150 
1471063 68 
1471063 65
1471276 92 
1471521 90 
1472595 103 
1472595 101 
1473116 100 
1473116 4
1473116 1597
1473116 10
1475115 25 
1475176 75 
1475997 72 
1475997 70 
1476774 80 
1477157 83 
1477217 64 
1477449 62 
1477469 62 
1477469 152 
1477469 69 
1477676 93 
1478234 91 
1478411 91 
1478998 103 
1478998 101 
1479911 100 
1479911 4
1479911 1597
1479911 10
1481913 25 
1481959 75 
1482786 72 
1482786 70 
1483555 80 
1483928 83 
1484105 64 
1484719 62 
1484739 62 
1484739 150 
1484739 68 
1484739 65
1484954 92 
1485250 90 
1486268 103 
1486268 101 
1486775 100 
1486775 4
1486775 1597
1486775 11
1488776 25 
1488823 75 
1489648 72 
1489648 70 
1490420 80 
1491900 76 
1492041 83 
1492142 64 
1492380 256 
1492398 61 
1492419 61 
1492419 150 
1492419 68 
1492419 65
1492624 92 
1493943 103 
1493943 101 
1494454 100 
1494454 4
1494454 1597
1494454 11
1496453 25 
1496501 75 
1497327 72 
1497327 70 
1498095 80 
1498475 83 
1498639 64 
1498925 61 
1498947 61 
1498947 150 
1498947 68 
1498947 65
1499155 92 
1500473 103 
1500473 101 
1500980 100 
1500980 4
1500980 1597
1500980 10
1502981 25 
1503031 75 
1503859 72 
1503859 70 
1504637 80 
1505009 83 
1505182 64 
1505482 62 
1505498 62 
1505498 150 
1505498 68 
1505498 65
1505701 92 
1507020 103 
1507020 101 
1507539 100 
1507539 4
1507539 1597
1507539 11
1509540 25 
1509592 75 
1510420 72 
1510420 70 
1511198 80 
1511908 76 
1512033 83 
1512072 64 
1512311 61 
1512329 61 
1512329 150 
1512329 68 
1512329 65
1512543 92 
1513853 103 
1513853 101 
1514364 100 
1514364 4
1514364 1597
1514364 11
1516361 25 
1516413 75 
1517239 72 
1517239 70 
1518019 80 
1518391 83 
1518782 64 
1519461 61 
1519483 61 
1519483 150 
1519483 68 
1519483 65
1519694 92 
1521015 103 
1521015 101 
1521532 100 
1521532 4
1521532 1597
1521532 11
1523534 25 
1523586 75 
1524408 72 
1524408 70 
1525176 80 
1526055 76 
1526131 83 
1526228 64 
1526480 61 
1526496 61 
1526496 150 
1526496 68 
1526496 65
1526703 92 
1528022 103 
1528022 101 
1528529 100 
1528529 4
1528529 1597
1528529 10
1528529 79 
1530531 25 
1530865 75 
1531691 72 
1531691 70 
1532464 80 
1532840 83 
1533028 64 
1533351 62 
1533371 62 
1533371 150 
1533371 68 
1533371 65
1533586 92 
1534900 103 
1534900 101 
1535406 100 
1535406 4
1535406 1597
1535406 11
1537407 25 
1537461 75 
1538289 72 
1538289 70 
1539062 80 
1539891 76 
1539964 83 
1540119 64 
1540349 61 
1540369 61 
1540369 150 
1540369 68 
1540369 65
1540581 92 
1541897 103 
1541897 101 
1542404 100 
1542404 4
1542404 1597
1542404 10
1544405 25 
1544454 75 
1545277 72 
1545277 70 
1546046 80 
1546419 83 
1546689 64 
1547418 62 
1547429 62 
1547429 150 
1547429 68 
1547429 65
1547643 92 
1548959 103 
1548959 101 
1549466 100 
1549466 4
1549466 1597
1549466 11
1551468 25 
1551517 75 
1552344 72 
1552344 70 
1553114 80 
1553491 83 
1553791 64 
1554099 61 
1554120 61 
1554120 150 
1554120 68 
1554120 65
1554334 92 
1555648 103 
1555648 101 
1556164 100 
1556164 4
1556164 1597
1556164 10
1558163 25 
1558221 75 
1559045 72 
1559045 70 
1559812 80 
1560179 83 
1560205 64 
1560437 62 
1560457 62 
1560457 150 
1560457 68 
1560457 65
1560663 92 
1561975 103 
1561975 101 
1562490 100 
1562490 4
1562490 1597
1562490 11
1564491 25 
1564550 75 
1565378 72 
1565378 70 
1566159 80 
1566529 83 
1566631 64 
1566903 61 
1566925 61 
1566925 150 
1566925 68 
1566925 65
1567130 92 
1568441 103 
1568441 101 
1568953 100 
1568953 4
1568953 1597
1568953 10
1570952 25 
1571003 75 
1571832 72 
1571832 70 
1572849 80 
1573600 76 
1573678 83 
1573797 64 
1574018 62 
1574038 62 
1574038 150 
1574038 68 
1574038 65
1574248 92 
1575561 103 
1575561 101 
1576070 100 
1576070 6
1576070 1597
1576070 11
1576070 78 
1576070 781 
1578069 25 
1578121 75 
1578946 72 
1578946 70 
1579928 80 
1582729 76 
1583555 76 
1583628 83 
1583912 64 
1584784 61 
1584799 61 
1584799 150 
1584799 68 
1584799 65
1585017 92 
1585342 90 
1586329 103 
1586329 101 
1586839 100 
1586839 6
1586839 1597
1586839 10
1588838 25 
1588888 75 
1589716 72 
1589716 70 
1590700 80 
1591389 76 
1591461 83 
1591606 64 
1591808 256 
1591826 62 
1591846 62 
1591846 153 
1591846 68 
1591846 65
1592049 92 
1593370 103 
1593370 101 
1593891 100 
1593891 6
1593891 1597
1593891 10
1595890 25 
1595943 75 
1596770 72 
1596770 70 
1597721 80 
1598448 76 
1598545 83 
1598641 64 
1598857 62 
1598879 62 
1598879 151 
1598879 69 
1599085 93 
1600402 103 
1600402 101 
1601311 100 
1601311 6
1601311 1597
1601311 10
1603314 25 
1603379 75 
1604207 72 
1604207 70 
1604983 80 
1605355 83 
1605798 64 
1606695 62 
1606713 62 
1606713 151 
1606713 69 
1606918 93 
1608241 103 
1608241 101 
1609151 100 
1609151 6
1609151 1597
1609151 10
1611151 25 
1611245 75 
1611676 73 
1612423 72 
1612423 70 
1613190 80 
1613569 83 
1614109 64 
1615314 61 
1615331 61 
1615331 151 
1615331 69 
1615525 93 
1616004 91 
1616849 103 
1616849 101 
1617759 100 
1617759 6
1617759 1597
1617759 11
1619760 25 
1619820 75 
1620644 72 
1620644 70 
1621415 80 
1621788 83 
1622298 64 
1625735 61 
1625750 61 
1625750 150 
1625750 68 
1625750 65
1625950 92 
1626371 90 
1627269 103 
1627269 101 
1627782 100 
1627782 6
1627782 1597
1627782 11
1629780 25 
1629834 75 
1630657 72 
1630657 70 
1631427 80 
1631804 83 
1632065 64 
1633129 61 
1633145 61 
1633145 152 
1633145 69 
1633358 93 
1634672 103 
1634672 101 
1635590 100 
1635590 6
1635590 1597
1635590 10
1637591 25 
1637639 75 
1638462 72 
1638462 70 
1639237 80 
1639615 83 
1641288 64 
1643962 62 
1643978 62 
1643978 151 
1643978 69 
1644181 93 
1644375 91 
1645507 103 
1645507 101 
1646412 100 
1646412 6
1646412 1597
1646412 11
1648415 25 
1648480 75 
1649304 72 
1649304 70 
1650080 80 
1650452 83 
1651215 64 
1653393 61 
1653411 61 
1653411 150 
1653411 68 
1653411 65
1653622 92 
1653900 90 
1654935 90 
1654949 103 
1654949 101 
1655463 100 
1655463 6
1655463 1597
1655463 11
1657463 25 
1657517 75 
1658344 72 
1658344 70 
1659128 80 
1659498 83 
1659838 64 
1661054 61 
1661069 61 
1661069 150 
1661069 68 
1661069 65
1661270 92 
1661543 90 
1662588 103 
1662588 101 
1663097 100 
1663097 6
1663097 1597
1663097 11
1665098 25 
1665152 75 
1665975 72 
1665975 70 
1666743 80 
1667627 76 
1667731 83 
1667822 64 
1668076 61 
1668096 61 
1668096 150 
1668096 68 
1668096 65
1668310 92 
1669629 103 
1669629 101 
1670139 100 
1670139 6
1670139 1597
1670139 10
1672137 25 
1672191 75 
1673018 72 
1673018 70 
1673791 80 
1674164 83 
1674396 64 
1675076 256 
1675095 62 
1675112 62 
1675112 151 
1675112 69 
1675318 93 
1675581 91 
1676641 103 
1676641 101 
1677547 100 
1677547 6
1677547 1597
1677547 11
1679548 25 
1679600 75 
1680424 72 
1680424 70 
1681198 80 
1681572 83 
1681920 64 
1683026 61 
1683043 61 
1683043 150 
1683043 68 
1683043 65
1683247 92 
1683469 90 
1684564 103 
1684564 101 
1685077 100 
1685077 6
1685077 1597
1685077 11
1687077 25 
1687142 75 
1687970 72 
1687970 70 
1688749 80 
1689478 76 
1689557 83 
1689716 64 
1689943 61 
1689964 61 
1689964 152 
1689964 69 
1690166 93 
1690736 91 
1691488 103 
1691488 101 
1692406 100 
1692406 6
1692406 1597
1692406 10
1694408 25 
1694472 75 
1695301 72 
1695301 70 
1696079 80 
1696458 83 
1697324 64 
1698855 61 
1698870 61 
1698870 151 
1698870 69 
1699650 91 
1700023 91 
1700147 93 
1700390 103 
1700390 101 
1701297 100 
1701297 6
1701297 1597
1701297 10
1703296 25 
1703349 75 
1704174 72 
1704174 70 
1705220 80 
1705695 83 
1706948 64 
1708753 61 
1708771 61 
1708771 151 
1708771 69 
1708965 93 
1709763 91 
1710294 103 
1710294 101 
1711211 100 
1711211 6
1711211 1597
1711211 10
1713213 25 
1713274 75 
1714099 72 
1714099 70 
1715110 80 
1715561 83 
1716835 64 
1719245 61 
1719262 61 
1719262 151 
1719262 69 
1719472 93 
1720794 103 
1720794 101 
1721703 100 
1721703 6
1721703 1597
1721703 10
1723700 25 
1723749 75 
1724577 72 
1724577 70 
1725575 80 
1726005 83 
1728579 64 
1730755 61 
1730772 61 
1730772 151 
1730772 69 
1730973 93 
1731711 91 
1732296 103 
1732296 101 
1733203 100 
1733203 6
1733203 1597
1733203 10
1735204 25 
1735264 75 
1736089 72 
1736089 70 
1737060 80 
1737481 83 
1738346 64 
1739567 63 
1739583 63 
1739583 150 
1739583 68 
1739583 65
1739782 92 
1741103 103 
1741103 101 
1741613 100 
1741613 6
1741613 1597
1741613 11
1743612 25 
1743661 75 
1744485 72 
1744485 70 
1745430 80 
1747092 76 
1747219 83 
1747365 64 
1748989 61 
1749005 61 
1749005 150 
1749005 68 
1749005 65
1749209 92 
1749557 90 
1750527 103 
1750527 101 
1751036 100 
1751036 6
1751036 1597
1751036 11
1753034 25 
1753084 75 
1753907 72 
1753907 70 
1754674 80 
1755648 76 
1755719 83 
1755849 64 
1756163 61 
1756184 61 
1756184 150 
1756184 68 
1756184 65
1756398 92 
1757714 103 
1757714 101 
1758217 100 
1758217 6
1758217 1597
1758217 11
1760218 25 
1760266 75 
1761095 72 
1761095 70 
1761878 80 
1762412 76 
1762565 83 
1762612 64 
1762963 61 
1762979 61 
1762979 150 
1762979 68 
1762979 65
1763191 92 
1764510 103 
1764510 101 
1765016 100 
1765016 6
1765016 1597
1765016 10
1767016 25 
1767082 75 
1767429 73 
1768175 72 
1768175 70 
1768952 80 
1769322 83 
1769743 64 
1770041 63 
1770058 63 
1770058 150 
1770058 68 
1770058 65
1770268 92 
1771586 103 
1771586 101 
1772091 100 
1772091 6
1772091 1597
1772091 11
1774094 25 
1774158 75 
1774985 72 
1774985 70 
1775757 80 
1777184 76 
1777260 83 
1777435 64 
1777984 256 
1778003 61 
1778019 61 
1778019 152 
1778019 69 
1778224 93 
1779539 103 
1779539 101 
1780447 100 
1780447 6
1780447 1597
1780447 11
1782449 25 
1782497 75 
1783318 72 
1783318 70 
1784086 80 
1784463 83 
1784747 64 
1785574 61 
1785591 61 
1785591 150 
1785591 68 
1785591 65
1785789 92 
1786058 90 
1787107 103 
1787107 101 
1787619 100 
1787619 6
1787619 1597
1787619 10
1789620 25 
1789686 75 
1790510 72 
1790510 70 
1791286 80 
1791663 83 
1793260 64 
1793991 63 
1794007 63 
1794007 150 
1794007 68 
1794007 65
1794216 92 
1794529 90 
1795532 103 
1795532 101 
1796042 100 
1796042 6
1796042 1597
1796042 10
1798042 25 
1798091 75 
1798917 72 
1798917 70 
1799684 80 
1800056 83 
1800405 64 
1800622 63 
1800644 63 
1800644 150 
1800644 68 
1800644 65
1800854 92 
1802173 103 
1802173 101 
1802678 100 
1802678 6
1802678 1597
1802678 11
1804680 25 
1804741 75 
1805562 72 
1805562 70 
1806331 80 
1807243 76 
1807316 83 
1807391 64 
1807802 61 
1807824 61 
1807824 150 
1807824 68 
1807824 65
1808038 92 
1809352 103 
1809352 101 
1809861 100 
1809861 6
1809861 1597
1809861 11
1811862 25 
1811910 75 
1812737 72 
1812737 70 
1813506 80 
1813881 83 
1813937 64 
1814287 61 
1814307 61 
1814307 150 
1814307 68 
1814307 65
1814509 92 
1815833 103 
1815833 101 
1816341 100 
1816341 6
1816341 1597
1816341 10
1818341 25 
1818392 75 
1819214 72 
1819214 70 
1819981 80 
1820355 83 
1820737 64 
1820941 63 
1820963 63 
1820963 150 
1820963 68 
1820963 65
1821160 92 
1821724 90 
1822480 103 
1822480 101 
1822990 100 
1822990 6
1822990 1597
1822990 10
1824991 25 
1825052 75 
1825877 72 
1825877 70 
1826645 80 
1827022 83 
1827187 64 
1827421 63 
1827442 63 
1827442 150 
1827442 68 
1827442 65
1827656 92 
1828973 103 
1828973 101 
1829479 100 
1829479 6
1829479 1597
1829479 11
1831482 25 
1831766 75 
1832593 72 
1832593 70 
1833365 80 
1833748 83 
1833936 64 
1834522 61 
1834544 61 
1834544 150 
1834544 68 
1834544 65
1834737 92 
1835059 90 
1836066 103 
1836066 101 
1836584 100 
1836584 6
1836584 1597
1836584 11
1838584 25 
1838634 75 
1839456 72 
1839456 70 
1840231 80 
1840997 76 
1841068 83 
1841228 64 
1841511 256 
1841530 61 
1841550 61 
1841550 150 
1841550 68 
1841550 65
1841762 92 
1843077 103 
1843077 101 
1843580 100 
1843580 6
1843580 1597
1843580 11
1845583 25 
1845635 75 
1846460 72 
1846460 70 
1847481 80 
1847945 83 
1848012 64 
1848233 61 
1848254 61 
1848254 152 
1848254 69 
1848456 93 
1849232 91 
1849776 103 
1849776 101 
1850684 100 
1850684 6
1850684 1597
1850684 10
1852687 25 
1852747 75 
1853572 72 
1853572 70 
1854558 80 
1854997 83 
1856212 64 
1856816 63 
1856833 63 
1856833 150 
1856833 68 
1856833 65
1857042 92 
1857318 90 
1858361 103 
1858361 101 
1858870 100 
1858870 6
1858870 1597
1858870 11
1858870 79 
1860870 25 
1860934 75 
1861763 72 
1861763 70 
1862743 80 
1863175 83 
1863803 64 
1865813 61 
1865828 61 
1865828 150 
1865828 68 
1865828 65
1866035 92 
1866308 90 
1867357 103 
1867357 101 
1867869 100 
1867869 2
1867869 1597
1867869 11
1867869 78 
1867869 781 
1869869 25 
1869928 75 
1870749 72 
1870749 70 
1871699 80 
1872084 83 
1872644 64 
1872953 61 
1872975 61 
1872975 151 
1872975 69 
1873182 93 
1873846 91 
1874503 103 
1874503 101 
1875421 100 
1875421 2
1875421 1597
1875421 10
1877421 25 
1877470 75 
1878295 72 
1878295 70 
1879067 80 
1879459 83 
1880147 64 
1882270 256 
1882288 61 
1882304 61 
1882304 150 
1882304 68 
1882304 65
1882509 92 
1882814 90 
1883832 103 
1883832 101 
1884339 100 
1884339 2
1884339 1597
1884339 10
1886338 25 
1886640 75 
1887466 72 
1887466 70 
1888238 80 
1889422 76 
1889497 83 
1889992 64 
1891340 61 
1891357 61 
1891357 150 
1891357 68 
1891357 65
1891553 92 
1891855 90 
1892876 103 
1892876 101 
1893387 100 
1893387 2
1893387 1597
1893387 10
1895388 25 
1895436 75 
1896259 72 
1896259 70 
1897030 80 
1897397 83 
1897698 64 
1898679 61 
1898697 61 
1898697 150 
1898697 68 
1898697 65
1898900 92 
1899179 90 
1900222 103 
1900222 101 
1900730 100 
1900730 2
1900730 1597
1900730 11
1902732 25 
1902778 75 
1903602 72 
1903602 70 
1904372 80 
1904746 83 
1906386 64 
1907179 63 
1907195 63 
1907195 150 
1907195 68 
1907195 65
1907412 92 
1907851 90 
1908726 103 
1908726 101 
1909234 100 
1909234 2
1909234 1597
1909234 10
1911233 25 
1911282 75 
1912103 72 
1912103 70 
1912872 80 
1913248 83 
1914147 64 
1914652 63 
1914667 63 
1914667 151 
1914667 69 
1914867 93 
1916186 103 
1916186 101 
1917098 100 
1917098 2
1917098 1597
1917098 11
1919096 25 
1919144 75 
1919966 72 
1919966 70 
1920735 80 
1921109 83 
1921460 64 
1924138 61 
1924155 61 
1924155 153 
1924155 68 
1924155 65
1924354 92 
1924707 90 
1925679 103 
1925679 101 
1926187 100 
1926187 2
1926187 1597
1926187 10
1928187 25 
1928235 75 
1929059 72 
1929059 70 
1929828 80 
1930936 76 
1931009 83 
1931193 64 
1932389 61 
1932407 61 
1932407 150 
1932407 68 
1932407 65
1932606 92 
1932870 90 
1933930 103 
1933930 101 
1934437 100 
1934437 2
1934437 1597
1934437 10
1936435 25 
1936492 75 
1937321 72 
1937321 70 
1938093 80 
1938463 83 
1940387 64 
1940849 63 
1940868 63 
1940868 151 
1940868 69 
1941075 93 
1941426 91 
1941548 91 
1942392 103 
1942392 101 
1943297 100 
1943297 2
1943297 1597
1943297 11
1945300 25 
1945365 75 
1946190 72 
1946190 70 
1946964 80 
1947749 76 
1947825 83 
1948033 64 
1949272 61 
1949287 61 
1949287 151 
1949287 69 
1949492 93 
1950046 91 
1950816 103 
1950816 101 
1951723 100 
1951723 2
1951723 1597
1951723 11
1953722 25 
1953771 75 
1954594 72 
1954594 70 
1955371 80 
1955746 83 
1956047 64 
1958344 61 
1958360 61 
1958360 151 
1958360 69 
1958564 93 
1959253 91 
1959891 103 
1959891 101 
1960797 100 
1960797 2
1960797 1597
1960797 10
1962800 25 
1964086 75 
1964909 72 
1964909 70 
1965681 80 
1966062 83 
1967400 64 
1969283 61 
1969299 61 
1969299 150 
1969299 68 
1969299 65
1969496 92 
1969788 90 
1970814 103 
1970814 101 
1971325 100 
1971325 2
1971325 1597
1971325 10
1973326 25 
1973800 75 
1974627 72 
1974627 70 
1975760 80 
1976297 83 
1976391 64 
1977374 61 
1977389 61 
1977389 150 
1977389 68 
1977389 65
1977602 92 
1977893 90 
1978921 103 
1978921 101 
1979428 100 
1979428 2
1979428 1597
1979428 11
1981430 25 
1981479 75 
1982301 72 
1982301 70 
1983409 80 
1983949 83 
1984533 64 
1985367 63 
1985383 63 
1985383 150 
1985383 68 
1985383 65
1985601 92 
1985847 90 
1985898 90 
1986915 103 
1986915 101 
1987426 100 
1987426 2
1987426 1597
1987426 10
1989427 25 
1989596 75 
1989954 73 
1990697 72 
1990697 70 
1991748 80 
1992233 83 
1992513 64 
1992753 63 
1992773 63 
1992773 151 
1992773 69 
1992982 93 
1993216 91 
1993483 91 
1994305 103 
1994305 101 
1995222 100 
1995222 2
1995222 1597
1995222 11
1997224 25 
1997275 75 
1998098 72 
1998098 70 
1999108 80 
1999560 83 
1999681 64 
2002225 61 
2002243 61 
2002243 151 
2002243 69 
2002441 93 
2003718 91 
2003769 103 
2003769 101 
2004690 100 
2004690 2
2004690 1597
2004690 10
2006688 25 
2006752 75 
2007073 73 
2007818 72 
2007818 70 
2008792 80 
2009220 83 
2009634 64 
2011491 61 
2011508 61 
2011508 150 
2011508 68 
2011508 65
2011716 92 
2012003 90 
2013043 103 
2013043 101 
2013562 100 
2013562 2
2013562 1597
2013562 10
2015563 25 
2015628 75 
2016455 72 
2016455 70 
2017434 80 
2017869 83 
2018537 64 
2019386 61 
2019404 61 
2019404 152 
2019404 69 
2019605 93 
2020041 91 
2020307 91 
2020932 103 
2020932 101 
2021839 100 
2021839 2
2021839 1597
2021839 11
2023840 25 
2023888 75 
2024714 72 
2024714 70 
2025698 80 
2026102 83 
2026275 64 
2028058 61 
2028074 61 
2028074 151 
2028074 69 
2028272 93 
2029472 91 
2029594 103 
2029594 101 
2030503 100 
2030503 2
2030503 1597
2030503 11
2032503 25 
2032564 75 
2033387 72 
2033387 70 
2034332 80 
2034698 83 
2035282 64 
2037787 61 
2037805 61 
2037805 151 
2037805 69 
2037999 93 
2039322 103 
2039322 101 
2040229 100 
2040229 2
2040229 1597
2040229 10
2042230 25 
2042285 75 
2043113 72 
2043113 70 
2043889 80 
2044264 83 
2045236 64 
2046972 61 
2046988 61 
2046988 150 
2046988 68 
2046988 65
2047200 92 
2047556 90 
2048516 103 
2048516 101 
2049025 100 
2049025 2
2049025 1597
2049025 11
2051027 25 
2051076 75 
2051755 73 
2052498 72 
2052498 70 
2053265 80 
2053639 83 
2054454 64 
2056131 61 
2056147 61 
2056147 151 
2056147 69 
2056352 93 
2057675 103 
2057675 101 
2058583 100 
2058583 2
2058583 1597
2058583 11
2060584 25 
2060649 75 
2061477 72 
2061477 70 
2062250 80 
2062617 83 
2063305 64 
2065581 61 
2065598 61 
2065598 151 
2065598 69 
2065801 93 
2067123 103 
2067123 101 
2068030 100 
2068030 2
2068030 1597
2068030 10
2070031 25 
2070080 75 
2070905 72 
2070905 70 
2071677 80 
2072052 83 
2073860 64 
2076333 61 
2076351 61 
2076351 150 
2076351 68 
2076351 65
2076557 92 
2076862 90 
2077884 103 
2077884 101 
2078399 100 
2078399 2
2078399 1597
2078399 11
2080402 25 
2080467 75 
2081295 72 
2081295 70 
2082067 80 
2082440 83 
2082587 64 
2084844 62 
2084861 62 
2084861 151 
2084861 69 
2085057 93 
2085208 91 
2086385 103 
2086385 101 
2087289 100 
2087289 2
2087289 1597
2087289 10
2089291 25 
2092545 75 
2093373 72 
2093373 70 
2094149 80 
2094521 83 
2095950 64 
2098224 61 
2098240 61 
2098240 150 
2098240 68 
2098240 65
2098441 92 
2098734 90 
2099764 103 
2099764 101 
2100273 100 
2100273 2
2100273 1597
2100273 11
2102271 25 
2102324 75 
2103148 72 
2103148 70 
2103927 80 
2104292 83 
2104411 64 
2107375 61 
2107391 61 
2107391 151 
2107391 69 
2107597 93 
2108265 91 
2108742 91 
2108920 103 
2108920 101 
2109827 100 
2109827 2
2109827 1597
2109827 10
2111829 25 
2111889 75 
2112713 72 
2112713 70 
2113482 80 
2113853 83 
2115972 64 
2118207 61 
2118223 61 
2118223 150 
2118223 68 
2118223 65
2118433 92 
2118832 90 
2119344 90 
2119754 103 
2119754 101 
2120261 100 
2120261 2
2120261 1597
2120261 10
2122263 25 
2122311 75 
2123138 72 
2123138 70 
2123902 80 
2126441 76 
2126521 83 
2126862 64 
2127894 256 
2127913 61 
2127928 61 
2127928 150 
2127928 68 
2127928 65
2128138 92 
2128431 90 
2129457 103 
2129457 101 
2129964 100 
2129964 2
2129964 1597
2129964 10
2131964 25 
2132015 75 
2132840 72 
2132840 70 
2133607 80 
2134189 83 
2134349 64 
2135731 61 
2135746 61 
2135746 150 
2135746 68 
2135746 65
2135943 92 
2136221 90 
2137269 103 
2137269 101 
2137775 100 
2137775 2
2137775 1597
2137775 11
2139775 25 
2140856 75 
2141683 72 
2141683 70 
2142629 80 
2143006 83 
2144627 64 
2147095 61 
2147111 61 
2147111 151 
2147111 69 
2147314 93 
2147930 91 
2148633 103 
2148633 101 
2149542 100 
2149542 2
2149542 1597
2149542 11
2151544 25 
2151612 75 
2152006 73 
2152748 72 
2152748 70 
2153514 80 
2153889 83 
2154232 64 
2156723 61 
2156741 61 
2156741 151 
2156741 69 
2156945 93 
2157574 91 
2158270 103 
2158270 101 
2159178 100 
2159178 2
2159178 1597
2159178 10
2161178 25 
2161227 75 
2162052 72 
2162052 70 
2162824 80 
2163212 83 
2163453 64 
2164954 61 
2164972 61 
2164972 150 
2164972 68 
2164972 65
2165176 92 
2165498 90 
2166498 103 
2166498 101 
2167016 100 
2167016 2
2167016 1597
2167016 11
2169017 25 
2169151 75 
2169978 72 
2169978 70 
2170758 80 
2171811 76 
2171943 83 
2172233 64 
2174212 61 
2174228 61 
2174228 151 
2174228 69 
2174434 93 
2174959 91 
2175759 91 
2175759 103 
2175759 101 
2176679 100 
2176679 2
2176679 1597
2176679 11
2178678 25 
2178727 75 
2179549 72 
2179549 70 
2180324 80 
2180703 83 
2182372 64 
2183415 63 
2183435 63 
2183435 150 
2183435 68 
2183435 65
2183647 92 
2184970 103 
2184970 101 
2185474 100 
2185474 2
2185474 1597
2185474 10
2187474 25 
2187522 75 
2188349 72 
2188349 70 
2189117 80 
2189484 83 
2190188 64 
2190574 256 
2190593 63 
2190608 63 
2190608 153 
2190608 68 
2190608 65
2190818 92 
2192136 103 
2192136 101 
2192647 100 
2192647 2
2192647 1597
2192647 10
2194644 25 
2194693 75 
2195516 72 
2195516 70 
2196288 80 
2196653 83 
2197012 64 
2197217 63 
2197232 63 
2197232 151 
2197232 69 
2197441 93 
2197659 91 
2197908 91 
2198761 103 
2198761 101 
2199667 100 
2199667 2
2199667 1597
2199667 10
2201669 25 
2201722 75 
2202552 72 
2202552 70 
2203329 80 
2203702 83 
2203921 64 
2206972 61 
2206990 61 
2206990 150 
2206990 68 
2206990 65
2207193 92 
2207443 90 
2208133 90 
2208518 103 
2208518 101 
2209026 100 
2209026 2
2209026 1597
2209026 11
2211026 25 
2211090 75 
2211913 72 
2211913 70 
2212969 71 
2213132 250 
2213287 71 
2213689 80 
2214058 83 
2214717 64 
2216794 61 
2216811 61 
2216811 153 
2216811 68 
2216811 65
2217018 92 
2217294 90 
2218343 103 
2218343 101 
2218846 100 
2218846 2
2218846 1597
2218846 11
2220848 25 
2220914 75 
2221097 73 
2221264 73 
2222005 72 
2222005 70 
2222783 80 
2223157 83 
2223285 64 
2224144 61 
2224161 61 
2224161 151 
2224161 69 
2224356 93 
2224788 91 
2225002 91 
2225683 103 
2225683 101 
2226590 100 
2226590 2
2226590 1597
2226590 10
2228589 25 
2228639 75 
2229463 72 
2229463 70 
2230233 80 
2230603 83 
2231878 64 
2233427 63 
2233444 63 
2233444 151 
2233444 69 
2233648 93 
2234269 91 
2234973 103 
2234973 101 
2235882 100 
2235882 2
2235882 1597
2235882 10
2237880 25 
2237933 75 
2238758 72 
2238758 70 
2239541 80 
2239920 83 
2240963 64 
2242793 61 
2242809 61 
2242809 150 
2242809 68 
2242809 65
2243002 92 
2243328 90 
2244327 103 
2244327 101 
2244835 100 
2244835 2
2244835 1597
2244835 11
2246837 25 
2246902 75 
2247724 72 
2247724 70 
2248825 80 
2249357 83 
2249768 64 
2250911 63 
2250927 63 
2250927 150 
2250927 68 
2250927 65
2251141 92 
2252461 103 
2252461 101 
2252967 100 
2252967 2
2252967 1597
2252967 10
2254966 25 
2255210 75 
2255344 73 
2258152 73 
2258899 72 
2258899 70 
2259995 80 
2260523 83 
2260755 64 
2263112 61 
2263131 61 
2263131 150 
2263131 68 
2263131 65
2263327 92 
2263629 90 
2264648 103 
2264648 101 
2265160 100 
2265160 2
2265160 1597
2265160 11
2267161 25 
2267844 75 
2269713 73 
2270456 72 
2270456 70 
2271458 80 
2272457 76 
2273051 76 
2273126 83 
2273360 64 
2275555 61 
2275573 61 
2275573 151 
2275573 69 
2275775 93 
2277100 103 
2277100 101 
2278010 100 
2278010 2
2278010 1597
2278010 11
2280008 25 
2281721 75 
2281807 73 
2282630 72 
2282630 70 
2283587 80 
2283975 83 
2285187 64 
2288786 63 
2288806 63 
2288806 150 
2288806 68 
2288806 65
2289018 92 
2289315 90 
2290334 103 
2290334 101 
2290843 100 
2290843 2
2290843 1597
2290843 10
2292844 25 
2292892 75 
2293714 72 
2293714 70 
2294480 80 
2294855 83 
2295647 64 
2296706 61 
2296722 61 
2296722 150 
2296722 68 
2296722 65
2296928 92 
2297190 90 
2298254 103 
2298254 101 
2298771 100 
2298771 2
2298771 1597
2298771 10
2300773 25 
2300839 75 
2301668 72 
2301668 70 
2302442 80 
2302816 83 
2303509 64 
2304311 61 
2304332 61 
2304332 150 
2304332 68 
2304332 65
2304538 92 
2304805 90 
2305861 103 
2305861 101 
2306368 100 
2306368 2
2306368 1597
2306368 11
2308371 25 
2308423 75 
2309252 72 
2309252 70 
2310028 80 
2310408 83 
2312169 64 
2312477 63 
2312497 63 
2312497 150 
2312497 68 
2312497 65
2312703 92 
2314015 103 
2314015 101 
2314526 100 
2314526 2
2314526 1597
2314526 11
2316525 25 
2316574 75 
2317402 72 
2317402 70 
2318166 80 
2318532 83 
2318994 64 
2319229 63 
2319249 63 
2319249 152 
2319249 69 
2319456 93 
2319661 91 
2319942 91 
2320778 103 
2320778 101 
2321698 100 
2321698 2
2321698 1597
2321698 10
2323697 25 
2323757 75 
2324585 72 
2324585 70 
2325354 80 
2325718 83 
2326239 64 
2327850 61 
2327866 61 
2327866 150 
2327866 68 
2327866 65
2328076 92 
2328312 90 
2329397 103 
2329397 101 
2329906 100 
2329906 2
2329906 1597
2329906 11
2331907 25 
2331968 75 
2332799 72 
2332799 70 
2333571 80 
2333944 83 
2334702 64 
2335397 61 
2335414 61 
2335414 151 
2335414 69 
2335619 93 
2336028 91 
2336246 91 
2336945 103 
2336945 101 
2337864 100 
2337864 2
2337864 1597
2337864 10
2339862 25 
2339911 75 
2340740 72 
2340740 70 
2341520 80 
2341905 83 
2342043 64 
2343164 61 
2343180 61 
2343180 150 
2343180 68 
2343180 65
2343392 92 
2343610 90 
2344708 103 
2344708 101 
2345219 100 
2345219 2
2345219 1597
2345219 11
2347220 25 
2347281 75 
2348105 72 
2348105 70 
2348876 80 
2349669 76 
2349742 83 
2349862 64 
2350148 61 
2350163 61 
2350163 151 
2350163 69 
2350363 93 
2351681 103 
2351681 101 
2352590 100 
2352590 2
2352590 1597
2352590 10
2354590 25 
2354638 75 
2355465 72 
2355465 70 
2356230 80 
2356599 83 
2357038 64 
2357967 61 
2357983 61 
2357983 150 
2357983 68 
2357983 65
2358185 92 
2358469 90 
2359505 103 
2359505 101 
2360014 100 
2360014 2
2360014 1597
2360014 11
2362011 25 
2362062 75 
2362885 72 
2362885 70 
2363657 80 
2364027 83 
2364660 64 
2367209 61 
2367225 61 
2367225 151 
2367225 69 
2367428 93 
2368753 103 
2368753 101 
2369663 100 
2369663 2
2369663 1597
2369663 11
2371662 25 
2371710 75 
2372532 72 
2372532 70 
2373301 80 
2373675 83 
2374653 64 
2376695 61 
2376710 61 
2376710 151 
2376710 69 
2376904 93 
2378231 103 
2378231 101 
2379140 100 
2379140 2
2379140 1597
2379140 10
2381137 25 
2381187 75 
2382014 72 
2382014 70 
2382793 80 
2383390 83 
2383979 64 
2385038 61 
2385057 61 
2385057 152 
2385057 69 
2385265 93 
2386589 103 
2386589 101 
2387507 100 
2387507 2
2387507 1597
2387507 10
2389508 25 
2389563 75 
2390388 72 
2390388 70 
2391364 80 
2391782 83 
2392266 64 
2394216 62 
2394234 62 
2394234 151 
2394234 69 
2394432 93 
2395754 103 
2395754 101 
2396664 100 
2396664 2
2396664 1597
2396664 11
2398663 25 
2398713 75 
2399538 72 
2399538 70 
2400485 80 
2400859 83 
2401692 64 
2403230 62 
2403248 62 
2403248 151 
2403248 69 
2403455 93 
2403927 91 
2404379 91 
2404776 103 
2404776 101 
2405690 100 
2405690 2
2405690 1597
2405690 10
2407688 25 
2407748 75 
2408569 72 
2408569 70 
2409343 80 
2409714 83 
2411368 64 
2413326 62 
2413342 62 
2413342 151 
2413342 69 
2413546 93 
2413990 91 
2414871 103 
2414871 101 
2415776 100 
2415776 2
2415776 1597
2415776 10
2417775 25 
2417824 75 
2418652 72 
2418652 70 
2419417 80 
2419791 83 
2420915 64 
2422365 62 
2422381 62 
2422381 151 
2422381 69 
2422576 93 
2423110 91 
2423904 103 
2423904 101 
2424811 100 
2424811 2
2424811 1597
2424811 10
2426813 25 
2426859 75 
2427684 72 
2427684 70 
2428453 80 
2428827 83 
2429434 64 
2430734 63 
2430750 63 
2430750 151 
2430750 69 
2430957 93 
2431565 91 
2432276 103 
2432276 101 
2433183 100 
2433183 2
2433183 1597
2433183 11
2435183 25 
2435243 75 
2436069 72 
2436069 70 
2436837 80 
2437209 83 
2459613 64 
2461412 62 
2461427 62 
2461427 151 
2461427 69 
2461628 93 
2462093 91 
2462958 103 
2462958 101 
2463876 100 
2463876 2
2463876 1597
2463876 11
2465877 25 
2465936 75 
2466762 72 
2466762 70 
2467532 80 
2467902 83 
2470154 64 
2471735 63 
2471752 63 
2471752 150 
2471752 68 
2471752 65
2471961 92 
2473280 103 
2473280 101 
2473793 100 
2473793 2
2473793 1597
2473793 11
2475792 25 
2475853 75 
2476677 72 
2476677 70 
2477445 80 
2477822 83 
2478297 64 
2478858 63 
2478880 63 
2478880 150 
2478880 68 
2478880 65
2479080 92 
2480398 103 
2480398 101 
2480908 100 
2480908 2
2480908 1597
2480908 10
2482909 25 
2482969 75 
2483792 72 
2483792 70 
2484561 80 
2484929 83 
2485178 64 
2485897 63 
2485919 63 
2485919 151 
2485919 69 
2486118 93 
2487437 103 
2487437 101 
2488345 100 
2488345 2
2488345 1597
2488345 10
2490345 25 
2490406 75 
2491233 72 
2491233 70 
2492018 80 
2492399 83 
2493410 64 
2494914 61 
2494930 61 
2494930 152 
2494930 69 
2495136 93 
2496459 103 
2496459 101 
2497367 100 
2497367 2
2497367 1597
2497367 11
2499368 25 
2499429 75 
2500250 72 
2500250 70 
2501303 80 
2501778 83 
2504903 64 
2505587 63 
2505603 63 
2505603 150 
2505603 68 
2505603 65
2505809 92 
2507135 103 
2507135 101 
2507642 100 
2507642 2
2507642 1597
2507642 11
2509643 25 
2509705 75 
2510529 72 
2510529 70 
2511608 80 
2512079 83 
2512375 64 
2512566 63 
2512587 63 
2512587 150 
2512587 68 
2512587 65
2512785 92 
2514108 103 
2514108 101 
2514612 100 
2514612 2
2514612 1597
2514612 10
2516616 25 
2516684 75 
2517507 72 
2517507 70 
2518591 80 
2519156 83 
2521671 64 
2523732 61 
2523747 61 
2523747 150 
2523747 68 
2523747 65
2523950 92 
2524293 90 
2525271 103 
2525271 101 
2525781 100 
2525781 2
2525781 1597
2525781 10
2527781 25 
2527830 75 
2528651 72 
2528651 70 
2529674 80 
2530150 83 
2530329 64 
2530556 256 
2531120 61 
2531136 61 
2531136 150 
2531136 68 
2531136 65
2531334 92 
2532656 103 
2532656 101 
2533166 100 
2533166 2
2533166 1597
2533166 10
2535167 25 
2535227 75 
2536049 72 
2536049 70 
2537106 80 
2537600 83 
2556295 64 
2556683 61 
2556700 61 
2556700 150 
2556700 68 
2556700 65
2556896 92 
2558219 103 
2558219 101 
2558726 100 
2558726 2
2558726 1597
2558726 11
2560727 25 
2560790 75 
2561614 72 
2561614 70 
2562660 80 
2563136 83 
2569887 64 
2570261 61 
2570282 61 
2570282 151 
2570282 69 
2570483 93 
2571801 103 
2571801 101 
2572710 100 
2572710 2
2572710 1597
2572710 11
2574710 25 
2574757 75 
2575583 72 
2575583 70 
2576603 80 
2577121 83 
2578164 64 
2579854 63 
2579871 63 
2579871 150 
2579871 68 
2579871 65
2580078 92 
2581393 103 
2581393 101 
2581902 100 
2581902 2
2581902 1597
2581902 11
2583904 25 
2583954 75 
2584783 72 
2584783 70 
2585809 80 
2586294 83 
2587101 64 
2587470 63 
2587490 63 
2587490 150 
2587490 68 
2587490 65
2587696 92 
2588769 90 
2589021 103 
2589021 101 
2589528 100 
2589528 2
2589528 1597
2589528 10
2591529 25 
2591577 75 
2592398 72 
2592398 70 
2593490 80 
2594014 83 
2594886 64 
2596409 61 
2596426 61 
2596426 152 
2596426 69 
2596627 93 
2597950 103 
2597950 101 
2598872 100 
2598872 2
2598872 1597
2598872 10
2600871 25 
2600932 75 
2601757 72 
2601757 70 
2602794 80 
2603269 83 
2609382 64 
2610473 63 
2610490 63 
2610490 151 
2610490 69 
2610689 93 
2612010 103 
2612010 101 
2612917 100 
2612917 2
2612917 1597
2612917 10
2614919 25 
2614979 75 
2615805 72 
2615805 70 
2616840 80 
2617340 83 
2618184 64 
2619819 63 
2619835 63 
2619835 151 
2619835 69 
2620038 93 
2621366 103 
2621366 101 
2622275 100 
2622275 2
2622275 1597
2622275 11
2624273 25 
2624325 75 
2625147 72 
2625147 70 
2626140 80 
2626568 83 
2627502 64 
2628713 63 
2628729 63 
2628729 150 
2628729 68 
2628729 65
2628937 92 
2630263 103 
2630263 101 
2630778 100 
2630778 2
2630778 1597
2630778 11
2632778 25 
2632838 75 
2633666 72 
2633666 70 
2634644 80 
2635082 83 
2636108 64 
2636683 256 
2636701 63 
2636716 63 
2636716 150 
2636716 68 
2636716 65
2636920 92 
2638239 103 
2638239 101 
2638746 100 
2638746 2
2638746 1597
2638746 11
2640747 25 
2640809 75 
2641636 72 
2641636 70 
2642616 80 
2643039 83 
2643423 64 
2643640 63 
2643663 63 
2643663 150 
2643663 68 
2643663 65
2647739 90 
2647861 92 
2647861 103 
2647861 101 
2648385 100 
2648385 2
2648385 1597
2648385 11
2650384 25 
2650449 75 
2651278 72 
2651278 70 
2652253 80 
2652674 83 
2653104 64 
2653305 63 
2653328 63 
2653328 150 
2653328 68 
2653328 65
2653543 92 
2654860 103 
2654860 101 
2655371 100 
2655371 2
2655371 1597
2655371 11
2657369 25 
2657428 75 
2658249 72 
2658249 70 
2659219 80 
2659644 83 
2660579 64 
2662202 61 
2662219 61 
2662219 151 
2662219 69 
2662422 93 
2663755 103 
2663755 101 
2664669 100 
2664669 2
2664669 1597
2664669 10
2666669 25 
2666731 75 
2667557 72 
2667557 70 
2668502 80 
2668883 83 
2670323 64 
2671642 63 
2671661 63 
2671661 151 
2671661 69 
2671863 93 
2672464 91 
2673184 103 
2673184 101 
2674095 100 
2674095 2
2674095 1597
2674095 10
2676093 25 
2676153 75 
2676981 72 
2676981 70 
2677757 80 
2678130 83 
2678472 64 
2680352 61 
2680368 61 
2680368 150 
2680368 68 
2680368 65
2680576 92 
2680902 90 
2681905 103 
2681905 101 
2682422 100 
2682422 2
2682422 1597
2682422 11
2684421 25 
2684470 75 
2685297 72 
2685297 70 
2686080 80 
2686462 83 
2686913 64 
2688258 61 
2688274 61 
2688274 151 
2688274 69 
2688481 93 
2689803 103 
2689803 101 
2690712 100 
2690712 2
2690712 1597
2690712 11
2692712 25 
2692773 75 
2693601 72 
2693601 70 
2694389 80 
2694758 83 
2696049 64 
2697921 61 
2697939 61 
2697939 151 
2697939 69 
2698141 93 
2699466 103 
2699466 101 
2700375 100 
2700375 2
2700375 1597
2700375 10
2702373 25 
2702421 75 
2703248 72 
2703248 70 
2704013 80 
2704384 83 
2705147 64 
2706412 61 
2706430 61 
2706430 150 
2706430 68 
2706430 65
2706631 92 
2707075 90 
2707957 103 
2707957 101 
2708461 100 
2708461 2
2708461 1597
2708461 10
2710463 25 
2710517 75 
2711345 72 
2711345 70 
2712118 80 
2712488 83 
2712715 64 
2713745 61 
2713761 61 
2713761 150 
2713761 68 
2713761 65
2713962 92 
2714172 90 
2715283 103 
2715283 101 
2715792 100 
2715792 2
2715792 1597
2715792 11
2717794 25 
2717859 75 
2718689 72 
2718689 70 
2719459 80 
2719832 83 
2719992 64 
2721809 63 
2721824 63 
2721824 150 
2721824 68 
2721824 65
2722025 92 
2723351 103 
2723351 101 
2723856 100 
2723856 2
2723856 1597
2723856 10
2725857 25 
2725906 75 
2726733 72 
2726733 70 
2727504 80 
2727880 83 
2728067 64 
2729178 61 
2729195 61 
2729195 150 
2729195 68 
2729195 65
2729396 92 
2729636 90 
2730723 103 
2730723 101 
2731241 100 
2731241 2
2731241 1597
2731241 11
2733240 25 
2733289 75 
2734112 72 
2734112 70 
2734885 80 
2735267 83 
2736367 64 
2736621 61 
2736641 61 
2736641 153 
2736641 68 
2736641 65
2736850 92 
2738170 103 
2738170 101 
2738676 100 
2738676 2
2738676 1597
2738676 10
2740676 25 
2740726 75 
2741548 72 
2741548 70 
2742317 80 
2742684 83 
2747187 64 
2747595 61 
2747611 61 
2747611 150 
2747611 68 
2747611 65
2747825 92 
2749138 103 
2749138 101 
2749645 100 
2749645 2
2749645 1597
2749645 10
2751645 25 
2751694 75 
2752522 72 
2752522 70 
2753300 80 
2753672 83 
2753827 64 
2754469 61 
2754485 61 
2754485 150 
2754485 68 
2754485 65
2754697 92 
2756013 103 
2756013 101 
2756521 100 
2756521 2
2756521 1597
2756521 11
2758522 25 
2758576 75 
2759403 72 
2759403 70 
2760182 80 
2760561 83 
2761546 64 
2762715 63 
2762736 63 
2762736 150 
2762736 68 
2762736 65
2762942 92 
2764268 103 
2764268 101 
2764789 100 
2764789 2
2764789 1597
2764789 11
2766789 25 
2766848 75 
2767672 72 
2767672 70 
2768759 80 
2769238 83 
2769501 64 
2769712 63 
2769735 63 
2769735 150 
2769735 68 
2769735 65
2769947 92 
2771263 103 
2771263 101 
2771768 100 
2771768 2
2771768 1597
2771768 10
2773770 25 
2773826 75 
2774650 72 
2774650 70 
2775765 80 
2776301 83 
2777177 64 
2777497 63 
2777516 63 
2777516 151 
2777516 69 
2777720 93 
2777888 91 
2778128 91 
2779044 103 
2779044 101 
2779954 100 
2779954 2
2779954 1597
2779954 10
2781953 25 
2782003 75 
2782830 72 
2782830 70 
2783935 80 
2784473 83 
2785804 64 
2787368 61 
2787386 61 
2787386 150 
2787386 68 
2787386 65
2787581 92 
2787961 90 
2788916 103 
2788916 101 
2789427 100 
2789427 2
2789427 1597
2789427 10
2791429 25 
2791478 75 
2792305 72 
2792305 70 
2793339 80 
2793817 83 
2794236 64 
2794536 61 
2794551 61 
2794551 152 
2794551 69 
2794751 93 
2795381 91 
2795964 91 
2796079 103 
2796079 101 
2796997 100 
2796997 4
2796997 1597
2796997 11
2796997 78 
2796997 782 
2798999 25 
2799050 75 
2799874 72 
2799874 70 
2800908 80 
2801386 83 
2802192 64 
2803405 63 
2803421 63 
2803421 151 
2803421 69 
2803621 93 
2804940 103 
2804940 101 
2805849 100 
2805849 4
2805849 1597
2805849 10
2807850 25 
2807915 75 
2808740 72 
2808740 70 
2809794 80 
2810280 83 
2810866 64 
2813337 61 
2813354 61 
2813354 151 
2813354 69 
2813557 93 
2814159 91 
2814883 103 
2814883 101 
2815796 100 
2815796 4
2815796 1597
2815796 11
2817796 25 
2817852 75 
2818678 72 
2818678 70 
2819679 80 
2820136 83 
2820909 64 
2822418 256 
2822852 63 
2822867 63 
2822867 151 
2822867 69 
2823058 93 
2824386 103 
2824386 101 
2825298 100 
2825298 4
2825298 1597
2825298 11
2827298 25 
2830168 75 
2830992 72 
2830992 70 
2831948 80 
2832327 83 
2833440 64 
2835867 61 
2835882 61 
2835882 150 
2835882 68 
2835882 65
2836081 92 
2836384 90 
2837409 103 
2837409 101 
2837926 100 
2837926 4
2837926 1597
2837926 11
2839927 25 
2839976 75 
2840800 72 
2840800 70 
2841567 80 
2841939 83 
2842062 64 
2842789 61 
2842806 61 
2842806 150 
2842806 68 
2842806 65
2843018 92 
2843266 90 
2844334 103 
2844334 101 
2844848 100 
2844848 4
2844848 1597
2844848 10
2846849 25 
2846907 75 
2847733 72 
2847733 70 
2848504 80 
2849633 76 
2849704 83 
2849976 64 
2852337 61 
2852355 61 
2852355 151 
2852355 69 
2852558 93 
2853046 91 
2853882 103 
2853882 101 
2854800 100 
2854800 4
2854800 1597
2854800 11
2856801 25 
2856849 75 
2857679 72 
2857679 70 
2858452 80 
2858823 83 
2859194 64 
2860461 61 
2860479 61 
2860479 150 
2860479 68 
2860479 65
2860688 92 
2860950 90 
2862006 103 
2862006 101 
2862517 100 
2862517 4
2862517 1597
2862517 11
2864517 25 
2864566 75 
2865393 72 
2865393 70 
2866156 80 
2866532 83 
2866750 64 
2867512 61 
2867527 61 
2867527 152 
2867527 69 
2867720 93 
2868100 91 
2868374 91 
2869044 103 
2869044 101 
2869956 100 
2869956 4
2869956 1597
2869956 10
2871954 25 
2872016 75 
2872842 72 
2872842 70 
2873610 80 
2873983 83 
2874702 64 
2875335 61 
2875353 61 
2875353 151 
2875353 69 
2875556 93 
2876029 91 
2876259 91 
2876383 91 
2876745 91 
2876882 103 
2876882 101 
2877797 100 
2877797 4
2877797 1597
2877797 10
2879796 25 
2879856 75 
2880679 72 
2880679 70 
2881444 80 
2881814 83 
2882853 64 
2884052 61 
2884070 61 
2884070 151 
2884070 69 
2884273 93 
2884731 91 
2885599 103 
2885599 101 
2886508 100 
2886508 4
2886508 1597
2886508 10
2888508 25 
2888568 75 
2889395 72 
2889395 70 
2890166 80 
2890542 83 
2890999 64 
2893414 62 
2893432 62 
2893432 150 
2893432 68 
2893432 65
2893632 92 
2893968 90 
2894953 103 
2894953 101 
2895462 100 
2895462 4
2895462 1597
2895462 10
2897463 25 
2897512 75 
2898340 72 
2898340 70 
2899115 80 
2899808 76 
2899882 83 
2899948 64 
2900168 62 
2900188 62 
2900188 150 
2900188 68 
2900188 65
2900392 92 
2901712 103 
2901712 101 
2902220 100 
2902220 4
2902220 1597
2902220 11
2904219 25 
2904273 75 
2905101 72 
2905101 70 
2905880 80 
2906863 76 
2906940 83 
2907091 64 
2907319 63 
2907340 63 
2907340 151 
2907340 69 
2907556 93 
2907919 91 
2908283 91 
2908868 103 
2908868 101 
2909782 100 
2909782 4
2909782 1597
2909782 10
2911782 25 
2911838 75 
2912666 72 
2912666 70 
2913449 80 
2913991 76 
2914474 76 
2914547 83 
2914693 64 
2914874 62 
2914891 62 
2914891 150 
2914891 68 
2914891 65
2915094 92 
2916411 103 
2916411 101 
2916918 100 
2916918 4
2916918 1597
2916918 11
2918922 25 
2918970 75 
2919797 72 
2919797 70 
2920576 80 
2920945 83 
2921010 64 
2921282 63 
2921301 63 
2921301 151 
2921301 69 
2921512 93 
2922104 91 
2922473 91 
2922822 103 
2922822 101 
2923732 100 
2923732 4
2923732 1597
2923732 11
2925731 25 
2925779 75 
2926602 72 
2926602 70 
2927375 80 
2927755 83 
2928120 64 
2929684 62 
2929701 62 
2929701 151 
2929701 69 
2929899 93 
2930508 91 
2931220 103 
2931220 101 
2932126 100 
2932126 4
2932126 1597
2932126 10
2934127 25 
2934176 75 
2934998 72 
2934998 70 
2935977 80 
2936583 76 
2936707 83 
2936771 64 
2936953 62 
2936969 62 
2936969 150 
2936969 68 
2936969 65
2937181 92 
2938496 103 
2938496 101 
2939005 100 
2939005 4
2939005 1597
2939005 11
2941005 25 
2941066 75 
2941891 72 
2941891 70 
2942856 80 
2943754 76 
2943866 83 
2943967 64 
2945356 61 
2945374 61 
2945374 150 
2945374 68 
2945374 65
2945583 92 
2945842 90 
2946904 103 
2946904 101 
2947415 100 
2947415 4
2947415 1597
2947415 11
2949416 25 
2949475 75 
2950302 72 
2950302 70 
2951260 80 
2951636 83 
2951865 64 
2952376 61 
2952397 61 
2952397 150 
2952397 68 
2952397 65
2952604 92 
2953920 103 
2953920 101 
2954439 100 
2954439 4
2954439 1597
2954439 11
2956438 25 
2956487 75 
2957313 72 
2957313 70 
2958080 80 
2958804 76 
2958879 83 
2958984 64 
2959202 61 
2959223 61 
2959223 150 
2959223 68 
2959223 65
2959441 92 
2960755 103 
2960755 101 
2961263 100 
2961263 4
2961263 1597
2961263 11
2963263 25 
2963323 75 
2964147 72 
2964147 70 
2964914 80 
2965552 76 
2966143 76 
2966217 83 
2966353 64 
2966544 256 
2966597 61 
2966616 61 
2966616 150 
2966616 68 
2966616 65
2966815 92 
2968139 103 
2968139 101 
2968658 100 
2968658 4
2968658 1597
2968658 10
2970659 25 
2970711 75 
2971537 72 
2971537 70 
2972310 80 
2972684 83 
2972724 64 
2972925 256 
2972957 62 
2972976 62 
2972976 150 
2972976 68 
2972976 65
2973191 92 
2974507 103 
2974507 101 
2975017 100 
2975017 4
2975017 1597
2975017 11
2977016 25 
2977065 75 
2977894 72 
2977894 70 
2978665 80 
2979349 76 
2979428 83 
2979486 64 
2979716 61 
2979736 61 
2979736 152 
2979736 69 
2979948 93 
2980380 91 
2981267 103 
2981267 101 
2982184 100 
2982184 4
2982184 1597
2982184 10
2984186 25 
2984235 75 
2985060 72 
2985060 70 
2985831 80 
2986213 83 
2987367 64 
2987535 62 
2987555 62 
2987555 150 
2987555 68 
2987555 65
2987749 92 
2989078 103 
2989078 101 
2989595 100 
2989595 4
2989595 1597
2989595 10
2991597 25 
2994065 75 
2994890 72 
2994890 70 
2995669 80 
2996342 76 
2996419 83 
2996558 64 
2996755 62 
2996772 62 
2996772 150 
2996772 68 
2996772 65
2996979 92 
2998297 103 
2998297 101 
2998804 100 
2998804 4
2998804 1597
2998804 10
3000804 25 
3000853 75 
3001674 72 
3001674 70 
3002457 80 
3003080 76 
3003646 76 
3003719 83 
3003838 64 
3004017 256 
3004035 62 
3004056 62 
3004056 150 
3004056 68 
3004056 65
3004271 92 
3005586 103 
3005586 101 
3006094 100 
3006094 4
3006094 1597
3006094 10
3008095 25 
3008144 75 
3008971 72 
3008971 70 
3009735 80 
3010106 83 
3010143 64 
3010306 256 
3010338 62 
3010357 62 
3010357 152 
3010357 69 
3010558 93 
3011384 91 
3011880 103 
3011880 101 
3012799 100 
3012799 4
3012799 1597
3012799 11
3014801 25 
3014848 75 
3015672 72 
3015672 70 
3016439 80 
3016810 83 
3016851 64 
3017526 61 
3017547 61 
3017547 150 
3017547 68 
3017547 65
3017749 92 
3017975 90 
3019074 103 
3019074 101 
3019582 100 
3019582 4
3019582 1597
3019582 11
3021583 25 
3021631 75 
3022456 72 
3022456 70 
3023229 80 
3023604 83 
3023805 64 
3024020 61 
3024042 61 
3024042 150 
3024042 68 
3024042 65
3024253 92 
3025571 103 
3025571 101 
3026084 100 
3026084 4
3026084 1597
3026084 11
3028087 25 
3028141 75 
3028694 73 
3029434 72 
3029434 70 
3030213 80 
3031015 76 
3031445 76 
3031522 83 
3031699 64 
3031917 61 
3031938 61 
3031938 150 
3031938 68 
3031938 65
3032154 92 
3033468 103 
3033468 101 
3033976 100 
3033976 4
3033976 1597
3033976 11
3033976 79 
3035975 25 
3036025 75 
3036853 72 
3036853 70 
3037615 80 
3038215 76 
3038371 83 
3038469 64 
3038717 61 
3038739 61 
3038739 150 
3038739 68 
3038739 65
3038949 92 
3040263 103 
3040263 101 
3040773 100 
3040773 4
3040773 1597
3040773 10
3042775 25 
3043114 75 
3043941 72 
3043941 70 
3044713 80 
3045095 83 
3045623 64 
3045911 62 
3045931 62 
3045931 150 
3045931 68 
3045931 65
3046143 92 
3047462 103 
3047462 101 
3047971 100 
3047971 4
3047971 1597
3047971 10
3049972 25 
3050038 75 
3050861 72 
3050861 70 
3051973 80 
3052705 76 
3053186 76 
3053265 83 
3053410 64 
3053625 62 
3053647 62 
3053647 150 
3053647 68 
3053647 65
3053865 92 
3055179 103 
3055179 101 
3055689 100 
3055689 4
3055689 1597
3055689 10
3057689 25 
3057749 75 
3058578 72 
3058578 70 
3059611 80 
3059921 76 
3060072 83 
3060124 64 
3060341 62 
3060358 62 
3060358 150 
3060358 68 
3060358 65
3060566 92 
3061882 103 
3061882 101 
3062392 100 
3062392 4
3062392 1597
3062392 11
3064390 25 
3064943 75 
3065770 72 
3065770 70 
3066540 80 
3066912 83 
3067097 64 
3067333 61 
3067353 61 
3067353 150 
3067353 68 
3067353 65
3067562 92 
3068598 90 
3068880 103 
3068880 101 
3069388 100 
3069388 4
3069388 1597
3069388 10
3071388 25 
3071436 75 
3072263 72 
3072263 70 
3073026 80 
3073623 76 
3073775 83 
3073809 64 
3073984 256 
3074060 62 
3074079 62 
3074079 150 
3074079 68 
3074079 65
3074291 92 
3075612 103 
3075612 101 
3076124 100 
3076124 4
3076124 1597
3076124 10
3078124 25 
3078185 75 
3079009 72 
3079009 70 
3079777 80 
3080478 76 
3080551 83 
3080631 64 
3080812 62 
3080830 62 
3080830 152 
3080830 69 
3081039 93 
3082353 103 
3082353 101 
3083260 100 
3083260 4
3083260 1597
3083260 11
3085264 25 
3095317 254 
3095317 101 
3097331 100 
3097331 4
3097331 1597
3097331 11
3097331 25 
3097496 75 
3098322 72 
3098322 70 
3099094 80 
3099468 83 
3101443 64 
3101875 61 
3101895 61 
3101895 150 
3101895 68 
3101895 65
3102107 92 
3102953 90 
3103425 103 
3103425 101 
3103931 100 
3103931 4
3103931 1597
3103931 10
3105932 25 
3105982 75 
3106808 72 
3106808 70 
3107578 80 
3108309 76 
3108381 83 
3108515 64 
3108711 62 
3108732 62 
3108732 150 
3108732 68 
3108732 65
3108944 92 
3110262 103 
3110262 101 
3110769 100 
3110769 4
3110769 1597
3110769 11
3112771 25 
3112832 75 
3113654 72 
3113654 70 
3114426 80 
3114794 83 
3114873 64 
3115122 61 
3115143 61 
3115143 150 
3115143 68 
3115143 65
3115356 92 
3116672 103 
3116672 101 
3117180 100 
3117180 3
3117180 1597
3117180 11
3117180 78 
3117180 781 
3119181 25 
3119229 75 
3120056 72 
3120056 70 
3120823 80 
3122208 76 
3122288 83 
3122440 64 
3122646 61 
3122669 61 
3122669 151 
3122669 69 
3122873 93 
3123510 91 
3124192 103 
3124192 101 
3125098 100 
3125098 3
3125098 1597
3125098 11
3127098 25 
3127145 75 
3127969 72 
3127969 70 
3128738 80 
3129109 83 
3129239 64 
3131845 62 
3131862 62 
3131862 151 
3131862 69 
3132063 93 
3133018 91 
3133394 103 
3133394 101 
3134306 100 
3134306 3
3134306 1597
3134306 10
3136308 25 
3136374 75 
3137200 72 
3137200 70 
3137977 80 
3138513 76 
3138644 83 
3138717 64 
3138911 62 
3138933 62 
3138933 150 
3138933 68 
3138933 65
3139140 92 
3140465 103 
3140465 101 
3140972 100 
3140972 3
3140972 1597
3140972 10
3142971 25 
3143018 75 
3143842 72 
3143842 70 
3144613 80 
3145313 76 
3145405 83 
3145489 64 
3145681 62 
3145701 62 
3145701 150 
3145701 68 
3145701 65
3145916 92 
3147237 103 
3147237 101 
3147742 100 
3147742 3
3147742 1597
3147742 10
3149742 25 
3149789 75 
3150615 72 
3150615 70 
3151384 80 
3152108 76 
3152182 83 
3152268 64 
3152452 62 
3152471 62 
3152471 150 
3152471 68 
3152471 65
3152671 92 
3153988 103 
3153988 101 
3154497 100 
3154497 3
3154497 1597
3154497 11
3156500 25 
3156565 75 
3157390 72 
3157390 70 
3158163 80 
3158541 83 
3158653 64 
3158976 61 
3158993 61 
3158993 151 
3158993 69 
3159203 93 
3159829 91 
3160523 103 
3160523 101 
3161430 100 
3161430 3
3161430 1597
3161430 10
3163430 25 
3163477 75 
3164300 72 
3164300 70 
3165323 80 
3165708 76 
3166247 76 
3166324 83 
3166436 64 
3166631 62 
3166647 62 
3166647 150 
3166647 68 
3166647 65
3166855 92 
3168173 103 
3168173 101 
3168221 102 
