0 100 
0 3
0 1616
0 10
1993 25 
2052 75 
2934 72 
2934 70 
4159 80 
4709 83 
7302 64 
7547 62 
7563 62 
7563 150 
7563 68 
8022 65 
8124 92 
9085 103 
9085 101 
9596 100 
9596 3
9596 1616
9596 10
11598 25 
11658 75 
12543 72 
12543 70 
13597 80 
14400 76 
14519 83 
14550 64 
14720 256 
14740 62 
14760 62 
14760 150 
14760 68 
15660 90 
15778 65 
16011 90 
16249 92 
16284 103 
16284 101 
16793 100 
16793 3
16793 1616
16793 10
18793 25 
18843 75 
19720 72 
19720 70 
20769 80 
21338 83 
21984 64 
22168 62 
22189 62 
22189 150 
22189 68 
22659 65 
22757 92 
23724 103 
23724 101 
24230 100 
24230 3
24230 1616
24230 11
26229 25 
26279 75 
27155 72 
27155 70 
28199 80 
29096 76 
29773 76 
29883 83 
29918 64 
30176 61 
30200 61 
30200 151 
30200 69 
30757 93 
31330 91 
31718 103 
31718 101 
32627 100 
32627 3
32627 1616
32627 11
34627 25 
36640 75 
37511 72 
37511 70 
38560 80 
39040 83 
39175 64 
39596 63 
39612 63 
39612 152 
39612 69 
40939 91 
42129 91 
42157 91 
42232 91 
42463 93 
42463 103 
42463 101 
43384 100 
43384 3
43384 1616
43384 10
45384 25 
47760 75 
48634 72 
48634 70 
49634 80 
50405 76 
50847 76 
50948 83 
51016 64 
51204 62 
51226 62 
51226 150 
51226 68 
52222 90 
52468 90 
52481 65 
52704 92 
52747 103 
52747 101 
53257 100 
53257 3
53257 1616
53257 11
55258 25 
55308 75 
56188 72 
56188 70 
57136 80 
57690 83 
57730 64 
58019 63 
58037 63 
58037 150 
58037 68 
58498 65 
58593 92 
59560 103 
59560 101 
60069 100 
60069 3
60069 1616
60069 11
62071 25 
62132 75 
63011 72 
63011 70 
63982 80 
64796 76 
65333 76 
65444 83 
65483 64 
65699 256 
65719 63 
65739 63 
65739 150 
65739 68 
66197 65 
66296 92 
67264 103 
67264 101 
67773 100 
67773 3
67773 1616
67773 10
69772 25 
69827 75 
70707 72 
70707 70 
71645 80 
72415 76 
72913 76 
73014 83 
73045 64 
73239 62 
73258 62 
73258 150 
73258 68 
73710 65 
73812 92 
74781 103 
74781 101 
75288 100 
75288 3
75288 1616
75288 11
77291 25 
77353 75 
78229 72 
78229 70 
79051 80 
79473 83 
79595 64 
79830 63 
79853 63 
79853 150 
79853 68 
80309 65 
80414 92 
81376 103 
81376 101 
81888 100 
81888 3
81888 1616
81888 10
83886 25 
83936 75 
84812 72 
84812 70 
85650 80 
86072 83 
86214 64 
86396 62 
86416 62 
86416 150 
86416 68 
87371 90 
87433 65 
87605 92 
87931 103 
87931 101 
88443 100 
88443 3
88443 1616
88443 10
90445 25 
90506 75 
91379 72 
91379 70 
92207 80 
92987 76 
93091 83 
93138 64 
93364 62 
93381 62 
93381 150 
93381 68 
93844 65 
93934 92 
94903 103 
94903 101 
95414 100 
95414 3
95414 1616
95414 11
97415 25 
97476 75 
98350 72 
98350 70 
99173 80 
99597 83 
99674 64 
99908 63 
99929 63 
99929 150 
99929 68 
100385 65 
100481 92 
101451 103 
101451 101 
101957 100 
101957 3
101957 1616
101957 10
103960 25 
104027 75 
104904 72 
104904 70 
105736 80 
106175 83 
106206 64 
106395 62 
106416 62 
106416 150 
106416 68 
107566 90 
107628 65 
107798 92 
107940 103 
107940 101 
108447 100 
108447 3
108447 1616
108447 11
110450 25 
110511 75 
111388 72 
111388 70 
112208 80 
112630 83 
112699 64 
112944 63 
112965 63 
112965 150 
112965 68 
113418 65 
113520 92 
114488 103 
114488 101 
114995 100 
114995 3
114995 1616
114995 10
116996 25 
117061 75 
117934 72 
117934 70 
118770 80 
119194 83 
120363 64 
120528 62 
120549 62 
120549 152 
120549 69 
121196 91 
122218 91 
122455 93 
122455 103 
122455 101 
123374 100 
123374 3
123374 1616
123374 11
125375 25 
125438 75 
126317 72 
126317 70 
127138 80 
127574 83 
130566 64 
130937 63 
130959 63 
130959 150 
130959 68 
131422 65 
131526 92 
132487 103 
132487 101 
132999 100 
132999 3
132999 1616
132999 11
134999 25 
135048 75 
135926 72 
135926 70 
136744 80 
138000 76 
138103 83 
138149 64 
138369 63 
138387 63 
138387 150 
138387 68 
138849 65 
138954 92 
139918 103 
139918 101 
140428 100 
140428 3
140428 1616
140428 10
142428 25 
142485 75 
143359 72 
143359 70 
144188 80 
144998 76 
145108 83 
145135 64 
145333 62 
145350 62 
145350 150 
145350 68 
145799 65 
145899 92 
146870 103 
146870 101 
147380 100 
147380 3
147380 1616
147380 11
149378 25 
149429 75 
150303 72 
150303 70 
151136 80 
151559 83 
153110 64 
153356 63 
153380 63 
153380 150 
153380 68 
154352 90 
154454 65 
154585 92 
154906 103 
154906 101 
155417 100 
155417 3
155417 1616
155417 11
155417 79 
157416 25 
157465 75 
158341 72 
158341 70 
159162 80 
159594 83 
160173 64 
160386 63 
160408 63 
160408 150 
160408 68 
160860 65 
160963 92 
161936 103 
161936 101 
162456 100 
162456 2
162456 1616
162456 11
162456 78 
162456 781 
164453 25 
164502 75 
165377 72 
165377 70 
166205 80 
167552 76 
170948 76 
171056 83 
171405 64 
171657 63 
171675 63 
171675 150 
171675 68 
172141 65 
172238 92 
173211 103 
173211 101 
173717 100 
173717 2
173717 1616
173717 10
175715 25 
175765 75 
176643 72 
176643 70 
177713 80 
178517 76 
178624 83 
178658 64 
178844 62 
178863 62 
178863 151 
178863 69 
179427 93 
180395 103 
180395 101 
181314 100 
181314 2
181314 1616
181314 10
183314 25 
183376 75 
184250 72 
184250 70 
185299 80 
185928 83 
196637 64 
196952 61 
196973 61 
196973 150 
196973 68 
197434 65 
197538 92 
198506 103 
198506 101 
199030 100 
199030 2
199030 1616
199030 11
201028 25 
201087 75 
201962 72 
201962 70 
203031 80 
203576 83 
207673 64 
208052 61 
208068 61 
208068 151 
208068 69 
208625 93 
209595 103 
209595 101 
210513 100 
210513 2
210513 1616
210513 10
212513 25 
212575 75 
213451 72 
213451 70 
214511 80 
215056 83 
215296 64 
216301 61 
216316 61 
216316 150 
216316 68 
216689 90 
216900 65 
216998 92 
217845 103 
217845 101 
218363 100 
218363 2
218363 1616
218363 11
220363 25 
220412 75 
221289 72 
221289 70 
222294 80 
222763 83 
227544 64 
229297 62 
229315 62 
229315 151 
229315 69 
229859 91 
230096 93 
230834 103 
230834 101 
231746 100 
231746 2
231746 1616
231746 10
233746 25 
233807 75 
234681 72 
234681 70 
235630 80 
236103 83 
236362 64 
237385 61 
237403 61 
237403 150 
237403 68 
237809 90 
238030 65 
238127 92 
238930 103 
238930 101 
239453 100 
239453 2
239453 1616
239453 10
241453 25 
241511 75 
242385 72 
242385 70 
243345 80 
243939 83 
244024 64 
245275 63 
245292 63 
245292 153 
245292 68 
245683 90 
245860 65 
245966 92 
246814 103 
246814 101 
247324 100 
247324 2
247324 1616
247324 11
249325 25 
249387 75 
250258 72 
250258 70 
251251 80 
251692 83 
252004 64 
252211 63 
252228 63 
252228 150 
252228 68 
252945 90 
253083 65 
253180 92 
253757 103 
253757 101 
254269 100 
254269 2
254269 1616
254269 11
256270 25 
256330 75 
257210 72 
257210 70 
258038 80 
258469 83 
265578 64 
265787 63 
265809 63 
265809 150 
265809 68 
266484 90 
266602 90 
266839 65 
266940 92 
267326 103 
267326 101 
267835 100 
267835 2
267835 1616
267835 10
269837 25 
269886 75 
270765 72 
270765 70 
271594 80 
272021 83 
278271 64 
278725 61 
278746 61 
278746 150 
278746 68 
279202 65 
279302 92 
280272 103 
280272 101 
280778 100 
280778 2
280778 1616
280778 10
282777 25 
282826 75 
283700 72 
283700 70 
284527 80 
284949 83 
290746 64 
290978 61 
290999 61 
290999 150 
290999 68 
291466 65 
293601 90 
293809 90 
294049 92 
294049 103 
294049 101 
294557 100 
294557 2
294557 1616
294557 11
296557 25 
296607 75 
297481 72 
297481 70 
298306 80 
298725 83 
299717 64 
300049 63 
300070 63 
300070 150 
300070 68 
300527 65 
300621 92 
301597 103 
301597 101 
302117 100 
302117 2
302117 1616
302117 10
304114 25 
304169 75 
305047 72 
305047 70 
305879 80 
306323 83 
306462 64 
307077 61 
307098 61 
307098 150 
307098 68 
307553 65 
307650 92 
307905 90 
308618 103 
308618 101 
309128 100 
309128 2
309128 1616
309128 11
311126 25 
311175 75 
312049 72 
312049 70 
312878 80 
313316 83 
313866 64 
314565 62 
314582 62 
314582 153 
314582 68 
314988 90 
315182 65 
315280 92 
316106 103 
316106 101 
316617 100 
316617 2
316617 1616
316617 10
318616 25 
318666 75 
319544 72 
319544 70 
320363 80 
321171 76 
321275 83 
321345 64 
321558 61 
321581 61 
321581 150 
321581 68 
322042 65 
322144 92 
323107 103 
323107 101 
323611 100 
323611 2
323611 1616
323611 11
325612 25 
325662 75 
326537 72 
326537 70 
327359 80 
328081 76 
328566 76 
329137 76 
329240 83 
329323 64 
329538 256 
329557 62 
329573 62 
329573 151 
329573 69 
330235 91 
332372 91 
333534 91 
333767 93 
333767 103 
333767 101 
334675 100 
334675 2
334675 1616
334675 10
336677 25 
336804 75 
337675 72 
337675 70 
338504 80 
338923 83 
339034 64 
339321 61 
339339 61 
339339 150 
339339 68 
339808 65 
339903 92 
340866 103 
340866 101 
341380 100 
341380 2
341380 1616
341380 11
343379 25 
343436 75 
344313 72 
344313 70 
345141 80 
345887 76 
346364 76 
346468 83 
346509 64 
346695 62 
346714 62 
346714 151 
346714 69 
347272 93 
348239 103 
348239 101 
349147 100 
349147 2
349147 1616
349147 11
351148 25 
351204 75 
352079 72 
352079 70 
353176 80 
353701 83 
353871 64 
355517 61 
355535 61 
355535 151 
355535 69 
356221 91 
356468 93 
357051 91 
357065 103 
357065 101 
357984 100 
357984 2
357984 1616
357984 10
359985 25 
360034 75 
360906 72 
360906 70 
361958 80 
362438 83 
365132 64 
365462 61 
365479 61 
365479 150 
365479 68 
365943 65 
366040 92 
367007 103 
367007 101 
367516 100 
367516 2
367516 1616
367516 11
369514 25 
369569 75 
370443 72 
370443 70 
371268 80 
371703 83 
372063 64 
372517 63 
372535 63 
372535 150 
372535 68 
372988 65 
373095 92 
374056 103 
374056 101 
374566 100 
374566 2
374566 1616
374566 11
376566 25 
376615 75 
377490 72 
377490 70 
378325 80 
378751 83 
379665 64 
379884 63 
379901 63 
379901 152 
379901 69 
380463 93 
381425 103 
381425 101 
382335 100 
382335 2
382335 1616
382335 10
384336 25 
384398 75 
385269 72 
385269 70 
386102 80 
386536 83 
386998 64 
387457 61 
387481 61 
387481 150 
387481 68 
387941 65 
388037 92 
389016 103 
389016 101 
389534 100 
389534 2
389534 1616
389534 10
391533 25 
391594 75 
392471 72 
392471 70 
393294 80 
394005 76 
394113 83 
394142 64 
394378 61 
394397 61 
394397 150 
394397 68 
394864 65 
394961 92 
395926 103 
395926 101 
396435 100 
396435 2
396435 1616
396435 11
398435 25 
398485 75 
399356 72 
399356 70 
400186 80 
400602 83 
401515 64 
401912 63 
401928 63 
401928 150 
401928 68 
402327 90 
402532 65 
402631 92 
403462 103 
403462 101 
403981 100 
403981 2
403981 1616
403981 11
405979 25 
406030 75 
406901 72 
406901 70 
407726 80 
408156 83 
408195 64 
408441 256 
408458 63 
408474 63 
408474 150 
408474 68 
408942 65 
409041 92 
410006 103 
410006 101 
410524 100 
410524 2
410524 1616
410524 10
412524 25 
412574 75 
413446 72 
413446 70 
414279 80 
414599 76 
415184 76 
415718 76 
415822 83 
415899 64 
416154 61 
416172 61 
416172 150 
416172 68 
416625 65 
416722 92 
417690 103 
417690 101 
418201 100 
418201 2
418201 1616
418201 10
420202 25 
420250 75 
421125 72 
421125 70 
421945 80 
422374 83 
423104 64 
423329 61 
423345 61 
423345 150 
423345 68 
423806 65 
423912 92 
424881 103 
424881 101 
425398 100 
425398 2
425398 1616
425398 11
427398 25 
427464 75 
428341 72 
428341 70 
429172 80 
429591 83 
429618 64 
430159 63 
430183 63 
430183 150 
430183 68 
430644 65 
430748 92 
431711 103 
431711 101 
432220 100 
432220 2
432220 1616
432220 11
434223 25 
434284 75 
435160 72 
435160 70 
435979 80 
436406 83 
436906 64 
437151 63 
437168 63 
437168 152 
437168 69 
437736 93 
438695 103 
438695 101 
439606 100 
439606 2
439606 1616
439606 10
441605 25 
441654 75 
442536 72 
442536 70 
443377 80 
443805 83 
444492 64 
444730 61 
444751 61 
444751 150 
444751 68 
445221 65 
445315 92 
446282 103 
446282 101 
446803 100 
446803 2
446803 1616
446803 11
448801 25 
448892 75 
449767 72 
449767 70 
450588 80 
451017 83 
451470 64 
453698 62 
453715 62 
453715 151 
453715 69 
454404 91 
454640 93 
455237 103 
455237 101 
456146 100 
456146 2
456146 1616
456146 10
458145 25 
458195 75 
459071 72 
459071 70 
459891 80 
460319 83 
460440 64 
460687 61 
460708 61 
460708 150 
460708 68 
461160 65 
461265 92 
462230 103 
462230 101 
462742 100 
462742 2
462742 1616
462742 11
464743 25 
464804 75 
465675 72 
465675 70 
466510 80 
466944 83 
467813 64 
469419 61 
469435 61 
469435 151 
469435 69 
470177 91 
470589 91 
470823 93 
470966 103 
470966 101 
471885 100 
471885 2
471885 1616
471885 10
473885 25 
473934 75 
474809 72 
474809 70 
475847 80 
476311 83 
476654 64 
477733 61 
477750 61 
477750 150 
477750 68 
478195 90 
478360 65 
478455 92 
479280 103 
479280 101 
479788 100 
479788 2
479788 1616
479788 10
481787 25 
481837 75 
482717 72 
482717 70 
483675 80 
484217 83 
489505 64 
489780 61 
489796 61 
489796 150 
489796 68 
490253 65 
490350 92 
491318 103 
491318 101 
491836 100 
491836 2
491836 1616
491836 11
493838 25 
493956 75 
494831 72 
494831 70 
495787 80 
496248 83 
496892 64 
497335 63 
497351 63 
497351 150 
497351 68 
497811 65 
497909 92 
498874 103 
498874 101 
499381 100 
499381 2
499381 1616
499381 10
501382 25 
501442 75 
502320 72 
502320 70 
503281 80 
503841 83 
505910 64 
506128 63 
506148 63 
506148 151 
506148 69 
506701 93 
507672 103 
507672 101 
508596 100 
508596 2
508596 1616
508596 10
510594 25 
510652 75 
511531 72 
511531 70 
512472 80 
513027 83 
513065 64 
513337 61 
513355 61 
513355 150 
513355 68 
513813 65 
513914 92 
514801 90 
514879 103 
514879 101 
515388 100 
515388 2
515388 1616
515388 10
515388 79 
517387 25 
517436 75 
518310 72 
518310 70 
519258 80 
520005 76 
520586 76 
520695 83 
520727 64 
520916 61 
520934 61 
520934 150 
520934 68 
521393 65 
521490 92 
522460 103 
522460 101 
522970 100 
522970 2
522970 1616
522970 11
524970 25 
525033 75 
525912 72 
525912 70 
526745 80 
527164 83 
527504 64 
527877 63 
527899 63 
527899 150 
527899 68 
528354 65 
528458 92 
529418 103 
529418 101 
529926 100 
529926 2
529926 1616
529926 10
531927 25 
531981 75 
532860 72 
532860 70 
533705 80 
534674 76 
534775 83 
534811 64 
535035 61 
535053 61 
535053 150 
535053 68 
535508 65 
535613 92 
536572 103 
536572 101 
537085 100 
537085 5
537085 1616
537085 11
537085 78 
537085 781 
539084 25 
539134 75 
540010 72 
540010 70 
540840 80 
542780 76 
542933 83 
543088 64 
543347 63 
543369 63 
543369 151 
543369 69 
543930 93 
544893 103 
544893 101 
545800 100 
545800 5
545800 1616
545800 11
547802 25 
547863 75 
548738 72 
548738 70 
549561 80 
549988 83 
550252 64 
552056 63 
552076 63 
552076 151 
552076 69 
552765 91 
552996 93 
553593 103 
553593 101 
554506 100 
554506 5
554506 1616
554506 11
556506 25 
556986 75 
557863 72 
557863 70 
558698 80 
559126 83 
560668 64 
563202 62 
563218 62 
563218 150 
563218 68 
563723 90 
563883 65 
563982 92 
564735 103 
564735 101 
565248 100 
565248 5
565248 1616
565248 10
567246 25 
567295 75 
568169 72 
568169 70 
568990 80 
569416 83 
569706 64 
570023 61 
570040 61 
570040 151 
570040 69 
570593 93 
571561 103 
571561 101 
572469 100 
572469 5
572469 1616
572469 11
574469 25 
574524 75 
575317 73 
576187 72 
576187 70 
577016 80 
577447 83 
577477 64 
577927 62 
577943 62 
577943 152 
577943 69 
578503 93 
579470 103 
579470 101 
580389 100 
580389 5
580389 1616
580389 10
582388 25 
582450 75 
583324 72 
583324 70 
584152 80 
584581 83 
585718 64 
586408 61 
586430 61 
586430 151 
586430 69 
586980 93 
587825 91 
587954 103 
587954 101 
588864 100 
588864 5
588864 1616
588864 10
590863 25 
590925 75 
591797 72 
591797 70 
592627 80 
593053 83 
593989 64 
594838 63 
594855 63 
594855 150 
594855 68 
595348 90 
595472 65 
595578 92 
596375 103 
596375 101 
596885 100 
596885 5
596885 1616
596885 10
598886 25 
598935 75 
599807 72 
599807 70 
600645 80 
601072 83 
601182 64 
601497 63 
601517 63 
601517 150 
601517 68 
601970 65 
602070 92 
603041 103 
603041 101 
603552 100 
603552 5
603552 1616
603552 11
605551 25 
605612 75 
606490 72 
606490 70 
607312 80 
608049 76 
608575 76 
608681 83 
608789 64 
609027 62 
609043 62 
609043 150 
609043 68 
609501 65 
609603 92 
610569 103 
610569 101 
611082 100 
611082 5
611082 1616
611082 10
613082 25 
613143 75 
614017 72 
614017 70 
614843 80 
615746 76 
616015 76 
616612 76 
617193 76 
617296 83 
617326 64 
617588 62 
617606 62 
617606 151 
617606 69 
618162 93 
619132 103 
619132 101 
620037 100 
620037 5
620037 1616
620037 11
622037 25 
622088 75 
622960 72 
622960 70 
623921 80 
624493 83 
624541 64 
624804 62 
624822 62 
624822 150 
624822 68 
625284 65 
625385 92 
626352 103 
626352 101 
626865 100 
626865 5
626865 1616
626865 10
628864 25 
628924 75 
629800 72 
629800 70 
630773 80 
631326 83 
631673 64 
632163 63 
632180 63 
632180 150 
632180 68 
632654 65 
632747 92 
633707 103 
633707 101 
634216 100 
634216 5
634216 1616
634216 10
636217 25 
636267 75 
637143 72 
637143 70 
638104 80 
638994 76 
639503 76 
640816 76 
640922 83 
641129 64 
641383 63 
641406 63 
641406 150 
641406 68 
641863 65 
641969 92 
642933 103 
642933 101 
643439 100 
643439 5
643439 1616
643439 11
645443 25 
645502 75 
646385 72 
646385 70 
647423 80 
648228 76 
648712 76 
649204 76 
649312 83 
649357 64 
649578 62 
649596 62 
649596 150 
649596 68 
650044 65 
650141 92 
651113 103 
651113 101 
651625 100 
651625 5
651625 1616
651625 11
653624 25 
653690 75 
654571 72 
654571 70 
655403 80 
655837 83 
655871 64 
656036 62 
656052 62 
656052 152 
656052 69 
656616 93 
657584 103 
657584 101 
658503 100 
658503 5
658503 1616
658503 11
660503 25 
660565 75 
661442 72 
661442 70 
662270 80 
662704 83 
662773 64 
663165 62 
663182 62 
663182 150 
663182 68 
663648 65 
663745 92 
664711 103 
664711 101 
665218 100 
665218 5
665218 1616
665218 11
667219 25 
667274 75 
668147 72 
668147 70 
668985 80 
669419 83 
670069 64 
670294 63 
670315 63 
670315 151 
670315 69 
670702 91 
677063 91 
677295 93 
677295 103 
677295 101 
678213 100 
678213 5
678213 1616
678213 10
680212 25 
680281 75 
681155 72 
681155 70 
681997 80 
682420 83 
683002 64 
683756 61 
683774 61 
683774 151 
683774 69 
688922 91 
689239 91 
689472 93 
689472 103 
689472 101 
690380 100 
690380 5
690380 1616
690380 11
692380 25 
692430 75 
693309 72 
693309 70 
694138 80 
695024 76 
695484 76 
695594 83 
695630 64 
695826 62 
695842 62 
695842 150 
695842 68 
696297 65 
696404 92 
697361 103 
697361 101 
697873 100 
697873 5
697873 1616
697873 10
699876 25 
699940 75 
700023 73 
700841 72 
700841 70 
701677 80 
702107 83 
702235 64 
702526 63 
702548 63 
702548 150 
702548 68 
703003 65 
703099 92 
704063 103 
704063 101 
704576 100 
704576 5
704576 1616
704576 10
706575 25 
706638 75 
707511 72 
707511 70 
708339 80 
709311 76 
709418 83 
709466 64 
709706 63 
709728 63 
709728 152 
709728 69 
710289 93 
710565 91 
711249 103 
711249 101 
712161 100 
712161 5
712161 1616
712161 10
714161 25 
714226 75 
715104 72 
715104 70 
715941 80 
716365 83 
716954 64 
717930 61 
717949 61 
717949 151 
717949 69 
718506 93 
719061 91 
719361 91 
719474 103 
719474 101 
720387 100 
720387 5
720387 1616
720387 11
722384 25 
722445 75 
723317 72 
723317 70 
724145 80 
724980 76 
725092 83 
725125 64 
725320 62 
725336 62 
725336 150 
725336 68 
725784 65 
725887 92 
726861 103 
726861 101 
727380 100 
727380 5
727380 1616
727380 10
729380 25 
729430 75 
730306 72 
730306 70 
731140 80 
731582 83 
732320 64 
732928 63 
732945 63 
732945 150 
732945 68 
733418 90 
733587 65 
733684 92 
734465 103 
734465 101 
734975 100 
734975 5
734975 1616
734975 11
736977 25 
737038 75 
737912 72 
737912 70 
738738 80 
739179 83 
739219 64 
739437 62 
739453 62 
739453 150 
739453 68 
739918 65 
740024 92 
740984 103 
740984 101 
741492 100 
741492 5
741492 1616
741492 11
743493 25 
743543 75 
744416 72 
744416 70 
745247 80 
746099 76 
746589 76 
746697 83 
746742 64 
746979 62 
746995 62 
746995 150 
746995 68 
747445 65 
747544 92 
748515 103 
748515 101 
749024 100 
749024 5
749024 1616
749024 11
751024 25 
751087 75 
751961 72 
751961 70 
753001 80 
753854 76 
754367 76 
754469 83 
754512 64 
754704 62 
754722 62 
754722 150 
754722 68 
755178 65 
755278 92 
756243 103 
756243 101 
756753 100 
756753 5
756753 1616
756753 10
758753 25 
758816 75 
759692 72 
759692 70 
760745 80 
761598 76 
761705 83 
761735 64 
761969 63 
761986 63 
761986 150 
761986 68 
762442 65 
762544 92 
763508 103 
763508 101 
764016 100 
764016 5
764016 1616
764016 11
766018 25 
766079 75 
766957 72 
766957 70 
768019 80 
768793 76 
769271 76 
769390 83 
769426 64 
769622 62 
769645 62 
769645 150 
769645 68 
770105 65 
770213 92 
771173 103 
771173 101 
771682 100 
771682 5
771682 1616
771682 11
773680 25 
773734 75 
774615 72 
774615 70 
775668 80 
776509 76 
777009 76 
777116 83 
777158 64 
777359 62 
777377 62 
777377 152 
777377 69 
777939 93 
778370 91 
778902 103 
778902 101 
779809 100 
779809 5
779809 1616
779809 10
779809 79 
781812 25 
784795 75 
785049 73 
785856 72 
785856 70 
786809 80 
787360 83 
788430 64 
789480 61 
789497 61 
789497 151 
789497 69 
790061 91 
791089 91 
791524 91 
791757 93 
791757 103 
791757 101 
792673 100 
792673 5
792673 1616
792673 10
794672 25 
794729 75 
795604 72 
795604 70 
796589 80 
797025 83 
797378 64 
799552 61 
799569 61 
799569 151 
799569 69 
800120 91 
800519 91 
800702 91 
803021 91 
803259 93 
803259 103 
803259 101 
804176 100 
804176 5
804176 1616
804176 11
806175 25 
806236 75 
807112 72 
807112 70 
807935 80 
808356 83 
808384 64 
808869 62 
808891 62 
808891 150 
808891 68 
809357 65 
809456 92 
809748 90 
810423 103 
810423 101 
810933 100 
810933 5
810933 1616
810933 11
812933 25 
812998 75 
813872 72 
813872 70 
814710 80 
815141 83 
815264 64 
815725 63 
815749 63 
815749 151 
815749 69 
816113 91 
816453 93 
817273 103 
817273 101 
818182 100 
818182 5
818182 1616
818182 10
820182 25 
820232 75 
821108 72 
821108 70 
821933 80 
822366 83 
823489 64 
825053 61 
825072 61 
825072 151 
825072 69 
827934 91 
828168 93 
828168 103 
828168 101 
829082 100 
829082 5
829082 1616
829082 10
831084 25 
831151 75 
832030 72 
832030 70 
832863 80 
833298 83 
833438 64 
834434 62 
834455 62 
834455 151 
834455 69 
835044 91 
835280 93 
835988 103 
835988 101 
836897 100 
836897 1
836897 1616
836897 11
836897 78 
836897 781 
838895 25 
838961 75 
839835 72 
839835 70 
840669 80 
841088 83 
841622 64 
842125 63 
842142 63 
842142 151 
842142 69 
842755 91 
842991 93 
843307 91 
843666 103 
843666 101 
844582 100 
844582 1
844582 1616
844582 10
846586 25 
846651 75 
847527 72 
847527 70 
848373 80 
848800 83 
850479 64 
851122 63 
851139 63 
851139 151 
851139 69 
856713 91 
856949 93 
856949 103 
856949 101 
857857 100 
857857 1
857857 1616
857857 10
859860 25 
859925 75 
860799 72 
860799 70 
861619 80 
862047 83 
863198 64 
865505 62 
865522 62 
865522 151 
865522 69 
866080 93 
866453 91 
867054 103 
867054 101 
867974 100 
867974 1
867974 1616
867974 11
869975 25 
870123 75 
870994 72 
870994 70 
871817 80 
872241 83 
872781 64 
874165 256 
874251 63 
874268 63 
874268 153 
874268 68 
874912 90 
874960 65 
875148 92 
875793 103 
875793 101 
876303 100 
876303 1
876303 1616
876303 11
878306 25 
878372 75 
879246 72 
879246 70 
880068 80 
880491 83 
881172 64 
881444 63 
881464 63 
881464 151 
881464 69 
882034 93 
882414 91 
882994 103 
882994 101 
883915 100 
883915 1
883915 1616
883915 10
885914 25 
885964 75 
886838 72 
886838 70 
887662 80 
888084 83 
888661 64 
889784 256 
891345 63 
891356 63 
891356 151 
891356 69 
892051 91 
892283 93 
892881 103 
892881 101 
893792 100 
893792 1
893792 1616
893792 10
895792 25 
895858 75 
896737 72 
896737 70 
897788 80 
898350 83 
899349 64 
900725 61 
900744 61 
900744 150 
900744 68 
901304 90 
901423 65 
901540 92 
902266 103 
902266 101 
902786 100 
902786 1
902786 1616
902786 10
904787 25 
904855 75 
905729 72 
905729 70 
906783 80 
907890 76 
907996 83 
908957 64 
912395 62 
912415 62 
912415 151 
912415 69 
913054 91 
913287 93 
913936 103 
913936 101 
914848 100 
914848 1
914848 1616
914848 11
916848 25 
916910 75 
917789 72 
917789 70 
918834 80 
919311 83 
919799 64 
920206 63 
920228 63 
920228 151 
920228 69 
924959 91 
925257 93 
925257 103 
925257 101 
926177 100 
926177 1
926177 1616
926177 11
928176 25 
928769 75 
929646 72 
929646 70 
930716 80 
931353 83 
931828 64 
933327 61 
933345 61 
933345 151 
933345 69 
933979 91 
934923 91 
935155 93 
935155 103 
935155 101 
936065 100 
936065 1
936065 1616
936065 10
938066 25 
938115 75 
938992 72 
938992 70 
940066 80 
940603 83 
941914 64 
943405 62 
943423 62 
943423 151 
943423 69 
944434 91 
944672 93 
944952 103 
944952 101 
945863 100 
945863 1
945863 1616
945863 10
947862 25 
947911 75 
948783 72 
948783 70 
949843 80 
950324 83 
950588 64 
952357 61 
952375 61 
952375 150 
952375 68 
952825 65 
952928 92 
953901 103 
953901 101 
954418 100 
954418 1
954418 1616
954418 11
956418 25 
956468 75 
957342 72 
957342 70 
958397 80 
958913 83 
959649 64 
960191 63 
960208 63 
960208 151 
960208 69 
960764 93 
961144 91 
961732 103 
961732 101 
962644 100 
962644 1
962644 1616
962644 10
964642 25 
964708 75 
965581 72 
965581 70 
966631 80 
967114 83 
967215 64 
970932 63 
970950 63 
970950 151 
970950 69 
971503 93 
972477 103 
972477 101 
973384 100 
973384 1
973384 1616
973384 11
975385 25 
975446 75 
976321 72 
976321 70 
977426 80 
977951 83 
978266 64 
981049 61 
981066 61 
981066 151 
981066 69 
981699 91 
981904 91 
982632 91 
984032 91 
984267 93 
984267 103 
984267 101 
985180 100 
985180 1
985180 1616
985180 11
987179 25 
987230 75 
988108 72 
988108 70 
989176 80 
989690 83 
990453 64 
993398 62 
993416 62 
993416 150 
993416 68 
993927 90 
994068 65 
994177 92 
994943 103 
994943 101 
995454 100 
995454 1
995454 1616
995454 11
997455 25 
997517 75 
998389 72 
998389 70 
999219 80 
999662 83 
1000074 64 
1001888 62 
1001905 62 
1001905 152 
1001905 69 
1002518 91 
1002748 93 
1003425 103 
1003425 101 
1004343 100 
1004343 1
1004343 1616
1004343 11
1006345 25 
1006393 75 
1007267 72 
1007267 70 
1008096 80 
1008533 83 
1011060 64 
1012269 61 
1012285 61 
1012285 151 
1012285 69 
1012829 93 
1013804 103 
1013804 101 
1014713 100 
1014713 1
1014713 1616
1014713 10
1016715 25 
1016776 75 
1017648 72 
1017648 70 
1018480 80 
1018914 83 
1020375 64 
1021959 61 
1021977 61 
1021977 150 
1021977 68 
1022449 90 
1022617 65 
1022720 92 
1023507 103 
1023507 101 
1024015 100 
1024015 1
1024015 1616
1024015 10
1026016 25 
1026065 75 
1026942 72 
1026942 70 
1027767 80 
1028200 83 
1029498 64 
1030979 62 
1030996 62 
1030996 151 
1030996 69 
1033622 91 
1033860 93 
1033860 103 
1033860 101 
1034772 100 
1034772 1
1034772 1616
1034772 11
1036773 25 
1036826 75 
1037704 72 
1037704 70 
1038532 80 
1038948 83 
1039229 64 
1041785 61 
1041801 61 
1041801 151 
1041801 69 
1043131 91 
1043371 93 
1043371 103 
1043371 101 
1044287 100 
1044287 1
1044287 1616
1044287 11
1046289 25 
1046351 75 
1047225 72 
1047225 70 
1048050 80 
1048471 83 
1049141 64 
1051347 256 
1052196 62 
1052212 62 
1052212 150 
1052212 68 
1052760 90 
1052878 65 
1052993 92 
1053734 103 
1053734 101 
1054243 100 
1054243 1
1054243 1616
1054243 11
1056244 25 
1056293 75 
1057168 72 
1057168 70 
1057992 80 
1058419 83 
1058691 64 
1059452 62 
1059475 62 
1059475 152 
1059475 69 
1060034 93 
1060408 91 
1060998 103 
1060998 101 
1061908 100 
1061908 1
1061908 1616
1061908 11
1063907 25 
1063957 75 
1064829 72 
1064829 70 
1065652 80 
1066436 76 
1066640 83 
1066813 64 
1068480 62 
1068498 62 
1068498 150 
1068498 68 
1068990 90 
1069167 65 
1069264 92 
1070019 103 
1070019 101 
1070530 100 
1070530 1
1070530 1616
1070530 10
1072531 25 
1072599 75 
1073473 72 
1073473 70 
1074305 80 
1074725 83 
1075614 64 
1076123 256 
1076407 63 
1076423 63 
1076423 151 
1076423 69 
1083480 91 
1083799 93 
1083799 103 
1083799 101 
1084711 100 
1084711 1
1084711 1616
1084711 10
1086710 25 
1086762 75 
1087021 73 
1087512 73 
1088315 72 
1088315 70 
1089365 80 
1089897 83 
1090302 64 
1091612 61 
1091629 61 
1091629 150 
1091629 68 
1092047 90 
1092250 65 
1092351 92 
1093162 103 
1093162 101 
1093679 100 
1093679 1
1093679 1616
1093679 10
1095682 25 
1095743 75 
1096623 72 
1096623 70 
1097662 80 
1098145 83 
1103914 64 
1104257 61 
1104272 61 
1104272 150 
1104272 68 
1104733 65 
1104828 92 
1105794 103 
1105794 101 
1106303 100 
1106303 1
1106303 1616
1106303 11
1108301 25 
1108927 75 
1109804 72 
1109804 70 
1110761 80 
1111313 83 
1112792 64 
1114221 62 
1114244 62 
1114244 150 
1114244 68 
1114692 65 
1114800 92 
1115766 103 
1115766 101 
1116273 100 
1116273 1
1116273 1616
1116273 10
1118273 25 
1118335 75 
1119212 72 
1119212 70 
1120048 80 
1120602 83 
1120804 64 
1121071 61 
1121091 61 
1121091 150 
1121091 68 
1121547 65 
1121640 92 
1122495 90 
1122612 103 
1122612 101 
1123130 100 
1123130 1
1123130 1616
1123130 10
1125130 25 
1125184 75 
1126059 72 
1126059 70 
1126885 80 
1127319 83 
1127434 64 
1127711 61 
1127733 61 
1127733 150 
1127733 68 
1128202 65 
1128299 92 
1128604 90 
1129266 103 
1129266 101 
1129784 100 
1129784 1
1129784 1616
1129784 10
1131789 25 
1131854 75 
1132731 72 
1132731 70 
1133562 80 
1134398 76 
1134503 83 
1134541 64 
1134818 61 
1134835 61 
1134835 152 
1134835 69 
1135388 93 
1136354 103 
1136354 101 
1137265 100 
1137265 1
1137265 1616
1137265 11
1139262 25 
1139311 75 
1140189 72 
1140189 70 
1141028 80 
1141459 83 
1143241 64 
1143459 62 
1143475 62 
1143475 150 
1143475 68 
1143937 65 
1144039 92 
1145008 103 
1145008 101 
1145531 100 
1145531 1
1145531 1616
1145531 11
1147531 25 
1147589 75 
1148465 72 
1148465 70 
1149294 80 
1149720 83 
1154410 64 
1155058 62 
1155079 62 
1155079 150 
1155079 68 
1156081 90 
1156291 90 
1156342 65 
1156527 92 
1156599 103 
1156599 101 
1157107 100 
1157107 1
1157107 1616
1157107 10
1159109 25 
1159175 75 
1160051 72 
1160051 70 
1160891 80 
1161326 83 
1161383 64 
1161654 61 
1161675 61 
1161675 150 
1161675 68 
1162123 65 
1162226 92 
1162681 90 
1163194 103 
1163194 101 
1163703 100 
1163703 1
1163703 1616
1163703 11
1165706 25 
1165767 75 
1166645 72 
1166645 70 
1167472 80 
1167898 83 
1168666 64 
1168853 62 
1168871 62 
1168871 150 
1168871 68 
1169323 65 
1171036 90 
1171270 92 
1171270 103 
1171270 101 
1171783 100 
1171783 1
1171783 1616
1171783 10
1173784 25 
1173844 75 
1174718 72 
1174718 70 
1175545 80 
1175963 83 
1176113 64 
1176362 61 
1176378 61 
1176378 150 
1176378 68 
1176845 65 
1176947 92 
1177910 103 
1177910 101 
1178419 100 
1178419 1
1178419 1616
1178419 10
1180421 25 
1180487 75 
1181362 72 
1181362 70 
1182201 80 
1182628 83 
1188515 64 
1188685 62 
1188702 62 
1188702 151 
1188702 69 
1189256 93 
1190228 103 
1190228 101 
1191146 100 
1191146 1
1191146 1616
1191146 10
1193148 25 
1193211 75 
1194084 72 
1194084 70 
1194906 80 
1195327 83 
1200333 64 
1201155 61 
1201175 61 
1201175 150 
1201175 68 
1201635 65 
1201734 92 
1202704 103 
1202704 101 
1203223 100 
1203223 1
1203223 1616
1203223 11
1205222 25 
1205271 75 
1206144 72 
1206144 70 
1206968 80 
1207391 83 
1207426 64 
1207660 62 
1207676 62 
1207676 150 
1207676 68 
1208138 65 
1210012 90 
1210220 90 
1210457 92 
1210457 103 
1210457 101 
1210966 100 
1210966 1
1210966 1616
1210966 11
1212965 25 
1213027 75 
1213901 72 
1213901 70 
1214723 80 
1215151 83 
1215710 64 
1215907 61 
1215924 61 
1215924 151 
1215924 69 
1225560 91 
1225794 93 
1225794 103 
1225794 101 
1226706 100 
1226706 1
1226706 1616
1226706 10
1228705 25 
1228754 75 
1229626 72 
1229626 70 
1230579 80 
1231007 83 
1231345 64 
1231892 61 
1231917 61 
1231917 150 
1231917 68 
1232383 65 
1232481 92 
1233207 90 
1233449 103 
1233449 101 
1233955 100 
1233955 1
1233955 1616
1233955 10
1233955 79 
1235957 25 
1236019 75 
1236896 72 
1236896 70 
1237720 80 
1238460 76 
1238563 83 
1238601 64 
1238959 61 
1238982 61 
1238982 150 
1238982 68 
1239444 65 
1239547 92 
1240514 103 
1240514 101 
1241019 100 
1241019 1
1241019 1616
1241019 10
1243020 25 
1243082 75 
1243960 72 
1243960 70 
1244782 80 
1245708 76 
1245795 76 
1246219 76 
1246321 83 
1246423 64 
1246619 61 
1246641 61 
1246641 150 
1246641 68 
1247092 65 
1247201 92 
1248123 90 
1248161 103 
1248161 101 
1248671 100 
1248671 1
1248671 1616
1248671 10
1250670 25 
1250732 75 
1251611 72 
1251611 70 
1252447 80 
1253179 76 
1253686 76 
1253790 83 
1253835 64 
1254060 61 
1254079 61 
1254079 150 
1254079 68 
1254549 65 
1254653 92 
1255610 103 
1255610 101 
1256121 100 
1256121 1
1256121 1616
1256121 10
1258120 25 
1258183 75 
1259059 72 
1259059 70 
1259883 80 
1260706 76 
1260810 83 
1260848 64 
1261137 61 
1261156 61 
1261156 152 
1261156 69 
1261821 91 
1262715 91 
1262952 93 
1262952 103 
1262952 101 
1263862 100 
1263862 6
1263862 1616
1263862 11
1263862 78 
1263862 781 
1265863 25 
1265915 75 
1266788 72 
1266788 70 
1267612 80 
1268469 76 
1268957 76 
1269440 76 
1269545 83 
1269588 64 
1269778 62 
1269801 62 
1269801 151 
1269801 69 
1270362 93 
1270743 91 
1270960 91 
1271177 91 
1271330 103 
1271330 101 
1272248 100 
1272248 6
1272248 1616
1272248 11
1274247 25 
1274308 75 
1275180 72 
1275180 70 
1276011 80 
1276446 83 
1276702 64 
1277915 61 
1277933 61 
1277933 150 
1277933 68 
1278390 90 
1278541 65 
1278642 92 
1279457 103 
1279457 101 
1279976 100 
1279976 6
1279976 1616
1279976 11
1281976 25 
1282031 75 
1282908 72 
1282908 70 
1283745 80 
1284562 76 
1284667 83 
1284706 64 
1284991 61 
1285011 61 
1285011 150 
1285011 68 
1285468 65 
1285568 92 
1286529 103 
1286529 101 
1287041 100 
1287041 6
1287041 1616
1287041 11
1289042 25 
1289103 75 
1289978 72 
1289978 70 
1290806 80 
1291574 76 
1292146 76 
1292250 83 
1292294 64 
1292570 61 
1292587 61 
1292587 150 
1292587 68 
1293050 65 
1293151 92 
1294116 103 
1294116 101 
1294623 100 
1294623 6
1294623 1616
1294623 11
1296625 25 
1296687 75 
1297567 72 
1297567 70 
1298405 80 
1299291 76 
1299391 83 
1299417 64 
1299635 61 
1299656 61 
1299656 150 
1299656 68 
1300110 65 
1300206 92 
1301065 90 
1301177 103 
1301177 101 
1301692 100 
1301692 6
1301692 1616
1301692 10
1303690 25 
1303751 75 
1304630 72 
1304630 70 
1305465 80 
1305902 83 
1307547 64 
1308531 62 
1308549 62 
1308549 151 
1308549 69 
1309350 91 
1309579 93 
1310082 103 
1310082 101 
1310990 100 
1310990 6
1310990 1616
1310990 11
1312991 25 
1313054 75 
1313927 72 
1313927 70 
1314759 80 
1315190 83 
1315820 64 
1316009 62 
1316027 62 
1316027 151 
1316027 69 
1316594 93 
1317466 91 
1317560 103 
1317560 101 
1318467 100 
1318467 6
1318467 1616
1318467 10
1320467 25 
1320516 75 
1321393 72 
1321393 70 
1322221 80 
1322649 83 
1323136 64 
1326059 61 
1326078 61 
1326078 153 
1326078 68 
1326484 90 
1326708 65 
1326805 92 
1327606 103 
1327606 101 
1328118 100 
1328118 6
1328118 1616
1328118 11
1330116 25 
1330166 75 
1331038 72 
1331038 70 
1332099 80 
1332648 83 
1332687 64 
1333000 62 
1333020 62 
1333020 151 
1333020 69 
1333574 93 
1334543 103 
1334543 101 
1335462 100 
1335462 6
1335462 1616
1335462 11
1337461 25 
1337523 75 
1338403 72 
1338403 70 
1339446 80 
1340435 76 
1340535 83 
1340618 64 
1342778 63 
1342797 63 
1342797 151 
1342797 69 
1343570 91 
1343800 93 
1344323 103 
1344323 101 
1345243 100 
1345243 6
1345243 1616
1345243 10
1347244 25 
1347306 75 
1348179 72 
1348179 70 
1349146 80 
1349737 83 
1350559 64 
1352765 61 
1352784 61 
1352784 151 
1352784 69 
1353566 91 
1354101 91 
1354260 91 
1354494 93 
1354494 103 
1354494 101 
1355410 100 
1355410 6
1355410 1616
1355410 10
1357412 25 
1357461 75 
1358337 72 
1358337 70 
1359305 80 
1359889 83 
1360527 64 
1362134 256 
1362489 63 
1362505 63 
1362505 150 
1362505 68 
1363091 90 
1363158 65 
1363326 92 
1364029 103 
1364029 101 
1364541 100 
1364541 6
1364541 1616
1364541 11
1366542 25 
1366592 75 
1367463 72 
1367463 70 
1368428 80 
1368983 83 
1370183 64 
1370650 256 
1370671 61 
1370687 61 
1370687 150 
1370687 68 
1371148 65 
1371243 92 
1372217 103 
1372217 101 
1372726 100 
1372726 6
1372726 1616
1372726 10
1374725 25 
1374779 75 
1375658 72 
1375658 70 
1376618 80 
1377045 83 
1377918 64 
1378374 63 
1378394 63 
1378394 150 
1378394 68 
1378851 65 
1378954 92 
1379922 103 
1379922 101 
1380442 100 
1380442 6
1380442 1616
1380442 11
1382441 25 
1382491 75 
1383371 72 
1383371 70 
1384205 80 
1384623 83 
1385304 64 
1385565 61 
1385588 61 
1385588 150 
1385588 68 
1386054 65 
1386155 92 
1387121 103 
1387121 101 
1387645 100 
1387645 6
1387645 1616
1387645 10
1389644 25 
1389701 75 
1390572 72 
1390572 70 
1391397 80 
1391825 83 
1392704 64 
1393221 63 
1393239 63 
1393239 150 
1393239 68 
1393679 90 
1393859 65 
1393961 92 
1394764 103 
1394764 101 
1395274 100 
1395274 6
1395274 1616
1395274 10
1397275 25 
1397329 75 
1398203 72 
1398203 70 
1399026 80 
1399446 83 
1400660 64 
1401101 61 
1401121 61 
1401121 153 
1401121 68 
1401576 65 
1401676 92 
1402648 103 
1402648 101 
1403165 100 
1403165 6
1403165 1616
1403165 11
1405167 25 
1405228 75 
1406105 72 
1406105 70 
1406924 80 
1407351 83 
1408782 64 
1409070 61 
1409087 61 
1409087 150 
1409087 68 
1409550 65 
1409653 92 
1410616 103 
1410616 101 
1411124 100 
1411124 6
1411124 1616
1411124 11
1413123 25 
1413188 75 
1414067 72 
1414067 70 
1414911 80 
1415335 83 
1416245 64 
1416550 63 
1416567 63 
1416567 151 
1416567 69 
1417129 93 
1417497 91 
1418094 103 
1418094 101 
1419014 100 
1419014 6
1419014 1616
1419014 11
1421013 25 
1421068 75 
1421944 72 
1421944 70 
1422774 80 
1423199 83 
1423974 64 
1424276 61 
1424294 61 
1424294 150 
1424294 68 
1424755 65 
1424854 92 
1425818 103 
1425818 101 
1426331 100 
1426331 6
1426331 1616
1426331 11
1428330 25 
1428397 75 
1429271 72 
1429271 70 
1430100 80 
1430526 83 
1430897 64 
1431409 61 
1431432 61 
1431432 150 
1431432 68 
1431887 65 
1431987 92 
1432949 103 
1432949 101 
1433460 100 
1433460 6
1433460 1616
1433460 10
1435461 25 
1435522 75 
1436400 72 
1436400 70 
1437225 80 
1437653 83 
1437893 64 
1438419 63 
1438442 63 
1438442 150 
1438442 68 
1438902 65 
1438999 92 
1439959 103 
1439959 101 
1440469 100 
1440469 6
1440469 1616
1440469 10
1442471 25 
1442533 75 
1443410 72 
1443410 70 
1444236 80 
1444668 83 
1445004 64 
1445215 63 
1445236 63 
1445236 150 
1445236 68 
1445698 65 
1445793 92 
1446758 103 
1446758 101 
1447268 100 
1447268 6
1447268 1616
1447268 11
1449269 25 
1449335 75 
1450211 72 
1450211 70 
1451042 80 
1451469 83 
1452045 64 
1452297 61 
1452315 61 
1452315 150 
1452315 68 
1452777 65 
1452870 92 
1453838 103 
1453838 101 
1454359 100 
1454359 6
1454359 1616
1454359 10
1456359 25 
1456429 75 
1457305 72 
1457305 70 
1458131 80 
1458556 83 
1459071 64 
1459400 63 
1459423 63 
1459423 150 
1459423 68 
1459880 65 
1459981 92 
1460950 103 
1460950 101 
1461460 100 
1461460 6
1461460 1616
1461460 10
1463461 25 
1463517 75 
1464390 72 
1464390 70 
1465206 80 
1465636 83 
1465842 64 
1466080 63 
1466096 63 
1466096 150 
1466096 68 
1466549 65 
1466648 92 
1467619 103 
1467619 101 
1468140 100 
1468140 6
1468140 1616
1468140 11
1470140 25 
1470189 75 
1471062 72 
1471062 70 
1471886 80 
1472310 83 
1472346 64 
1472555 61 
1472573 61 
1472573 150 
1472573 68 
1473034 65 
1473129 92 
1474083 90 
1474093 103 
1474093 101 
1474603 100 
1474603 6
1474603 1616
1474603 11
1476602 25 
1476664 75 
1477540 72 
1477540 70 
1478611 80 
1479234 83 
1479902 64 
1480085 61 
1480104 61 
1480104 150 
1480104 68 
1480559 65 
1480668 92 
1481622 103 
1481622 101 
1482131 100 
1482131 6
1482131 1616
1482131 10
1484135 25 
1485891 75 
1486765 72 
1486765 70 
1487801 80 
1488330 83 
1488974 64 
1489299 63 
1489315 63 
1489315 150 
1489315 68 
1489780 65 
1489886 92 
1490846 103 
1490846 101 
1491356 100 
1491356 6
1491356 1616
1491356 10
1493357 25 
1493418 75 
1494297 72 
1494297 70 
1495341 80 
1496493 76 
1496595 83 
1497259 64 
1497563 61 
1497586 61 
1497586 153 
1497586 68 
1498040 65 
1498141 92 
1499113 103 
1499113 101 
1499618 100 
1499618 6
1499618 1616
1499618 11
1501619 25 
1501681 75 
1502556 72 
1502556 70 
1503585 80 
1504086 83 
1504755 64 
1504978 61 
1504996 61 
1504996 150 
1504996 68 
1505460 65 
1505555 92 
1506518 103 
1506518 101 
1507027 100 
1507027 6
1507027 1616
1507027 11
1507027 79 
1509029 25 
1509079 75 
1509956 72 
1509956 70 
1510967 80 
1511458 83 
1512288 64 
1512491 61 
1512508 61 
1512508 150 
1512508 68 
1512978 65 
1513075 92 
1514041 103 
1514041 101 
1514558 100 
1514558 6
1514558 1616
1514558 10
1516561 25 
1516622 75 
1517499 72 
1517499 70 
1518334 80 
1518890 83 
1519639 64 
1520145 61 
1520165 61 
1520165 151 
1520165 69 
1520717 93 
1520949 91 
1521686 103 
1521686 101 
1522596 100 
1522596 6
1522596 1616
1522596 11
1524596 25 
1524646 75 
1525518 72 
1525518 70 
1526469 80 
1526900 83 
1527621 64 
1527838 61 
1527859 61 
1527859 150 
1527859 68 
1528319 65 
1528416 92 
1529390 103 
1529390 101 
1529904 100 
1529904 6
1529904 1616
1529904 10
1531902 25 
1531962 75 
1532833 72 
1532833 70 
1533660 80 
1534085 83 
1534704 64 
1535049 63 
1535073 63 
1535073 150 
1535073 68 
1535534 65 
1535634 92 
1536600 103 
1536600 101 
1537113 100 
1537113 6
1537113 1616
1537113 10
1539112 25 
1539179 75 
1540057 72 
1540057 70 
1540882 80 
1541311 83 
1542131 64 
1542336 61 
1542359 61 
1542359 151 
1542359 69 
1543051 91 
1543502 91 
1543805 91 
1544175 91 
1544410 93 
1544410 103 
1544410 101 
1545319 100 
1545319 6
1545319 1616
1545319 10
1547322 25 
1547382 75 
1548256 72 
1548256 70 
1548673 250 
1552033 71 
1552125 71 
1552577 80 
1553017 83 
1553539 64 
1553814 61 
1553830 61 
1553830 151 
1553830 69 
1554389 93 
1555355 103 
1555355 101 
1556263 100 
1556263 6
1556263 1616
1556263 10
1558267 25 
1558330 75 
1559210 72 
1559210 70 
1560038 80 
1560466 83 
1561388 64 
1561730 61 
1561749 61 
1561749 151 
1561749 69 
1562305 93 
1562571 91 
1563273 103 
1563273 101 
1564180 100 
1564180 6
1564180 1616
1564180 10
1566181 25 
1566246 75 
1567124 72 
1567124 70 
1567953 80 
1568379 83 
1569523 64 
1570716 256 
1571284 63 
1571300 63 
1571300 150 
1571300 68 
1571800 90 
1571963 65 
1572063 92 
1572830 103 
1572830 101 
1573350 100 
1573350 6
1573350 1616
1573350 11
1575350 25 
1575415 75 
1576288 72 
1576288 70 
1577112 80 
1577533 83 
1577570 64 
1577900 61 
1577916 61 
1577916 150 
1577916 68 
1578375 65 
1578472 92 
1579434 103 
1579434 101 
1579947 100 
1579947 4
1579947 1616
1579947 10
1579947 78 
1579947 781 
1581946 25 
1582008 75 
1582879 72 
1582879 70 
1583714 80 
1584143 83 
1584378 64 
1585036 63 
1585059 63 
1585059 151 
1585059 69 
1585658 91 
1585941 91 
1586175 93 
1586579 103 
1586579 101 
1587490 100 
1587490 4
1587490 1616
1587490 11
1589490 25 
1589539 75 
1590412 72 
1590412 70 
1591235 80 
1591654 83 
1592382 64 
1593911 61 
1593929 61 
1593929 150 
1593929 68 
1594353 90 
1594552 65 
1594654 92 
1595453 103 
1595453 101 
1595972 100 
1595972 4
1595972 1616
1595972 11
1597971 25 
1598035 75 
1598912 72 
1598912 70 
1599741 80 
1600162 83 
1600214 64 
1600562 61 
1600578 61 
1600578 150 
1600578 68 
1601043 65 
1601145 92 
1602105 103 
1602105 101 
1602618 100 
1602618 4
1602618 1616
1602618 11
1604618 25 
1604685 75 
1605558 72 
1605558 70 
1606382 80 
1607138 76 
1607240 83 
1607276 64 
1607486 61 
1607504 61 
1607504 150 
1607504 68 
1607962 65 
1608067 92 
1609028 103 
1609028 101 
1609539 100 
1609539 4
1609539 1616
1609539 11
1611538 25 
1612735 75 
1613609 72 
1613609 70 
1614444 80 
1614875 83 
1615326 64 
1615796 61 
1615822 61 
1615822 152 
1615822 69 
1616377 93 
1617346 103 
1617346 101 
1618261 100 
1618261 4
1618261 1616
1618261 10
1620264 25 
1620332 75 
1621204 72 
1621204 70 
1622038 80 
1622465 83 
1623398 64 
1624055 61 
1624071 61 
1624071 151 
1624071 69 
1624741 91 
1625396 91 
1626092 91 
1626863 91 
1627107 91 
1627393 91 
1627606 91 
1627844 93 
1627844 103 
1627844 101 
1628766 100 
1628766 4
1628766 1616
1628766 10
1630766 25 
1630822 75 
1631697 72 
1631697 70 
1632133 250 
1635964 71 
1636568 80 
1637162 83 
1637974 64 
1639446 61 
1639462 61 
1639462 151 
1639462 69 
1640042 91 
1640280 93 
1640984 103 
1640984 101 
1641892 100 
1641892 4
1641892 1616
1641892 11
1643894 25 
1643948 75 
1644819 72 
1644819 70 
1645789 80 
1646212 83 
1646965 64 
1647861 61 
1647879 61 
1647879 150 
1647879 68 
1648324 90 
1648489 65 
1648596 92 
1649411 103 
1649411 101 
1649931 100 
1649931 4
1649931 1616
1649931 11
1651931 25 
1651999 75 
1652874 72 
1652874 70 
1653705 80 
1654131 83 
1654521 64 
1655150 63 
1655166 63 
1655166 153 
1655166 68 
1655588 90 
1655813 65 
1655912 92 
1656699 103 
1656699 101 
1657206 100 
1657206 4
1657206 1616
1657206 10
1659206 25 
1659262 75 
1660141 72 
1660141 70 
1660971 80 
1661410 83 
1662496 64 
1662908 63 
1662924 63 
1662924 151 
1662924 69 
1663518 91 
1664351 91 
1664703 91 
1664825 91 
1665164 91 
1665515 91 
1667162 91 
1667404 93 
1667404 103 
1667404 101 
1668324 100 
1668324 4
1668324 1616
1668324 10
1670322 25 
1670371 75 
1671249 72 
1671249 70 
1672078 80 
1672508 83 
1672686 64 
1674133 62 
1674151 62 
1674151 150 
1674151 68 
1674623 90 
1674763 65 
1674866 92 
1675679 103 
1675679 101 
1676186 100 
1676186 4
1676186 1616
1676186 11
1678186 25 
1678235 75 
1679108 72 
1679108 70 
1679935 80 
1680712 76 
1681306 76 
1681410 83 
1681460 64 
1681714 61 
1681733 61 
1681733 150 
1681733 68 
1682196 65 
1682297 92 
1683262 103 
1683262 101 
1683773 100 
1683773 4
1683773 1616
1683773 10
1685773 25 
1685837 75 
1686709 72 
1686709 70 
1687531 80 
1687954 83 
1688452 64 
1688720 61 
1688737 61 
1688737 151 
1688737 69 
1691386 91 
1691621 93 
1691621 103 
1691621 101 
1692539 100 
1692539 4
1692539 1616
1692539 11
1694541 25 
1694602 75 
1695477 72 
1695477 70 
1696303 80 
1696725 83 
1697103 64 
1697417 61 
1697439 61 
1697439 150 
1697439 68 
1697892 65 
1697993 92 
1698962 103 
1698962 101 
1699469 100 
1699469 4
1699469 1616
1699469 11
1701471 25 
1701531 75 
1702409 72 
1702409 70 
1703234 80 
1704005 76 
1704111 83 
1704148 64 
1704331 61 
1704350 61 
1704350 150 
1704350 68 
1704807 65 
1704912 92 
1705874 103 
1705874 101 
1706385 100 
1706385 4
1706385 1616
1706385 10
1708386 25 
1708436 75 
1709316 72 
1709316 70 
1710144 80 
1710569 83 
1711094 64 
1711298 61 
1711318 61 
1711318 153 
1711318 68 
1711784 65 
1711884 92 
1712853 103 
1712853 101 
1713369 100 
1713369 4
1713369 1616
1713369 10
1715370 25 
1715426 75 
1716297 72 
1716297 70 
1717118 80 
1717883 76 
1717988 76 
1718287 76 
1718476 76 
1719089 76 
1719647 76 
1720273 76 
1720375 83 
1720447 64 
1720732 61 
1720749 61 
1720749 151 
1720749 69 
1721306 93 
1722276 103 
1722276 101 
1723198 100 
1723198 4
1723198 1616
1723198 11
1725197 25 
1725255 75 
1726127 72 
1726127 70 
1726956 80 
1727375 83 
1727402 64 
1727667 61 
1727684 61 
1727684 150 
1727684 68 
1728152 65 
1728255 92 
1729217 103 
1729217 101 
1729737 100 
1729737 4
1729737 1616
1729737 11
1731736 25 
1731787 75 
1732659 72 
1732659 70 
1733490 80 
1733916 83 
1733961 64 
1734205 61 
1734223 61 
1734223 150 
1734223 68 
1734681 65 
1734787 92 
1735750 103 
1735750 101 
1736267 100 
1736267 4
1736267 1616
1736267 11
1738268 25 
1738322 75 
1739197 72 
1739197 70 
1740035 80 
1740725 76 
1741130 76 
1741646 76 
1741757 83 
1741811 64 
1742034 61 
1742053 61 
1742053 150 
1742053 68 
1742521 65 
1742617 92 
1743586 103 
1743586 101 
1744092 100 
1744092 4
1744092 1616
1744092 11
1746092 25 
1746140 75 
1747011 72 
1747011 70 
1748083 80 
1749966 76 
1750073 83 
1750109 64 
1750297 61 
1750314 61 
1750314 150 
1750314 68 
1750782 65 
1750879 92 
1751850 103 
1751850 101 
1752369 100 
1752369 4
1752369 1616
1752369 10
1754370 25 
1754434 75 
1755310 72 
1755310 70 
1756376 80 
1756858 83 
1757162 64 
1758096 61 
1758117 61 
1758117 151 
1758117 69 
1759261 91 
1759706 91 
1759939 93 
1759939 103 
1759939 101 
1760858 100 
1760858 4
1760858 1616
1760858 10
1762859 25 
1762920 75 
1763797 72 
1763797 70 
1764275 71 
1764880 80 
1765418 83 
1765563 64 
1767002 62 
1767017 62 
1767017 150 
1767017 68 
1767475 90 
1767641 65 
1767742 92 
1768543 103 
1768543 101 
1769052 100 
1769052 4
1769052 1616
1769052 11
1771053 25 
1771103 75 
1771981 72 
1771981 70 
1773067 80 
1773543 83 
1773604 64 
1773866 61 
1773882 61 
1773882 150 
1773882 68 
1774346 65 
1774442 92 
1775413 103 
1775413 101 
1775932 100 
1775932 4
1775932 1616
1775932 10
1777932 25 
1777994 75 
1778869 72 
1778869 70 
1779912 80 
1780472 83 
1780498 64 
1781584 61 
1781603 61 
1781603 151 
1781603 69 
1783006 91 
1785921 91 
1786159 93 
1786159 103 
1786159 101 
1787073 100 
1787073 4
1787073 1616
1787073 10
1789074 25 
1789142 75 
1790017 72 
1790017 70 
1791095 80 
1791675 83 
1792178 64 
1793017 62 
1793033 62 
1793033 150 
1793033 68 
1793403 90 
1793627 65 
1793725 92 
1794564 103 
1794564 101 
1795082 100 
1795082 4
1795082 1616
1795082 11
1797085 25 
1797152 75 
1798028 72 
1798028 70 
1799078 80 
1799651 83 
1799695 64 
1800016 61 
1800035 61 
1800035 150 
1800035 68 
1800496 65 
1800589 92 
1801554 103 
1801554 101 
1802066 100 
1802066 4
1802066 1616
1802066 10
1804069 25 
1804137 75 
1805014 72 
1805014 70 
1805979 80 
1806412 83 
1806909 64 
1807730 62 
1807752 62 
1807752 150 
1807752 68 
1808213 65 
1808310 92 
1809277 103 
1809277 101 
1809796 100 
1809796 4
1809796 1616
1809796 10
1811799 25 
1811868 75 
1812747 72 
1812747 70 
1813571 80 
1813996 83 
1814090 64 
1814343 61 
1814364 61 
1814364 153 
1814364 68 
1814816 65 
1814913 92 
1815890 103 
1815890 101 
1816407 100 
1816407 4
1816407 1616
1816407 11
1818409 25 
1818475 75 
1819350 72 
1819350 70 
1820181 80 
1820612 83 
1820668 64 
1820897 61 
1820915 61 
1820915 150 
1820915 68 
1821377 65 
1821483 92 
1822443 103 
1822443 101 
1822952 100 
1822952 4
1822952 1616
1822952 11
1824953 25 
1825019 75 
1825897 72 
1825897 70 
1826725 80 
1827471 76 
1828043 76 
1828153 83 
1828197 64 
1828442 61 
1828459 61 
1828459 150 
1828459 68 
1828922 65 
1829024 92 
1829292 90 
1829988 103 
1829988 101 
1830496 100 
1830496 4
1830496 1616
1830496 11
1832496 25 
1832558 75 
1833429 72 
1833429 70 
1834263 80 
1835104 76 
1835588 76 
1835651 76 
1836087 76 
1836189 83 
1836267 64 
1836446 61 
1836464 61 
1836464 150 
1836464 68 
1836927 65 
1837019 92 
1837886 90 
1837987 103 
1837987 101 
1838492 100 
1838492 4
1838492 1616
1838492 10
1840493 25 
1840555 75 
1841430 72 
1841430 70 
1842255 80 
1842686 83 
1842798 64 
1843943 62 
1843964 62 
1843964 150 
1843964 68 
1844421 65 
1844520 92 
1845491 103 
1845491 101 
1845994 100 
1845994 4
1845994 1616
1845994 11
1847995 25 
1848044 75 
1848921 72 
1848921 70 
1849751 80 
1850188 83 
1850268 64 
1850526 61 
1850549 61 
1850549 150 
1850549 68 
1851004 65 
1851107 92 
1852073 103 
1852073 101 
1852578 100 
1852578 4
1852578 1616
1852578 10
1854580 25 
1854628 75 
1855502 72 
1855502 70 
1856332 80 
1856760 83 
1856792 64 
1857039 61 
1857056 61 
1857056 151 
1857056 69 
1857794 91 
1860755 91 
1861161 91 
1861402 93 
1861402 103 
1861402 101 
1862320 100 
1862320 4
1862320 1616
1862320 10
1864324 25 
1864392 75 
1864886 73 
1866106 73 
1866909 72 
1866909 70 
1867658 71 
1868259 80 
1868690 83 
1869610 64 
1870545 62 
1870565 62 
1870565 150 
1870565 68 
1870994 90 
1871209 65 
1871312 92 
1872092 103 
1872092 101 
1872609 100 
1872609 4
1872609 1616
1872609 11
1874613 25 
1874678 75 
1875555 72 
1875555 70 
1876381 80 
1876804 83 
1876975 64 
1877225 61 
1877246 61 
1877246 150 
1877246 68 
1877699 65 
1877795 92 
1878768 103 
1878768 101 
1879273 100 
1879273 4
1879273 1616
1879273 10
1881275 25 
1881342 75 
1882221 72 
1882221 70 
1883052 80 
1883485 83 
1883555 64 
1883784 61 
1883807 61 
1883807 151 
1883807 69 
1884368 93 
1885338 103 
1885338 101 
1886244 100 
1886244 4
1886244 1616
1886244 10
1888245 25 
1888296 75 
1889170 72 
1889170 70 
1889990 80 
1890418 83 
1890983 64 
1891376 61 
1891392 61 
1891392 153 
1891392 68 
1891856 65 
1891955 92 
1892921 103 
1892921 101 
1893429 100 
1893429 4
1893429 1616
1893429 11
1895429 25 
1895478 75 
1896354 72 
1896354 70 
1897177 80 
1897596 83 
1897698 64 
1898617 62 
1898639 62 
1898639 151 
1898639 69 
1899366 91 
1899669 91 
1902019 91 
1902261 93 
1902261 103 
1902261 101 
1903172 100 
1903172 4
1903172 1616
1903172 10
1905173 25 
1905248 75 
1906120 72 
1906120 70 
1907233 80 
1907715 83 
1908332 64 
1908661 62 
1908683 62 
1908683 150 
1908683 68 
1909130 65 
1909234 92 
1910205 103 
1910205 101 
1910715 100 
1910715 4
1910715 1616
1910715 11
1912714 25 
1912765 75 
1913639 72 
1913639 70 
1914666 80 
1915270 83 
1915445 64 
1915976 61 
1915998 61 
1915998 150 
1915998 68 
1916460 65 
1916562 92 
1917527 103 
1917527 101 
1918046 100 
1918046 4
1918046 1616
1918046 10
1920046 25 
1920108 75 
1920980 72 
1920980 70 
1921924 80 
1922347 83 
1922986 64 
1923356 62 
1923376 62 
1923376 150 
1923376 68 
1923842 65 
1923944 92 
1924911 103 
1924911 101 
1925429 100 
1925429 4
1925429 1616
1925429 11
1927433 25 
1927498 75 
1928377 72 
1928377 70 
1929204 80 
1929630 83 
1929766 64 
1930030 61 
1930052 61 
1930052 150 
1930052 68 
1930505 65 
1930608 92 
1931269 90 
1931573 103 
1931573 101 
1932093 100 
1932093 4
1932093 1616
1932093 11
1934095 25 
1934161 75 
1935034 72 
1935034 70 
1935861 80 
1936292 83 
1936330 64 
1936537 61 
1936559 61 
1936559 150 
1936559 68 
1937025 65 
1937123 92 
1937587 90 
1938089 103 
1938089 101 
1938596 100 
1938596 4
1938596 1616
1938596 11
1940597 25 
1940660 75 
1941537 72 
1941537 70 
1942372 80 
1942795 83 
1942905 64 
1943149 256 
1943167 61 
1943188 61 
1943188 152 
1943188 69 
1943751 93 
1944710 103 
1944710 101 
1945627 100 
1945627 4
1945627 1616
1945627 11
1947625 25 
1947685 75 
1948561 72 
1948561 70 
1949397 80 
1950318 76 
1950424 83 
1950455 64 
1950694 61 
1950717 61 
1950717 150 
1950717 68 
1951174 65 
1951269 92 
1951711 90 
1952247 103 
1952247 101 
1952765 100 
1952765 4
1952765 1616
1952765 10
1954764 25 
1954827 75 
1955706 72 
1955706 70 
1956541 80 
1956970 83 
1957228 64 
1957781 62 
1957800 62 
1957800 150 
1957800 68 
1958253 65 
1958360 92 
1959317 103 
1959317 101 
1959830 100 
1959830 4
1959830 1616
1959830 10
1961829 25 
1961895 75 
1962768 72 
1962768 70 
1963593 80 
1964023 83 
1964369 64 
1964527 62 
1964549 62 
1964549 150 
1964549 68 
1965530 90 
1965581 65 
1965771 90 
1966004 92 
1966075 103 
1966075 101 
1966586 100 
1966586 4
1966586 1616
1966586 11
1968587 25 
1968648 75 
1969520 72 
1969520 70 
1970349 80 
1970788 83 
1970819 64 
1971056 61 
1971077 61 
1971077 150 
1971077 68 
1971540 65 
1971644 92 
1972605 103 
1972605 101 
1973115 100 
1973115 4
1973115 1616
1973115 11
1975118 25 
1975178 75 
1976056 72 
1976056 70 
1976881 80 
1977311 83 
1977351 64 
1977572 61 
1977594 61 
1977594 150 
1977594 68 
1978055 65 
1978163 92 
1978307 90 
1979128 103 
1979128 101 
1979650 100 
1979650 4
1979650 1616
1979650 10
1981649 25 
1981708 75 
1982582 72 
1982582 70 
1983409 80 
1984019 76 
1984193 76 
1984668 76 
1984770 83 
1984871 64 
1985085 62 
1985102 62 
1985102 150 
1985102 68 
1986890 90 
1986964 65 
1987176 90 
1987413 92 
1987413 103 
1987413 101 
1987923 100 
1987923 4
1987923 1616
1987923 10
1989925 25 
1989993 75 
1990864 72 
1990864 70 
1991692 80 
1992118 83 
1993198 64 
1993506 62 
1993522 62 
1993522 150 
1993522 68 
1993981 65 
1994083 92 
1995055 103 
1995055 101 
1995575 100 
1995575 4
1995575 1616
1995575 11
1997572 25 
1997623 75 
1998498 72 
1998498 70 
1999323 80 
1999751 83 
1999903 64 
2000106 61 
2000122 61 
2000122 150 
2000122 68 
2000586 65 
2000679 92 
2001130 90 
2001646 103 
2001646 101 
2002157 100 
2002157 4
2002157 1616
2002157 10
2004157 25 
2005024 75 
2005901 72 
2005901 70 
2006732 80 
2008078 76 
2008181 83 
2008218 64 
2008359 62 
2008378 62 
2008378 150 
2008378 68 
2008840 65 
2010415 90 
2010486 90 
2010625 90 
2010858 92 
2010858 103 
2010858 101 
2011367 100 
2011367 4
2011367 1616
2011367 11
2011367 79 
2013366 25 
2013418 75 
2014289 72 
2014289 70 
2015122 80 
2015549 83 
2015587 64 
2015773 61 
2015791 61 
2015791 150 
2015791 68 
2016261 65 
2016358 92 
2017320 103 
2017320 101 
2017834 100 
2017834 1
2017834 1616
2017834 11
2017834 78 
2017834 781 
2019833 25 
2021350 75 
2022224 72 
2022224 70 
2023269 80 
2023753 83 
2024049 64 
2024255 61 
2024276 61 
2024276 151 
2024276 69 
2027346 91 
2027583 93 
2027583 103 
2027583 101 
2028496 100 
2028496 1
2028496 1616
2028496 10
2030495 25 
2030555 75 
2031433 72 
2031433 70 
2032259 80 
2033062 76 
2033563 76 
2034060 76 
2034164 83 
2034202 64 
2034446 62 
2034463 62 
2034463 153 
2034463 68 
2034923 65 
2035024 92 
2036003 103 
2036003 101 
2036518 100 
2036518 1
2036518 1616
2036518 10
2038516 25 
2038566 75 
2039438 72 
2039438 70 
2040266 80 
2040941 76 
2041354 76 
2041457 83 
2041512 64 
2041702 62 
2041719 62 
2041719 151 
2041719 69 
2042281 93 
2042541 91 
2043246 103 
2043246 101 
2044153 100 
2044153 1
2044153 1616
2044153 10
2046155 25 
2046216 75 
2047089 72 
2047089 70 
2047917 80 
2048338 83 
2048560 64 
2049551 62 
2049575 62 
2049575 151 
2049575 69 
2050135 93 
2051092 103 
2051092 101 
2052008 100 
2052008 1
2052008 1616
2052008 11
2054006 25 
2054071 75 
2054943 72 
2054943 70 
2055771 80 
2056207 83 
2056396 64 
2056870 61 
2056892 61 
2056892 151 
2056892 69 
2057583 91 
2057914 91 
2058325 91 
2059006 91 
2059862 91 
2060102 93 
2060102 103 
2060102 101 
2061014 100 
2061014 1
2061014 1616
2061014 10
2063014 25 
2063083 75 
2064154 73 
2064976 72 
2064976 70 
2065809 80 
2066236 83 
2066273 64 
2066526 62 
2066544 62 
2066544 151 
2066544 69 
2067114 93 
2068078 103 
2068078 101 
2068995 100 
2068995 1
2068995 1616
2068995 10
2070998 25 
2081046 254 
2081046 101 
2083064 100 
2083064 1
2083064 1616
2083064 10
2083064 25 
2087961 75 
2088839 72 
2088839 70 
2089674 80 
2090110 83 
2090656 64 
2090982 62 
2090998 62 
2090998 151 
2090998 69 
2091585 91 
2091834 91 
2095164 91 
2095404 93 
2095404 103 
2095404 101 
2096318 100 
2096318 1
2096318 1616
2096318 11
2098319 25 
2098369 75 
2099252 72 
2099252 70 
2100085 80 
2100525 83 
2101901 64 
2102727 63 
2102745 63 
2102745 151 
2102745 69 
2103416 91 
2103652 93 
2104276 103 
2104276 101 
2105193 100 
2105193 1
2105193 1616
2105193 11
2107195 25 
2107257 75 
2108133 72 
2108133 70 
2108958 80 
2109383 83 
2110322 64 
2111606 61 
2111622 61 
2111622 151 
2111622 69 
2112180 93 
2113147 103 
2113147 101 
2114058 100 
2114058 1
2114058 1616
2114058 10
2116057 25 
2116109 75 
2116987 72 
2116987 70 
2117819 80 
2118238 83 
2118336 64 
2118973 62 
2118989 62 
2118989 151 
2118989 69 
2119669 91 
2119900 93 
2120519 103 
2120519 101 
2121426 100 
2121426 1
2121426 1616
2121426 11
2123427 25 
2123478 75 
2124356 72 
2124356 70 
2125192 80 
2125629 83 
2127393 64 
2128324 256 
2128801 63 
2128817 63 
2128817 151 
2128817 69 
2129377 93 
2130159 91 
2130345 103 
2130345 101 
2131265 100 
2131265 1
2131265 1616
2131265 11
2133264 25 
2133313 75 
2134190 72 
2134190 70 
2135205 80 
2135715 83 
2136147 64 
2137515 61 
2137536 61 
2137536 151 
2137536 69 
2138213 91 
2138505 91 
2165174 91 
2165411 93 
2165411 103 
2165411 101 
2166331 100 
2166331 1
2166331 1616
2166331 11
2168332 25 
2168396 75 
2169272 72 
2169272 70 
2170231 80 
2170656 83 
2171849 64 
2173541 62 
2173559 62 
2173559 152 
2173559 69 
2174116 93 
2175082 103 
2175082 101 
2176007 100 
2176007 1
2176007 1616
2176007 10
2178007 25 
2178067 75 
2178945 72 
2178945 70 
2179772 80 
2180200 83 
2180324 64 
2181562 63 
2181581 63 
2181581 151 
2181581 69 
2182144 93 
2182390 91 
2183110 103 
2183110 101 
2184029 100 
2184029 1
2184029 1616
2184029 11
2186029 25 
2196081 254 
2196081 101 
2198096 100 
2198096 1
2198096 1616
2198096 11
2198096 25 
2200034 75 
2200910 72 
2200910 70 
2202238 71 
2202693 80 
2203136 83 
2204387 64 
2205820 61 
2205836 61 
2205836 151 
2205836 69 
2206441 91 
2206581 91 
2207231 91 
2207616 91 
2207860 93 
2207860 103 
2207860 101 
2208778 100 
2208778 1
2208778 1616
2208778 11
2210779 25 
2210848 75 
2211723 72 
2211723 70 
2212556 80 
2212993 83 
2213051 64 
2213389 256 
2214025 255 
2215883 61 
2215899 61 
2215899 151 
2215899 69 
2226699 91 
2226931 93 
2226931 103 
2226931 101 
2227849 100 
2227849 1
2227849 1616
2227849 10
2229851 25 
2230325 75 
2230676 73 
2231479 72 
2231479 70 
2232303 80 
2232729 83 
2233328 64 
2233625 62 
2233649 62 
2233649 151 
2233649 69 
2234223 93 
2234553 91 
2235178 103 
2235178 101 
2236086 100 
2236086 1
2236086 1616
2236086 10
2238087 25 
2238137 75 
2239013 72 
2239013 70 
2239836 80 
2240253 83 
2240416 64 
2241364 63 
2241375 63 
2241375 151 
2241375 69 
2241930 93 
2242078 91 
2242894 103 
2242894 101 
2243804 100 
2243804 1
2243804 1616
2243804 10
2245803 25 
2245854 75 
2246731 72 
2246731 70 
2247268 250 
2265659 71 
2267388 71 
2267845 80 
2268314 76 
2268517 83 
2268551 64 
2268902 256 
2269802 62 
2269818 62 
2269818 151 
2269818 69 
2270347 91 
2271572 91 
2271864 93 
2271864 103 
2271864 101 
2272779 100 
2272779 1
2272779 1616
2272779 11
2274780 25 
2274841 75 
2275719 72 
2275719 70 
2276780 80 
2277313 83 
2277558 64 
2278188 63 
2278206 63 
2278206 151 
2278206 69 
2278935 91 
2279366 91 
2336057 91 
2336293 93 
2336293 103 
2336293 101 
2337204 100 
2337204 1
2337204 1616
2337204 11
2339207 25 
2339272 75 
2340152 72 
2340152 70 
2341222 80 
2341772 83 
2342444 64 
2343304 62 
2343322 62 
2343322 152 
2343322 69 
2344849 91 
2345083 93 
2345083 103 
2345083 101 
2346002 100 
2346002 1
2346002 1616
2346002 11
2348002 25 
2348071 75 
2348944 72 
2348944 70 
2350012 80 
2353588 76 
2353720 83 
2353808 64 
2355809 63 
2355828 63 
2355828 151 
2355828 69 
2356399 93 
2357282 91 
2357358 103 
2357358 101 
2358278 100 
2358278 1
2358278 1616
2358278 10
2360278 25 
2360338 75 
2361218 72 
2361218 70 
2362274 80 
2362879 83 
2362984 64 
2363661 62 
2363682 62 
2363682 151 
2363682 69 
2364237 93 
2364519 91 
2365112 91 
2365204 103 
2365204 101 
2366113 100 
2366113 1
2366113 1616
2366113 10
2368114 25 
2368175 75 
2369054 72 
2369054 70 
2370097 80 
2370653 83 
2370981 64 
2372095 256 
2372558 62 
2372574 62 
2372574 151 
2372574 69 
2373251 91 
2373485 93 
2374096 103 
2374096 101 
2375005 100 
2375005 1
2375005 1616
2375005 10
2377003 25 
2377052 75 
2377924 72 
2377924 70 
2380676 71 
2381134 80 
2381842 83 
2381905 64 
2383514 61 
2383537 61 
2383537 150 
2383537 68 
2383994 65 
2384092 92 
2385066 103 
2385066 101 
2385583 100 
2385583 1
2385583 1616
2385583 10
2387587 25 
2392556 75 
2393430 72 
2393430 70 
2394493 80 
2395525 76 
2396617 76 
2396703 76 
2397200 76 
2397322 83 
2397393 64 
2397608 61 
2397627 61 
2397627 150 
2397627 68 
2398088 65 
2398191 92 
2398751 90 
2399156 103 
2399156 101 
2399671 100 
2399671 1
2399671 1616
2399671 11
2401672 25 
2401722 75 
2402600 72 
2402600 70 
2403587 80 
2404079 83 
2404488 64 
2405183 63 
2405200 63 
2405200 151 
2405200 69 
2408965 91 
2409137 91 
2409369 93 
2409369 103 
2409369 101 
2410281 100 
2410281 1
2410281 1616
2410281 10
2412281 25 
2412333 75 
2413206 72 
2413206 70 
2414032 80 
2414625 83 
2414685 64 
2415577 61 
2415595 61 
2415595 150 
2415595 68 
2416046 65 
2416150 92 
2417115 103 
2417115 101 
2417626 100 
2417626 1
2417626 1616
2417626 11
2419628 25 
2419687 75 
2420562 72 
2420562 70 
2421505 80 
2422085 83 
2422525 64 
2422764 61 
2422780 61 
2422780 151 
2422780 69 
2423421 91 
2424045 91 
2424135 91 
2424540 91 
2424763 91 
2425401 91 
2425636 93 
2425636 103 
2425636 101 
2426554 100 
2426554 1
2426554 1616
2426554 10
2428556 25 
2428604 75 
2429475 72 
2429475 70 
2430425 80 
2431006 83 
2431066 64 
2431331 61 
2431354 61 
2431354 150 
2431354 68 
2431817 65 
2431920 92 
2432881 103 
2432881 101 
2433392 100 
2433392 1
2433392 1616
2433392 10
2435393 25 
2435455 75 
2436333 72 
2436333 70 
2437288 80 
2437704 83 
2439799 64 
2440030 61 
2440052 61 
2440052 150 
2440052 68 
2440509 65 
2440607 92 
2441575 103 
2441575 101 
2442083 100 
2442083 1
2442083 1616
2442083 10
2444080 25 
2446457 75 
2447327 72 
2447327 70 
2448148 80 
2448570 83 
2448678 64 
2448951 61 
2448972 61 
2448972 150 
2448972 68 
2449440 65 
2451011 90 
2451243 92 
2451243 103 
2451243 101 
2451757 100 
2451757 1
2451757 1616
2451757 11
2453758 25 
2453821 75 
2454694 72 
2454694 70 
2455523 80 
2455963 83 
2458024 64 
2458821 63 
2458839 63 
2458839 151 
2458839 69 
2459661 91 
2461648 91 
2461887 93 
2461887 103 
2461887 101 
2462805 100 
2462805 1
2462805 1616
2462805 11
2464806 25 
2464870 75 
2465743 72 
2465743 70 
2466564 80 
2466996 83 
2467759 64 
2468922 62 
2468940 62 
2468940 150 
2468940 68 
2469417 90 
2469555 65 
2469651 92 
2470471 103 
2470471 101 
2470978 100 
2470978 1
2470978 1616
2470978 10
2472976 25 
2473027 75 
2473904 72 
2473904 70 
2474739 80 
2475164 83 
2475429 64 
2475939 61 
2475960 61 
2475960 150 
2475960 68 
2476423 65 
2476525 92 
2477492 103 
2477492 101 
2477999 100 
2477999 1
2477999 1616
2477999 11
2480002 25 
2480062 75 
2480935 72 
2480935 70 
2481757 80 
2482182 83 
2482518 64 
2483209 62 
2483230 62 
2483230 150 
2483230 68 
2483688 65 
2483793 92 
2484757 103 
2484757 101 
2485276 100 
2485276 1
2485276 1616
2485276 11
2487279 25 
2489284 75 
2490160 72 
2490160 70 
2490992 80 
2491685 76 
2491787 83 
2491845 64 
2492046 62 
2492065 62 
2492065 150 
2492065 68 
2493296 90 
2493323 65 
2493543 90 
2493773 92 
2493773 103 
2493773 101 
2494289 100 
2494289 1
2494289 1616
2494289 10
2496287 25 
2496337 75 
2497217 72 
2497217 70 
2498047 80 
2499512 76 
2500090 76 
2500200 83 
2500270 64 
2500490 61 
2500513 61 
2500513 150 
2500513 68 
2500980 65 
2501074 92 
2501401 90 
2502041 103 
2502041 101 
2502550 100 
2502550 1
2502550 1616
2502550 11
2504551 25 
2504599 75 
2505470 72 
2505470 70 
2506303 80 
2506739 83 
2506808 64 
2507215 62 
2507238 62 
2507238 152 
2507238 69 
2508528 91 
2508766 93 
2508766 103 
2508766 101 
2509680 100 
2509680 1
2509680 1616
2509680 10
2511683 25 
2511744 75 
2512620 72 
2512620 70 
2513444 80 
2513864 83 
2513920 64 
2514140 62 
2514158 62 
2514158 151 
2514158 69 
2514721 93 
2514953 91 
2515687 103 
2515687 101 
2516599 100 
2516599 1
2516599 1616
2516599 10
2518598 25 
2518666 75 
2519542 72 
2519542 70 
2520379 80 
2520812 83 
2521611 64 
2521963 61 
2521986 61 
2521986 152 
2521986 69 
2522545 93 
2523515 103 
2523515 101 
2524420 100 
2524420 1
2524420 1616
2524420 11
2526420 25 
2526469 75 
2527343 72 
2527343 70 
2528173 80 
2528602 83 
2528772 64 
2530268 61 
2530286 61 
2530286 151 
2530286 69 
2530961 91 
2531042 91 
2531281 93 
2531461 91 
2531814 103 
2531814 101 
2532724 100 
2532724 1
2532724 1616
2532724 10
2534725 25 
2534791 75 
2535667 72 
2535667 70 
2536500 80 
2537150 83 
2537186 64 
2537772 61 
2537790 61 
2537790 150 
2537790 68 
2538208 90 
2538359 65 
2538464 92 
2539321 103 
2539321 101 
2539843 100 
2539843 1
2539843 1616
2539843 11
2541842 25 
2541903 75 
2542779 72 
2542779 70 
2543821 80 
2544312 83 
2544356 64 
2544938 61 
2544961 61 
2544961 151 
2544961 69 
2545661 91 
2546424 91 
2546982 91 
2547776 91 
2548236 91 
2548478 93 
2548478 103 
2548478 101 
2549401 100 
2549401 1
2549401 1616
2549401 10
2551400 25 
2551460 75 
2552335 72 
2552335 70 
2553395 80 
2554359 76 
2554566 83 
2555573 64 
2556772 61 
2556789 61 
2556789 150 
2556789 68 
2557148 90 
2557350 65 
2557459 92 
2558320 103 
2558320 101 
2558835 100 
2558835 1
2558835 1616
2558835 11
2560834 25 
2560895 75 
2561772 72 
2561772 70 
2562832 80 
2563836 76 
2563942 83 
2563984 64 
2564228 61 
2564246 61 
2564246 151 
2564246 69 
2564919 91 
2565148 93 
2565776 103 
2565776 101 
2566682 100 
2566682 1
2566682 1616
2566682 11
2568683 25 
2568745 75 
2569618 72 
2569618 70 
2570650 80 
2571756 76 
2571859 83 
2571946 64 
2572207 61 
2572225 61 
2572225 151 
2572225 69 
2572775 93 
2573745 103 
2573745 101 
2574654 100 
2574654 1
2574654 1616
2574654 10
2576654 25 
2578269 75 
2578383 73 
2579221 72 
2579221 70 
2580273 80 
2580842 83 
2584891 64 
2585202 61 
2585224 61 
2585224 150 
2585224 68 
2585690 65 
2585784 92 
2586752 103 
2586752 101 
2587263 100 
2587263 1
2587263 1616
2587263 11
2589262 25 
2589324 75 
2590200 72 
2590200 70 
2591237 80 
2591727 83 
2592198 64 
2593349 62 
2593366 62 
2593366 150 
2593366 68 
2593801 90 
2593996 65 
2594087 92 
2594896 103 
2594896 101 
2595406 100 
2595406 1
2595406 1616
2595406 10
2597406 25 
2597455 75 
2598328 72 
2598328 70 
2599155 80 
2599571 83 
2599931 64 
2600161 61 
2600178 61 
2600178 150 
2600178 68 
2600640 65 
2600743 92 
2601703 103 
2601703 101 
2602213 100 
2602213 1
2602213 1616
2602213 10
2604215 25 
2604270 75 
2605149 72 
2605149 70 
2605974 80 
2606400 83 
2606436 64 
2606642 61 
2606662 61 
2606662 150 
2606662 68 
2607122 65 
2607216 92 
2608185 103 
2608185 101 
2608693 100 
2608693 1
2608693 1616
2608693 11
2610693 25 
2610760 75 
2611635 72 
2611635 70 
2612464 80 
2613278 76 
2613385 83 
2613474 64 
2613766 61 
2613788 61 
2613788 151 
2613788 69 
2614342 93 
2615318 103 
2615318 101 
2616242 100 
2616242 1
2616242 1616
2616242 10
2618240 25 
2618299 75 
2619176 72 
2619176 70 
2620007 80 
2620434 83 
2620505 64 
2620858 61 
2620882 61 
2620882 150 
2620882 68 
2621343 65 
2621439 92 
2622409 103 
2622409 101 
2622928 100 
2622928 1
2622928 1616
2622928 11
2624926 25 
2624975 75 
2625854 72 
2625854 70 
2626683 80 
2627107 83 
2627916 64 
2628117 62 
2628134 62 
2628134 152 
2628134 69 
2628693 93 
2629119 91 
2629281 91 
2629658 103 
2629658 101 
2630576 100 
2630576 1
2630576 1616
2630576 11
2632579 25 
2632646 75 
2633520 72 
2633520 70 
2634354 80 
2634793 83 
2635162 64 
2635534 62 
2635556 62 
2635556 150 
2635556 68 
2636018 65 
2636118 92 
2636552 90 
2637074 103 
2637074 101 
2637589 100 
2637589 1
2637589 1616
2637589 10
2639587 25 
2639637 75 
2640513 72 
2640513 70 
2641336 80 
2641759 83 
2641858 64 
2642094 61 
2642114 61 
2642114 150 
2642114 68 
2642569 65 
2642672 92 
2643631 103 
2643631 101 
2644143 100 
2644143 1
2644143 1616
2644143 11
2646145 25 
2646207 75 
2647081 72 
2647081 70 
2647912 80 
2648344 83 
2648726 64 
2649055 62 
2649071 62 
2649071 150 
2649071 68 
2649529 65 
2649630 92 
2650598 103 
2650598 101 
2651116 100 
2651116 1
2651116 1616
2651116 11
2653115 25 
2653164 75 
2654043 72 
2654043 70 
2654868 80 
2655298 83 
2655464 64 
2655716 62 
2655737 62 
2655737 150 
2655737 68 
2656808 90 
2656862 65 
2657057 90 
2657291 92 
2657291 103 
2657291 101 
2657804 100 
2657804 1
2657804 1616
2657804 10
2659806 25 
2659868 75 
2660739 72 
2660739 70 
2661568 80 
2661987 83 
2662223 64 
2662433 61 
2662454 61 
2662454 150 
2662454 68 
2662909 65 
2663012 92 
2663970 103 
2663970 101 
2664484 100 
2664484 1
2664484 1616
2664484 10
2666485 25 
2666549 75 
2667424 72 
2667424 70 
2668253 80 
2668682 83 
2668954 64 
2669178 61 
2669197 61 
2669197 150 
2669197 68 
2669653 65 
2669751 92 
2670537 90 
2670720 103 
2670720 101 
2671227 100 
2671227 1
2671227 1616
2671227 11
2673226 25 
2673276 75 
2674149 72 
2674149 70 
2674976 80 
2675393 83 
2675424 64 
2675642 62 
2675659 62 
2675659 150 
2675659 68 
2676118 65 
2676225 92 
2676408 90 
2677185 103 
2677185 101 
2677690 100 
2677690 1
2677690 1616
2677690 10
2679690 25 
2679741 75 
2680611 72 
2680611 70 
2681440 80 
2682277 76 
2682383 83 
2682430 64 
2682634 61 
2682652 61 
2682652 150 
2682652 68 
2683112 65 
2683212 92 
2683613 90 
2683925 90 
2684175 103 
2684175 101 
2684689 100 
2684689 1
2684689 1616
2684689 10
2686689 25 
2686737 75 
2687607 72 
2687607 70 
2688439 80 
2688870 83 
2688985 64 
2689212 61 
2689234 61 
2689234 150 
2689234 68 
2689699 65 
2689805 92 
2690296 90 
2690767 103 
2690767 101 
2691275 100 
2691275 1
2691275 1616
2691275 10
2693273 25 
2693327 75 
2694206 72 
2694206 70 
2695549 71 
2696667 71 
2696965 250 
2699226 71 
2699678 80 
2700348 83 
2700622 64 
2700858 61 
2700879 61 
2700879 150 
2700879 68 
2701327 65 
2701429 92 
2702405 103 
2702405 101 
2702922 100 
2702922 1
2702922 1616
2702922 11
2702922 79 
2704920 25 
2704970 75 
2705848 72 
2705848 70 
2706834 80 
2707705 76 
2709270 76 
2709378 83 
2709452 64 
2709649 62 
2709670 62 
2709670 152 
2709670 69 
2710225 93 
2711003 91 
2711198 103 
2711198 101 
2712117 100 
2712117 6
2712117 1616
2712117 11
2712117 78 
2712117 781 
2714118 25 
2714186 75 
2715059 72 
2715059 70 
2716023 80 
2716452 83 
2716927 64 
2717209 62 
2717233 62 
2717233 151 
2717233 69 
2717780 93 
2718217 91 
2718752 103 
2718752 101 
2719661 100 
2719661 6
2719661 1616
2719661 11
2721662 25 
2724719 75 
2725592 72 
2725592 70 
2726910 71 
2727530 71 
2727987 80 
2728423 83 
2728932 64 
2730034 61 
2730050 251 
2730050 101 
2732063 100 
2732063 6
2732063 1616
2732063 11
2732063 25 
2732119 75 
2732997 72 
2732997 70 
2733829 80 
2734258 83 
2734628 64 
2735225 62 
2735245 62 
2735245 151 
2735245 69 
2735805 93 
2736236 91 
2736772 103 
2736772 101 
2737678 100 
2737678 6
2737678 1616
2737678 11
2739679 25 
2739728 75 
2740608 72 
2740608 70 
2741431 80 
2741862 83 
2743283 64 
2743995 61 
2744007 61 
2744007 150 
2744007 68 
2744418 90 
2744593 65 
2744688 92 
2745525 103 
2745525 101 
2746036 100 
2746036 6
2746036 1616
2746036 10
2748035 25 
2748084 75 
2748959 72 
2748959 70 
2749782 80 
2750210 83 
2750356 64 
2753521 255 
2754202 256 
2754252 61 
2754273 61 
2754273 151 
2754273 69 
2758255 91 
2758488 93 
2758488 103 
2758488 101 
2759405 100 
2759405 6
2759405 1616
2759405 10
2761404 25 
2761459 75 
2762333 72 
2762333 70 
2763172 80 
2763601 83 
2763772 64 
2764185 61 
2764206 61 
2764206 151 
2764206 69 
2764890 91 
2765456 91 
2767509 91 
2768314 91 
2768550 91 
2769051 91 
2769282 93 
2769282 103 
2769282 101 
2770204 100 
2770204 6
2770204 1616
2770204 10
2772202 25 
2772262 75 
2773139 72 
2773139 70 
2773361 250 
2777505 71 
2780480 71 
2782605 71 
2783056 80 
2783488 83 
2783635 64 
2784482 61 
2784499 61 
2784499 151 
2784499 69 
2785104 91 
2785339 93 
2785996 91 
2786030 103 
2786030 101 
2786954 100 
2786954 6
2786954 1616
2786954 10
2788954 25 
2789014 75 
2789891 72 
2789891 70 
2790717 80 
2791134 83 
2791959 64 
2793846 63 
2793864 63 
2793864 150 
2793864 68 
2794384 90 
2794790 65 
2794889 92 
2795383 103 
2795383 101 
2795895 100 
2795895 6
2795895 1616
2795895 11
2797896 25 
2797957 75 
2798830 72 
2798830 70 
2799658 80 
2800084 83 
2800119 64 
2800442 61 
2800465 61 
2800465 150 
2800465 68 
2800916 65 
2801017 92 
2801980 103 
2801980 101 
2802490 100 
2802490 6
2802490 1616
2802490 11
2804493 25 
2804541 75 
2805419 72 
2805419 70 
2806240 80 
2806662 83 
2807524 64 
2807993 63 
2808014 63 
2808014 151 
2808014 69 
2808572 93 
2809015 91 
2809541 103 
2809541 101 
2810450 100 
2810450 6
2810450 1616
2810450 11
2812451 25 
2812516 75 
2813392 72 
2813392 70 
2814235 80 
2814667 83 
2815129 64 
2815500 255 
2816793 61 
2816810 61 
2816810 152 
2816810 69 
2817397 91 
2817646 91 
2819259 91 
2819491 93 
2819491 103 
2819491 101 
2820406 100 
2820406 6
2820406 1616
2820406 11
2822405 25 
2822453 75 
2823333 72 
2823333 70 
2824398 80 
2824934 83 
2826175 64 
2827759 62 
2827778 62 
2827778 151 
2827778 69 
2828393 91 
2828629 93 
2829307 103 
2829307 101 
2830213 100 
2830213 6
2830213 1616
2830213 10
2832215 25 
2834045 75 
2834919 72 
2834919 70 
2835891 80 
2836522 83 
2837408 64 
2838634 63 
2838653 63 
2838653 150 
2838653 68 
2839157 90 
2839342 65 
2839442 92 
2840179 103 
2840179 101 
2840688 100 
2840688 6
2840688 1616
2840688 10
2842691 25 
2842757 75 
2843635 72 
2843635 70 
2844585 80 
2845149 83 
2846011 64 
2846433 61 
2846454 61 
2846454 151 
2846454 69 
2847016 93 
2847320 91 
2847980 103 
2847980 101 
2848886 100 
2848886 6
2848886 1616
2848886 11
2850887 25 
2851431 75 
2852302 72 
2852302 70 
2853128 80 
2853558 83 
2854299 64 
2855764 63 
2855780 63 
2855780 151 
2855780 69 
2856335 93 
2856903 91 
2857310 103 
2857310 101 
2858216 100 
2858216 6
2858216 1616
2858216 10
2860216 25 
2860278 75 
2861779 73 
2862584 72 
2862584 70 
2863425 80 
2863850 83 
2864471 64 
2865390 61 
2865410 61 
2865410 151 
2865410 69 
2865943 91 
2866218 93 
2866930 103 
2866930 101 
2867850 100 
2867850 6
2867850 1616
2867850 10
2869853 25 
2871085 75 
2871318 73 
2878517 73 
2878608 73 
2879416 72 
2879416 70 
2880236 80 
2880660 83 
2885576 64 
2886779 61 
2886797 61 
2886797 151 
2886797 69 
2887328 91 
2888129 91 
2888806 91 
2889037 93 
2889037 103 
2889037 101 
2889948 100 
2889948 6
2889948 1616
2889948 10
2891951 25 
2892019 75 
2892896 72 
2892896 70 
2893732 80 
2894157 83 
2894627 64 
2896746 256 
2897287 63 
2897303 63 
2897303 150 
2897303 68 
2897807 90 
2897942 65 
2898041 92 
2898827 103 
2898827 101 
2899346 100 
2899346 6
2899346 1616
2899346 11
2901347 25 
2901408 75 
2902284 72 
2902284 70 
2903106 80 
2903536 83 
2903735 64 
2904034 61 
2904057 61 
2904057 150 
2904057 68 
2904518 65 
2904619 92 
2905585 103 
2905585 101 
2906105 100 
2906105 6
2906105 1616
2906105 10
2908104 25 
2908166 75 
2909039 72 
2909039 70 
2909868 80 
2910300 83 
2910891 64 
2911286 61 
2911307 61 
2911307 151 
2911307 69 
2911868 93 
2912037 91 
2912123 91 
2912835 103 
2912835 101 
2913755 100 
2913755 6
2913755 1616
2913755 10
2915753 25 
2915807 75 
2916693 72 
2916693 70 
2917522 80 
2917955 83 
2918127 64 
2919252 61 
2919271 61 
2919271 151 
2919271 69 
2920756 91 
2921759 91 
2922534 91 
2922771 93 
2922771 103 
2922771 101 
2923683 100 
2923683 6
2923683 1616
2923683 11
2925682 25 
2925732 75 
2926608 72 
2926608 70 
2927432 80 
2927854 83 
2928915 64 
2929518 63 
2929537 63 
2929537 153 
2929537 68 
2929978 90 
2930176 65 
2930272 92 
2931067 103 
2931067 101 
2931587 100 
2931587 6
2931587 1616
2931587 11
2933587 25 
2933648 75 
2934522 72 
2934522 70 
2935351 80 
2935778 83 
2936425 64 
2936772 63 
2936793 63 
2936793 151 
2936793 69 
2937379 91 
2973575 91 
2973819 93 
2973819 103 
2973819 101 
2974742 100 
2974742 6
2974742 1616
2974742 11
2976740 25 
2977722 75 
2978597 72 
2978597 70 
2979643 80 
2980185 83 
2980215 64 
2980807 61 
2980829 61 
2980829 150 
2980829 68 
2981287 65 
2981389 92 
2982353 103 
2982353 101 
2982856 100 
2982856 6
2982856 1616
2982856 11
2984859 25 
2986124 75 
2986243 73 
2987074 72 
2987074 70 
2987516 250 
2988104 71 
2988711 80 
2989366 83 
2989398 64 
2989812 61 
2989833 61 
2989833 150 
2989833 68 
2990298 65 
2990400 92 
2990990 90 
2991361 103 
2991361 101 
2991881 100 
2991881 6
2991881 1616
2991881 10
2993882 25 
2993945 75 
2994822 72 
2994822 70 
2995934 250 
2996615 71 
2997142 80 
2998258 76 
2998364 83 
2998428 64 
2998637 61 
2998660 61 
2998660 151 
2998660 69 
2999680 91 
3010668 91 
3010901 93 
3010901 103 
3010901 101 
3011818 100 
3011818 6
3011818 1616
3011818 11
3013820 25 
3015039 75 
3015916 72 
3015916 70 
3016874 80 
3017294 83 
3017410 64 
3017692 61 
3017714 61 
3017714 150 
3017714 68 
3018181 65 
3018280 92 
3018723 90 
3019244 103 
3019244 101 
3019761 100 
3019761 6
3019761 1616
3019761 10
3021762 25 
3021819 75 
3022701 72 
3022701 70 
3023530 80 
3023961 83 
3024672 64 
3025132 63 
3025155 63 
3025155 150 
3025155 68 
3025617 65 
3025714 92 
3026677 103 
3026677 101 
3027187 100 
3027187 6
3027187 1616
3027187 11
3029187 25 
3029235 75 
3030107 72 
3030107 70 
3030931 80 
3031703 76 
3031813 83 
3031850 64 
3032057 61 
3032080 61 
3032080 150 
3032080 68 
3033308 90 
3033347 65 
3034628 90 
3034859 92 
3034859 103 
3034859 101 
3035371 100 
3035371 6
3035371 1616
3035371 11
3037369 25 
3037419 75 
3038292 72 
3038292 70 
3039117 80 
3039541 83 
3039769 64 
3039994 63 
3040015 63 
3040015 151 
3040015 69 
3040658 91 
3042282 91 
3043027 91 
3043739 91 
3044098 91 
3044568 91 
3045041 91 
3076958 91 
3077191 93 
3077191 103 
3077191 101 
3078112 100 
3078112 6
3078112 1616
3078112 11
3080111 25 
3080165 75 
3081040 72 
3081040 70 
3081879 80 
3082308 83 
3082444 64 
3082703 61 
3082725 61 
3082725 150 
3082725 68 
3083188 65 
3083292 92 
3083746 90 
3084254 103 
3084254 101 
3084763 100 
3084763 6
3084763 1616
3084763 10
3086762 25 
3086812 75 
3087690 72 
3087690 70 
3088522 80 
3088946 83 
3088999 64 
3089449 63 
3089465 63 
3089465 150 
3089465 68 
3089933 65 
3090041 92 
3091001 103 
3091001 101 
3091520 100 
3091520 6
3091520 1616
3091520 11
3093519 25 
3093569 75 
3094446 72 
3094446 70 
3095266 80 
3095695 83 
3096331 64 
3096714 61 
3096730 61 
3096730 150 
3096730 68 
3097192 65 
3097293 92 
3097965 90 
3098263 103 
3098263 101 
3098769 100 
3098769 6
3098769 1616
3098769 10
3100769 25 
3100819 75 
3101692 72 
3101692 70 
3102522 80 
3102957 83 
3103050 64 
3103898 63 
3103920 63 
3103920 152 
3103920 69 
3104515 91 
3113992 91 
3114333 91 
3115464 91 
3115705 93 
3115705 103 
3115705 101 
3116617 100 
3116617 6
3116617 1616
3116617 10
3118615 25 
3118678 75 
3119553 72 
3119553 70 
3120658 80 
3124691 76 
3125853 76 
3125953 83 
3126042 64 
3126273 61 
3126291 61 
3126291 151 
3126291 69 
3126896 91 
3127564 91 
3127802 93 
3127812 103 
3127812 101 
3128730 100 
3128730 6
3128730 1616
3128730 11
3130731 25 
3130793 75 
3131670 72 
3131670 70 
3132715 80 
3133254 83 
3133354 64 
3133545 61 
3133568 61 
3133568 150 
3133568 68 
3134033 65 
3134136 92 
3134697 90 
3135101 103 
3135101 101 
3135621 100 
3135621 6
3135621 1616
3135621 10
3137622 25 
3137684 75 
3138559 72 
3138559 70 
3139593 80 
3140122 83 
3140167 64 
3140347 256 
3140366 61 
3140387 61 
3140387 151 
3140387 69 
3141042 91 
3142026 91 
3142266 93 
3142266 103 
3142266 101 
3143183 100 
3143183 6
3143183 1616
3143183 11
3145182 25 
3145240 75 
3146118 72 
3146118 70 
3147165 80 
3147962 76 
3148266 76 
3148506 76 
3148612 83 
3148640 64 
3148837 61 
3148857 61 
3148857 150 
3148857 68 
3149325 65 
3149422 92 
3150385 103 
3150385 101 
3150894 100 
3150894 6
3150894 1616
3150894 11
3152895 25 
3152957 75 
3153830 72 
3153830 70 
3154932 80 
3155752 76 
3156246 76 
3156355 83 
3156383 64 
3156613 61 
3156635 61 
3156635 150 
3156635 68 
3157646 90 
3157672 65 
3157878 90 
3158109 92 
3158158 103 
3158158 101 
3158665 100 
3158665 6
3158665 1616
3158665 10
3160664 25 
3160714 75 
3161588 72 
3161588 70 
3162697 80 
3163606 76 
3163709 83 
3163773 64 
3164039 63 
3164062 63 
3164062 150 
3164062 68 
3164526 65 
3164628 92 
3165597 103 
3165597 101 
3166116 100 
3166116 6
3166116 1616
3166116 10
3168115 25 
3168165 75 
3169044 72 
3169044 70 
3170123 80 
3170609 83 
3171253 64 
3171849 63 
3171870 63 
3171870 150 
3171870 68 
3172317 65 
3172415 92 
3173393 103 
3173393 101 
3173900 100 
3173900 6
3173900 1616
3173900 11
3175901 25 
3175961 75 
3176837 72 
3176837 70 
3177884 80 
3178843 76 
3178951 83 
3178985 64 
3179163 61 
3179181 61 
3179181 150 
3179181 68 
3179635 65 
3179739 92 
3180474 90 
3180710 103 
3180710 101 
3181230 100 
3181230 6
3181230 1616
3181230 10
3183229 25 
3183290 75 
3184164 72 
3184164 70 
3185150 80 
3185574 83 
3185978 64 
3186297 63 
3186319 63 
3186319 152 
3186319 69 
3186789 91 
3187128 91 
3187567 91 
3225378 91 
3225740 91 
3226711 91 
3226944 93 
3226944 103 
3226944 101 
3227867 100 
3227867 6
3227867 1616
3227867 11
3229869 25 
3229931 75 
3230804 72 
3230804 70 
3231623 80 
3232051 83 
3232159 64 
3232390 61 
3232412 61 
3232412 150 
3232412 68 
3233051 90 
3233156 65 
3233289 92 
3233424 90 
3233945 103 
3233945 101 
3234462 100 
3234462 6
3234462 1616
3234462 10
3236462 25 
3236522 75 
3237395 72 
3237395 70 
3238223 80 
3238643 83 
3239078 64 
3239290 61 
3239311 61 
3239311 151 
3239311 69 
3239945 91 
3240341 91 
3240728 91 
3240959 93 
3240959 103 
3240959 101 
3241872 100 
3241872 6
3241872 1616
3241872 11
3243871 25 
3244254 75 
3245133 72 
3245133 70 
3245974 80 
3246401 83 
3246812 64 
3247036 61 
3247054 61 
3247054 150 
3247054 68 
3247524 65 
3247667 90 
3247860 90 
3248097 92 
3248336 90 
3248585 103 
3248585 101 
3249095 100 
3249095 6
3249095 1616
3249095 10
3251094 25 
3251157 75 
3252028 72 
3252028 70 
3252862 80 
3253293 83 
3253507 64 
3253916 63 
3253932 63 
3253932 150 
3253932 68 
3254302 90 
3254532 65 
3254634 92 
3255465 103 
3255465 101 
3255973 100 
3255973 6
3255973 1616
3255973 10
3257972 25 
3258028 75 
3258455 73 
3259256 72 
3259256 70 
3260084 80 
3260515 83 
3261172 64 
3262365 63 
3262377 63 
3262377 150 
3262377 68 
3262824 90 
3263035 65 
3263136 92 
3263898 103 
3263898 101 
3264407 100 
3264407 6
3264407 1616
3264407 11
3266409 25 
3266471 75 
3267350 72 
3267350 70 
3268180 80 
3268606 83 
3268697 64 
3268926 61 
3268947 61 
3268947 150 
3268947 68 
3269401 65 
3269500 92 
3270215 90 
3270467 103 
3270467 101 
3270978 100 
3270978 6
3270978 1616
3270978 11
3272978 25 
3273027 75 
3273903 72 
3273903 70 
3274729 80 
3275150 83 
3275445 64 
3276352 61 
3276368 61 
3276368 150 
3276368 68 
3276833 65 
3276931 92 
3277896 103 
3277896 101 
3278414 100 
3278414 6
3278414 1616
3278414 11
3278414 79 
3280415 25 
3290470 254 
3290470 101 
3292483 100 
3292483 6
3292483 1616
3292483 11
3292483 25 
3292528 75 
3293402 72 
3293402 70 
3293813 250 
3303046 71 
3303646 80 
3305091 76 
3305295 83 
3305650 64 
3305936 61 
3305958 61 
3305958 150 
3305958 68 
3306413 65 
3306513 92 
3307140 90 
3307489 103 
3307489 101 
3308004 100 
3308004 6
3308004 1616
3308004 10
3310005 25 
3310066 75 
3310943 72 
3310943 70 
3311885 80 
3312445 83 
3312538 64 
3312828 63 
3312851 63 
3312851 150 
3312851 68 
3313313 65 
3313408 92 
3314376 103 
3314376 101 
3314893 100 
3314893 6
3314893 1616
3314893 10
3316895 25 
3316956 75 
3317831 72 
3317831 70 
3318652 80 
3319073 83 
3319446 64 
3320543 63 
3320566 63 
3320566 150 
3320566 68 
3321018 65 
3321117 92 
3322088 103 
3322088 101 
3322599 100 
3322599 6
3322599 1616
3322599 10
3324597 25 
3324659 75 
3325534 72 
3325534 70 
3326360 80 
3326791 83 
3327368 64 
3327700 63 
3327722 63 
3327722 150 
3327722 68 
3328176 65 
3328278 92 
3329244 103 
3329244 101 
3329755 100 
3329755 6
3329755 1616
3329755 11
3331753 25 
3331804 75 
3332683 72 
3332683 70 
3333516 80 
3334279 76 
3334381 83 
3334417 64 
3334597 61 
3334620 61 
3334620 152 
3334620 69 
3335290 91 
3335918 91 
3345111 91 
3345345 93 
3345345 103 
3345345 101 
3346271 100 
3346271 6
3346271 1616
3346271 10
3348271 25 
3348603 75 
3349478 72 
3349478 70 
3350316 80 
3350744 83 
3350963 64 
3351182 61 
3351203 61 
3351203 151 
3351203 69 
3354236 91 
3354470 93 
3354470 103 
3354470 101 
3355382 100 
3355382 6
3355382 1616
3355382 11
3357385 25 
3357446 75 
3358320 72 
3358320 70 
3359141 80 
3360356 76 
3360923 76 
3361031 83 
3361059 64 
3361262 61 
3361280 61 
3361280 150 
3361280 68 
3361741 65 
3361844 92 
3362806 103 
3362806 101 
3363316 100 
3363316 6
3363316 1616
3363316 10
3365316 25 
3365376 75 
3366252 72 
3366252 70 
3367079 80 
3367514 83 
3367558 64 
3367848 63 
3367870 63 
3367870 150 
3367870 68 
3368329 65 
3368424 92 
3369393 103 
3369393 101 
3369909 100 
3369909 6
3369909 1616
3369909 11
3371910 25 
3371961 75 
3372834 72 
3372834 70 
3373655 80 
3374082 83 
3374118 64 
3374314 61 
3374336 61 
3374336 150 
3374336 68 
3374804 65 
3374903 92 
3375861 103 
3375861 101 
3376377 100 
3376377 5
3376377 1616
3376377 11
3376377 78 
3376377 781 
3378376 25 
3378437 75 
3379315 72 
3379315 70 
3380134 80 
3380569 83 
3380687 64 
3380910 63 
3380933 63 
3380933 151 
3380933 69 
3381607 91 
3438659 91 
3438898 93 
3438898 103 
3438898 101 
3439815 100 
3439815 5
3439815 1616
3439815 10
3441817 25 
3441879 75 
3442758 72 
3442758 70 
3443710 80 
3444292 83 
3445594 64 
3446115 61 
3446137 61 
3446137 151 
3446137 69 
3446699 93 
3447667 103 
3447667 101 
3448585 100 
3448585 5
3448585 1616
3448585 11
3450585 25 
3450647 75 
3451525 72 
3451525 70 
3452483 80 
3452919 83 
3453327 64 
3453594 63 
3453617 63 
3453617 151 
3453617 69 
3454219 91 
3455544 91 
3473463 91 
3473695 93 
3473695 103 
3473695 101 
3474614 100 
3474614 5
3474614 1616
3474614 10
3476614 25 
3476663 75 
3478070 73 
3478874 72 
3478874 70 
3479705 80 
3480130 83 
3480366 64 
3480580 61 
3480603 61 
3480603 153 
3480603 68 
3481061 65 
3481166 92 
3481541 90 
3482132 103 
3482132 101 
3482652 100 
3482652 5
3482652 1616
3482652 11
3484652 25 
3484701 75 
3485572 72 
3485572 70 
3486400 80 
3486826 83 
3487206 64 
3487376 61 
3487400 61 
3487400 151 
3487400 69 
3487960 93 
3488074 91 
3488925 103 
3488925 101 
3489833 100 
3489833 5
3489833 1616
3489833 10
3491833 25 
3491895 75 
3492772 72 
3492772 70 
3493599 80 
3494037 83 
3494108 64 
3494486 63 
3494504 63 
3494504 150 
3494504 68 
3494967 65 
3495067 92 
3496028 103 
3496028 101 
3496536 100 
3496536 5
3496536 1616
3496536 10
3498537 25 
3498587 75 
3499461 72 
3499461 70 
3500286 80 
3500707 83 
3500742 64 
3501037 61 
3501059 61 
3501059 151 
3501059 69 
3501764 91 
3502242 91 
3503978 91 
3504211 93 
3504211 103 
3504211 101 
3505122 100 
3505122 5
3505122 1616
3505122 10
3507123 25 
3507183 75 
3508058 72 
3508058 70 
3508279 250 
3509847 71 
3510450 80 
3510880 83 
3511630 64 
3512002 61 
3512021 61 
3512021 151 
3512021 69 
3512150 91 
3512949 91 
3513185 93 
3513540 103 
3513540 101 
3514449 100 
3514449 5
3514449 1616
3514449 11
3516451 25 
3516526 75 
3517401 72 
3517401 70 
3518225 80 
3518648 83 
3519393 64 
3521175 61 
3521194 61 
3521194 151 
3521194 69 
3522684 91 
3523544 91 
3523780 93 
3523780 103 
3523780 101 
3524700 100 
3524700 5
3524700 1616
3524700 10
3526702 25 
3527202 75 
3528077 72 
3528077 70 
3528902 80 
3529321 83 
3529837 64 
3530619 63 
3530636 63 
3530636 150 
3530636 68 
3531062 90 
3531277 65 
3531372 92 
3532163 103 
3532163 101 
3532668 100 
3532668 5
3532668 1616
3532668 10
3534670 25 
3534718 75 
3535593 72 
3535593 70 
3536420 80 
3536843 83 
3537453 64 
3537674 63 
3537697 63 
3537697 150 
3537697 68 
3538155 65 
3538250 92 
3538721 90 
3539225 103 
3539225 101 
3539734 100 
3539734 5
3539734 1616
3539734 10
3541733 25 
3541783 75 
3542657 72 
3542657 70 
3543481 80 
3543911 83 
3543942 64 
3544266 63 
3544288 63 
3544288 152 
3544288 69 
3544840 93 
3545634 91 
3545808 103 
3545808 101 
3546719 100 
3546719 5
3546719 1616
3546719 11
3548718 25 
3548781 75 
3549654 72 
3549654 70 
3550474 80 
3550902 83 
3552986 64 
3554008 63 
3554025 63 
3554025 151 
3554025 69 
3554562 91 
3554845 93 
3555552 103 
3555552 101 
3556461 100 
3556461 5
3556461 1616
3556461 11
3558459 25 
3559024 75 
3559897 72 
3559897 70 
3560395 250 
3567987 71 
3572522 71 
3572897 71 
3573350 80 
3573999 83 
3574196 64 
3574543 61 
3574563 61 
3574563 151 
3574563 69 
3575129 91 
3575388 91 
3576030 91 
3576264 93 
3576264 103 
3576264 101 
3577183 100 
3577183 5
3577183 1616
3577183 11
3579183 25 
3579234 75 
3580113 72 
3580113 70 
3581895 71 
3582069 71 
3582522 80 
3583148 83 
3583392 64 
3583843 63 
3583861 63 
3583861 151 
3583861 69 
3584358 91 
3584908 91 
3585218 91 
3586003 91 
3586416 91 
3586591 91 
3586650 91 
3586798 91 
3685690 91 
3685927 93 
3685927 103 
3685927 101 
3686847 100 
3686847 5
3686847 1616
3686847 11
3688846 25 
3689345 75 
3690219 72 
3690219 70 
3691279 80 
3692215 76 
3692318 83 
3692502 64 
3692694 61 
3692710 61 
3692710 151 
3692710 69 
3693242 91 
3707551 91 
3707844 91 
3708081 93 
3708081 103 
3708081 101 
3708996 100 
3708996 5
3708996 1616
3708996 10
3710996 25 
3711048 75 
3711923 72 
3711923 70 
3712887 80 
3713437 83 
3713713 64 
3713978 61 
3713997 61 
3713997 151 
3713997 69 
3714547 91 
3714779 93 
3715302 91 
3715528 103 
3715528 101 
3716435 100 
3716435 5
3716435 1616
3716435 10
3718436 25 
3718496 75 
3719370 72 
3719370 70 
3720201 80 
3721368 76 
3721500 83 
3721834 64 
3722519 63 
3722536 63 
3722536 150 
3722536 68 
3722928 90 
3723123 65 
3723223 92 
3724067 103 
3724067 101 
3724119 102 
