34,68 100 
34,68 3
34,68 1895
34,68 11
2036,67 25 
2648,06 75 
3854,83 72 
4091,82 70 
5511,16 80 
6539,77 83 
7412,55 64 873
7576,74 62 144
7785,44 151 
7823,92 69 
8084,91 239 
8829,87 183 
10228,27 183 
12350,29 183 
12911,34 181 
13559,98 182 
14058,37 93 
14085,04 103 
14085,04 101 
14996,29 100 
14996,29 3
14996,29 1895
14996,29 11
17004,62 25 
17033,32 75 
18240,78 72 
18405,07 70 
19819,36 80 
20787,79 83 
21302,27 64 515
21495,11 61 175
21605,67 151 
21649,12 69 
22109,93 93 
22860,45 183 
23145,82 103 
23145,82 101 
24060,27 100 
24060,27 3
24060,27 1895
24060,27 11
26067,58 25 
26096,08 75 
27304,28 72 
27441,53 70 
27644,9 250 
27664,23 101 
29679,29 100 
29679,29 3
29679,29 1895
29679,29 11
29679,29 25 
30148,4 75 
31357,83 72 
31369,05 70 
32577,77 80 
33515,87 83 
34741,48 64 1226
34988,23 63 220
35194,95 150 
35222,12 68 
35730,54 92 
35730,54 65 
35886,51 239 
36726,8 103 
36726,8 101 
37241,17 100 
37241,17 3
37241,17 1895
37241,17 11
39248,69 25 
47327,17 75 
48535,99 72 
48685,67 70 
50095,85 80 
51081,74 83 
51529,56 64 448
51764,53 63 217
51971,45 150 
52003,22 68 
52510,92 92 
52510,92 65 
53506,49 103 
53506,49 101 
54020,03 100 
54020,03 3
54020,03 1895
54020,03 10
56028,35 25 
56537,69 75 
57745,01 72 
57881,95 70 
59261,33 80 
60211,26 83 
60953,07 64 743
60986,18 239 
61905 61 935
62012,35 151 
62043,98 69 
62507,58 93 
63542,26 103 
63542,26 101 
64456,52 100 
64456,52 3
64456,52 1895
64456,52 11
66463,79 25 
66492,76 75 
67700,59 72 
67837,81 70 
69224,52 80 
70167,09 83 
70610,85 64 445
70869,37 63 236
71074,92 150 
71107,36 68 
71618,64 92 
71618,64 65 
71796,51 239 
72605,16 103 
72605,16 101 
73119,82 100 
73119,82 3
73119,82 1895
73119,82 10
75126,89 25 
77594,51 75 
77623,63 250 
77642,09 101 
79658,29 100 
79658,29 3
79658,29 1895
79658,29 10
79658,29 25 
79682,98 75 
80889,79 72 
81045,52 70 
82403,29 80 
83254,97 83 
83681,39 64 427
83897,81 61 191
84005,86 151 
84043,1 69 
84506,18 93 
85129,18 183 
85546,37 103 
85546,37 101 
86460,07 100 
86460,07 3
86460,07 1895
86460,07 10
88468,03 25 
91602,03 75 
92809,82 72 
92853,78 70 
94202,42 80 
95050,02 83 
95306,54 64 257
95584,19 63 255
95790,28 153 
95825,04 68 
96334,24 92 
96334,24 65 
96790,63 239 
97328,15 103 
97328,15 101 
97841,78 100 
97841,78 3
97841,78 1895
97841,78 10
99849,83 25 
100865,95 75 
100873,56 250 
100885,73 101 
102901,88 100 
102901,88 3
102901,88 1895
102901,88 10
102901,88 25 
102928,84 75 
104137,52 72 
104182,33 70 
105530,95 80 
106378,68 83 
106707,5 64 329
106937,06 63 213
107143,79 151 
107184,94 69 
107699,07 93 
108530,33 181 
108683,36 103 
108683,36 101 
109597,06 100 
109597,06 3
109597,06 1895
109597,06 10
111604,93 25 
111633,67 75 
112263,09 250 
112280,96 101 
114296,99 100 
114296,99 3
114296,99 1895
114296,99 10
114296,99 25 
115748,08 75 
115755,55 250 
115772,83 101 
117789,08 100 
117789,08 3
117789,08 1895
117789,08 10
117789,08 25 
117813,8 75 
119020,79 72 
119069,66 70 
120421,58 80 
121265,75 83 
121808,75 64 544
122252,72 61 415
122358,19 151 
122392,04 69 
122851,18 93 
123457,48 183 
123890,39 103 
123890,39 101 
124808 100 
124808 3
124808 1895
124808 11
126811,94 25 
126840,67 75 
128047,85 72 
128092,37 70 
129443,7 80 
130288,67 83 
130732,81 64 445
131056,55 63 302
131262,43 150 
131290,58 68 
131799,2 92 
131799,2 65 
132793,27 103 
132793,27 101 
133307,62 100 
133307,62 3
133307,62 1895
133307,62 11
135315,04 25 
135343,8 75 
136552,21 72 
136596,63 70 
137945,1 80 
138791,8 83 
139218,72 64 428
139456,93 63 213
139662,88 150 
139704,48 68 
140213,57 92 
140213,57 65 
141203,13 103 
141203,13 101 
141717,09 100 
141717,09 3
141717,09 1895
141717,09 10
143725,54 25 
144606,56 75 
145814,88 72 
145858,33 70 
147206,46 80 
148054,52 83 
148456,11 64 402
148662,75 62 183
148868,57 150 
148913,98 68 
149424,09 92 
149424,09 65 
150412,6 103 
150412,6 101 
150926,18 100 
150926,18 3
150926,18 1895
150926,18 10
152934,39 25 
152962,8 75 
154169,79 72 
154214,99 70 
155566,26 80 
156397,8 83 
156855,99 64 459
157073,18 62 197
157280,06 150 
157323,82 68 
157835,55 92 
157835,55 65 
158822,43 103 
158822,43 101 
159336,11 100 
159336,11 3
159336,11 1895
159336,11 11
161344,29 25 
161972,55 75 
163181,5 72 
163224,34 70 
164577,39 80 
165420,59 83 
165786,23 64 366
166012,69 63 207
166220,16 150 
166253,64 68 
166762,11 92 
166762,11 65 
167752,02 103 
167752,02 101 
168266,55 100 
168266,55 3
168266,55 1895
168266,55 10
170273,68 25 
170302,45 75 
171508,68 72 
171554,3 70 
172902,43 80 
173737,23 83 
174113,94 64 378
174282,21 62 146
174488,98 152 
174530,11 69 
175042,15 93 
175807,19 183 
176028,52 103 
176028,52 101 
176941,98 100 
176941,98 3
176941,98 1895
176941,98 10
178950,89 25 
178978,78 75 
180186,2 72 
180230,71 70 
181581,16 80 
182586,96 83 
183677,43 64 1091
183952,98 63 248
184159,3 151 
184192,83 69 
184699,57 93 
185440,6 183 
185678,89 239 
185717,84 103 
185717,84 101 
186631,28 100 
186631,28 3
186631,28 1895
186631,28 10
188639,42 25 
188788,03 75 
189997,4 72 
190133,28 70 
191520,61 80 
192462,6 83 
193331,73 64 870
193605,85 61 251
193712,02 151 
193743,86 69 
194202,6 93 
194958,5 183 
195247,17 103 
195247,17 101 
196160,89 100 
196160,89 3
196160,89 1895
196160,89 11
198168,74 25 
198197,68 75 
199405,55 72 
199542,56 70 
200901,92 80 
201752,07 83 
202167,79 64 417
202446,52 63 255
202651,97 150 
202692,16 68 
203205,84 92 
203205,84 65 
204190,12 103 
204190,12 101 
204703,71 100 
204703,71 3
204703,71 1895
204703,71 11
206711,78 25 
206741,36 75 
207948,19 72 
207992,43 70 
209342,79 80 
210188,52 83 
210602,71 64 415
210822,88 63 196
211028,22 150 
211062,07 68 
211573,28 92 
211573,28 65 
212559,94 103 
212559,94 101 
213076,64 100 
213076,64 3
213076,64 1895
213076,64 10
215081,63 25 
215110,38 75 
216316,79 72 
216362,16 70 
217713,71 80 
218545,3 83 
219055,55 64 511
219231,81 62 155
219438,89 150 
219472,12 68 
219981,56 92 
219981,56 65 
220969,75 103 
220969,75 101 
221483,39 100 
221483,39 3
221483,39 1895
221483,39 10
223491,43 25 
223680,07 75 
224887,83 72 
224931,84 70 
226279,55 80 
227128,12 83 
227518,21 64 391
227736,36 62 196
227943,96 150 
227987,64 68 
228500,11 92 
228500,11 65 
229486,11 103 
229486,11 101 
229999,76 100 
229999,76 3
229999,76 1895
229999,76 11
232007,91 25 
232622,75 75 
233830,44 72 
233874,64 70 
235226,48 80 
236071,11 83 
236479,66 64 410
236642,37 62 145
236848,58 151 
236890,85 69 
237403,42 93 
238077,98 183 
238389,14 103 
238389,14 101 
239302,88 100 
239302,88 3
239302,88 1895
239302,88 11
241310,67 25 
241339,42 75 
242547,95 72 
242591,45 70 
243944,73 80 
244774,12 83 
245271,19 64 498
245585,92 63 293
245794,01 150 
245833,44 68 
246345,33 92 
246345,33 65 
247332,1 103 
247332,1 101 
247845,77 100 
247845,77 3
247845,77 1895
247845,77 11
249853,85 25 
249882,47 75 
251088,95 72 
251134,24 70 
252481,93 80 
253317,21 83 
253696,89 64 381
254034,94 63 319
254242,28 150 
254283,38 68 
254793,04 92 
254793,04 65 
255781,82 103 
255781,82 101 
256295,55 100 
256295,55 3
256295,55 1895
256295,55 11
258303,53 25 
258332,25 75 
259539,31 72 
259584,02 70 
260931,79 80 
261780,27 83 
262296,35 64 517
262491,97 62 179
262696,63 151 
262733,34 69 
263247,16 93 
264258,32 103 
264258,32 101 
265172 100 
265172 3
265172 1895
265172 11
267179,83 25 
269634,16 75 
270841,92 72 
270886,07 70 
272232,87 80 
273082,19 83 
273776,9 64 696
274082,82 61 282
274190,09 151 
274217,06 69 
274675,62 93 
275720,3 103 
275720,3 101 
276633,82 100 
276633,82 3
276633,82 1895
276633,82 10
278641,72 25 
278671,21 75 
279878,12 72 
279922,35 70 
281273,69 80 
282118,47 83 
282836,34 64 719
283105,93 63 242
283312,03 151 
283351,91 69 
283861,71 93 
284370,46 239 
284816,84 182 
284849,69 103 
284849,69 101 
285763,11 100 
285763,11 3
285763,11 1895
285763,11 10
287771,19 25 
287799,88 75 
289007,4 72 
289051,68 70 
290399,87 80 
291235,91 83 
292474,36 64 1240
292841,06 61 341
292946,56 153 
292987,85 68 
293450,61 92 
293450,61 65 
294485,67 103 
294485,67 101 
294999,32 100 
294999,32 3
294999,32 1895
294999,32 10
297007,37 25 
297036,13 75 
298243,72 72 
298287,93 70 
299636,94 80 
300643,97 83 
301326,02 64 683
301635,87 61 287
301742,03 151 
301783,74 69 
302243,32 93 
303117,11 183 
303282,01 103 
303282,01 101 
304198,47 100 
304198,47 3
304198,47 1895
304198,47 10
306203,58 25 
306232,21 75 
307438,93 72 
307590,72 70 
308990,24 80 
309920,11 83 
310584,8 64 666
310841,94 61 230
310948,82 151 
310992,96 69 
311455,78 93 
312491,47 103 
312491,47 101 
313404,87 100 
313404,87 3
313404,87 1895
313404,87 10
315412,95 25 
315441,71 75 
316647,78 72 
316786,96 70 
318166,34 80 
319116,31 83 
319456,28 64 341
319674,24 63 199
319881,04 151 
319917,83 69 
320425,51 93 
321068,49 239 
321421,07 103 
321421,07 101 
322334,49 100 
322334,49 3
322334,49 1895
322334,49 10
324343,22 25 
324371,23 75 
325578,51 72 
325623,03 70 
326971,73 80 
327819,29 83 
328620,81 64 802
329034,92 62 390
329240,89 150 
329278,56 68 
329789,68 92 
329789,68 65 
330777,2 103 
330777,2 101 
331290,7 100 
331290,7 3
331290,7 1895
331290,7 11
333298,82 25 
333327,66 75 
334534,7 72 
334579,41 70 
335927,06 80 
336776,13 83 
337521,45 64 746
337824,64 61 277
337930,36 151 
337963,65 69 
338424,04 93 
339357,1 183 
339466,81 103 
339466,81 101 
340380,17 100 
340380,17 3
340380,17 1895
340380,17 10
342389,17 25 
342417,09 75 
343624,29 72 
343668,9 70 
345017,42 80 
345852,13 83 
346686,19 64 835
346995,18 61 291
347099,89 151 
347137,83 69 
347601,9 93 
348346,41 183 
348636,95 103 
348636,95 101 
349550,11 100 
349550,11 3
349550,11 1895
349550,11 10
351557,99 25 
351586,61 75 
352792,74 72 
352839,51 70 
354190,65 80 
355021,36 83 
355521,42 64 501
355700,52 62 160
355907,16 150 
355947,43 68 
356455,62 92 
356455,62 65 
357445,79 103 
357445,79 101 
357959,49 100 
357959,49 3
357959,49 1895
357959,49 11
359967,49 25 
359996,95 75 
361203,41 72 
361248,36 70 
362597,03 80 
363444,26 83 
364365,7 64 923
364851,31 62 461
365056,55 153 
365090,35 68 
365601,4 92 
365601,4 65 
366588,64 103 
366588,64 101 
367102,72 100 
367102,72 3
367102,72 1895
367102,72 11
369110,3 25 
369139,11 75 
370345,61 72 
370390,75 70 
371736,9 80 
372573,81 83 
373269,56 64 697
373443,7 62 151
373649,28 151 
373686,63 69 
374197,83 93 
375185,13 103 
375185,13 101 
376098,43 100 
376098,43 3
376098,43 1895
376098,43 11
378106,8 25 
378135,5 75 
379343,11 72 
379387,18 70 
380733,8 80 
381583,27 83 
382575,29 64 993
382790,78 62 196
382995,34 151 
383029,5 69 
383539,05 93 
384528,41 103 
384528,41 101 
385441,25 100 
385441,25 3
385441,25 1895
385441,25 11
387449,46 25 
387478,06 75 
388686,19 72 
388729,76 70 
390079,56 80 
390926,12 83 
391851,01 64 926
392104,07 61 232
392209,37 151 
392247,28 69 
392709,77 93 
393556,31 183 
393751,2 103 
393751,2 101 
394666,86 100 
394666,86 3
394666,86 1895
394666,86 11
396672,11 25 
396701,56 75 
397908,15 72 
397952,59 70 
399301,15 80 
400148,84 83 
400997,19 64 849
401349,82 63 336
401555,62 152 
401594,8 69 
402107,01 93 
403093,43 103 
403093,43 101 
404006,8 100 
404006,8 3
404006,8 1895
404006,8 10
406015,05 25 
406043,67 75 
407250,87 72 
407296,4 70 
408645,34 80 
409491,59 83 
410165,09 64 674
410370,43 62 187
410577,32 150 
410617,85 68 
411128,39 92 
411128,39 65 
412116,24 103 
412116,24 101 
412630,18 100 
412630,18 3
412630,18 1895
412630,18 10
414637,98 25 
414666,54 75 
415873,48 72 
415918,4 70 
417268,26 80 
418101,9 83 
418867,6 64 767
419049,41 62 162
419257,43 150 
419294,48 68 
419807,83 92 
419807,83 65 
420792,81 103 
420792,81 101 
421306,38 100 
421306,38 3
421306,38 1895
421306,38 11
423314,78 25 
423343,25 75 
424550,27 72 
424728,37 70 
426141,48 80 
427097,76 83 
428014,72 64 918
428621,1 61 578
428727,31 151 
428765,8 69 
429224,31 93 
430268,84 103 
430268,84 101 
431182,2 100 
431182,2 3
431182,2 1895
431182,2 10
433190,33 25 
433219,07 75 
434425,55 72 
434577,6 70 
435955,37 80 
436893,73 83 
437436,45 64 543
437491,09 239 
437753,5 62 300
437961,44 150 
437993,39 68 
438500,9 92 
438500,9 65 
439491,61 103 
439491,61 101 
440005,84 100 
440005,84 3
440005,84 1895
440005,84 11
442013,51 25 
442041,85 75 
443250,1 72 
443387,28 70 
444742,15 80 
445583,46 83 
446479,9 64 898
446740,32 63 238
446946,93 150 
446989,29 68 
447501,86 92 
447501,86 65 
448487,85 103 
448487,85 101 
449001,89 100 
449001,89 3
449001,89 1895
449001,89 10
451010,2 25 
451038,31 75 
452245,71 72 
452290,1 70 
453637,78 80 
454473,05 83 
454965,84 64 494
455149,49 62 157
455355,84 150 
455399,44 68 
455912,29 92 
455912,29 65 
456897,46 103 
456897,46 101 
457411,37 100 
457411,37 3
457411,37 1895
457411,37 10
459419,21 25 
459447,95 75 
460655,36 72 
460699,6 70 
462050,1 80 
462895,98 83 
463508,38 64 613
463682,93 62 148
463888,91 150 
463928,73 68 
464439,43 92 
464439,43 65 
465427,24 103 
465427,24 101 
465941,54 100 
465941,54 3
465941,54 1895
465941,54 11
467948,95 25 
467977,89 75 
469184,64 72 
469229,4 70 
470577,84 80 
471425,7 83 
471850,27 64 425
471898,27 239 
472300,43 61 422
472408,37 151 
472445,45 69 
472907,7 93 
473944,44 103 
473944,44 101 
474857,16 100 
474857,16 3
474857,16 1895
474857,16 11
476865,3 25 
476893,95 75 
478102,26 72 
478145,9 70 
479497,35 80 
480328,62 83 
481853,44 64 1526
482159,9 63 286
482366,01 150 
482400,87 68 
482908,74 92 
482908,74 65 
483899,49 103 
483899,49 101 
484416,68 100 
484416,68 3
484416,68 1895
484416,68 10
486421,24 25 
486449,96 75 
487657,24 72 
487701,8 70 
489051 80 
489884,76 83 
490437,31 64 553
490652,32 62 195
490859,65 152 
490904,03 69 
491415,39 93 
492094,02 183 
492402,65 103 
492402,65 101 
493316,22 100 
493316,22 3
493316,22 1895
493316,22 11
495324,3 25 
495353,01 75 
496558,9 72 
496604,68 70 
497951,34 80 
498787,64 83 
499611,76 64 825
499888,56 63 249
500095,18 150 
500127,11 68 
500634,9 92 
500634,9 65 
501625,4 103 
501625,4 101 
502139,02 100 
502139,02 3
502139,02 1895
502139,02 11
504147,17 25 
504175,94 75 
505382,67 72 
505427,72 70 
506778,01 80 
507610,52 83 
508345,38 64 736
508569,61 63 201
508775,64 150 
508816,59 68 
509328,82 92 
509328,82 65 
510315,14 103 
510315,14 101 
510828,78 100 
510828,78 3
510828,78 1895
510828,78 11
512837,55 25 
512865,53 75 
514072,39 72 
514117,44 70 
515465,83 80 
516313,72 83 
517024,05 64 711
517332,37 63 287
517540,89 150 
517572,88 68 
518081,44 92 
518081,44 65 
519071,44 103 
519071,44 101 
519585,3 100 
519585,3 3
519585,3 1895
519585,3 10
521593,94 25 
521621,94 75 
522828,37 72 
522873,71 70 
524219,95 80 
525057,23 83 
525778,49 64 723
525979,82 62 178
526186,16 150 
526223,28 68 
526734,94 92 
526734,94 65 
527721,15 103 
527721,15 101 
528234,85 100 
528234,85 3
528234,85 1895
528234,85 10
530242,91 25 
530271,49 75 
531477,54 72 
531524,5 70 
532874,95 80 
533719,69 83 
534343,92 64 625
534572,26 62 200
534777,57 150 
534819 68 
535329,5 92 
535329,5 65 
536317,56 103 
536317,56 101 
536831,16 100 
536831,16 3
536831,16 1895
536831,16 11
538839,33 25 
538868,02 75 
540074,89 72 
540119,85 70 
541466,8 80 
542316,01 83 
542916,99 64 602
543190,3 63 248
543398,62 150 
543442,47 68 
543956,1 92 
543956,1 65 
544940,64 103 
544940,64 101 
545454,88 100 
545454,88 3
545454,88 1895
545454,88 10
547462,58 25 
548490,64 75 
548498,13 250 
548511,79 101 
550527,96 100 
550527,96 3
550527,96 1895
550527,96 10
550527,96 25 
550554,67 75 
551760,91 72 
551928,44 70 
553312,23 80 
554257,95 83 
554861,87 64 605
555091,96 62 209
555297,79 150 
555331,15 68 
555843,07 92 
555843,07 65 
556829,2 103 
556829,2 101 
557343,02 100 
557343,02 3
557343,02 1895
557343,02 11
559351,54 25 
559379,67 75 
560586,78 72 
560631,58 70 
561984,3 80 
562814,32 83 
563877,46 64 1064
564117,88 63 212
564325,51 150 
564366,9 68 
564875,56 92 
564875,56 65 
565865,37 103 
565865,37 101 
566379,15 100 
566379,15 6
566379,15 1895
566379,15 10
566379,15 78 
568387,26 25 
568429,73 75 
569636,71 72 
569680,88 70 
571031,99 80 
571877,25 83 
572544,82 64 669
572729,42 62 160
572937,58 151 
572976,49 69 
573489,34 93 
574352,64 183 
574475,12 103 
574475,12 101 
575391,52 100 
575391,52 6
575391,52 1895
575391,52 11
577397,37 25 
577531,99 75 
578740,01 72 
578784,88 70 
580130,73 80 
580980,03 83 
581437,38 64 458
581701,8 63 243
581909,95 151 
581946,47 69 
582459,42 93 
583444,69 103 
583444,69 101 
584358,35 100 
584358,35 6
584358,35 1895
584358,35 10
586366,34 25 
588220,88 75 
589428,75 72 
589472,74 70 
590822,4 80 
591668,92 83 
592397,36 64 729
592569 62 154
592777,39 151 
592803,76 69 
593317,86 93 
594306,61 103 
594306,61 101 
595220,1 100 
595220,1 6
595220,1 1895
595220,1 11
597228,17 25 
597603,51 75 
598810,73 72 
598855,35 70 
600204,58 80 
601038,56 83 
601367,87 64 330
601871,65 62 488
602078,53 151 
602106,33 69 
602620,36 93 
603458,47 239 
603609,39 103 
603609,39 101 
604523,62 100 
604523,62 6
604523,62 1895
604523,62 11
606531,09 25 
606559,69 75 
607767,24 72 
607811,6 70 
609162,15 80 
609994,43 83 
610830,63 64 837
611142,07 61 295
611249,94 150 
611294,03 68 
611753,41 92 
611753,41 65 
612792,21 103 
612792,21 101 
613305,9 100 
613305,9 6
613305,9 1895
613305,9 10
615314,24 25 
615342,61 75 
616549,41 72 
616594,65 70 
617943,49 80 
618790,9 83 
619344,02 64 554
619538,77 62 176
619745,14 151 
619778,95 69 
620290,26 93 
621212,88 183 
621281,99 103 
621281,99 101 
622195,5 100 
622195,5 6
622195,5 1895
622195,5 10
624203,66 25 
624233,02 75 
625440,64 72 
625484,13 70 
626838,43 80 
627667,3 83 
628577,9 64 912
628841,83 63 243
629047,47 150 
629086,21 68 
629597,1 92 
629597,1 65 
630584,81 103 
630584,81 101 
631098,51 100 
631098,51 6
631098,51 1895
631098,51 10
633106,51 25 
633137,23 75 
634343,87 72 
634387,15 70 
635739,51 80 
636583,41 83 
637563,92 64 982
638037,42 62 456
638244,02 153 
638282,44 68 
638789,57 92 
638789,57 65 
639781,03 103 
639781,03 101 
640294,57 100 
640294,57 6
640294,57 1895
640294,57 11
642302,91 25 
642331,55 75 
643538,77 72 
643583,23 70 
644933,27 80 
645766,23 83 
646366,42 64 602
646592,23 63 200
646797,34 151 
646839,49 69 
647351,94 93 
648062,23 182 
648337,35 103 
648337,35 101 
649251,51 100 
649251,51 6
649251,51 1895
649251,51 10
651258,95 25 
651287,71 75 
652494,61 72 
652539,71 70 
653892,34 80 
654975,82 83 
655610,13 64 635
655838,17 62 210
656044,32 151 
656088,7 69 
656600,97 93 
657292,33 183 
657587,07 103 
657587,07 101 
658500,48 100 
658500,48 6
658500,48 1895
658500,48 11
660508,7 25 
660537,29 75 
661744,31 72 
661909,3 70 
663393,03 80 
664411,93 83 
665317,87 64 907
665557,85 62 214
665763,59 151 
665804,36 69 
666315,78 93 
667302,93 103 
667302,93 101 
668219,41 100 
668219,41 6
668219,41 1895
668219,41 10
670224,48 25 
670253,96 75 
671461,46 72 
671638,4 70 
673109,73 80 
674087,7 83 
674405,48 64 318
674476,46 239 
674841,3 62 408
675050,41 151 
675089,09 69 
675596,53 93 
676322,73 183 
676592,42 103 
676592,42 101 
677506,09 100 
677506,09 6
677506,09 1895
677506,09 10
679513,99 25 
679542,67 75 
680750,09 72 
680794,44 70 
682144,05 80 
683138,05 83 
683541,62 64 406
683877,64 61 314
683985,2 151 
684023,46 69 
684486,69 93 
685522,02 103 
685522,02 101 
686435,4 100 
686435,4 6
686435,4 1895
686435,4 11
688443,51 25 
692631,04 75 
693839,01 72 
693988,97 70 
695381,02 80 
696331,79 83 
696793,38 64 462
697038,07 63 227
697244,04 151 
697280,11 69 
697790,01 93 
698380,87 183 
698783,08 103 
698783,08 101 
699696,47 100 
699696,47 6
699696,47 1895
699696,47 10
701704,85 25 
701733,52 75 
701740,44 250 
701754,31 101 
703770,36 100 
703770,36 6
703770,36 1895
703770,36 10
703770,36 25 
703795,08 75 
705003,62 72 
705157,64 70 
706540,51 80 
707473,72 83 
708927,9 64 1455
709196,48 61 244
709303,72 153 
709347 68 
709808,17 92 
709808,17 65 
710844,69 103 
710844,69 101 
711358,3 100 
711358,3 6
711358,3 1895
711358,3 11
713366,49 25 
713395,05 75 
714601,95 72 
714753,8 70 
716134,27 80 
717083,04 83 
717827,68 64 746
718060,89 61 206
718166,03 150 
718209,12 68 
718672,81 92 
718672,81 65 
719707,81 103 
719707,81 101 
720222,48 100 
720222,48 6
720222,48 1895
720222,48 11
722229,46 25 
722259,14 75 
723466,46 72 
723616,6 70 
724999,66 80 
725959,41 83 
727062,43 64 1104
727377,21 61 286
727484,38 150 
727525,63 68 
727988,31 92 
727988,31 65 
729023,77 103 
729023,77 101 
729537,42 100 
729537,42 6
729537,42 1895
729537,42 10
731545,46 25 
731574,51 75 
732780,88 72 
732932,93 70 
734292,77 80 
735142,16 83 
735949,13 64 808
736307,54 61 340
736413,36 151 
736454,77 69 
736915,71 93 
737773,23 183 
737953,37 103 
737953,37 101 
738867,11 100 
738867,11 6
738867,11 1895
738867,11 10
740874,95 25 
740903,77 75 
742112,77 72 
742155,39 70 
743502,96 80 
744338,48 83 
744945,49 64 608
745456,01 61 492
745562,45 151 
745597,91 69 
746057,13 93 
746720,63 183 
747096,19 103 
747096,19 101 
748009,63 100 
748009,63 6
748009,63 1895
748009,63 11
750017,76 25 
750047,35 75 
751254,38 72 
751298,31 70 
752653,68 80 
753481,23 83 
754742,3 64 1262
755076,77 61 317
755184,36 150 
755220,32 68 
755678,78 92 
755678,78 65 
756718,86 103 
756718,86 101 
757232,42 100 
757232,42 6
757232,42 1895
757232,42 11
759240,58 25 
759269,33 75 
760475,61 72 
760521,22 70 
761870,49 80 
762704,17 83 
763705,74 64 1003
764055,8 61 327
764162,92 150 
764203,41 68 
764664,42 92 
764664,42 65 
765701,75 103 
765701,75 101 
766218,22 100 
766218,22 6
766218,22 1895
766218,22 10
768223,43 25 
768252,27 75 
769458,75 72 
769504,03 70 
770853,37 80 
771700,39 83 
772700,18 64 1001
772741,44 239 
772990,3 62 265
773195,82 151 
773240,31 69 
773751,88 93 
774737,96 103 
774737,96 101 
775652,7 100 
775652,7 6
775652,7 1895
775652,7 10
777659,51 25 
777688,19 75 
778895,07 72 
778940,02 70 
780292,47 80 
781136,27 83 
782026,32 64 891
782277 62 222
782482,54 151 
782510,87 69 
783021,12 93 
783552,02 183 
784014,09 103 
784014,09 101 
784927,47 100 
784927,47 6
784927,47 1895
784927,47 11
786936,64 25 
786964,5 75 
788172,3 72 
788216,11 70 
789568,08 80 
790412,38 83 
791067,25 64 655
791375,87 61 285
791483,65 150 
791525,17 68 
791983,78 92 
791983,78 65 
793023,62 103 
793023,62 101 
793537,57 100 
793537,57 6
793537,57 1895
793537,57 11
795545,32 25 
795574,02 75 
796780,85 72 
796825,84 70 
798175,73 80 
799022,89 83 
799588,34 64 567
799839,77 63 232
800046,79 153 
800081,52 68 
800592,97 92 
800592,97 65 
801580,09 103 
801580,09 101 
802094,1 100 
802094,1 6
802094,1 1895
802094,1 11
804101,85 25 
804130,43 75 
805338,22 72 
805382,37 70 
806733,52 80 
807578,5 83 
808380,27 64 802
808648,92 63 245
808854,47 151 
808891,17 69 
809400,29 93 
810389,78 103 
810389,78 101 
811303,89 100 
811303,89 6
811303,89 1895
811303,89 11
813311,39 25 
813339,87 75 
814547,95 72 
814591,87 70 
815942,64 80 
816788,02 83 
817656,12 64 869
817919,85 63 240
818125,45 151 
818162,56 69 
818672,61 93 
819349,74 183 
819665,83 103 
819665,83 101 
820580,01 100 
820580,01 6
820580,01 1895
820580,01 10
822588,05 25 
822615,96 75 
823823,65 72 
823867,89 70 
825220,82 80 
826064,09 83 
827387,52 64 1324
827805,86 61 396
827912,67 151 
827949,96 69 
828413,17 93 
829448,51 103 
829448,51 101 
830361,97 100 
830361,97 6
830361,97 1895
830361,97 10
832370,05 25 
832398,54 75 
833605,83 72 
833783,86 70 
835140,16 80 
836086,56 83 
836941,95 64 856
837726,24 61 761
837831,94 151 
837861,1 69 
838320,01 93 
839364,31 103 
839364,31 101 
840277,97 100 
840277,97 6
840277,97 1895
840277,97 11
842285,79 25 
842314,71 75 
843522,17 72 
843659,73 70 
845016,71 80 
845855,86 83 
846997,6 64 1143
847275,24 239 
847286,15 61 271
847392,86 150 
847435,36 68 
847896,71 92 
847896,71 65 
848933,56 103 
848933,56 101 
849448,2 100 
849448,2 6
849448,2 1895
849448,2 10
851455,46 25 
851484,8 75 
852691,9 72 
852735,84 70 
854086,41 80 
854932,08 83 
855295,4 64 364
855555,94 63 238
855762,35 150 
855804,85 68 
856314,81 92 
856314,81 65 
857303,39 103 
857303,39 101 
857820,31 100 
857820,31 6
857820,31 1895
857820,31 10
859825,13 25 
859853,87 75 
861061,13 72 
861105,79 70 
862458,55 80 
863301,87 83 
863755,94 64 455
863995,57 63 215
864200,92 150 
864241,28 68 
864754,12 92 
864754,12 65 
865739,92 103 
865739,92 101 
866253,66 100 
866253,66 6
866253,66 1895
866253,66 11
868261,6 25 
868290,27 75 
869498,67 72 
869542,19 70 
870890,07 80 
871738,34 83 
872436,12 64 699
872725,83 61 269
872832,46 150 
872864,61 68 
873327,33 92 
873327,33 65 
874362,93 103 
874362,93 101 
874877,2 100 
874877,2 6
874877,2 1895
874877,2 11
876884,66 25 
876913,52 75 
878121,23 72 
878166,15 70 
879514,39 80 
880361,57 83 
881356,37 64 996
881648 61 275
881754,08 150 
881793,93 68 
882256,89 92 
882256,89 65 
883292,55 103 
883292,55 101 
883806,29 100 
883806,29 6
883806,29 1895
883806,29 11
885814,3 25 
885842,98 75 
887050,78 72 
887094,73 70 
888445,88 80 
889290,98 83 
889809,16 64 519
890068,54 63 232
890273,54 151 
890305,75 69 
890815,32 93 
891809 103 
891809 101 
892722,73 100 
892722,73 6
892722,73 1895
892722,73 10
894730,61 25 
894759,11 75 
895966,4 72 
896011,05 70 
897358,64 80 
898207,27 83 
898906,46 64 700
899235,58 63 309
899442,73 150 
899479,81 68 
899993,38 92 
899993,38 65 
900978,61 103 
900978,61 101 
901492,1 100 
901492,1 6
901492,1 1895
901492,1 10
903501,09 25 
903528,95 75 
904736,65 72 
904780,98 70 
906131,56 80 
906976,91 83 
907600,51 64 624
907889,26 61 260
907996,18 151 
908031,65 69 
908489,99 93 
909020 239 
909534,93 103 
909534,93 101 
910448,33 100 
910448,33 6
910448,33 1895
910448,33 10
912456,42 25 
912485,06 75 
913693,31 72 
913736,93 70 
915088,52 80 
915933,16 83 
916390,68 64 459
916845,58 63 434
917052,42 150 
917085,89 68 
917596,98 92 
917596,98 65 
918584,41 103 
918584,41 101 
919098,1 100 
919098,1 6
919098,1 1895
919098,1 10
921106,33 25 
921134,92 75 
922342,32 72 
922386,62 70 
923737,58 80 
924569,62 83 
925454,71 64 886
925764,36 61 289
925872,04 151 
925905,04 69 
926366,78 93 
927321,4 183 
927407,51 103 
927407,51 101 
928320,98 100 
928320,98 6
928320,98 1895
928320,98 11
930329,02 25 
930357,73 75 
931565,69 72 
931610,64 70 
932959,44 80 
933792,43 83 
935130,14 64 1339
935435,31 63 284
935640,91 153 
935678,06 68 
936193,94 92 
936193,94 65 
937176,68 103 
937176,68 101 
937691,47 100 
937691,47 6
937691,47 1895
937691,47 11
939698,51 25 
939726,9 75 
940934,65 72 
940978,98 70 
942327,61 80 
943175,12 83 
943818 64 644
944145,35 63 305
944351,91 151 
944394,43 69 
944905,72 93 
945892,98 103 
945892,98 101 
946809,32 100 
946809,32 6
946809,32 1895
946809,32 10
948814,52 25 
948843,11 75 
950050,27 72 
950188,46 70 
951569,67 80 
952504,51 83 
954438,45 64 1934
954747,77 62 285
954954,61 151 
954985,45 69 
955493,09 93 
956488,61 103 
956488,61 101 
957402,71 100 
957402,71 6
957402,71 1895
957402,71 11
959410,15 25 
959625,19 75 
960833,41 72 
960970,72 70 
962363,38 80 
963300,09 83 
964061,61 64 763
964180,96 239 
964745,1 61 660
964853,12 150 
964892,59 68 
965355,13 92 
965355,13 65 
966391,12 103 
966391,12 101 
966905,09 100 
966905,09 6
966905,09 1895
966905,09 11
968913,48 25 
968941,64 75 
970149,06 72 
970286,95 70 
971644,34 80 
972469,71 83 
973475,57 64 1007
973754,14 61 259
973860,61 150 
973902,2 68 
974364,59 92 
974364,59 65 
975400,63 103 
975400,63 101 
975914,31 100 
975914,31 6
975914,31 1895
975914,31 10
977922,4 25 
981043,76 75 
982251,81 72 
982295,12 70 
983645,81 80 
984491,2 83 
984899,97 64 410
985153,83 63 237
985359,82 150 
985403,92 68 
985916,8 92 
985916,8 65 
986902,53 103 
986902,53 101 
987416,13 100 
987416,13 6
987416,13 1895
987416,13 10
989424,78 25 
989452,97 75 
990659,62 72 
990704,73 70 
992054,61 80 
992900,94 83 
993831,4 64 931
994054,38 63 194
994262,58 150 
994293,73 68 
994804,2 92 
994804,2 65 
995792,14 103 
995792,14 101 
996305,68 100 
996305,68 6
996305,68 1895
996305,68 10
998313,9 25 
998343,24 75 
999549,7 72 
999594,43 70 
1000945,07 80 
1001790,57 83 
1002483,1 64 693
1002894,36 61 385
1003000,21 151 
1003031,93 69 
1003494,26 93 
1004534,92 103 
1004534,92 101 
1005448,45 100 
1005448,45 6
1005448,45 1895
1005448,45 11
1007456,57 25 
1007485,28 75 
1008693,72 72 
1008737,11 70 
1010085,39 80 
1010920 83 
1011825,96 64 907
1012317,89 63 466
1012524,15 151 
1012566,3 69 
1013079,09 93 
1013689,4 183 
1014035,91 239 
1014064,28 103 
1014064,28 101 
1014977,85 100 
1014977,85 6
1014977,85 1895
1014977,85 11
1016985,77 25 
1017640,91 75 
1018848,19 72 
1018893 70 
1020242,27 80 
1021089,04 83 
1021637,9 64 550
1021973,88 61 313
1022080,95 150 
1022121,82 68 
1022585,03 92 
1022585,03 65 
1023620,29 103 
1023620,29 101 
1024133,91 100 
1024133,91 6
1024133,91 1895
1024133,91 11
1026141,99 25 
1026170,85 75 
1027377,8 72 
1027422,67 70 
1028774,62 80 
1029618,7 83 
1030643,54 64 1026
1031003,08 61 332
1031112,1 152 
1031139,97 69 
1031603,1 93 
1032080,24 239 
1032643,16 103 
1032643,16 101 
1033557,07 100 
1033557,07 6
1033557,07 1895
1033557,07 10
1035564,75 25 
1035595,5 75 
1036803,46 72 
1036845,23 70 
1038196,72 80 
1039041,45 83 
1039506,84 64 466
1039732,82 63 199
1039937,91 150 
1039980,85 68 
1040489,4 92 
1040489,4 65 
1041479,47 103 
1041479,47 101 
1041996,21 100 
1041996,21 6
1041996,21 1895
1041996,21 11
1044001,19 25 
1044030,04 75 
1045237,4 72 
1045281,76 70 
1046630,74 80 
1047478,09 83 
1048415,46 64 938
1048684,55 61 248
1048790,91 150 
1048830,55 68 
1049289,76 92 
1049289,76 65 
1050329,09 103 
1050329,09 101 
1050843,04 100 
1050843,04 6
1050843,04 1895
1050843,04 11
1052851,04 25 
1052879,65 75 
1054085,72 72 
1054131,51 70 
1055481,37 80 
1056327,58 83 
1057226,45 64 900
1057502,52 61 257
1057607,59 150 
1057640,95 68 
1058098,36 92 
1058098,36 65 
1059138,74 103 
1059138,74 101 
1059652,74 100 
1059652,74 6
1059652,74 1895
1059652,74 10
1061660,65 25 
1061689,24 75 
1062896,24 72 
1062941 70 
1064292,29 80 
1065123,86 83 
1065368,6 64 246
1065586,11 63 196
1065797,49 150 
1065836,83 68 
1066344,82 92 
1066344,82 65 
1067335,4 103 
1067335,4 101 
1067849,06 100 
1067849,06 6
1067849,06 1895
1067849,06 10
1069857,17 25 
1069885,77 75 
1071093,5 72 
1071284,86 70 
1072668,85 80 
1073613,81 83 
1074471,71 64 858
1074763,81 61 272
1074869,29 151 
1074908,52 69 
1075369,03 93 
1076411,74 103 
1076411,74 101 
1077325,69 100 
1077325,69 6
1077325,69 1895
1077325,69 10
1079333,24 25 
1079988,2 75 
1080164,73 250 
1080182,53 101 
1082198,7 100 
1082198,7 6
1082198,7 1895
1082198,7 10
1082198,7 25 
1082223,32 75 
1083431,81 72 
1083479,28 70 
1084829,73 80 
1085675,51 83 
1086492,04 64 818
1086812,25 63 298
1087019,39 150 
1087054,77 68 
1087564,43 92 
1087564,43 65 
1088553,14 103 
1088553,14 101 
1089066,8 100 
1089066,8 6
1089066,8 1895
1089066,8 11
1091074,99 25 
1091104,28 75 
1092311,79 72 
1092355,55 70 
1093704,09 80 
1094551,53 83 
1095544,01 64 993
1095805,66 61 242
1095912,98 150 
1095945,06 68 
1096405,23 92 
1096405,23 65 
1097442,71 103 
1097442,71 101 
1097956,48 100 
1097956,48 6
1097956,48 1895
1097956,48 11
1099964,4 25 
1099993,82 75 
1101200,88 72 
1101244,88 70 
1102593,92 80 
1103441,22 83 
1104355,16 64 915
1104623,6 61 251
1104731,47 150 
1104767,79 68 
1105229,83 92 
1105229,83 65 
1106265,74 103 
1106265,74 101 
1106779,47 100 
1106779,47 6
1106779,47 1895
1106779,47 10
1108787,72 25 
1108815,99 75 
1110022,53 72 
1110068,04 70 
1111417,9 80 
1112264,18 83 
1112523,74 64 261
1112817,28 63 274
1113022,63 150 
1113056,88 68 
1113568,83 92 
1113568,83 65 
1114555,59 103 
1114555,59 101 
1115069,2 100 
1115069,2 6
1115069,2 1895
1115069,2 10
1117077,38 25 
1117105,83 75 
1118313,56 72 
1118357,89 70 
1119708,11 80 
1120553,98 83 
1121357,93 64 805
1121625,88 63 246
1121832,98 152 
1121866,91 69 
1122374,62 93 
1123365,23 103 
1123365,23 101 
1124278,71 100 
1124278,71 6
1124278,71 1895
1124278,71 11
1126286,79 25 
1126315,57 75 
1127522,4 72 
1127567,23 70 
1128917,58 80 
1129763,45 83 
1130465,48 64 703
1130498,17 239 
1130941,35 61 460
1131047,89 150 
1131089,41 68 
1131553,07 92 
1131553,07 65 
1132588,06 103 
1132588,06 101 
1133105,34 100 
1133105,34 6
1133105,34 1895
1133105,34 11
1135110 25 
1135138,53 75 
1136346,34 72 
1136391,12 70 
1137738,3 80 
1138573,8 83 
1139566,13 64 994
1139882,5 61 298
1139990,05 150 
1140032,38 68 
1140492,83 92 
1140492,83 65 
1141530,94 103 
1141530,94 101 
1142044,53 100 
1142044,53 5
1142044,53 1895
1142044,53 11
1142044,53 78 
1144052,7 25 
1144082,15 75 
1145290,28 72 
1145333,11 70 
1146684,5 80 
1147516,43 83 
1148328,02 64 813
1148621,23 61 266
1148728,5 151 
1148757,44 69 
1149217,59 93 
1150136,71 183 
1150260,64 103 
1150260,64 101 
1151174,05 100 
1151174,05 5
1151174,05 1895
1151174,05 11
1153182,15 25 
1153210,99 75 
1154417,38 72 
1154462,71 70 
1155815,03 80 
1156658,99 83 
1157795,24 64 1137
1158123,25 61 305
1158229,89 151 
1158264,71 69 
1158729,1 93 
1159763,34 103 
1159763,34 101 
1160676,72 100 
1160676,72 5
1160676,72 1895
1160676,72 10
1162684,9 25 
1162713,6 75 
1163921,33 72 
1163965,43 70 
1165316,5 80 
1166161,57 83 
1167011,99 64 851
1167482,58 63 443
1167689,27 150 
1167727,39 68 
1168234,95 92 
1168234,95 65 
1169226,03 103 
1169226,03 101 
1169739,74 100 
1169739,74 5
1169739,74 1895
1169739,74 11
1171747,9 25 
1171776,36 75 
1172984,18 72 
1173241,84 70 
1174647,49 80 
1175613,06 83 
1176349,58 64 740
1176593,34 63 223
1176800,17 151 
1176843,77 69 
1177355,64 93 
1178342,41 103 
1178342,41 101 
1179255,81 100 
1179255,81 5
1179255,81 1895
1179255,81 11
1181263,89 25 
1181292,5 75 
1182499,37 72 
1182638 70 
1184048,35 80 
1185035,8 83 
1186191,63 64 1159
1186547,26 61 328
1186657,28 151 
1186688,5 69 
1187152,1 93 
1188191,63 103 
1188191,63 101 
1189104,98 100 
1189104,98 5
1189104,98 1895
1189104,98 10
1191113,15 25 
1191141,62 75 
1192347,75 72 
1192487,08 70 
1193867,76 80 
1194803,2 83 
1195046,83 64 245
1195282,19 63 213
1195487,96 152 
1195524,87 69 
1196036 93 
1196312,27 239 
1196373,01 182 
1197027,92 103 
1197027,92 101 
1197941,38 100 
1197941,38 5
1197941,38 1895
1197941,38 10
1199949,53 25 
1199978,26 75 
1201186,72 72 
1201336,78 70 
1202722,98 80 
1203679,39 83 
1204604,72 64 927
1205222,15 61 597
1205327,54 151 
1205366,23 69 
1205827,54 93 
1206426,22 183 
1206863,75 103 
1206863,75 101 
1207777,48 100 
1207777,48 5
1207777,48 1895
1207777,48 10
1209786,41 25 
1209814,04 75 
1211022,86 72 
1211172,56 70 
1212572,53 80 
1213515,57 83 
1214682,51 64 1168
1214961,74 63 262
1215167,54 150 
1215201,09 68 
1215712,22 92 
1215712,22 65 
1216699,84 103 
1216699,84 101 
1217214,17 100 
1217214,17 5
1217214,17 1895
1217214,17 10
1219221,41 25 
1219249,9 75 
1220456,04 72 
1220608,59 70 
1222003,36 80 
1222951,3 83 
1223745,13 64 795
1224034,9 63 272
1224241,05 150 
1224277,38 68 
1224789,11 92 
1224789,11 65 
1225775,88 103 
1225775,88 101 
1226292,38 100 
1226292,38 5
1226292,38 1895
1226292,38 11
1228298,22 25 
1228326,39 75 
1229532,91 72 
1229671,65 70 
1231050,42 80 
1231987,56 83 
1232973,03 64 986
1233341,56 61 343
1233449,45 151 
1233482,07 69 
1233941,26 93 
1234985,31 103 
1234985,31 101 
1235898,89 100 
1235898,89 5
1235898,89 1895
1235898,89 11
1237907,85 25 
1237935,75 75 
1239142,7 72 
1239281,1 70 
1240672,12 80 
1241636,84 83 
1241992,61 64 357
1242275,07 63 253
1242483,41 151 
1242518,4 69 
1243027,06 93 
1243213,14 239 
1244021,62 103 
1244021,62 101 
1244935,16 100 
1244935,16 5
1244935,16 1895
1244935,16 10
1246943,11 25 
1246971,6 75 
1248178,88 72 
1248223,54 70 
1249573,53 80 
1250419,81 83 
1251069,9 64 651
1251364,77 63 266
1251570,03 150 
1251613,31 68 
1252125,83 92 
1252125,83 65 
1253111,08 103 
1253111,08 101 
1253624,7 100 
1253624,7 5
1253624,7 1895
1253624,7 10
1255632,79 25 
1255661,36 75 
1256867,69 72 
1256913,27 70 
1258261,62 80 
1259109,54 83 
1259712,46 64 603
1259953,83 63 219
1260159,59 150 
1260195,62 68 
1260704,64 92 
1260704,64 65 
1261694,3 103 
1261694,3 101 
1262207,79 100 
1262207,79 5
1262207,79 1895
1262207,79 10
1264216,09 25 
1264244,68 75 
1265451,93 72 
1265496,5 70 
1266847,71 80 
1267679,5 83 
1268362,17 64 684
1268661,09 63 276
1268866,9 150 
1268899,01 68 
1269411,95 92 
1269411,95 65 
1270397,22 103 
1270397,22 101 
1270910,79 100 
1270910,79 5
1270910,79 1895
1270910,79 10
1272918,9 25 
1272947,7 75 
1274156,46 72 
1274199,4 70 
1275548,68 80 
1276383,26 83 
1277015,97 64 635
1277304,08 63 270
1277514,51 150 
1277548,51 68 
1278060,71 92 
1278060,71 65 
1279046,88 103 
1279046,88 101 
1279561,94 100 
1279561,94 5
1279561,94 1895
1279561,94 10
1281568,63 25 
1281597,45 75 
1282804,67 72 
1282849,05 70 
1284199,75 80 
1285032,09 83 
1285829,79 64 799
1286095,08 63 238
1286300,49 152 
1286326,85 69 
1286836,15 93 
1287829,89 103 
1287829,89 101 
1288743,34 100 
1288743,34 5
1288743,34 1895
1288743,34 11
1290751,44 25 
1290780,11 75 
1291987,52 72 
1292032,09 70 
1293378,83 80 
1294228,15 83 
1295583,43 64 1356
1295930,89 239 
1295948,51 61 335
1296054,43 151 
1296082,54 69 
1296539,57 93 
1297206,06 239 
1297585,78 103 
1297585,78 101 
1298499,91 100 
1298499,91 5
1298499,91 1895
1298499,91 11
1300507,33 25 
1301895,4 75 
1303103,74 72 
1303147,6 70 
1304497,47 80 
1305330,23 83 
1305999,96 64 671
1306370,14 62 348
1306577,56 150 
1306616,1 68 
1307127,19 92 
1307127,19 65 
1308114,76 103 
1308114,76 101 
1308628,36 100 
1308628,36 5
1308628,36 1895
1308628,36 11
1310636,71 25 
1310665,26 75 
1311873,19 72 
1311917 70 
1313268,85 80 
1314099,86 83 
1314568,61 64 470
1314824,42 62 232
1315030,62 150 
1315066,06 68 
1315578,34 92 
1315578,34 65 
1316564,55 103 
1316564,55 101 
1317081,21 100 
1317081,21 5
1317081,21 1895
1317081,21 11
1319086,93 25 
1319115,01 75 
1320322,05 72 
1320366,97 70 
1321714,47 80 
1322549,89 83 
1323069,16 64 520
1323310,91 62 216
1323517,4 150 
1323555,77 68 
1324069,47 92 
1324069,47 65 
1325055,02 103 
1325055,02 101 
1325567,92 100 
1325567,92 5
1325567,92 1895
1325567,92 10
1327576,11 25 
1327604,91 75 
1328813,11 72 
1328856,66 70 
1330204,56 80 
1331052,91 83 
1331513,63 64 462
1331799,54 63 268
1332007,43 150 
1332045,8 68 
1332552,89 92 
1332552,89 65 
1333544,12 103 
1333544,12 101 
1334057,77 100 
1334057,77 5
1334057,77 1895
1334057,77 11
1336065,99 25 
1336094,57 75 
1337304,38 72 
1337346,43 70 
1338696,27 80 
1339542,58 83 
1340028,99 64 487
1340292,82 62 245
1340498,11 150 
1340535,56 68 
1341044,21 92 
1341044,21 65 
1342033,95 103 
1342033,95 101 
1342547,46 100 
1342547,46 5
1342547,46 1895
1342547,46 10
1344556,68 25 
1344584,43 75 
1345791,25 72 
1345969,47 70 
1347330,23 80 
1348272,27 83 
1348911,44 64 640
1349180,71 63 243
1349386,01 150 
1349425,89 68 
1349937,95 92 
1349937,95 65 
1350923,56 103 
1350923,56 101 
1351437,09 100 
1351437,09 5
1351437,09 1895
1351437,09 11
1353445,93 25 
1353474,01 75 
1354681,4 72 
1354832,56 70 
1356226,82 80 
1357161,87 83 
1357768,84 64 608
1358260,3 61 473
1358366,57 151 
1358403,35 69 
1358863,12 93 
1359906,4 103 
1359906,4 101 
1360820,16 100 
1360820,16 5
1360820,16 1895
1360820,16 10
1362827,98 25 
1362856,72 75 
1364063,71 72 
1364108,39 70 
1365458,26 80 
1366291,4 83 
1366815,13 64 525
1367419,18 63 582
1367626,37 150 
1367657,98 68 
1368169,12 92 
1368169,12 65 
1369155,84 103 
1369155,84 101 
1369669,93 100 
1369669,93 5
1369669,93 1895
1369669,93 11
1371677,55 25 
1371706,32 75 
1372914,77 72 
1372959,04 70 
1374308,44 80 
1375154,37 83 
1375531,22 64 378
1375789,56 63 237
1375996,99 153 
1376040,41 68 
1376552,91 92 
1376552,91 65 
1377538,98 103 
1377538,98 101 
1378052,63 100 
1378052,63 5
1378052,63 1895
1378052,63 11
1380060,7 25 
1380089,63 75 
1381296,94 72 
1381341,24 70 
1382692,85 80 
1383537,46 83 
1384134,53 64 599
1384409,27 63 246
1384616,09 151 
1384645,63 69 
1385153,56 93 
1385255,71 239 
1386148,71 103 
1386148,71 101 
1387063,47 100 
1387063,47 5
1387063,47 1895
1387063,47 10
1389070,29 25 
1389098,78 75 
1390306,69 72 
1390350,75 70 
1391699,54 80 
1392533,93 83 
1392980,46 64 447
1393314,2 63 315
1393522,56 150 
1393566,49 68 
1394079,97 92 
1394079,97 65 
1395065,03 103 
1395065,03 101 
1395579,64 100 
1395579,64 5
1395579,64 1895
1395579,64 10
1397586,69 25 
1397616,64 75 
1398824,63 72 
1398867,43 70 
1400218,57 80 
1401063,51 83 
1401650,14 64 588
1401949,69 63 274
1402155,61 150 
1402189,59 68 
1402702,31 92 
1402702,31 65 
1403688,12 103 
1403688,12 101 
1404204,63 100 
1404204,63 5
1404204,63 1895
1404204,63 10
1406209,79 25 
1406238,5 75 
1407445,6 72 
1407490,31 70 
1408840,95 80 
1409686,51 83 
1410242,45 64 556
1410542,3 63 283
1410747,8 150 
1410785,83 68 
1411294,16 92 
1411294,16 65 
1412284,44 103 
1412284,44 101 
1412798,15 100 
1412798,15 5
1412798,15 1895
1412798,15 10
1414806,18 25 
1414834,9 75 
1416043,13 72 
1416086,76 70 
1417436,4 80 
1418283,07 83 
1418937,02 64 655
1419259,45 63 297
1419466,51 150 
1419502,27 68 
1420014,29 92 
1420014,29 65 
1421000,88 103 
1421000,88 101 
1421515,66 100 
1421515,66 5
1421515,66 1895
1421515,66 11
1423522,75 25 
1423551,15 75 
1424758,6 72 
1424803,19 70 
1426152,1 80 
1426999,32 83 
1427748,33 64 750
1428162,03 61 391
1428269,79 153 
1428311,87 68 
1428775,3 92 
1428775,3 65 
1429810,5 103 
1429810,5 101 
1430325,16 100 
1430325,16 5
1430325,16 1895
1430325,16 11
1432332,19 25 
1432361,07 75 
1433569,7 72 
1433612,85 70 
1434960,88 80 
1435795,65 83 
1436676,4 64 881
1436963,26 61 262
1437070,87 151 
1437103,6 69 
1437565,78 93 
1438606,78 103 
1438606,78 101 
1439520,2 100 
1439520,2 5
1439520,2 1895
1439520,2 11
1441529,01 25 
1441557,15 75 
1442763,75 72 
1442808,84 70 
1444157,19 80 
1445005,09 83 
1445175,79 64 172
1445224,64 239 
1445611,91 63 408
1445817,16 151 
1445846,69 69 
1446359,44 93 
1446615,39 239 
1447349,77 103 
1447349,77 101 
1448263,35 100 
1448263,35 5
1448263,35 1895
1448263,35 10
1450271,38 25 
1450299,94 75 
1451507,27 72 
1451552,97 70 
1452900,92 80 
1453735,19 83 
1454491,82 64 758
1454688,08 62 168
1454895,29 151 
1454923,07 69 
1455431,47 93 
1456426 103 
1456426 101 
1457339,4 100 
1457339,4 5
1457339,4 1895
1457339,4 11
1459347,53 25 
1459376,2 75 
1460584,72 72 
1460628 70 
1461985,05 80 
1462970,85 83 
1463381,64 64 412
1463700,52 63 290
1463908,03 151 
1463950,23 69 
1464459,34 93 
1465448,91 103 
1465448,91 101 
1466363,45 100 
1466363,45 5
1466363,45 1895
1466363,45 10
1468370,41 25 
1468399,03 75 
1469606,06 72 
1469744,49 70 
1471124,99 80 
1472087,1 83 
1472461,32 64 375
1472762,39 63 276
1472969,01 150 
1473000,12 68 
1473508,24 92 
1473508,24 65 
1474498,44 103 
1474498,44 101 
1475012,05 100 
1475012,05 5
1475012,05 1895
1475012,05 10
1477020,11 25 
1477048,94 75 
1478255,52 72 
1478394,16 70 
1479754,77 80 
1480590,32 83 
1481240,21 64 651
1481541,95 63 273
1481751,4 150 
1481783,25 68 
1482292,34 92 
1482292,34 65 
1483282,06 103 
1483282,06 101 
1483795,04 100 
1483795,04 5
1483795,04 1895
1483795,04 11
1485803,21 25 
1485831,84 75 
1487038,87 72 
1487083,68 70 
1488436,65 80 
1489279,83 83 
1489867,74 64 589
1490467,74 62 576
1490673,17 150 
1490713,11 68 
1491227,07 92 
1491227,07 65 
1492211,11 103 
1492211,11 101 
1492727,86 100 
1492727,86 5
1492727,86 1895
1492727,86 11
1494732,81 25 
1494761,23 75 
1495969,14 72 
1496013,26 70 
1497363,85 80 
1498209,48 83 
1498708,27 64 500
1498977,84 63 250
1499187,6 153 
1499228,88 68 
1499736,72 92 
1499736,72 65 
1500727,46 103 
1500727,46 101 
1501241,1 100 
1501241,1 5
1501241,1 1895
1501241,1 10
1503249,12 25 
1503277,77 75 
1504485,35 72 
1504529,64 70 
1505877,84 80 
1506712,7 83 
1507175,54 64 464
1507428,1 63 237
1507639,15 150 
1507678,96 68 
1508189,3 92 
1508189,3 65 
1509177,21 103 
1509177,21 101 
1509690,92 100 
1509690,92 5
1509690,92 1895
1509690,92 10
1511699,15 25 
1511727,67 75 
1512935,48 72 
1512979,6 70 
1514330,23 80 
1515176,13 83 
1515801,33 64 626
1516057,34 63 229
1516264,81 150 
1516301,76 68 
1516814,79 92 
1516814,79 65 
1517800,33 103 
1517800,33 101 
1518314,95 100 
1518314,95 5
1518314,95 1895
1518314,95 10
1520322,27 25 
1520351,33 75 
1521557,62 72 
1521602,59 70 
1522952,92 80 
1523798,79 83 
1524359,52 64 561
1524651,19 63 267
1524858,2 150 
1524898,1 68 
1525405,94 92 
1525405,94 65 
1526396,67 103 
1526396,67 101 
1526910,32 100 
1526910,32 5
1526910,32 1895
1526910,32 11
1528918,96 25 
1528947,13 75 
1530153,61 72 
1530198,9 70 
1531547,94 80 
1532395,19 83 
1533167,8 64 774
1533347,16 62 153
1533552,96 150 
1533588,39 68 
1534099,79 92 
1534099,79 65 
1535086,38 103 
1535086,38 101 
1535600,27 100 
1535600,27 5
1535600,27 1895
1535600,27 11
1537608,09 25 
1537637,05 75 
1538844,64 72 
1538888,57 70 
1540240,84 80 
1541084,84 83 
1541490,57 64 406
1541767,75 63 258
1541974,44 151 
1542006,29 69 
1542514,43 93 
1543509,51 103 
1543509,51 101 
1544423,18 100 
1544423,18 5
1544423,18 1895
1544423,18 11
1546431,17 25 
1546460,23 75 
1547667,74 72 
1547711,64 70 
1549059,8 80 
1549907,8 83 
1550122,91 64 216
1550410,91 63 264
1550615,81 151 
1550642,78 69 
1551155,33 93 
1551475,9 239 
1552145,95 103 
1552145,95 101 
1553059,39 100 
1553059,39 5
1553059,39 1895
1553059,39 11
1555067,73 25 
1555136,88 75 
1556344,58 72 
1556387,94 70 
1557738,76 80 
1558570,93 83 
1559663,02 64 1093
1559907,8 62 219
1560115,17 150 
1560149,93 68 
1560661,01 92 
1560661,01 65 
1561648,63 103 
1561648,63 101 
1562162,32 100 
1562162,32 5
1562162,32 1895
1562162,32 10
1564170,35 25 
1564198,9 75 
1565408,47 72 
1565450,9 70 
1566798,52 80 
1567633,7 83 
1568121,2 64 488
1568371,09 63 232
1568577,91 150 
1568613,3 68 
1569124,82 92 
1569124,82 65 
1570111,71 103 
1570111,71 101 
1570625,39 100 
1570625,39 5
1570625,39 1895
1570625,39 10
1572633,51 25 
1572662,18 75 
1573868,91 72 
1573914,07 70 
1575261,55 80 
1576110,22 83 
1576741,09 64 632
1577030,25 63 268
1577235,81 150 
1577276,32 68 
1577789,08 92 
1577789,08 65 
1578774,76 103 
1578774,76 101 
1579291,54 100 
1579291,54 5
1579291,54 1895
1579291,54 10
1581297,19 25 
1581325,39 75 
1582533,84 72 
1582724,16 70 
1584120,18 80 
1585066,49 83 
1585606,21 64 541
1585887,78 63 249
1586092,83 152 
1586121,35 69 
1586631,58 93 
1587624,38 103 
1587624,38 101 
1588537,96 100 
1588537,96 5
1588537,96 1895
1588537,96 10
1590545,94 25 
1591454,85 75 
1592663,62 72 
1592879,54 70 
1594236,02 80 
1595075,61 83 
1595360,35 64 285
1595596,34 63 215
1595803,46 150 
1595841,66 68 
1596355,46 92 
1596355,46 65 
1597340,38 103 
1597340,38 101 
1597853,98 100 
1597853,98 5
1597853,98 1895
1597853,98 11
1599862,12 25 
1599890,64 75 
1601099,78 72 
1601144,29 70 
1602492,95 80 
1603325,52 83 
1603938,37 64 613
1604207,92 63 244
1604415,26 151 
1604446,79 69 
1604959,24 93 
1605950,13 103 
1605950,13 101 
1606863,76 100 
1606863,76 5
1606863,76 1895
1606863,76 11
1608871,67 25 
1608900,36 75 
1610107,08 72 
1610245,55 70 
1611651,18 80 
1612641,62 83 
1613552,25 64 911
1613855,92 61 282
1613963,14 151 
1614003,09 69 
1614463,4 93 
1615073,94 239 
1615506,12 103 
1615506,12 101 
1616419,4 100 
1616419,4 5
1616419,4 1895
1616419,4 11
1618427,64 25 
1618457,58 75 
1619663,6 72 
1619801,68 70 
1621161,88 80 
1621997,83 83 
1622921,39 64 924
1623247,37 62 304
1623453,02 150 
1623497,2 68 
1624008,58 92 
1624008,58 65 
1624995,47 103 
1624995,47 101 
1625509,14 100 
1625509,14 5
1625509,14 1895
1625509,14 10
1627518,32 25 
1627545,88 75 
1628751,71 72 
1628797,6 70 
1630146,54 80 
1630980,77 83 
1631308,08 64 328
1631560,56 63 234
1631766,4 150 
1631800,29 68 
1632313,32 92 
1632313,32 65 
1633298,59 103 
1633298,59 101 
1633813,05 100 
1633813,05 5
1633813,05 1895
1633813,05 10
1635820,37 25 
1635851,26 75 
1637059,1 72 
1637100,91 70 
1638453,23 80 
1639297,07 83 
1639944,57 64 648
1640207,66 63 245
1640414,15 150 
1640449,69 68 
1640963,38 92 
1640963,38 65 
1641948,31 103 
1641948,31 101 
1642461,97 100 
1642461,97 5
1642461,97 1895
1642461,97 10
1644470,19 25 
1645391,74 75 
1646600,75 72 
1646643,54 70 
1647993,08 80 
1648826,52 83 
1649159,85 64 335
1649445,86 63 261
1649652,89 150 
1649685,87 68 
1650195,58 92 
1650195,58 65 
1651185,23 103 
1651185,23 101 
1651698,1 100 
1651698,1 5
1651698,1 1895
1651698,1 11
1653706,36 25 
1653735,18 75 
1654942,59 72 
1654986,68 70 
1656337,81 80 
1657182,9 83 
1658259,24 64 1077
1658579,24 62 291
1658785,8 150 
1658828,99 68 
1659340,73 92 
1659340,73 65 
1660327,29 103 
1660327,29 101 
1660841,01 100 
1660841,01 5
1660841,01 1895
1660841,01 11
1662849,01 25 
1662877,7 75 
1664083,93 72 
1664129,66 70 
1665481,53 80 
1666325,74 83 
1666898,15 64 573
1667116,9 62 192
1667324,51 150 
1667358,54 68 
1667869,88 92 
1667869,88 65 
1668857,11 103 
1668857,11 101 
1669373,68 100 
1669373,68 5
1669373,68 1895
1669373,68 11
1671378,77 25 
1671407,59 75 
1672615,53 72 
1672659,41 70 
1674009,76 80 
1674855,51 83 
1675561,75 64 707
1675777,14 62 189
1675983,36 150 
1676021,69 68 
1676532,89 92 
1676532,89 65 
1677520,16 103 
1677520,16 101 
1678033,8 100 
1678033,8 5
1678033,8 1895
1678033,8 11
1680041,89 25 
1680071,3 75 
1681277,8 72 
1681322,37 70 
1682672,76 80 
1683505,14 83 
1684051,17 64 547
1684259,34 62 182
1684465,65 150 
1684497,68 68 
1685010,57 92 
1685010,57 65 
1685996,35 103 
1685996,35 101 
1686510,08 100 
1686510,08 5
1686510,08 1895
1686510,08 10
1688518,41 25 
1688547,02 75 
1689754,12 72 
1689798,83 70 
1691147,18 80 
1691982 83 
1692397,04 64 416
1692717,09 63 296
1692923,76 152 
1692956,44 69 
1693467,1 93 
1694459,77 103 
1694459,77 101 
1695373,1 100 
1695373,1 5
1695373,1 1895
1695373,1 11
1697381,37 25 
1697412,22 75 
1698619,64 72 
1698661,79 70 
1700010,98 80 
1700844,63 83 
1701230,99 64 387
1701455,88 62 199
1701662,35 150 
1701704,21 68 
1702214,18 92 
1702214,18 65 
1703202,7 103 
1703202,7 101 
1703716,43 100 
1703716,43 5
1703716,43 1895
1703716,43 10
1705724,45 25 
1705753,29 75 
1706960,02 72 
1707005,92 70 
1708355,74 80 
1709201,22 83 
1709441,2 64 241
1709845,78 63 379
1710053,38 150 
1710087,29 68 
1710597,1 92 
1710597,1 65 
1711585,85 103 
1711585,85 101 
1712099,46 100 
1712099,46 5
1712099,46 1895
1712099,46 11
1714107,57 25 
1714136,24 75 
1715343,73 72 
1715388,23 70 
1716741,42 80 
1717584,31 83 
1718374,64 64 792
1718646,25 63 250
1718852,62 151 
1718880 69 
1719391,13 93 
1720382,23 103 
1720382,23 101 
1721295,97 100 
1721295,97 5
1721295,97 1895
1721295,97 11
1723303,87 25 
1723333,27 75 
1724541,75 72 
1724717,96 70 
1726077,35 80 
1726927,16 83 
1728020,25 64 1094
1728424,88 62 379
1728634,04 150 
1728666,31 68 
1729177,64 92 
1729177,64 65 
1730164,74 103 
1730164,74 101 
1730678,34 100 
1730678,34 1
1730678,34 1895
1730678,34 10
1730678,34 78 
1732687,05 25 
1732715,14 75 
1733922,23 72 
1733967,88 70 
1735314,56 80 
1736149,94 83 
1736515,38 64 365
1736796,37 63 261
1737002,97 151 
1737031,39 69 
1737544,95 93 
1738280,37 183 
1738534,62 103 
1738534,62 101 
1739447,96 100 
1739447,96 1
1739447,96 1895
1739447,96 10
1741456,25 25 
1741752,22 75 
1742960,21 72 
1743003,33 70 
1744353,08 80 
1745199,6 83 
1746090,33 64 892
1746344,99 63 227
1746551,34 151 
1746592,1 69 
1747104,49 93 
1748090,56 103 
1748090,56 101 
1749004,22 100 
1749004,22 1
1749004,22 1895
1749004,22 10
1751012,15 25 
1752280,29 75 
1753488,59 72 
1753532,24 70 
1754882,38 80 
1755728,39 83 
1756916,15 64 1189
1757349,04 63 409
1757555,44 151 
1757582,7 69 
1758090,39 93 
1759086 103 
1759086 101 
1760002,35 100 
1760002,35 1
1760002,35 1895
1760002,35 10
1762008,31 25 
1762835,7 75 
1764042,74 72 
1764088,79 70 
1765435,83 80 
1766271,04 83 
1767337,67 64 1068
1767756,05 61 393
1767862,76 150 
1767903,17 68 
1768366,84 92 
1768366,84 65 
1769401,64 103 
1769401,64 101 
1769915,34 100 
1769915,34 1
1769915,34 1895
1769915,34 11
1771923,37 25 
1771954,47 75 
1773163,74 72 
1773204,19 70 
1774555,39 80 
1775386,59 83 
1776295,77 64 910
1776549,42 62 230
1776755,69 150 
1776792,67 68 
1777303,64 92 
1777303,64 65 
1778291,26 103 
1778291,26 101 
1778805,23 100 
1778805,23 1
1778805,23 1895
1778805,23 10
1780813,2 25 
1780841,79 75 
1782048,26 72 
1782093,64 70 
1783445,71 80 
1784289,81 83 
1785308,2 64 1019
1785554,54 63 227
1785761,58 151 
1785797,63 69 
1786309,34 93 
1787300,82 103 
1787300,82 101 
1788215,8 100 
1788215,8 1
1788215,8 1895
1788215,8 11
1790223,57 25 
1790251,19 75 
1791459,67 72 
1791503,16 70 
1792855,21 80 
1793685,86 83 
1794848,38 64 1163
1795107,99 62 237
1795315,28 150 
1795358,31 68 
1795866,25 92 
1795866,25 65 
1796856,87 103 
1796856,87 101 
1797371,07 100 
1797371,07 1
1797371,07 1895
1797371,07 10
1799378,57 25 
1799408,17 75 
1800614,57 72 
1800659,19 70 
1802009,26 80 
1802855,29 83 
1803973,87 64 1120
1804314,68 61 315
1804425,02 150 
1804460,96 68 
1804920,41 92 
1804920,41 65 
1805959,72 103 
1805959,72 101 
1806473,39 100 
1806473,39 1
1806473,39 1895
1806473,39 11
1808481,48 25 
1808510,18 75 
1809716,86 72 
1809761,98 70 
1811109,58 80 
1811958,22 83 
1812869,63 64 913
1812910,14 239 
1813374,72 62 485
1813583,3 150 
1813617,21 68 
1814130,96 92 
1814130,96 65 
1815115,84 103 
1815115,84 101 
1815629,69 100 
1815629,69 1
1815629,69 1895
1815629,69 11
1817637,64 25 
1817666,26 75 
1818872,79 72 
1818918,28 70 
1820270,31 80 
1821101,21 83 
1821783,94 64 684
1821945,71 62 140
1822153,41 150 
1822186,94 68 
1822698,99 92 
1822698,99 65 
1823685,59 103 
1823685,59 101 
1824199,39 100 
1824199,39 1
1824199,39 1895
1824199,39 10
1826207,5 25 
1826236,85 75 
1827445,76 72 
1827487,93 70 
1828837,85 80 
1829684,03 83 
1830653,92 64 971
1830884,34 61 201
1830990,24 150 
1831023,36 68 
1831482,19 92 
1831482,19 65 
1832521,93 103 
1832521,93 101 
1833035,58 100 
1833035,58 1
1833035,58 1895
1833035,58 10
1835043,62 25 
1835073,23 75 
1836280,73 72 
1836457,58 70 
1837814,51 80 
1838653,61 83 
1839282,92 64 630
1839584,28 63 278
1839791,27 151 
1839828,59 69 
1840337,48 93 
1841331,54 103 
1841331,54 101 
1842245,04 100 
1842245,04 1
1842245,04 1895
1842245,04 11
1844253,09 25 
1844281,93 75 
1845490,78 72 
1845533,57 70 
1846111,22 250 
1846129,52 101 
1848144,66 100 
1848144,66 1
1848144,66 1895
1848144,66 11
1848144,66 25 
1848173,1 75 
1849379,41 72 
1849394,69 70 
1850601,36 80 
1851448,42 83 
1852455,43 64 1008
1852704,61 62 231
1852911,45 152 
1852942,82 69 
1853455,92 93 
1854446,09 103 
1854446,09 101 
1855362,3 100 
1855362,3 1
1855362,3 1895
1855362,3 11
1857368,35 25 
1857396,35 75 
1858603,38 72 
1858648,07 70 
1859997,89 80 
1860831,19 83 
1861654,12 64 823
1861854,58 62 172
1862061,79 150 
1862103,54 68 
1862612,49 92 
1862612,49 65 
1863602,25 103 
1863602,25 101 
1864115,81 100 
1864115,81 1
1864115,81 1895
1864115,81 11
1866123,98 25 
1866152,76 75 
1867360,58 72 
1867404,4 70 
1868754,78 80 
1869600,77 83 
1870398,77 64 799
1870575,96 62 150
1870782,77 150 
1870820,82 68 
1871330,01 92 
1871330,01 65 
1872318,56 103 
1872318,56 101 
1872832,2 100 
1872832,2 1
1872832,2 1895
1872832,2 10
1874840,34 25 
1874868,92 75 
1876076,04 72 
1876120,88 70 
1877468,61 80 
1878317,06 83 
1879426,26 64 1110
1879732,96 61 284
1879840,16 152 
1879878,25 69 
1880340,69 93 
1881381,44 103 
1881381,44 101 
1882294,78 100 
1882294,78 1
1882294,78 1895
1882294,78 10
1884303,02 25 
1884691,66 75 
1885899,51 72 
1885943,32 70 
1887296,41 80 
1888127,07 83 
1889192,99 64 1068
1889834,18 62 615
1890041,06 151 
1890073,96 69 
1890582,67 93 
1891385,51 239 
1891577,32 103 
1891577,32 101 
1892490,65 100 
1892490,65 1
1892490,65 1895
1892490,65 11
1894498,72 25 
1894940,53 75 
1896149,87 72 
1896192,35 70 
1897538,52 80 
1898375,28 83 
1899220,65 64 847
1899433,27 62 192
1899640,98 150 
1899674,63 68 
1900188,55 92 
1900188,55 65 
1901173,14 103 
1901173,14 101 
1901686,77 100 
1901686,77 1
1901686,77 1895
1901686,77 10
1903695,03 25 
1903723,68 75 
1904930,87 72 
1904975,38 70 
1906323,84 80 
1907171,67 83 
1908204,92 64 1034
1908436,78 63 213
1908641,99 151 
1908679,62 69 
1909191,16 93 
1910182,77 103 
1910182,77 101 
1911096,08 100 
1911096,08 1
1911096,08 1895
1911096,08 11
1913104,36 25 
1913133 75 
1914340,26 72 
1914385,87 70 
1915737,37 80 
1916567,87 83 
1917485,56 64 919
1917713,25 62 200
1917918,74 150 
1917960,26 68 
1918470,73 92 
1918470,73 65 
1919458,88 103 
1919458,88 101 
1919972,51 100 
1919972,51 1
1919972,51 1895
1919972,51 11
1921980,63 25 
1922009,36 75 
1923216,39 72 
1923261,07 70 
1924609,8 80 
1925443,96 83 
1926022,31 64 579
1926253,42 62 210
1926459,97 150 
1926503,33 68 
1927015,5 92 
1927015,5 65 
1928001,92 103 
1928001,92 101 
1928515,55 100 
1928515,55 1
1928515,55 1895
1928515,55 10
1930523,7 25 
1930552,34 75 
1931759,62 72 
1931804,21 70 
1933154,98 80 
1933987,13 83 
1935367,84 64 1382
1935675,15 61 290
1935780,89 150 
1935819,72 68 
1936282,48 92 
1936282,48 65 
1937318,03 103 
1937318,03 101 
1937832,01 100 
1937832,01 1
1937832,01 1895
1937832,01 10
1939839,81 25 
1939868,59 75 
1941075,15 72 
1941120,31 70 
1942467,75 80 
1943449,79 83 
1944465,49 64 1016
1944873,47 239 
1944884,36 61 396
1944991,75 150 
1945028,89 68 
1945491,92 92 
1945491,92 65 
1946527,55 103 
1946527,55 101 
1947044,42 100 
1947044,42 1
1947044,42 1895
1947044,42 10
1949049,41 25 
1949077,98 75 
1950284,34 72 
1950329,91 70 
1951784,27 80 
1952739,2 83 
1953503,42 64 765
1953793,56 61 269
1953901,43 150 
1953945,1 68 
1954407,48 92 
1954407,48 65 
1955443,82 103 
1955443,82 101 
1955957,64 100 
1955957,64 1
1955957,64 1895
1955957,64 10
1957965,46 25 
1957995,05 75 
1959201,75 72 
1959352,68 70 
1960732,34 80 
1961682,12 83 
1962601,94 64 921
1962643,62 239 
1963066,07 61 439
1963173,33 150 
1963208,17 68 
1963666,5 92 
1963666,5 65 
1964706,65 103 
1964706,65 101 
1965220,32 100 
1965220,32 1
1965220,32 1895
1965220,32 11
1967228,35 25 
1967257,14 75 
1968464,32 72 
1968602,19 70 
1969983,55 80 
1970918,24 83 
1971621,97 64 705
1971832,8 62 183
1972039,5 150 
1972071,57 68 
1972582,9 92 
1972582,9 65 
1973569,5 103 
1973569,5 101 
1974083,17 100 
1974083,17 4
1974083,17 1895
1974083,17 10
1974083,17 78 
1976091,3 25 
1976119,96 75 
1977327,13 72 
1977478,55 70 
1978873,05 80 
1979808,04 83 
1980964,99 64 1158
1981316,44 61 323
1981422,6 151 
1981449,3 69 
1981907,93 93 
1982952,25 103 
1982952,25 101 
1983865,71 100 
1983865,71 4
1983865,71 1895
1983865,71 11
1985873,96 25 
1985902,57 75 
1987109,92 72 
1987261,06 70 
1988642,74 80 
1989577,21 83 
1990246,96 64 671
1990522,17 62 253
1990729,26 151 
1990765,09 69 
1991273,1 93 
1991720,81 239 
1992268,36 103 
1992268,36 101 
1993181,83 100 
1993181,83 4
1993181,83 1895
1993181,83 11
1995189,87 25 
1995299,16 75 
1996506,66 72 
1996644,06 70 
1998041,32 80 
1998999,83 83 
1999478,89 64 480
1999722,69 62 218
1999929,94 151 
1999961,25 69 
2000478,75 93 
2000489,75 239 
2001464,5 103 
2001464,5 101 
2002378,17 100 
2002378,17 4
2002378,17 1895
2002378,17 11
2004386,04 25 
2006067,3 75 
2007274,93 72 
2007412,61 70 
2008791,5 80 
2009728,78 83 
2010145,28 64 417
2010337,94 62 170
2010544,66 153 
2010588,12 68 
2011096,77 92 
2011096,77 65 
2012086,71 103 
2012086,71 101 
2012600,5 100 
2012600,5 4
2012600,5 1895
2012600,5 11
2014608,6 25 
2014637,22 75 
2015844,78 72 
2015888,95 70 
2017237,77 80 
2018071,95 83 
2018680,91 64 610
2018881,75 62 185
2019088,6 151 
2019126,68 69 
2019635,16 93 
2020629,68 103 
2020629,68 101 
2021543,17 100 
2021543,17 4
2021543,17 1895
2021543,17 10
2023551,19 25 
2023580,03 75 
2024786,96 72 
2024831,64 70 
2026180,51 80 
2027014,72 83 
2029149,35 64 2135
2029552,09 61 379
2029660,01 151 
2029699,97 69 
2030161,63 93 
2030977,75 183 
2031198,54 103 
2031198,54 101 
2032112,07 100 
2032112,07 4
2032112,07 1895
2032112,07 10
2034120,13 25 
2034148,98 75 
2035356,03 72 
2035400,8 70 
2036750,48 80 
2037584,1 83 
2038886,71 64 1304
2039191,71 63 290
2039396,95 151 
2039429,6 69 
2039938,62 93 
2040927,79 103 
2040927,79 101 
2041844,22 100 
2041844,22 4
2041844,22 1895
2041844,22 10
2043849,68 25 
2043878,05 75 
2045084,48 72 
2045130,13 70 
2046477,18 80 
2047312,78 83 
2048350,6 64 1039
2048662,69 63 285
2048869,93 151 
2048900,61 69 
2049409,15 93 
2050403,9 103 
2050403,9 101 
2051317,9 100 
2051317,9 4
2051317,9 1895
2051317,9 11
2053325,51 25 
2053593,86 75 
2054800,5 72 
2054845,99 70 
2056195,58 80 
2057029,16 83 
2057859,2 64 831
2058133,64 61 253
2058240,29 150 
2058275,52 68 
2058737,54 92 
2058737,54 65 
2059773,25 103 
2059773,25 101 
2060286,94 100 
2060286,94 4
2060286,94 1895
2060286,94 11
2062295,02 25 
2062323,92 75 
2063530,94 72 
2063575,67 70 
2064925,28 80 
2065758,44 83 
2066469,97 64 712
2066962,7 61 472
2067069,01 150 
2067111,77 68 
2067572,9 92 
2067572,9 65 
2068609,56 103 
2068609,56 101 
2069123,46 100 
2069123,46 4
2069123,46 1895
2069123,46 10
2071131,35 25 
2071160,23 75 
2072367,23 72 
2072411,87 70 
2073762,57 80 
2074594,84 83 
2075841,59 64 1248
2076122,29 61 262
2076227,62 151 
2076262,56 69 
2076723,54 93 
2077765,77 103 
2077765,77 101 
2078679,72 100 
2078679,72 4
2078679,72 1895
2078679,72 10
2080687,51 25 
2084634,29 75 
2085843,06 72 
2085886,33 70 
2087236,99 80 
2088069,26 83 
2088881,84 64 814
2089255,96 61 348
2089361,53 151 
2089390,32 69 
2089851,04 93 
2089974,98 239 
2090893,56 103 
2090893,56 101 
2091807,38 100 
2091807,38 4
2091807,38 1895
2091807,38 11
2093815,2 25 
2093844,59 75 
2095050,78 72 
2095095,61 70 
2095352,28 250 
2095371,86 101 
2097387,08 100 
2097387,08 4
2097387,08 1895
2097387,08 11
2097387,08 25 
2097415,8 75 
2098622,45 72 
2098636,99 70 
2099845,04 80 
2100690,46 83 
2101388,69 64 699
2101590,57 62 182
2101795,53 151 
2101825,27 69 
2102336,37 93 
2102609,04 239 
2103328,39 103 
2103328,39 101 
2104241,93 100 
2104241,93 4
2104241,93 1895
2104241,93 11
2106249,92 25 
2106278,66 75 
2107485,76 72 
2107530,37 70 
2108875,8 80 
2109740,14 83 
2110753,79 64 1015
2110991,76 61 213
2111099,51 150 
2111133,01 68 
2111594,76 92 
2111594,76 65 
2112631,31 103 
2112631,31 101 
2113145,35 100 
2113145,35 4
2113145,35 1895
2113145,35 10
2115153,07 25 
2115181,53 75 
2116387,59 72 
2116433,52 70 
2117784,17 80 
2118629,78 83 
2120020,12 64 1391
2120264,56 62 222
2120470,92 150 
2120502,43 68 
2121011,57 92 
2121011,57 65 
2122000,77 103 
2122000,77 101 
2122515,2 100 
2122515,2 4
2122515,2 1895
2122515,2 10
2124522,46 25 
2124551,15 75 
2125758,79 72 
2125803,97 70 
2127154,6 80 
2127985,91 83 
2128545,23 64 560
2128610,72 239 
2128950,69 62 380
2129157,46 150 
2129192,12 68 
2129700,69 92 
2129700,69 65 
2130690,25 103 
2130690,25 101 
2131203,89 100 
2131203,89 4
2131203,89 1895
2131203,89 11
2133211,99 25 
2133240,63 75 
2134446,91 72 
2134492,74 70 
2135842,96 80 
2136688,88 83 
2137715,41 64 1028
2137931,62 62 191
2138136,7 153 
2138175,22 68 
2138683,28 92 
2138683,28 65 
2139673,13 103 
2139673,13 101 
2140189,98 100 
2140189,98 4
2140189,98 1895
2140189,98 11
2142195,02 25 
2142223,65 75 
2143431,39 72 
2143475,64 70 
2144827,06 80 
2145658,28 83 
2146352,72 64 696
2146561,56 62 185
2146767,98 151 
2146806,62 69 
2147319,46 93 
2148309,53 103 
2148309,53 101 
2149223,43 100 
2149223,43 4
2149223,43 1895
2149223,43 10
2151231,11 25 
2151259,88 75 
2152466,67 72 
2152511,79 70 
2153859,42 80 
2154694,71 83 
2155549,55 64 856
2156020,75 61 448
2156128,64 151 
2156162,5 69 
2156625,56 93 
2157457,42 183 
2157665,66 103 
2157665,66 101 
2158579,19 100 
2158579,19 4
2158579,19 1895
2158579,19 10
2160587,38 25 
2160615,88 75 
2161823,71 72 
2161868,65 70 
2163217,1 80 
2164050,58 83 
2164889,59 64 840
2165171,04 63 255
2165376,75 153 
2165416,94 68 
2165930,33 92 
2165930,33 65 
2166915,17 103 
2166915,17 101 
2167428,79 100 
2167428,79 4
2167428,79 1895
2167428,79 11
2169436,9 25 
2169465,49 75 
2170672,63 72 
2170717,44 70 
2172069,65 80 
2172900,22 83 
2173711,58 64 813
2174012,41 239 
2174023,43 61 284
2174130,63 150 
2174172,78 68 
2174630,85 92 
2174630,85 65 
2175671,4 103 
2175671,4 101 
2176185,09 100 
2176185,09 4
2176185,09 1895
2176185,09 11
2178193,84 25 
2178221,63 75 
2179428,92 72 
2179473,78 70 
2180824,07 80 
2181657,04 83 
2182450,49 64 795
2182740,28 61 271
2182848,3 150 
2182889,32 68 
2183350,51 92 
2183350,51 65 
2184387,8 103 
2184387,8 101 
2184902,56 100 
2184902,56 4
2184902,56 1895
2184902,56 10
2186909,64 25 
2186938,97 75 
2188147,32 72 
2188190,01 70 
2189541,75 80 
2190373,52 83 
2190822,33 64 449
2191140,36 63 289
2191346 151 
2191379,26 69 
2191893,58 93 
2192877,59 103 
2192877,59 101 
2193791,06 100 
2193791,06 4
2193791,06 1895
2193791,06 10
2195799,19 25 
2195828,62 75 
2197034,53 72 
2197079,59 70 
2198430,51 80 
2199275,9 83 
2200516,77 64 1241
2200601,12 239 
2201330,09 62 789
2201536,33 150 
2201574,73 68 
2202084,68 92 
2202084,68 65 
2203073,38 103 
2203073,38 101 
2203587,42 100 
2203587,42 4
2203587,42 1895
2203587,42 11
2205595,1 25 
2205623,85 75 
2206832,38 72 
2206875,58 70 
2208224,6 80 
2209072,03 83 
2209937,17 64 866
2210170,56 62 206
2210376,92 151 
2210406,64 69 
2210918,25 93 
2211893,76 239 
2211923,23 103 
2211923,23 101 
2212836,52 100 
2212836,52 4
2212836,52 1895
2212836,52 11
2214844,77 25 
2214875,12 75 
2216082,53 72 
2216271,85 70 
2217701,17 80 
2218654,64 83 
2219522,53 64 868
2219919,97 61 373
2220026,98 150 
2220060,56 68 
2220519,54 92 
2220519,54 65 
2221559,07 103 
2221559,07 101 
2222072,75 100 
2222072,75 4
2222072,75 1895
2222072,75 10
2224080,84 25 
2224575,93 75 
2224753,24 250 
2224770,13 101 
2226786,48 100 
2226786,48 4
2226786,48 1895
2226786,48 10
2226786,48 25 
2229423,42 75 
2230629,99 72 
2230679,01 70 
2232028,85 80 
2232875,39 83 
2233702,41 64 828
2233944,49 62 217
2234150,31 150 
2234187,83 68 
2234696,33 92 
2234696,33 65 
2235686,51 103 
2235686,51 101 
2236203,92 100 
2236203,92 4
2236203,92 1895
2236203,92 10
2238208,19 25 
2238236,99 75 
2239445,36 72 
2239488,66 70 
2240838,32 80 
2241685,04 83 
2242730,51 64 1046
2242970,35 62 220
2243178,17 150 
2243210,87 68 
2243722,16 92 
2243722,16 65 
2244709,21 103 
2244709,21 101 
2245222,79 100 
2245222,79 4
2245222,79 1895
2245222,79 10
2247230,89 25 
2247259,57 75 
2248466,38 72 
2248511,67 70 
2249858,78 80 
2250707,62 83 
2251184,79 64 478
2251403,22 62 190
2251611,24 150 
2251647,04 68 
2252159,54 92 
2252159,54 65 
2253145,69 103 
2253145,69 101 
2253659,29 100 
2253659,29 4
2253659,29 1895
2253659,29 11
2255667,4 25 
2255696,24 75 
2256903,6 72 
2256948,06 70 
2258302,65 80 
2259144,19 83 
2260221,99 64 1079
2260793,47 61 543
2260900,13 150 
2260936,83 68 
2261396,89 92 
2261396,89 65 
2262435,13 103 
2262435,13 101 
2262948,98 100 
2262948,98 4
2262948,98 1895
2262948,98 11
2264956,84 25 
2264985,58 75 
2266193,55 72 
2266237,45 70 
2267586,23 80 
2268433,65 83 
2269579,25 64 1146
2269911,46 239 
2269921,98 61 316
2270027,88 150 
2270066,17 68 
2270526,89 92 
2270526,89 65 
2271564,62 103 
2271564,62 101 
2272078,4 100 
2272078,4 4
2272078,4 1895
2272078,4 11
2274086,41 25 
2274115,55 75 
2275323,17 72 
2275367,05 70 
2276718,45 80 
2277549,73 83 
2278491,23 64 942
2278799,48 239 
2278810,24 61 301
2278915,53 150 
2278955,83 68 
2279417,12 92 
2279417,12 65 
2280454,26 103 
2280454,26 101 
2280968,76 100 
2280968,76 4
2280968,76 1895
2280968,76 10
2282976,01 25 
2283005,34 75 
2284212,47 72 
2284256,51 70 
2285606,49 80 
2286452,78 83 
2287054,93 64 603
2287259,44 62 182
2287465,02 152 
2287494,51 69 
2288003,37 93 
2288997,37 103 
2288997,37 101 
2289911,01 100 
2289911,01 4
2289911,01 1895
2289911,01 10
2291918,85 25 
2291947,74 75 
2293155,07 72 
2293199,35 70 
2294550,69 80 
2295382,3 83 
2297231,05 64 1850
2297889,81 62 643
2298096,09 150 
2298134,31 68 
2298648,98 92 
2298648,98 65 
2299632,99 103 
2299632,99 101 
2300146,85 100 
2300146,85 4
2300146,85 1895
2300146,85 11
2302154,75 25 
2302184,15 75 
2303392,18 72 
2303435,15 70 
2304785,09 80 
2305618,27 83 
2305989,87 64 373
2306258,42 63 241
2306466,49 151 
2306499,41 69 
2307008,44 93 
2308002,77 103 
2308002,77 101 
2308916,7 100 
2308916,7 4
2308916,7 1895
2308916,7 11
2310924,31 25 
2311073,23 75 
2312281,75 72 
2312324,92 70 
2313683,05 80 
2314521,15 83 
2315429,21 64 909
2315828,57 239 
2315870,11 61 417
2315975,79 150 
2316007,67 68 
2316467,57 92 
2316467,57 65 
2317505,43 103 
2317505,43 101 
2318019,96 100 
2318019,96 4
2318019,96 1895
2318019,96 10
2320027,31 25 
2320056,25 75 
2321263,05 72 
2321427,85 70 
2322817,07 80 
2323757,29 83 
2324545,55 64 789
2324748,84 62 180
2324955,76 150 
2324989,88 68 
2325499,26 92 
2325499,26 65 
2326488,46 103 
2326488,46 101 
2327005,77 100 
2327005,77 4
2327005,77 1895
2327005,77 11
2329010,23 25 
2329039,64 75 
2330247,56 72 
2330290,79 70 
2331641,69 80 
2332487,65 83 
2333313,01 64 827
2333598,65 61 260
2333704,84 150 
2333746,44 68 
2334206,19 92 
2334206,19 65 
2335244,8 103 
2335244,8 101 
2335758,59 100 
2335758,59 4
2335758,59 1895
2335758,59 11
2337766,67 25 
2337795,38 75 
2339002,39 72 
2339048 70 
2340395,17 80 
2341243,34 83 
2342155,2 64 913
2342236,89 239 
2342631,99 61 457
2342742,74 150 
2342782,42 68 
2343243,64 92 
2343243,64 65 
2344281,02 103 
2344281,02 101 
2344794,67 100 
2344794,67 4
2344794,67 1895
2344794,67 10
2346802,88 25 
2348550,76 75 
2349760,38 72 
2349802,69 70 
2351152,76 80 
2351998,76 83 
2352745,1 64 747
2352979,38 62 208
2353184,66 150 
2353218,58 68 
2353731,22 92 
2353731,22 65 
2354716,47 103 
2354716,47 101 
2355230,11 100 
2355230,11 2
2355230,11 1895
2355230,11 10
2355230,11 78 
2357238,19 25 
2357267,93 75 
2358475,65 72 
2358518,71 70 
2359869,65 80 
2360714,95 83 
2361212,99 64 499
2361471,73 62 238
2361678,28 151 
2361716,56 69 
2362225,29 93 
2363219,62 103 
2363219,62 101 
2364133,54 100 
2364133,54 2
2364133,54 1895
2364133,54 11
2366141,12 25 
2368662,12 75 
2369868,37 72 
2369914,03 70 
2371262,68 80 
2372110,13 83 
2372890,29 64 781
2373262,94 61 354
2373367,44 151 
2373405,02 69 
2373867,54 93 
2374908,08 103 
2374908,08 101 
2375821,76 100 
2375821,76 2
2375821,76 1895
2375821,76 11
2377829,61 25 
2378445,38 75 
2379653,55 72 
2379696,44 70 
2381046,44 80 
2381879,46 83 
2382340,58 64 462
2382608,79 61 251
2382715,72 151 
2382752,2 69 
2383214,79 93 
2384250,77 103 
2384250,77 101 
2385164,39 100 
2385164,39 2
2385164,39 1895
2385164,39 10
2387172,34 25 
2387201,27 75 
2388410,92 72 
2388452,95 70 
2389803,54 80 
2390649,16 83 
2391120,29 64 472
2391337,97 62 197
2391545,27 151 
2391584,12 69 
2392096,93 93 
2393087,2 103 
2393087,2 101 
2394000,42 100 
2394000,42 2
2394000,42 1895
2394000,42 10
2396008,81 25 
2396850,38 75 
2396858,67 250 
2396871,48 101 
2398887,45 100 
2398887,45 2
2398887,45 1895
2398887,45 10
2398887,45 25 
2398912,25 75 
2400118,63 72 
2400167,9 70 
2401521,56 80 
2402350,83 83 
2403053,22 64 703
2403277,61 62 208
2403484,07 151 
2403512,58 69 
2404021,7 93 
2405015,46 103 
2405015,46 101 
2405928,88 100 
2405928,88 2
2405928,88 1895
2405928,88 10
2407937,12 25 
2407965,74 75 
2409173,53 72 
2409217,55 70 
2410566,21 80 
2411413,75 83 
2412205,81 64 793
2412509,54 63 283
2412714,71 151 
2412748,48 69 
2413258,31 93 
2413398,8 239 
2414251,59 103 
2414251,59 101 
2415164,99 100 
2415164,99 2
2415164,99 1895
2415164,99 11
2417173,3 25 
2417201,89 75 
2418409,07 72 
2418453,62 70 
2419803,59 80 
2420636,64 83 
2421474,06 64 838
2421966,83 61 465
2422071,43 153 
2422109,09 68 
2422572,45 92 
2422572,45 65 
2423607,87 103 
2423607,87 101 
2424124,74 100 
2424124,74 2
2424124,74 1895
2424124,74 11
2426129,61 25 
2426158,26 75 
2427365,82 72 
2427543,6 70 
2428985,1 80 
2429939,46 83 
2430769,08 64 831
2431098,38 61 307
2431206,56 151 
2431234,43 69 
2431691,93 93 
2432086,35 239 
2432737,38 103 
2432737,38 101 
2433650,82 100 
2433650,82 2
2433650,82 1895
2433650,82 10
2435659,05 25 
2444777,01 75 
2445986,3 72 
2446135,62 70 
2447493,99 80 
2448332,1 83 
2448809,32 64 478
2448950,38 239 
2449298,11 61 461
2449405,72 152 
2449439,97 69 
2449902,92 93 
2450292,25 239 
2450956,4 103 
2450956,4 101 
2451869,84 100 
2451869,84 2
2451869,84 1895
2451869,84 11
2453878 25 
2453906,72 75 
2455113,61 72 
2455158,41 70 
2456506,75 80 
2457341,5 83 
2458345,98 64 1006
2458738,17 239 
2458756,76 61 390
2458863,07 151 
2458902,54 69 
2459360,12 93 
2460405,76 103 
2460405,76 101 
2461319,26 100 
2461319,26 2
2461319,26 1895
2461319,26 10
2463327,32 25 
2463569,31 75 
2464778,57 72 
2464821,24 70 
2466172,2 80 
2467018,02 83 
2467493,14 64 477
2467691,06 62 168
2467899 151 
2467938,74 69 
2471257,86 239 
2471990,35 183 
2472039,42 183 
2472883,42 183 
2473432,05 181 
2474021 182 
2474519,18 93 
2474533,16 103 
2474533,16 101 
2475446,84 100 
2475446,84 2
2475446,84 1895
2475446,84 10
2477454,7 25 
2477563,39 75 
2477584 250 
2477597,65 101 
2479614 100 
2479614 2
2479614 1895
2479614 10
2479614 25 
2483263,76 75 
2484473,13 72 
2484519,44 70 
2485868,6 80 
2486702,39 83 
2487516,82 64 816
2487900,98 61 360
2488008,15 150 
2488041,89 68 
2488502,08 92 
2488502,08 65 
2489540,31 103 
2489540,31 101 
2490053,92 100 
2490053,92 2
2490053,92 1895
2490053,92 11
2492062,05 25 
2492090,73 75 
2493298,2 72 
2493342,5 70 
2494694,22 80 
2495538,84 83 
2496332,89 64 795
2496657,56 61 307
2496765,32 151 
2496798,97 69 
2497260,81 93 
2498296,56 103 
2498296,56 101 
2499210,15 100 
2499210,15 2
2499210,15 1895
2499210,15 10
2501218,12 25 
2504845,35 75 
2506052,9 72 
2506097,08 70 
2507444,52 80 
2508293,34 83 
2509759,14 64 1467
2509834,05 239 
2510637,9 61 853
2510745,94 150 
2510778,72 68 
2511239,13 92 
2511239,13 65 
2512277,41 103 
2512277,41 101 
2512790,96 100 
2512790,96 2
2512790,96 1895
2512790,96 10
2514799,1 25 
2514827,87 75 
2516034,93 72 
2516079,67 70 
2517426,3 80 
2518262,58 83 
2518924,88 64 663
2519185,97 239 
2519196,68 61 256
2519304,14 150 
2519348,52 68 
2519809,01 92 
2519809,01 65 
2520847,12 103 
2520847,12 101 
2521360,74 100 
2521360,74 2
2521360,74 1895
2521360,74 11
2523368,9 25 
2523397,61 75 
2524605,72 72 
2524649,33 70 
2525999,25 80 
2526845,57 83 
2527020,43 64 175
2527257,22 63 212
2527464,16 150 
2527505,52 68 
2528017,69 92 
2528017,69 65 
2529003,8 103 
2529003,8 101 
2529517,52 100 
2529517,52 2
2529517,52 1895
2529517,52 11
2531525,43 25 
2531554,27 75 
2532763,02 72 
2532805,92 70 
2534155,41 80 
2535002,27 83 
2535294,29 64 293
2535586,72 63 266
2535794,09 150 
2535835,48 68 
2536351,09 92 
2536351,09 65 
2537333,62 103 
2537333,62 101 
2537850,69 100 
2537850,69 2
2537850,69 1895
2537850,69 11
2539855,28 25 
2539885,03 75 
2541092,95 72 
2541135,93 70 
2542488,43 80 
2543332,03 83 
2543796,35 64 465
2544038,27 63 214
2544245,13 150 
2544284,79 68 
2544797,95 92 
2544797,95 65 
2545783,36 103 
2545783,36 101 
2546297,11 100 
2546297,11 2
2546297,11 1895
2546297,11 11
2548305,06 25 
2548333,9 75 
2549540,09 72 
2549719,07 70 
2551210,79 80 
2552248,35 83 
2552721 64 474
2553030,79 61 290
2553135,92 151 
2553174,35 69 
2553636,78 93 
2554672,97 103 
2554672,97 101 
2555586,41 100 
2555586,41 2
2555586,41 1895
2555586,41 11
2557594,47 25 
2557623,33 75 
2558830,37 72 
2559009,09 70 
2560435,41 80 
2561377,9 83 
2561872,51 64 495
2562167,73 63 270
2562372,94 150 
2562410,87 68 
2562925,12 92 
2562925,12 65 
2563909,14 103 
2563909,14 101 
2564424 100 
2564424 2
2564424 1895
2564424 10
2566431,08 25 
2566459,48 75 
2567666,72 72 
2567711,32 70 
2569058,8 80 
2569894,22 83 
2570825,39 64 932
2571226,75 61 374
2571334,09 152 
2571362,23 69 
2571820,87 93 
2572678,76 239 
2572865,4 103 
2572865,4 101 
2573778,8 100 
2573778,8 2
2573778,8 1895
2573778,8 10
2575786,92 25 
2576508,65 75 
2577717,71 72 
2577760,58 70 
2579111,32 80 
2579956,76 83 
2580889,55 64 933
2581255,91 239 
2581350,63 61 436
2581457,15 150 
2581495,88 68 
2581958,97 92 
2581958,97 65 
2582994,46 103 
2582994,46 101 
2583508,16 100 
2583508,16 2
2583508,16 1895
2583508,16 11
2585516,18 25 
2585545,02 75 
2586752,87 72 
2586796,86 70 
2588146,59 80 
2588980,35 83 
2589512,09 64 533
2589799,36 63 261
2590006,23 150 
2590039,03 68 
2590551,84 92 
2590551,84 65 
2591537,53 103 
2591537,53 101 
2592051,19 100 
2592051,19 2
2592051,19 1895
2592051,19 11
2594059,33 25 
2594088,11 75 
2595294,88 72 
2595339,81 70 
2596689,81 80 
2597536 83 
2597856,2 64 321
2598186,42 63 304
2598392,43 150 
2598436,47 68 
2598943,87 92 
2598943,87 65 
2599934,01 103 
2599934,01 101 
2600447,9 100 
2600447,9 2
2600447,9 1895
2600447,9 10
2602455,73 25 
2602484,4 75 
2603690,57 72 
2603736,22 70 
2605086,84 80 
2605932,48 83 
2606742,24 64 811
2607046,62 63 289
2607251,57 151 
2607281,24 69 
2607791,72 93 
2608783,69 103 
2608783,69 101 
2609697,31 100 
2609697,31 2
2609697,31 1895
2609697,31 10
2611705,22 25 
2611734,07 75 
2612942,39 72 
2612985,86 70 
2614334,48 80 
2615168,75 83 
2618597,26 64 3429
2619027,34 239 
2619038,16 61 418
2619144,38 150 
2619187,83 68 
2619648,06 92 
2619648,06 65 
2620685,41 103 
2620685,41 101 
2621198,99 100 
2621198,99 2
2621198,99 1895
2621198,99 10
2623207,08 25 
2623235,53 75 
2624442,54 72 
2624487,8 70 
2625842,07 80 
2626683,88 83 
2627555,51 64 872
2627856,44 239 
2627873,84 61 298
2627981,73 150 
2628023,29 68 
2628485,29 92 
2628485,29 65 
2629521,64 103 
2629521,64 101 
2630038,32 100 
2630038,32 2
2630038,32 1895
2630038,32 11
2632043,35 25 
2632072,2 75 
2633280,29 72 
2633323,84 70 
2634676,54 80 
2635520,23 83 
2636091,52 64 573
2636346,96 63 228
2636552,53 150 
2636593,04 68 
2637107,18 92 
2637107,18 65 
2638091,43 103 
2638091,43 101 
2638605,04 100 
2638605,04 2
2638605,04 1895
2638605,04 10
2640613,08 25 
2640642,88 75 
2641850,35 72 
2641893,71 70 
2643242,64 80 
2644076,58 83 
2644585,82 64 510
2644856,12 63 247
2645061,25 151 
2645095,95 69 
2645605,41 93 
2646594,54 103 
2646594,54 101 
2647509,11 100 
2647509,11 2
2647509,11 1895
2647509,11 11
2649516,21 25 
2650264,48 75 
2651343,43 250 
2651351,58 101 
2653367,77 100 
2653367,77 2
2653367,77 1895
2653367,77 11
2653367,77 25 
2653392,46 75 
2654599,26 72 
2654648,26 70 
2655995,87 80 
2656831,46 83 
2657145,38 64 315
2657415,01 63 252
2657621,16 150 
2657663,97 68 
2658177,16 92 
2658177,16 65 
2659162,55 103 
2659162,55 101 
2659676,16 100 
2659676,16 2
2659676,16 1895
2659676,16 10
2661684,38 25 
2661713,04 75 
2662920,68 72 
2663098,4 70 
2664596,15 80 
2665560,84 83 
2665800,88 64 241
2666065,63 63 240
2666272,59 153 
2666313,78 68 
2666826,29 92 
2666826,29 65 
2667812,27 103 
2667812,27 101 
2668325,94 100 
2668325,94 2
2668325,94 1895
2668325,94 10
2670334,01 25 
2670362,81 75 
2671570,56 72 
2671614,44 70 
2673061,23 80 
2673997,41 83 
2674245,02 64 249
2674525,9 63 263
2674731,57 151 
2674759,11 69 
2675268,08 93 
2676262,07 103 
2676262,07 101 
2677175,7 100 
2677175,7 2
2677175,7 1895
2677175,7 11
2679183,72 25 
2679212,23 75 
2680420,73 72 
2680571,21 70 
2681972,44 80 
2682926,9 83 
2684148,72 64 1223
2684415,12 239 
2684425,85 61 260
2684536,14 151 
2684568,11 69 
2685027,97 93 
2686071,35 103 
2686071,35 101 
2686984,74 100 
2686984,74 2
2686984,74 1895
2686984,74 10
2688992,85 25 
2697764,58 75 
2697781,61 250 
2697798,83 101 
2699814,96 100 
2699814,96 2
2699814,96 1895
2699814,96 10
2699814,96 25 
2699840,32 75 
2701047,95 72 
2701189,07 70 
2702571,41 80 
2703504,99 83 
2703738,51 64 234
2704005,05 63 248
2704211,11 151 
2704239,89 69 
2704749,89 93 
2704938,79 239 
2705743,12 103 
2705743,12 101 
2706657,57 100 
2706657,57 2
2706657,57 1895
2706657,57 11
2708664,57 25 
2708853,24 75 
2710061,56 72 
2710211,82 70 
2711593,14 80 
2712541,19 83 
2712892,65 64 353
2713154,75 63 242
2713362,97 150 
2713401,31 68 
2713914,65 92 
2713914,65 65 
2714899,92 103 
2714899,92 101 
2715413,03 100 
2715413,03 2
2715413,03 1895
2715413,03 10
2717421,07 25 
2717449,83 75 
2718657,56 72 
2718794,9 70 
2720156,34 80 
2721004,31 83 
2721461,39 64 458
2721735,85 63 253
2721946,19 151 
2721979,96 69 
2722488,92 93 
2723482,3 103 
2723482,3 101 
2724395,69 100 
2724395,69 2
2724395,69 1895
2724395,69 11
2726404,01 25 
2726432,46 75 
2727640,3 72 
2727684,67 70 
2729035,46 80 
2729880,57 83 
2730590,23 64 710
2730904,35 61 291
2731009,55 151 
2731041,94 69 
2731500,34 93 
2732545,18 103 
2732545,18 101 
2733462,53 100 
2733462,53 2
2733462,53 1895
2733462,53 10
2735466,73 25 
2735949,35 75 
2737158,57 72 
2737200,4 70 
2738551,26 80 
2739396,61 83 
2740685,83 64 1290
2741363,62 239 
2741374,26 61 672
2741482,35 150 
2741522,28 68 
2741979,57 92 
2741979,57 65 
2743020,81 103 
2743020,81 101 
2743535,54 100 
2743535,54 2
2743535,54 1895
2743535,54 11
2745542,84 25 
2745571,3 75 
2746777,63 72 
2746822,98 70 
2748171,07 80 
2749019,41 83 
2749435,56 64 418
2749675 63 217
2749883,28 150 
2749918,75 68 
2750428,73 92 
2750428,73 65 
2751417,38 103 
2751417,38 101 
2751930,95 100 
2751930,95 2
2751930,95 1895
2751930,95 10
2753939,19 25 
2753968,04 75 
2755174,65 72 
2755219,57 70 
2756568,14 80 
2757415,73 83 
2758185,98 64 771
2758484,17 63 270
2758690,22 151 
2758723,66 69 
2759234,77 93 
2759399,09 239 
2760226,98 103 
2760226,98 101 
2761140,41 100 
2761140,41 2
2761140,41 1895
2761140,41 11
2763148,51 25 
2766375,71 75 
2767583,93 72 
2767627,97 70 
2768978,24 80 
2769823,88 83 
2770483,45 64 660
2770551,74 239 
2770914,36 61 411
2771021,15 151 
2771051,85 69 
2771514,97 93 
2772555,1 103 
2772555,1 101 
2773468,88 100 
2773468,88 2
2773468,88 1895
2773468,88 10
2775476,71 25 
2775505,35 75 
2776712,27 72 
2776757,23 70 
2778106,03 80 
2778953,47 83 
2780721,47 64 1769
2781027,7 63 290
2781233,06 151 
2781261 69 
2781770,06 93 
2782764,21 103 
2782764,21 101 
2783677,74 100 
2783677,74 2
2783677,74 1895
2783677,74 11
2785685,78 25 
2785714,45 75 
2786921,6 72 
2786967,27 70 
2788316,08 80 
2789162,43 83 
2789755,76 64 595
2790048,17 61 272
2790152,95 153 
2790195,17 68 
2790657,59 92 
2790657,59 65 
2791693,8 103 
2791693,8 101 
2792207,41 100 
2792207,41 2
2792207,41 1895
2792207,41 11
2794215,48 25 
2794244,02 75 
2795451,77 72 
2795495,94 70 
2796845,98 80 
2797679,1 83 
2798594,32 64 916
2799284,46 61 673
2799392,05 151 
2799426,77 69 
2799884,77 93 
2800929,95 103 
2800929,95 101 
2801843,45 100 
2801843,45 2
2801843,45 1895
2801843,45 10
2803851,47 25 
2804772,98 75 
2804824,96 250 
2804834,01 101 
2806849,99 100 
2806849,99 2
2806849,99 1895
2806849,99 10
2806849,99 25 
2809033,94 75 
2810242,6 72 
2810290,95 70 
2811644,09 80 
2812485,98 83 
2813259,3 64 774
2813704,37 239 
2813734,88 61 450
2813842,16 150 
2813878,98 68 
2814338,64 92 
2814338,64 65 
2815377,25 103 
2815377,25 101 
2815890,81 100 
2815890,81 2
2815890,81 1895
2815890,81 10
2817899,12 25 
2817927,71 75 
2819135,32 72 
2819312,71 70 
2820677,32 80 
2821628,85 83 
2822536,03 64 908
2822823,64 61 263
2822929,67 150 
2822968,18 68 
2823426,91 92 
2823426,91 65 
2824466,9 103 
2824466,9 101 
2824980,32 100 
2824980,32 2
2824980,32 1895
2824980,32 11
2826988,52 25 
2827017,26 75 
2828224,37 72 
2828270,42 70 
2829617,64 80 
2830465,15 83 
2830835,58 64 372
2831073,12 63 209
2831280,07 150 
2831311,6 68 
2831819,94 92 
2831819,94 65 
2832809,87 103 
2832809,87 101 
2832877,9 102 
