0 100 
0 4
0 1592
0 11
1995 25 
2072 75 
2868 72 
2868 70 
3909 80 
4319 83 
4771 64 
4986 256 
5003 62 
5023 62 
5023 151 
5023 69 
5108 93 
6556 103 
6556 101 
7465 100 
7465 4
7465 1592
7465 11
9466 25 
9526 75 
10311 72 
10311 70 
11151 80 
11623 83 
11782 64 
12200 256 
12347 61 
12360 61 
12360 150 
12360 68 
12360 65
12444 92 
12755 90 
13889 103 
13889 101 
14409 100 
14409 4
14409 1592
14409 10
16410 25 
16470 75 
17259 72 
17259 70 
18085 80 
19238 76 
19887 76 
19962 83 
20102 64 
20307 256 
20325 62 
20342 62 
20342 150 
20342 68 
20342 65
20422 92 
21870 103 
21870 101 
22381 100 
22381 4
22381 1592
22381 10
24380 25 
24440 75 
25229 72 
25229 70 
26084 80 
26873 76 
26951 83 
27081 64 
27265 62 
27285 62 
27285 152 
27285 69 
27364 93 
28618 91 
28820 103 
28820 101 
29736 100 
29736 4
29736 1592
29736 11
31734 25 
31783 75 
32565 72 
32565 70 
33403 80 
33794 83 
33900 64 
34143 62 
34159 62 
34159 151 
34159 69 
34247 93 
35687 103 
35687 101 
36599 100 
36599 4
36599 1592
36599 11
38601 25 
38661 75 
39446 72 
39446 70 
40187 80 
41052 76 
41203 83 
41245 64 
41831 61 
41850 61 
41850 150 
41850 68 
41850 65
41928 92 
42266 90 
43377 103 
43377 101 
43889 100 
43889 4
43889 1592
43889 11
45889 25 
45952 75 
46733 72 
46733 70 
47461 80 
48037 76 
48495 76 
48619 83 
48674 64 
48906 61 
48923 61 
48923 150 
48923 68 
48923 65
49002 92 
50443 103 
50443 101 
50951 100 
50951 4
50951 1592
50951 10
52952 25 
53014 75 
53801 72 
53801 70 
54522 80 
55387 76 
55460 83 
55493 64 
55762 62 
55783 62 
55783 150 
55783 68 
55783 65
55868 92 
57312 103 
57312 101 
57816 100 
57816 4
57816 1592
57816 10
59815 25 
59865 75 
60652 72 
60652 70 
61379 80 
62141 76 
62678 76 
63188 76 
63260 83 
63365 64 
63571 62 
63593 62 
63593 150 
63593 68 
63593 65
63673 92 
65122 103 
65122 101 
65640 100 
65640 4
65640 1592
65640 10
67640 25 
67702 75 
68490 72 
68490 70 
69221 80 
69705 76 
69786 83 
69820 64 
70035 256 
70292 62 
70312 62 
70312 150 
70312 68 
70312 65
70381 92 
71363 90 
71836 103 
71836 101 
72343 100 
72343 4
72343 1592
72343 10
74343 25 
74392 75 
75173 72 
75173 70 
75896 80 
76610 76 
76685 83 
76758 64 
76952 62 
76968 62 
76968 150 
76968 68 
76968 65
77054 92 
78498 103 
78498 101 
79006 100 
79006 4
79006 1592
79006 10
81009 25 
81069 75 
81851 72 
81851 70 
82584 80 
83346 76 
83796 76 
84311 76 
84389 83 
84514 64 
84710 62 
84727 62 
84727 150 
84727 68 
84727 65
84803 92 
86258 103 
86258 101 
86779 100 
86779 4
86779 1592
86779 10
88778 25 
89020 75 
89801 72 
89801 70 
90538 80 
91304 76 
91381 83 
91453 64 
91706 62 
91728 62 
91728 150 
91728 68 
91728 65
91807 92 
93250 103 
93250 101 
93764 100 
93764 4
93764 1592
93764 11
95764 25 
95823 75 
96605 72 
96605 70 
97332 80 
97715 83 
97836 64 
98136 61 
98157 61 
98157 152 
98157 69 
98229 93 
99676 103 
99676 101 
100586 100 
100586 4
100586 1592
100586 11
102584 25 
102635 75 
103423 72 
103423 70 
104154 80 
104534 83 
104798 64 
106033 61 
106049 61 
106049 150 
106049 68 
106049 65
106127 92 
106479 90 
107580 103 
107580 101 
108089 100 
108089 4
108089 1592
108089 11
110090 25 
110156 75 
110943 72 
110943 70 
111678 80 
112423 76 
112881 76 
113018 83 
113071 64 
113380 61 
113401 61 
113401 150 
113401 68 
113401 65
113479 92 
114497 90 
114928 103 
114928 101 
115431 100 
115431 4
115431 1592
115431 11
117432 25 
117494 75 
118280 72 
118280 70 
119019 80 
119706 76 
119784 83 
119949 64 
120206 61 
120226 61 
120226 150 
120226 68 
120226 65
120299 92 
121749 103 
121749 101 
122270 100 
122270 4
122270 1592
122270 10
124271 25 
124331 75 
125119 72 
125119 70 
125860 80 
126622 76 
127098 76 
127179 83 
127284 64 
127483 256 
127502 62 
127523 62 
127523 150 
127523 68 
127523 65
127607 92 
129050 103 
129050 101 
129561 100 
129561 4
129561 1592
129561 11
131561 25 
131621 75 
132405 72 
132405 70 
133128 80 
134068 76 
134141 83 
134259 64 
134499 256 
134517 61 
134538 61 
134538 150 
134538 68 
134538 65
134620 92 
135688 90 
136061 103 
136061 101 
136568 100 
136568 4
136568 1592
136568 10
138571 25 
138632 75 
139417 72 
139417 70 
140345 80 
141046 76 
141123 83 
141171 64 
141420 62 
141442 62 
141442 150 
141442 68 
141442 65
141516 92 
142964 103 
142964 101 
143472 100 
143472 4
143472 1592
143472 11
143472 79 
145475 25 
148536 75 
149324 72 
149324 70 
149823 71 
151991 71 
152436 80 
152948 83 
153192 64 
153601 61 
153622 61 
153622 152 
153622 69 
153705 93 
155144 103 
155144 101 
156057 100 
156057 4
156057 1592
156057 10
158055 25 
158104 75 
158885 72 
158885 70 
159735 80 
160122 83 
160170 64 
160479 62 
160500 62 
160500 150 
160500 68 
160500 65
160581 92 
162026 103 
162026 101 
162548 100 
162548 4
162548 1592
162548 10
164546 25 
164607 75 
165392 72 
165392 70 
166125 80 
166514 83 
166540 64 
166696 256 
166714 62 
166737 62 
166737 150 
166737 68 
166737 65
166813 92 
168265 103 
168265 101 
168781 100 
168781 3
168781 1592
168781 10
168781 78 
168781 781 
170785 25 
170846 75 
171627 72 
171627 70 
172357 80 
173068 76 
173143 83 
173197 64 
173392 62 
173408 62 
173408 150 
173408 68 
173408 65
173491 92 
174937 103 
174937 101 
175447 100 
175447 3
175447 1592
175447 11
177449 25 
177509 75 
179104 73 
179808 72 
179808 70 
180537 80 
182837 76 
182993 83 
183239 64 
183524 256 
183544 61 
183561 61 
183561 151 
183561 69 
183635 93 
185079 103 
185079 101 
185987 100 
185987 3
185987 1592
185987 10
187989 25 
188051 75 
188834 72 
188834 70 
189561 80 
190654 76 
190728 83 
190883 64 
191074 62 
191091 62 
191091 150 
191091 68 
191091 65
191166 92 
192613 103 
192613 101 
193120 100 
193120 3
193120 1592
193120 11
195120 25 
195182 75 
195969 72 
195969 70 
196708 80 
197083 83 
197198 64 
198675 61 
198691 61 
198691 151 
198691 69 
198770 93 
200219 103 
200219 101 
201132 100 
201132 3
201132 1592
201132 10
203130 25 
203192 75 
203977 72 
203977 70 
204707 80 
205272 76 
205345 83 
205396 64 
205609 62 
205627 62 
205627 150 
205627 68 
205627 65
205711 92 
207154 103 
207154 101 
207661 100 
207661 3
207661 1592
207661 11
209660 25 
209716 75 
209927 73 
210716 72 
210716 70 
211442 80 
211823 83 
212040 64 
212280 63 
212296 63 
212296 150 
212296 68 
212296 65
212365 92 
213815 103 
213815 101 
214323 100 
214323 3
214323 1592
214323 11
216326 25 
217599 75 
218382 72 
218382 70 
219113 80 
219488 83 
219779 64 
220090 63 
220112 63 
220112 150 
220112 68 
220112 65
220194 92 
221638 103 
221638 101 
222147 100 
222147 3
222147 1592
222147 10
224147 25 
224197 75 
224985 72 
224985 70 
225720 80 
226392 76 
226846 76 
226919 83 
227059 64 
227234 256 
227253 62 
227271 62 
227271 150 
227271 68 
227271 65
227351 92 
228015 90 
228796 103 
228796 101 
229306 100 
229306 3
229306 1592
229306 11
231305 25 
231371 75 
232154 72 
232154 70 
232884 80 
233270 83 
233375 64 
233757 256 
233778 63 
233798 63 
233798 150 
233798 68 
233798 65
233879 92 
235328 103 
235328 101 
235834 100 
235834 3
235834 1592
235834 11
237837 25 
238302 75 
239089 72 
239089 70 
243667 250 
243764 71 
244085 80 
244462 83 
245945 64 
247289 61 
247306 61 
247306 151 
247306 69 
247372 93 
248324 91 
248828 103 
248828 101 
249735 100 
249735 3
249735 1592
249735 11
251737 25 
252900 75 
253682 72 
253682 70 
254412 80 
254794 83 
255467 64 
256766 256 
256787 62 
256804 62 
256804 153 
256804 68 
256804 65
256877 92 
257286 90 
258333 103 
258333 101 
258853 100 
258853 3
258853 1592
258853 11
260853 25 
260916 75 
261701 72 
261701 70 
262688 80 
263575 76 
263650 83 
263716 64 
263953 62 
263976 62 
263976 151 
263976 69 
264051 93 
265197 91 
265508 103 
265508 101 
266428 100 
266428 3
266428 1592
266428 10
268428 25 
268485 75 
269269 72 
269269 70 
270179 80 
270649 83 
270886 64 
271106 62 
271126 62 
271126 150 
271126 68 
271126 65
271202 92 
272649 103 
272649 101 
273169 100 
273169 3
273169 1592
273169 10
275169 25 
275235 75 
276019 72 
276019 70 
276865 80 
277303 83 
278314 64 
278471 256 
278490 62 
278506 62 
278506 150 
278506 68 
278506 65
278576 92 
280028 103 
280028 101 
280540 100 
280540 3
280540 1592
280540 10
282540 25 
282598 75 
283379 72 
283379 70 
284220 80 
285107 76 
285228 83 
285334 64 
285539 62 
285560 62 
285560 150 
285560 68 
285560 65
285646 92 
287088 103 
287088 101 
287600 100 
287600 3
287600 1592
287600 10
289601 25 
289667 75 
290457 72 
290457 70 
291300 80 
292047 76 
292121 83 
292226 64 
292393 62 
292409 62 
292409 150 
292409 68 
292409 65
292483 92 
293929 103 
293929 101 
294436 100 
294436 3
294436 1592
294436 11
296437 25 
296499 75 
297287 72 
297287 70 
298128 80 
298533 83 
298588 64 
298838 63 
298859 63 
298859 150 
298859 68 
298859 65
298938 92 
300381 103 
300381 101 
300888 100 
300888 3
300888 1592
300888 11
302889 25 
305092 75 
305879 72 
305879 70 
306720 80 
307189 83 
308009 64 
308986 256 
309005 62 
309022 62 
309022 151 
309022 69 
309096 93 
310552 103 
310552 101 
311470 100 
311470 3
311470 1592
311470 10
313471 25 
313533 75 
314317 72 
314317 70 
315045 80 
315700 76 
315770 83 
315871 64 
316055 256 
316075 62 
316091 62 
316091 150 
316091 68 
316091 65
316164 92 
317610 103 
317610 101 
318123 100 
318123 3
318123 1592
318123 10
320121 25 
320184 75 
320973 72 
320973 70 
321710 80 
322711 76 
322785 83 
322944 64 
323131 62 
323152 62 
323152 150 
323152 68 
323152 65
323234 92 
324676 103 
324676 101 
325184 100 
325184 3
325184 1592
325184 10
327184 25 
327234 75 
328021 72 
328021 70 
328753 80 
329491 76 
329938 76 
330010 83 
330153 64 
330362 62 
330378 62 
330378 150 
330378 68 
330378 65
330449 92 
331896 103 
331896 101 
332409 100 
332409 3
332409 1592
332409 11
334407 25 
334462 75 
335249 72 
335249 70 
335983 80 
336468 76 
336559 83 
336661 64 
336937 63 
336955 63 
336955 150 
336955 68 
336955 65
337043 92 
338483 103 
338483 101 
338990 100 
338990 3
338990 1592
338990 10
340991 25 
341041 75 
341826 72 
341826 70 
342543 80 
343387 76 
343497 76 
343620 83 
343685 64 
343886 256 
343904 62 
343920 62 
343920 150 
343920 68 
343920 65
343996 92 
345444 103 
345444 101 
345962 100 
345962 3
345962 1592
345962 11
347964 25 
348025 75 
348808 72 
348808 70 
349540 80 
350131 76 
350277 83 
350311 64 
350609 63 
350631 63 
350631 150 
350631 68 
350631 65
350713 92 
352161 103 
352161 101 
352681 100 
352681 3
352681 1592
352681 11
354680 25 
354743 75 
355524 72 
355524 70 
356256 80 
356986 76 
357113 83 
357189 64 
357410 63 
357426 63 
357426 150 
357426 68 
357426 65
357500 92 
358959 103 
358959 101 
359464 100 
359464 3
359464 1592
359464 10
361463 25 
361525 75 
362307 72 
362307 70 
363031 80 
363414 83 
363444 64 
363640 62 
363660 62 
363660 150 
363660 68 
363660 65
363736 92 
365179 103 
365179 101 
365689 100 
365689 3
365689 1592
365689 11
367687 25 
367737 75 
368526 72 
368526 70 
369263 80 
369637 83 
370338 64 
370546 63 
370564 63 
370564 152 
370564 69 
370637 93 
371106 91 
372087 103 
372087 101 
373005 100 
373005 3
373005 1592
373005 10
375005 25 
375067 75 
375856 72 
375856 70 
376586 80 
376969 83 
377061 64 
377361 62 
377378 62 
377378 150 
377378 68 
377378 65
377465 92 
378904 103 
378904 101 
379414 100 
379414 3
379414 1592
379414 11
381417 25 
381482 75 
382267 72 
382267 70 
383008 80 
383392 83 
383617 64 
384214 61 
384231 61 
384231 151 
384231 69 
384305 93 
385206 91 
385757 103 
385757 101 
386664 100 
386664 3
386664 1592
386664 11
388666 25 
388728 75 
389517 72 
389517 70 
390254 80 
390623 83 
391306 64 
393436 62 
393452 62 
393452 151 
393452 69 
393526 93 
394981 103 
394981 101 
395889 100 
395889 3
395889 1592
395889 10
397888 25 
398069 75 
398857 72 
398857 70 
399601 80 
399989 83 
401235 64 
401448 256 
401467 62 
401489 62 
401489 150 
401489 68 
401489 65
401570 92 
403017 103 
403017 101 
403526 100 
403526 3
403526 1592
403526 11
405524 25 
405574 75 
406360 72 
406360 70 
407097 80 
407477 83 
408315 64 
408785 63 
408802 63 
408802 150 
408802 68 
408802 65
408883 92 
409386 90 
410331 103 
410331 101 
410847 100 
410847 3
410847 1592
410847 10
410847 79 
412847 25 
412904 75 
413688 72 
413688 70 
414667 80 
415115 83 
415649 64 
415828 62 
415849 62 
415849 152 
415849 69 
415924 93 
417075 91 
417375 103 
417375 101 
418291 100 
418291 5
418291 1592
418291 11
418291 78 
418291 781 
420294 25 
420358 75 
421145 72 
421145 70 
421881 80 
422256 83 
423545 64 
424901 61 
424917 61 
424917 151 
424917 69 
424994 93 
426109 91 
426444 103 
426444 101 
427354 100 
427354 5
427354 1592
427354 10
429354 25 
429411 75 
430193 72 
430193 70 
430925 80 
431309 83 
431520 64 
431780 62 
431801 62 
431801 151 
431801 69 
431873 93 
433041 91 
433326 103 
433326 101 
434232 100 
434232 5
434232 1592
434232 11
436233 25 
436294 75 
437082 72 
437082 70 
437818 80 
438194 83 
438312 64 
440381 62 
440398 62 
440398 150 
440398 68 
440398 65
440466 92 
440940 90 
441918 103 
441918 101 
442428 100 
442428 5
442428 1592
442428 10
444429 25 
444491 75 
445277 72 
445277 70 
446016 80 
446392 83 
447386 64 
448913 61 
448929 61 
448929 151 
448929 69 
448996 93 
450449 103 
450449 101 
451357 100 
451357 5
451357 1592
451357 11
453359 25 
453421 75 
454208 72 
454208 70 
454946 80 
455323 83 
456412 64 
457420 256 
457440 62 
457456 62 
457456 150 
457456 68 
457456 65
457529 92 
457898 90 
458978 103 
458978 101 
459488 100 
459488 5
459488 1592
459488 10
461487 25 
461543 75 
462332 72 
462332 70 
463064 80 
463452 83 
463844 64 
464124 63 
464144 63 
464144 150 
464144 68 
464144 65
464220 92 
465671 103 
465671 101 
466178 100 
466178 5
466178 1592
466178 10
468180 25 
468241 75 
468809 73 
469515 72 
469515 70 
470249 80 
470633 83 
471006 64 
471234 256 
471254 63 
471274 63 
471274 150 
471274 68 
471274 65
471351 92 
471523 90 
472800 103 
472800 101 
473307 100 
473307 5
473307 1592
473307 11
475310 25 
475376 75 
475496 73 
476246 72 
476246 70 
476983 80 
477372 83 
478378 64 
479223 62 
479245 62 
479245 150 
479245 68 
479245 65
479326 92 
480775 103 
480775 101 
481292 100 
481292 5
481292 1592
481292 10
483292 25 
483487 75 
484085 73 
484821 72 
484821 70 
485550 80 
485934 83 
487888 64 
488239 256 
488259 63 
488275 63 
488275 150 
488275 68 
488275 65
488362 92 
488712 90 
489806 103 
489806 101 
490314 100 
490314 5
490314 1592
490314 11
492316 25 
492378 75 
493169 72 
493169 70 
493901 80 
494284 83 
494767 64 
494935 62 
494955 62 
494955 152 
494955 69 
495030 93 
496484 103 
496484 101 
497394 100 
497394 5
497394 1592
497394 11
499394 25 
499459 75 
500243 72 
500243 70 
500977 80 
501367 83 
501412 64 
502038 62 
502056 62 
502056 150 
502056 68 
502056 65
502142 92 
502542 90 
503590 103 
503590 101 
504111 100 
504111 5
504111 1592
504111 11
506109 25 
507710 75 
508498 72 
508498 70 
509231 80 
509999 76 
510071 83 
510168 64 
510354 62 
510372 62 
510372 150 
510372 68 
510372 65
510469 92 
511908 103 
511908 101 
512425 100 
512425 5
512425 1592
512425 10
514426 25 
514489 75 
515275 72 
515275 70 
516012 80 
516398 83 
516848 64 
517097 63 
517117 63 
517117 150 
517117 68 
517117 65
517206 92 
518650 103 
518650 101 
519157 100 
519157 5
519157 1592
519157 10
521158 25 
521221 75 
522003 72 
522003 70 
522957 80 
523866 76 
524027 83 
524062 64 
524309 256 
524327 63 
524348 63 
524348 150 
524348 68 
524348 65
524426 92 
525874 103 
525874 101 
526386 100 
526386 5
526386 1592
526386 11
528383 25 
528443 75 
529227 72 
529227 70 
530158 80 
530913 76 
531225 76 
531376 76 
531448 83 
531615 64 
531827 256 
531846 62 
531864 62 
531864 150 
531864 68 
531864 65
531945 92 
533388 103 
533388 101 
533896 100 
533896 5
533896 1592
533896 10
535900 25 
535964 75 
536749 72 
536749 70 
537615 80 
538022 83 
538237 64 
538484 63 
538504 63 
538504 152 
538504 69 
538577 93 
538899 91 
540027 103 
540027 101 
540935 100 
540935 5
540935 1592
540935 11
542934 25 
542986 75 
543773 72 
543773 70 
544508 80 
544903 83 
544959 64 
545188 62 
545209 62 
545209 150 
545209 68 
545209 65
545284 92 
546728 103 
546728 101 
547236 100 
547236 5
547236 1592
547236 10
549239 25 
549302 75 
550086 72 
550086 70 
550823 80 
551207 83 
551315 64 
552236 61 
552253 61 
552253 151 
552253 69 
552328 93 
553466 91 
553781 103 
553781 101 
554690 100 
554690 5
554690 1592
554690 11
556690 25 
556756 75 
557543 72 
557543 70 
558271 80 
558660 83 
558696 64 
558935 62 
558958 62 
558958 150 
558958 68 
558958 65
559043 92 
560484 103 
560484 101 
560993 100 
560993 5
560993 1592
560993 11
562993 25 
563146 75 
563928 72 
563928 70 
564660 80 
565457 76 
565962 76 
566035 83 
566274 64 
566478 62 
566498 62 
566498 150 
566498 68 
566498 65
566582 92 
568026 103 
568026 101 
568536 100 
568536 5
568536 1592
568536 10
570538 25 
571058 75 
571844 72 
571844 70 
572576 80 
572952 83 
574487 64 
575001 63 
575022 63 
575022 150 
575022 68 
575022 65
575098 92 
575460 90 
576541 103 
576541 101 
577054 100 
577054 5
577054 1592
577054 10
577054 79 
579053 25 
579115 75 
579903 72 
579903 70 
580635 80 
581016 83 
581143 64 
581358 256 
581378 63 
581399 63 
581399 150 
581399 68 
581399 65
581483 92 
582925 103 
582925 101 
583438 100 
583438 5
583438 1592
583438 10
585436 25 
585499 75 
586286 72 
586286 70 
587024 80 
587396 83 
587565 64 
587775 63 
587792 63 
587792 150 
587792 68 
587792 65
587869 92 
589313 103 
589313 101 
589820 100 
589820 5
589820 1592
589820 11
591821 25 
591883 75 
592668 72 
592668 70 
593387 80 
593769 83 
597156 64 
597645 62 
597665 62 
597665 150 
597665 68 
597665 65
597739 92 
599184 103 
599184 101 
599701 100 
599701 6
599701 1592
599701 10
599701 78 
599701 781 
601698 25 
601758 75 
602539 72 
602539 70 
603274 80 
603667 83 
603942 64 
604169 63 
604189 63 
604189 150 
604189 68 
604189 65
604276 92 
605720 103 
605720 101 
606226 100 
606226 6
606226 1592
606226 10
608227 25 
608289 75 
609072 72 
609072 70 
609807 80 
610192 83 
610268 64 
610483 63 
610504 63 
610504 150 
610504 68 
610504 65
610583 92 
612026 103 
612026 101 
612537 100 
612537 6
612537 1592
612537 11
614536 25 
614598 75 
615384 72 
615384 70 
616118 80 
616880 76 
616954 83 
617063 64 
617315 62 
617338 62 
617338 151 
617338 69 
617419 93 
618795 91 
618867 103 
618867 101 
619782 100 
619782 6
619782 1592
619782 11
621781 25 
621844 75 
622632 72 
622632 70 
623369 80 
623759 83 
624120 64 
625184 256 
625203 62 
625219 62 
625219 153 
625219 68 
625219 65
625297 92 
625694 90 
626749 103 
626749 101 
627260 100 
627260 6
627260 1592
627260 10
629258 25 
629320 75 
630105 72 
630105 70 
630846 80 
631241 83 
631347 64 
631607 63 
631624 63 
631624 150 
631624 68 
631624 65
631706 92 
633144 103 
633144 101 
633661 100 
633661 6
633661 1592
633661 11
635660 25 
638763 75 
639548 72 
639548 70 
640483 80 
641454 76 
641608 83 
641680 64 
641937 62 
641955 62 
641955 151 
641955 69 
642028 93 
643480 103 
643480 101 
644404 100 
644404 6
644404 1592
644404 11
646404 25 
646460 75 
647250 72 
647250 70 
648173 80 
648614 83 
649016 64 
650405 61 
650420 61 
650420 150 
650420 68 
650420 65
650486 92 
650898 90 
651939 103 
651939 101 
652448 100 
652448 6
652448 1592
652448 10
654447 25 
654515 75 
655300 72 
655300 70 
656249 80 
657370 76 
657490 83 
657590 64 
658143 61 
658160 61 
658160 151 
658160 69 
658232 93 
659057 91 
659682 103 
659682 101 
660591 100 
660591 6
660591 1592
660591 11
662591 25 
662645 75 
663429 72 
663429 70 
664368 80 
664868 83 
665252 64 
666116 61 
666133 61 
666133 150 
666133 68 
666133 65
666201 92 
666569 90 
667651 103 
667651 101 
668161 100 
668161 6
668161 1592
668161 10
670162 25 
670228 75 
671017 72 
671017 70 
671872 80 
672643 76 
672799 83 
672835 64 
673090 61 
673106 61 
673106 151 
673106 69 
673196 93 
673989 91 
674174 91 
674638 103 
674638 101 
675559 100 
675559 6
675559 1592
675559 10
677559 25 
677622 75 
678403 72 
678403 70 
679128 80 
679503 83 
679926 64 
681168 61 
681184 61 
681184 151 
681184 69 
681261 93 
682716 103 
682716 101 
683633 100 
683633 6
683633 1592
683633 10
685636 25 
685697 75 
686486 72 
686486 70 
687228 80 
687618 83 
688056 64 
689489 62 
689505 62 
689505 151 
689505 69 
689577 93 
690313 91 
691029 103 
691029 101 
691938 100 
691938 6
691938 1592
691938 11
693937 25 
693987 75 
694775 72 
694775 70 
695518 80 
695898 83 
696406 64 
697372 256 
697389 61 
697405 61 
697405 150 
697405 68 
697405 65
697481 92 
697844 90 
698935 103 
698935 101 
699455 100 
699455 6
699455 1592
699455 11
701456 25 
701517 75 
702305 72 
702305 70 
703038 80 
703959 76 
704031 83 
704099 64 
704409 61 
704432 61 
704432 150 
704432 68 
704432 65
704510 92 
705956 103 
705956 101 
706467 100 
706467 6
706467 1592
706467 10
708465 25 
708520 75 
709302 72 
709302 70 
710040 80 
710418 83 
712613 64 
713045 63 
713060 63 
713060 152 
713060 69 
713130 93 
713795 91 
714578 103 
714578 101 
715490 100 
715490 6
715490 1592
715490 10
717490 25 
717550 75 
718336 72 
718336 70 
719071 80 
719451 83 
719606 64 
722182 62 
722198 62 
722198 151 
722198 69 
722271 93 
723724 103 
723724 101 
724633 100 
724633 6
724633 1592
724633 10
726632 25 
726697 75 
730214 73 
731527 73 
732232 72 
732232 70 
732963 80 
733340 83 
733805 64 
735685 256 
735705 62 
735721 62 
735721 151 
735721 69 
735798 93 
736383 91 
737254 103 
737254 101 
738174 100 
738174 6
738174 1592
738174 11
740172 25 
740234 75 
741017 72 
741017 70 
741740 80 
742125 83 
742285 64 
743597 61 
743614 61 
743614 150 
743614 68 
743614 65
743688 92 
744084 90 
745141 103 
745141 101 
745648 100 
745648 6
745648 1592
745648 11
747648 25 
747704 75 
748493 72 
748493 70 
749216 80 
750072 76 
750151 83 
750193 64 
750473 61 
750495 61 
750495 150 
750495 68 
750495 65
750572 92 
751689 90 
752020 103 
752020 101 
752527 100 
752527 6
752527 1592
752527 11
754526 25 
754588 75 
754964 73 
755667 72 
755667 70 
756399 80 
757298 76 
757377 83 
757428 64 
757780 61 
757801 61 
757801 150 
757801 68 
757801 65
757872 92 
759323 103 
759323 101 
759829 100 
759829 6
759829 1592
759829 11
761828 25 
761879 75 
762666 72 
762666 70 
763404 80 
764057 76 
764192 83 
764223 64 
764595 61 
764617 61 
764617 150 
764617 68 
764617 65
764702 92 
766146 103 
766146 101 
766653 100 
766653 6
766653 1592
766653 10
768654 25 
769227 75 
770009 72 
770009 70 
770744 80 
771132 83 
772060 64 
772480 63 
772502 63 
772502 150 
772502 68 
772502 65
772572 92 
774019 103 
774019 101 
774528 100 
774528 6
774528 1592
774528 11
776529 25 
776584 75 
781796 73 
782503 72 
782503 70 
783443 80 
784380 76 
785050 76 
785713 76 
785790 83 
785941 64 
786269 61 
786286 61 
786286 152 
786286 69 
786367 93 
787812 103 
787812 101 
788724 100 
788724 6
788724 1592
788724 10
790725 25 
792206 75 
794659 73 
795364 72 
795364 70 
796282 80 
796729 83 
797787 64 
798369 63 
798385 63 
798385 150 
798385 68 
798385 65
798453 92 
798906 90 
799902 103 
799902 101 
800411 100 
800411 6
800411 1592
800411 11
802414 25 
802581 75 
803363 72 
803363 70 
804229 80 
805222 76 
805343 83 
805380 64 
805684 61 
805706 61 
805706 150 
805706 68 
805706 65
805784 92 
807236 103 
807236 101 
807755 100 
807755 6
807755 1592
807755 10
809757 25 
809818 75 
810608 72 
810608 70 
811455 80 
811843 83 
812140 64 
812392 63 
812413 63 
812413 150 
812413 68 
812413 65
812490 92 
813941 103 
813941 101 
814459 100 
814459 6
814459 1592
814459 10
816460 25 
816511 75 
817295 72 
817295 70 
818036 80 
818983 76 
819058 83 
819395 64 
819725 63 
819745 63 
819745 150 
819745 68 
819745 65
819825 92 
821273 103 
821273 101 
821791 100 
821791 6
821791 1592
821791 10
823789 25 
825231 75 
826015 72 
826015 70 
826751 80 
827129 83 
827563 64 
827871 63 
827887 63 
827887 150 
827887 68 
827887 65
827967 92 
829414 103 
829414 101 
829920 100 
829920 6
829920 1592
829920 11
831921 25 
831982 75 
832764 72 
832764 70 
833498 80 
833886 83 
835264 64 
835517 61 
835538 61 
835538 150 
835538 68 
835538 65
835612 92 
837061 103 
837061 101 
837571 100 
837571 6
837571 1592
837571 11
839570 25 
839632 75 
840415 72 
840415 70 
841139 80 
841516 83 
842021 64 
842801 61 
842818 61 
842818 150 
842818 68 
842818 65
842888 92 
843238 90 
844334 103 
844334 101 
844849 100 
844849 6
844849 1592
844849 11
846847 25 
846914 75 
847701 72 
847701 70 
848439 80 
849337 76 
849412 83 
849549 64 
850795 256 
850814 61 
850831 61 
850831 150 
850831 68 
850831 65
850910 92 
851272 90 
852364 103 
852364 101 
852870 100 
852870 6
852870 1592
852870 11
852870 79 
854871 25 
855271 75 
856052 72 
856052 70 
856788 80 
857511 76 
857629 83 
857665 64 
858065 61 
858087 61 
858087 150 
858087 68 
858087 65
858171 92 
859610 103 
859610 101 
860120 100 
860120 6
860120 1592
860120 11
862120 25 
862188 75 
862973 72 
862973 70 
863706 80 
864086 83 
864219 64 
864657 256 
864676 61 
864697 61 
864697 150 
864697 68 
864697 65
864775 92 
866224 103 
866224 101 
866731 100 
866731 6
866731 1592
866731 11
868733 25 
868798 75 
871902 73 
873106 73 
873808 72 
873808 70 
874545 80 
875308 76 
875859 76 
875932 83 
876019 64 
876301 61 
876319 61 
876319 150 
876319 68 
876319 65
876402 92 
877843 103 
877843 101 
878354 100 
878354 6
878354 1592
878354 10
880353 25 
880422 75 
881205 72 
881205 70 
881939 80 
882321 83 
882517 64 
882781 256 
882800 63 
882821 63 
882821 152 
882821 69 
882904 93 
884349 103 
884349 101 
885257 100 
885257 6
885257 1592
885257 10
887261 25 
887319 75 
888103 72 
888103 70 
888834 80 
889220 83 
889817 64 
891020 62 
891038 62 
891038 151 
891038 69 
891106 93 
891487 91 
892559 103 
892559 101 
893470 100 
893470 6
893470 1592
893470 10
895469 25 
895534 75 
896319 72 
896319 70 
897052 80 
897434 83 
898264 64 
899753 61 
899771 61 
899771 151 
899771 69 
899849 93 
901305 103 
901305 101 
902223 100 
902223 6
902223 1592
902223 10
904222 25 
904272 75 
905055 72 
905055 70 
905791 80 
907758 76 
907829 83 
908529 64 
910130 62 
910148 62 
910148 151 
910148 69 
910217 93 
911670 103 
911670 101 
912579 100 
912579 6
912579 1592
912579 10
914578 25 
914641 75 
915424 72 
915424 70 
916357 80 
916910 83 
917917 64 
919682 61 
919698 61 
919698 151 
919698 69 
919773 93 
920420 91 
920536 91 
921227 103 
921227 101 
922134 100 
922134 6
922134 1592
922134 11
924135 25 
926206 75 
926994 72 
926994 70 
927946 80 
928720 76 
929280 76 
929353 83 
929442 64 
929662 61 
929678 61 
929678 150 
929678 68 
929678 65
929769 92 
931211 103 
931211 101 
931716 100 
931716 6
931716 1592
931716 10
933719 25 
934136 75 
934313 73 
935022 72 
935022 70 
935956 80 
936385 83 
937044 64 
937399 63 
937420 63 
937420 152 
937420 69 
937487 93 
937918 91 
938749 91 
938919 91 
938938 103 
938938 101 
939848 100 
939848 1
939848 1592
939848 10
939848 78 
939848 781 
941848 25 
941910 75 
942695 72 
942695 70 
943538 80 
943958 83 
944769 64 
946071 62 
946088 62 
946088 151 
946088 69 
946164 93 
947616 103 
947616 101 
948522 100 
948522 1
948522 1592
948522 11
950526 25 
950588 75 
951380 72 
951380 70 
952224 80 
953054 76 
953126 83 
953251 64 
953473 61 
953494 61 
953494 151 
953494 69 
953568 93 
955010 103 
955010 101 
955919 100 
955919 1
955919 1592
955919 10
957922 25 
959012 75 
959798 72 
959798 70 
960532 80 
960906 83 
961755 64 
963714 256 
963857 61 
963869 61 
963869 150 
963869 68 
963869 65
963942 92 
964411 90 
965392 103 
965392 101 
965902 100 
965902 1
965902 1592
965902 11
967904 25 
968558 75 
969343 72 
969343 70 
970078 80 
970870 76 
971422 76 
971498 83 
971631 64 
971918 61 
971939 61 
971939 151 
971939 69 
972003 93 
973461 103 
973461 101 
974384 100 
974384 1
974384 1592
974384 11
976382 25 
976442 75 
977228 72 
977228 70 
977964 80 
978349 83 
979129 64 
980692 61 
980703 61 
980703 151 
980703 69 
980776 93 
981375 91 
982226 103 
982226 101 
983138 100 
983138 1
983138 1592
983138 11
985137 25 
985198 75 
985984 72 
985984 70 
986725 80 
987647 76 
988342 76 
988413 83 
988730 64 
989662 61 
989681 61 
989681 151 
989681 69 
989760 93 
991212 103 
991212 101 
992120 100 
992120 1
992120 1592
992120 10
994121 25 
994181 75 
994966 72 
994966 70 
995704 80 
996087 83 
996666 64 
998814 63 
998831 63 
998831 151 
998831 69 
998903 93 
999590 91 
1000355 103 
1000355 101 
1001263 100 
1001263 1
1001263 1592
1001263 10
1003263 25 
1003323 75 
1004107 72 
1004107 70 
1004833 80 
1005213 83 
1006035 64 
1007705 61 
1007720 61 
1007720 150 
1007720 68 
1007720 65
1007794 92 
1008196 90 
1009243 103 
1009243 101 
1009753 100 
1009753 1
1009753 1592
1009753 11
1011752 25 
1011813 75 
1012597 72 
1012597 70 
1013330 80 
1013714 83 
1014302 64 
1017735 256 
1017752 61 
1017770 61 
1017770 151 
1017770 69 
1017838 93 
1018418 91 
1018577 91 
1019290 103 
1019290 101 
1020199 100 
1020199 1
1020199 1592
1020199 11
1022202 25 
1023307 75 
1023424 73 
1024140 72 
1024140 70 
1024866 80 
1025248 83 
1025663 64 
1028857 61 
1028874 61 
1028874 153 
1028874 68 
1028874 65
1028942 92 
1029436 90 
1030395 103 
1030395 101 
1030904 100 
1030904 1
1030904 1592
1030904 10
1032904 25 
1033090 75 
1033876 72 
1033876 70 
1034607 80 
1034988 83 
1036828 64 
1037292 256 
1037312 63 
1037329 63 
1037329 151 
1037329 69 
1037405 93 
1037958 91 
1038214 91 
1038300 91 
1038468 91 
1038735 91 
1038857 103 
1038857 101 
1039766 100 
1039766 1
1039766 1592
1039766 11
1041765 25 
1041828 75 
1042616 72 
1042616 70 
1043351 80 
1043731 83 
1044375 64 
1046094 61 
1046111 61 
1046111 151 
1046111 69 
1046184 93 
1047034 91 
1047641 103 
1047641 101 
1048547 100 
1048547 1
1048547 1592
1048547 10
1050548 25 
1050597 75 
1051381 72 
1051381 70 
1052117 80 
1052501 83 
1054236 64 
1055919 256 
1055936 62 
1055952 62 
1055952 151 
1055952 69 
1056031 93 
1057432 91 
1057474 103 
1057474 101 
1058384 100 
1058384 1
1058384 1592
1058384 11
1060384 25 
1060436 75 
1061217 72 
1061217 70 
1062156 80 
1062666 83 
1063250 64 
1063985 61 
1064001 61 
1064001 151 
1064001 69 
1064077 93 
1064481 91 
1065523 103 
1065523 101 
1066434 100 
1066434 1
1066434 1592
1066434 10
1068434 25 
1068611 75 
1069398 72 
1069398 70 
1076095 71 
1076558 71 
1076880 80 
1077372 83 
1077852 64 
1080546 61 
1080564 61 
1080564 150 
1080564 68 
1080564 65
1080641 92 
1081124 90 
1081163 90 
1082095 103 
1082095 101 
1082617 100 
1082617 1
1082617 1592
1082617 11
1084615 25 
1084793 75 
1085577 72 
1085577 70 
1086424 80 
1086804 83 
1087727 64 
1089383 256 
1089402 61 
1089418 61 
1089418 151 
1089418 69 
1089492 93 
1090152 91 
1090366 91 
1090941 103 
1090941 101 
1091850 100 
1091850 1
1091850 1592
1091850 10
1093851 25 
1093918 75 
1094704 72 
1094704 70 
1095438 80 
1095820 83 
1097442 64 
1099389 256 
1099410 61 
1099428 61 
1099428 150 
1099428 68 
1099428 65
1099501 92 
1099971 90 
1100958 103 
1100958 101 
1101478 100 
1101478 1
1101478 1592
1101478 11
1103477 25 
1104463 75 
1105250 72 
1105250 70 
1105975 80 
1106362 83 
1107875 64 
1109641 61 
1109657 61 
1109657 151 
1109657 69 
1109734 93 
1110256 91 
1110761 91 
1111193 103 
1111193 101 
1112107 100 
1112107 1
1112107 1592
1112107 10
1114112 25 
1114171 75 
1114957 72 
1114957 70 
1115690 80 
1116077 83 
1117582 64 
1119711 62 
1119728 62 
1119728 151 
1119728 69 
1119803 93 
1120323 91 
1120849 91 
1121251 103 
1121251 101 
1122156 100 
1122156 1
1122156 1592
1122156 11
1124159 25 
1124519 75 
1125305 72 
1125305 70 
1126039 80 
1126413 83 
1126627 64 
1128020 61 
1128036 61 
1128036 151 
1128036 69 
1128112 93 
1128759 91 
1129565 103 
1129565 101 
1130472 100 
1130472 1
1130472 1592
1130472 10
1132475 25 
1132537 75 
1133324 72 
1133324 70 
1134058 80 
1134441 83 
1134887 64 
1136764 61 
1136782 61 
1136782 150 
1136782 68 
1136782 65
1136858 92 
1137301 90 
1137330 90 
1138312 103 
1138312 101 
1138832 100 
1138832 1
1138832 1592
1138832 11
1140831 25 
1141794 75 
1142581 72 
1142581 70 
1143310 80 
1144914 76 
1145009 83 
1145173 64 
1146307 61 
1146323 61 
1146323 151 
1146323 69 
1146402 93 
1146885 91 
1147848 103 
1147848 101 
1148760 100 
1148760 1
1148760 1592
1148760 10
1150759 25 
1150822 75 
1151609 72 
1151609 70 
1152345 80 
1152726 83 
1153527 64 
1155180 61 
1155196 61 
1155196 150 
1155196 68 
1155196 65
1155277 92 
1155715 90 
1156733 103 
1156733 101 
1157248 100 
1157248 1
1157248 1592
1157248 10
1159249 25 
1159317 75 
1160033 73 
1160741 72 
1160741 70 
1161471 80 
1163258 76 
1163416 83 
1163471 64 
1164418 61 
1164436 61 
1164436 150 
1164436 68 
1164436 65
1164514 92 
1164862 90 
1165963 103 
1165963 101 
1166471 100 
1166471 1
1166471 1592
1166471 11
1168473 25 
1169178 75 
1169965 72 
1169965 70 
1170707 80 
1171088 83 
1171612 64 
1172293 63 
1172309 63 
1172309 151 
1172309 69 
1172372 93 
1172835 91 
1173228 91 
1173601 91 
1173828 103 
1173828 101 
1174737 100 
1174737 1
1174737 1592
1174737 11
1176737 25 
1176804 75 
1177591 72 
1177591 70 
1178320 80 
1178701 83 
1178926 64 
1179753 61 
1179769 61 
1179769 151 
1179769 69 
1179838 93 
1181294 103 
1181294 101 
1182200 100 
1182200 1
1182200 1592
1182200 10
1184200 25 
1184261 75 
1185043 72 
1185043 70 
1185777 80 
1186407 83 
1187405 64 
1188085 61 
1188102 61 
1188102 152 
1188102 69 
1188177 93 
1188899 91 
1189466 91 
1189623 103 
1189623 101 
1190529 100 
1190529 1
1190529 1592
1190529 10
1192529 25 
1192579 75 
1193366 72 
1193366 70 
1194307 80 
1194747 83 
1195447 64 
1197820 61 
1197839 61 
1197839 150 
1197839 68 
1197839 65
1197913 92 
1198304 90 
1198333 90 
1199366 103 
1199366 101 
1199886 100 
1199886 1
1199886 1592
1199886 11
1201885 25 
1201935 75 
1202111 73 
1202821 72 
1202821 70 
1203753 80 
1204314 83 
1205060 64 
1206040 63 
1206056 63 
1206056 151 
1206056 69 
1206133 93 
1207590 103 
1207590 101 
1208508 100 
1208508 1
1208508 1592
1208508 10
1210507 25 
1210570 75 
1211356 72 
1211356 70 
1212299 80 
1212851 83 
1213607 64 
1215167 61 
1215183 61 
1215183 150 
1215183 68 
1215183 65
1215253 92 
1215629 90 
1216699 103 
1216699 101 
1217211 100 
1217211 1
1217211 1592
1217211 10
1219211 25 
1219279 75 
1220071 72 
1220071 70 
1220978 80 
1221420 83 
1222451 64 
1223756 61 
1223773 61 
1223773 150 
1223773 68 
1223773 65
1223850 92 
1224234 90 
1225299 103 
1225299 101 
1225809 100 
1225809 1
1225809 1592
1225809 11
1227808 25 
1227870 75 
1228656 72 
1228656 70 
1230113 71 
1230543 80 
1230912 83 
1231199 64 
1232161 61 
1232176 61 
1232176 151 
1232176 69 
1232244 93 
1233695 103 
1233695 101 
1234604 100 
1234604 1
1234604 1592
1234604 10
1236604 25 
1236666 75 
1237449 72 
1237449 70 
1238189 80 
1238572 83 
1239422 64 
1240093 256 
1240184 61 
1240195 61 
1240195 150 
1240195 68 
1240195 65
1240268 92 
1240653 90 
1241719 103 
1241719 101 
1242226 100 
1242226 1
1242226 1592
1242226 11
1244228 25 
1245785 75 
1246567 72 
1246567 70 
1247307 80 
1247689 83 
1248322 64 
1248651 256 
1248671 61 
1248692 61 
1248692 151 
1248692 69 
1248780 93 
1249605 91 
1249893 91 
1250224 103 
1250224 101 
1251129 100 
1251129 1
1251129 1592
1251129 11
1253130 25 
1253180 75 
1253963 72 
1253963 70 
1254698 80 
1255089 83 
1255654 64 
1256338 61 
1256355 61 
1256355 151 
1256355 69 
1256420 93 
1257873 103 
1257873 101 
1258779 100 
1258779 1
1258779 1592
1258779 10
1260780 25 
1260835 75 
1261618 72 
1261618 70 
1262357 80 
1262746 83 
1263334 64 
1263770 61 
1263786 61 
1263786 150 
1263786 68 
1263786 65
1263867 92 
1265312 103 
1265312 101 
1265831 100 
1265831 1
1265831 1592
1265831 11
1267830 25 
1267879 75 
1268661 72 
1268661 70 
1269386 80 
1269770 83 
1270702 64 
1271178 256 
1271198 61 
1271218 61 
1271218 151 
1271218 69 
1271296 93 
1271998 91 
1272746 103 
1272746 101 
1273653 100 
1273653 1
1273653 1592
1273653 11
1275656 25 
1275890 75 
1276676 72 
1276676 70 
1277420 80 
1277811 83 
1277988 64 
1278730 61 
1278746 61 
1278746 153 
1278746 68 
1278746 65
1278824 92 
1279229 90 
1280275 103 
1280275 101 
1280799 100 
1280799 1
1280799 1592
1280799 10
1282799 25 
1283287 75 
1284072 72 
1284072 70 
1284812 80 
1285191 83 
1286093 64 
1286358 61 
1286378 61 
1286378 150 
1286378 68 
1286378 65
1286456 92 
1287900 103 
1287900 101 
1288407 100 
1288407 1
1288407 1592
1288407 11
1290407 25 
1290463 75 
1291253 72 
1291253 70 
1291977 80 
1293279 76 
1293374 83 
1293580 64 
1293978 61 
1294000 61 
1294000 151 
1294000 69 
1294081 93 
1295524 103 
1295524 101 
1296433 100 
1296433 1
1296433 1592
1296433 11
1298432 25 
1298498 75 
1299676 73 
1300379 72 
1300379 70 
1300664 71 
1301172 80 
1301553 83 
1301715 64 
1302324 61 
1302340 61 
1302340 151 
1302340 69 
1302412 93 
1302808 91 
1303653 91 
1303868 103 
1303868 101 
1304774 100 
1304774 1
1304774 1592
1304774 11
1306777 25 
1306841 75 
1307628 72 
1307628 70 
1308362 80 
1308740 83 
1309002 64 
1309453 61 
1309473 61 
1309473 151 
1309473 69 
1309548 93 
1310371 91 
1310935 91 
1311000 103 
1311000 101 
1311923 100 
1311923 1
1311923 1592
1311923 11
1313922 25 
1313980 75 
1314763 72 
1314763 70 
1315483 80 
1315875 83 
1317545 64 
1318773 256 
1318792 61 
1318807 61 
1318807 153 
1318807 68 
1318807 65
1318877 92 
1319358 90 
1320324 103 
1320324 101 
1320834 100 
1320834 1
1320834 1592
1320834 11
1322836 25 
1322897 75 
1323685 72 
1323685 70 
1324416 80 
1324795 83 
1325026 64 
1326284 256 
1326574 61 
1326586 61 
1326586 151 
1326586 69 
1326655 93 
1327235 91 
1327410 91 
1328111 103 
1328111 101 
1329018 100 
1329018 1
1329018 1592
1329018 10
1331018 25 
1331079 75 
1331866 72 
1331866 70 
1332766 80 
1333213 83 
1334032 64 
1334909 61 
1334925 61 
1334925 150 
1334925 68 
1334925 65
1335001 92 
1335383 90 
1336452 103 
1336452 101 
1336961 100 
1336961 1
1336961 1592
1336961 10
1338962 25 
1339478 75 
1340260 72 
1340260 70 
1341134 80 
1341550 83 
1342252 64 
1342785 61 
1342802 61 
1342802 150 
1342802 68 
1342802 65
1342879 92 
1343268 90 
1344333 103 
1344333 101 
1344857 100 
1344857 1
1344857 1592
1344857 10
1346856 25 
1347151 75 
1347940 72 
1347940 70 
1348785 80 
1349240 83 
1349597 64 
1350051 61 
1350072 61 
1350072 150 
1350072 68 
1350072 65
1350150 92 
1351595 103 
1351595 101 
1352102 100 
1352102 1
1352102 1592
1352102 10
1354103 25 
1354538 75 
1355319 72 
1355319 70 
1356167 80 
1357052 76 
1357157 83 
1357245 64 
1357593 61 
1357618 61 
1357618 150 
1357618 68 
1357618 65
1357705 92 
1359151 103 
1359151 101 
1359659 100 
1359659 1
1359659 1592
1359659 10
1361658 25 
1362168 75 
1362953 72 
1362953 70 
1363815 80 
1364393 76 
1365125 76 
1365200 83 
1365369 64 
1365607 61 
1365629 61 
1365629 150 
1365629 68 
1365629 65
1365712 92 
1367160 103 
1367160 101 
1367670 100 
1367670 1
1367670 1592
1367670 11
1369671 25 
1369735 75 
1370517 72 
1370517 70 
1371358 80 
1371823 83 
1373185 64 
1374575 256 
1374595 61 
1374612 61 
1374612 151 
1374612 69 
1374689 93 
1376140 103 
1376140 101 
1377050 100 
1377050 1
1377050 1592
1377050 10
1379052 25 
1379113 75 
1379896 72 
1379896 70 
1380743 80 
1381121 83 
1381293 64 
1381828 61 
1381847 61 
1381847 150 
1381847 68 
1381847 65
1381923 92 
1383369 103 
1383369 101 
1383895 100 
1383895 1
1383895 1592
1383895 11
1385896 25 
1385951 75 
1386737 72 
1386737 70 
1387474 80 
1387853 83 
1388596 64 
1388910 61 
1388927 61 
1388927 151 
1388927 69 
1389008 93 
1390452 103 
1390452 101 
1391367 100 
1391367 1
1391367 1592
1391367 10
1393366 25 
1393427 75 
1394214 72 
1394214 70 
1394951 80 
1395334 83 
1395373 64 
1395732 256 
1395753 61 
1395774 61 
1395774 150 
1395774 68 
1395774 65
1395852 92 
1397292 103 
1397292 101 
1397802 100 
1397802 1
1397802 1592
1397802 10
1399804 25 
1399864 75 
1400646 72 
1400646 70 
1401370 80 
1402339 76 
1402410 83 
1402483 64 
1402835 61 
1402854 61 
1402854 152 
1402854 69 
1402935 93 
1403770 91 
1403887 91 
1404385 103 
1404385 101 
1405311 100 
1405311 1
1405311 1592
1405311 11
1407310 25 
1407367 75 
1408156 72 
1408156 70 
1408887 80 
1409272 83 
1409830 64 
1410810 61 
1410829 61 
1410829 151 
1410829 69 
1410901 93 
1411496 91 
1412358 103 
1412358 101 
1413274 100 
1413274 1
1413274 1592
1413274 10
1415277 25 
1415342 75 
1416129 72 
1416129 70 
1416863 80 
1417243 83 
1417679 64 
1418184 256 
1418203 61 
1418220 61 
1418220 150 
1418220 68 
1418220 65
1418301 92 
1418685 90 
1419752 103 
1419752 101 
1420261 100 
1420261 1
1420261 1592
1420261 10
1422260 25 
1422757 75 
1423541 72 
1423541 70 
1424268 80 
1424839 76 
1424916 83 
1425170 64 
1425510 61 
1425532 61 
1425532 150 
1425532 68 
1425532 65
1425615 92 
1427063 103 
1427063 101 
1427577 100 
1427577 1
1427577 1592
1427577 11
1429577 25 
1430844 75 
1431631 72 
1431631 70 
1432356 80 
1432743 83 
1434058 64 
1435970 61 
1435986 61 
1435986 151 
1435986 69 
1436050 93 
1437505 103 
1437505 101 
1438411 100 
1438411 1
1438411 1592
1438411 11
1440414 25 
1440479 75 
1443135 73 
1443837 72 
1443837 70 
1444562 80 
1444949 83 
1445434 64 
1448776 61 
1448792 61 
1448792 151 
1448792 69 
1448861 93 
1450312 103 
1450312 101 
1451220 100 
1451220 1
1451220 1592
1451220 10
1453220 25 
1453282 75 
1454068 72 
1454068 70 
1454800 80 
1455187 83 
1459398 64 
1462208 61 
1462224 61 
1462224 150 
1462224 68 
1462224 65
1462295 92 
1462786 90 
1463750 103 
1463750 101 
1464271 100 
1464271 1
1464271 1592
1464271 11
1466270 25 
1466330 75 
1467114 72 
1467114 70 
1467855 80 
1468231 83 
1468972 64 
1471713 61 
1471728 61 
1471728 153 
1471728 68 
1471728 65
1471798 92 
1472245 90 
1473247 103 
1473247 101 
1473757 100 
1473757 1
1473757 1592
1473757 10
1475758 25 
1476087 75 
1476329 73 
1477032 72 
1477032 70 
1477756 80 
1478139 83 
1480059 64 
1481908 61 
1481925 61 
1481925 150 
1481925 68 
1481925 65
1481993 92 
1482420 90 
1483442 103 
1483442 101 
1483954 100 
1483954 1
1483954 1592
1483954 10
1485955 25 
1488119 75 
1488227 73 
1488936 72 
1488936 70 
1489912 80 
1490357 83 
1491360 64 
1492855 61 
1492872 61 
1492872 150 
1492872 68 
1492872 65
1492951 92 
1493322 90 
1494400 103 
1494400 101 
1494910 100 
1494910 1
1494910 1592
1494910 10
1496909 25 
1496971 75 
1497758 72 
1497758 70 
1498628 80 
1499818 76 
1499974 83 
1500100 64 
1501485 61 
1501502 61 
1501502 150 
1501502 68 
1501502 65
1501573 92 
1501941 90 
1503024 103 
1503024 101 
1503546 100 
1503546 1
1503546 1592
1503546 11
1505544 25 
1505598 75 
1506383 72 
1506383 70 
1507286 80 
1507753 83 
1508993 64 
1510602 63 
1510619 63 
1510619 151 
1510619 69 
1510689 93 
1512139 103 
1512139 101 
1513046 100 
1513046 1
1513046 1592
1513046 11
1515049 25 
1515109 75 
1515895 72 
1515895 70 
1516772 80 
1517217 83 
1518228 64 
1519548 61 
1519564 61 
1519564 151 
1519564 69 
1519630 93 
1520213 91 
1520519 91 
1520704 91 
1521084 103 
1521084 101 
1521992 100 
1521992 1
1521992 1592
1521992 10
1523992 25 
1524056 75 
1524846 72 
1524846 70 
1525568 80 
1525957 83 
1526039 64 
1526372 61 
1526393 61 
1526393 150 
1526393 68 
1526393 65
1526472 92 
1527918 103 
1527918 101 
1528427 100 
1528427 1
1528427 1592
1528427 11
1530429 25 
1530865 75 
1531652 72 
1531652 70 
1532382 80 
1532766 83 
1533570 64 
1535103 256 
1535122 62 
1535139 62 
1535139 150 
1535139 68 
1535139 65
1535210 92 
1535611 90 
1536663 103 
1536663 101 
1537172 100 
1537172 1
1537172 1592
1537172 11
1539175 25 
1539272 75 
1540061 72 
1540061 70 
1540794 80 
1541172 83 
1541273 64 
1541868 62 
1541885 62 
1541885 150 
1541885 68 
1541885 65
1541954 92 
1542320 90 
1543402 103 
1543402 101 
1543916 100 
1543916 1
1543916 1592
1543916 10
1545916 25 
1545982 75 
1546769 72 
1546769 70 
1547495 80 
1547875 83 
1548544 64 
1549127 256 
1549148 61 
1549165 61 
1549165 150 
1549165 68 
1549165 65
1549250 92 
1549587 90 
1550692 103 
1550692 101 
1551206 100 
1551206 1
1551206 1592
1551206 11
1553204 25 
1553271 75 
1554060 72 
1554060 70 
1554791 80 
1555166 83 
1555330 64 
1555853 256 
1555872 62 
1555896 62 
1555896 150 
1555896 68 
1555896 65
1555981 92 
1556437 90 
1557431 103 
1557431 101 
1557950 100 
1557950 1
1557950 1592
1557950 11
1559951 25 
1560011 75 
1560795 72 
1560795 70 
1561531 80 
1561915 83 
1561942 64 
1562175 62 
1562191 62 
1562191 150 
1562191 68 
1562191 65
1562274 92 
1563722 103 
1563722 101 
1564238 100 
1564238 1
1564238 1592
1564238 10
1566238 25 
1566290 75 
1567072 72 
1567072 70 
1567805 80 
1568593 76 
1568749 83 
1568788 64 
1569095 61 
1569116 61 
1569116 150 
1569116 68 
1569116 65
1569196 92 
1570651 103 
1570651 101 
1571173 100 
1571173 1
1571173 1592
1571173 10
1573172 25 
1573232 75 
1574020 72 
1574020 70 
1574761 80 
1575627 76 
1575708 83 
1575825 64 
1576185 61 
1576207 61 
1576207 150 
1576207 68 
1576207 65
1576298 92 
1577737 103 
1577737 101 
1578246 100 
1578246 1
1578246 1592
1578246 11
1580246 25 
1580297 75 
1581082 72 
1581082 70 
1581822 80 
1582200 83 
1582245 64 
1582513 62 
1582530 62 
1582530 152 
1582530 69 
1582609 93 
1584058 103 
1584058 101 
1584976 100 
1584976 1
1584976 1592
1584976 11
1586979 25 
1587046 75 
1587832 72 
1587832 70 
1588568 80 
1589744 76 
1589872 83 
1589987 64 
1590866 62 
1590883 62 
1590883 150 
1590883 68 
1590883 65
1590960 92 
1591394 90 
1592409 103 
1592409 101 
1592920 100 
1592920 1
1592920 1592
1592920 11
1594923 25 
1594988 75 
1595773 72 
1595773 70 
1596503 80 
1597215 76 
1597306 83 
1597373 64 
1597623 62 
1597639 62 
1597639 150 
1597639 68 
1597639 65
1597724 92 
1599171 103 
1599171 101 
1599676 100 
1599676 1
1599676 1592
1599676 10
1601679 25 
1601747 75 
1602531 72 
1602531 70 
1603274 80 
1603958 76 
1604031 83 
1604089 64 
1604494 61 
1604517 61 
1604517 150 
1604517 68 
1604517 65
1604600 92 
1605011 90 
1606046 103 
1606046 101 
1606556 100 
1606556 1
1606556 1592
1606556 10
1608554 25 
1608618 75 
1609401 73 
1610113 72 
1610113 70 
1610851 80 
1611543 76 
1611686 83 
1611723 64 
1611965 256 
1611985 61 
1612001 61 
1612001 150 
1612001 68 
1612001 65
1612078 92 
1613524 103 
1613524 101 
1614038 100 
1614038 1
1614038 1592
1614038 11
1614038 79 
1616038 25 
1616094 75 
1616877 72 
1616877 70 
1617616 80 
1618419 76 
1618496 83 
1618546 64 
1618779 62 
1618801 62 
1618801 152 
1618801 69 
1618865 93 
1619982 91 
1620320 103 
1620320 101 
1621242 100 
1621242 1
1621242 1592
1621242 11
1623241 25 
1623297 75 
1624083 72 
1624083 70 
1625017 80 
1627156 76 
1627310 83 
1627401 64 
1627716 62 
1627736 62 
1627736 150 
1627736 68 
1627736 65
1627822 92 
1628295 90 
1629263 103 
1629263 101 
1629772 100 
1629772 1
1629772 1592
1629772 11
1631772 25 
1631839 75 
1632628 72 
1632628 70 
1633562 80 
1634003 83 
1634094 64 
1634333 62 
1634349 62 
1634349 150 
1634349 68 
1634349 65
1634433 92 
1635875 103 
1635875 101 
1636383 100 
1636383 1
1636383 1592
1636383 10
1638382 25 
1638444 75 
1639226 72 
1639226 70 
1640158 80 
1640610 83 
1640759 64 
1641428 61 
1641444 61 
1641444 150 
1641444 68 
1641444 65
1641513 92 
1641903 90 
1642961 103 
1642961 101 
1643472 100 
1643472 2
1643472 1592
1643472 10
1643472 78 
1643472 781 
1645477 25 
1645619 75 
1646404 72 
1646404 70 
1647391 80 
1648547 76 
1649147 76 
1649219 83 
1649401 64 
1652739 62 
1652754 62 
1652754 151 
1652754 69 
1652831 93 
1653515 91 
1654283 103 
1654283 101 
1655202 100 
1655202 2
1655202 1592
1655202 10
1657202 25 
1657263 75 
1658052 72 
1658052 70 
1658978 80 
1659430 83 
1659940 64 
1661724 61 
1661742 61 
1661742 150 
1661742 68 
1661742 65
1661811 92 
1662258 90 
1663262 103 
1663262 101 
1663770 100 
1663770 2
1663770 1592
1663770 10
1665771 25 
1665821 75 
1666609 72 
1666609 70 
1667555 80 
1668749 76 
1669432 76 
1669505 83 
1669749 64 
1670482 256 
1670501 61 
1670517 61 
1670517 150 
1670517 68 
1670517 65
1670596 92 
1670949 90 
1672044 103 
1672044 101 
1672554 100 
1672554 2
1672554 1592
1672554 11
1674554 25 
1674610 75 
1675391 72 
1675391 70 
1676318 80 
1677038 76 
1677516 76 
1677652 83 
1677699 64 
1677913 256 
1677933 62 
1677950 62 
1677950 151 
1677950 69 
1678012 93 
1679087 91 
1679472 103 
1679472 101 
1680390 100 
1680390 2
1680390 1592
1680390 10
1682391 25 
1682453 75 
1683241 72 
1683241 70 
1684166 80 
1684666 83 
1685060 64 
1686598 256 
1686618 61 
1686634 61 
1686634 150 
1686634 68 
1686634 65
1686710 92 
1687169 90 
1688154 103 
1688154 101 
1688667 100 
1688667 2
1688667 1592
1688667 11
1690669 25 
1690734 75 
1691518 72 
1691518 70 
1692445 80 
1692884 83 
1694325 64 
1695766 61 
1695783 61 
1695783 151 
1695783 69 
1695847 93 
1697300 103 
1697300 101 
1698214 100 
1698214 2
1698214 1592
1698214 10
1700212 25 
1700271 75 
1701053 72 
1701053 70 
1703863 71 
1703983 71 
1704303 80 
1704676 83 
1705623 64 
1707718 61 
1707735 61 
1707735 150 
1707735 68 
1707735 65
1707806 92 
1708280 90 
1709254 103 
1709254 101 
1709766 100 
1709766 2
1709766 1592
1709766 10
1711764 25 
1711815 75 
1712599 72 
1712599 70 
1713331 80 
1713715 83 
1713981 64 
1717071 62 
1717086 62 
1717086 153 
1717086 68 
1717086 65
1717163 92 
1717564 90 
1717605 90 
1718617 103 
1718617 101 
1719136 100 
1719136 2
1719136 1592
1719136 11
1721135 25 
1721197 75 
1721980 72 
1721980 70 
1722522 71 
1722904 80 
1723284 83 
1724173 64 
1724621 256 
1724639 62 
1724655 62 
1724655 151 
1724655 69 
1724733 93 
1726182 103 
1726182 101 
1727092 100 
1727092 2
1727092 1592
1727092 11
1729091 25 
1729158 75 
1729951 72 
1729951 70 
1730687 80 
1731075 83 
1731726 64 
1734240 61 
1734255 61 
1734255 151 
1734255 69 
1734326 93 
1734916 91 
1735658 91 
1735778 103 
1735778 101 
1736693 100 
1736693 2
1736693 1592
1736693 10
1738693 25 
1738755 75 
1739538 72 
1739538 70 
1740271 80 
1740648 83 
1741306 64 
1742462 62 
1742478 62 
1742478 151 
1742478 69 
1742549 93 
1743064 91 
1743809 91 
1744000 103 
1744000 101 
1744910 100 
1744910 2
1744910 1592
1744910 11
1746911 25 
1746977 75 
1747767 72 
1747767 70 
1748495 80 
1748763 76 
1748917 83 
1749298 64 
1752116 61 
1752132 61 
1752132 151 
1752132 69 
1752199 93 
1752971 91 
1753650 103 
1753650 101 
1754560 100 
1754560 2
1754560 1592
1754560 10
1756564 25 
1756628 75 
1757411 72 
1757411 70 
1758146 80 
1758531 83 
1758859 64 
1760345 62 
1760360 62 
1760360 151 
1760360 69 
1760436 93 
1761890 103 
1761890 101 
1762796 100 
1762796 2
1762796 1592
1762796 10
1764798 25 
1764858 75 
1765641 72 
1765641 70 
1766365 80 
1766740 83 
1768984 64 
1770417 63 
1770434 63 
1770434 151 
1770434 69 
1770517 93 
1771175 91 
1771292 91 
1771344 91 
1771963 103 
1771963 101 
1772876 100 
1772876 2
1772876 1592
1772876 11
1774877 25 
1774940 75 
1775723 72 
1775723 70 
1776461 80 
1776855 83 
1778345 64 
1779321 62 
1779337 62 
1779337 151 
1779337 69 
1779416 93 
1780870 103 
1780870 101 
1781776 100 
1781776 2
1781776 1592
1781776 11
1783777 25 
1783836 75 
1784624 72 
1784624 70 
1785357 80 
1785854 76 
1786007 83 
1786524 64 
1788944 61 
1788960 61 
1788960 151 
1788960 69 
1789036 93 
1789689 91 
1790008 91 
1790492 103 
1790492 101 
1791400 100 
1791400 2
1791400 1592
1791400 10
1793398 25 
1793460 75 
1793883 73 
1794588 72 
1794588 70 
1795523 80 
1796077 83 
1797683 64 
1799074 62 
1799090 62 
1799090 151 
1799090 69 
1799165 93 
1800623 103 
1800623 101 
1801541 100 
1801541 2
1801541 1592
1801541 11
1803539 25 
1803588 75 
1804372 72 
1804372 70 
1805316 80 
1805882 83 
1806477 64 
1808049 256 
1808069 62 
1808086 62 
1808086 151 
1808086 69 
1808163 93 
1809615 103 
1809615 101 
1810525 100 
1810525 2
1810525 1592
1810525 10
1812524 25 
1815326 75 
1816985 73 
1817984 73 
1818691 72 
1818691 70 
1819621 80 
1820058 83 
1820508 64 
1822619 62 
1822634 62 
1822634 151 
1822634 69 
1822704 93 
1824161 103 
1824161 101 
1825078 100 
1825078 2
1825078 1592
1825078 11
1827077 25 
1827144 75 
1830829 73 
1831533 72 
1831533 70 
1832262 80 
1832642 83 
1832930 64 
1834669 61 
1834687 61 
1834687 151 
1834687 69 
1834767 93 
1835401 91 
1836221 103 
1836221 101 
1837139 100 
1837139 2
1837139 1592
1837139 10
1839138 25 
1844359 75 
1845142 72 
1845142 70 
1845875 80 
1846268 83 
1846738 64 
1848091 61 
1848754 61 
1848754 150 
1848754 68 
1848754 65
1848828 92 
1849252 90 
1850278 103 
1850278 101 
1850784 100 
1850784 2
1850784 1592
1850784 10
1852786 25 
1852840 75 
1853625 72 
1853625 70 
1854371 80 
1855556 76 
1855657 83 
1855835 64 
1856132 62 
1856155 62 
1856155 151 
1856155 69 
1856228 93 
1857281 91 
1857672 103 
1857672 101 
1858582 100 
1858582 2
1858582 1592
1858582 10
1860582 25 
1860632 75 
1861418 72 
1861418 70 
1862153 80 
1862536 83 
1862875 64 
1864600 61 
1864619 61 
1864619 150 
1864619 68 
1864619 65
1864701 92 
1865071 90 
1866151 103 
1866151 101 
1866658 100 
1866658 2
1866658 1592
1866658 11
1868658 25 
1868722 75 
1869510 72 
1869510 70 
1870250 80 
1870639 83 
1871898 64 
1873015 256 
1873035 61 
1873052 61 
1873052 151 
1873052 69 
1874592 91 
1874620 93 
1874620 103 
1874620 101 
1875535 100 
1875535 2
1875535 1592
1875535 11
1877538 25 
1877598 75 
1878384 72 
1878384 70 
1879112 80 
1879505 83 
1880955 64 
1882693 62 
1882709 62 
1882709 153 
1882709 68 
1882709 65
1882787 92 
1883180 90 
1883220 90 
1884239 103 
1884239 101 
1884757 100 
1884757 2
1884757 1592
1884757 11
1886759 25 
1886925 75 
1887712 72 
1887712 70 
1888442 80 
1888830 83 
1889286 64 
1889688 62 
1889705 62 
1889705 151 
1889705 69 
1889785 93 
1891237 103 
1891237 101 
1892156 100 
1892156 2
1892156 1592
1892156 11
1894155 25 
1894217 75 
1895005 72 
1895005 70 
1895734 80 
1896128 83 
1897094 64 
1898564 61 
1898580 61 
1898580 151 
1898580 69 
1898655 93 
1899186 91 
1899748 91 
1900112 103 
1900112 101 
1901018 100 
1901018 2
1901018 1592
1901018 11
1903020 25 
1903082 75 
1903871 72 
1903871 70 
1904605 80 
1904986 83 
1906007 64 
1907833 61 
1907852 61 
1907852 151 
1907852 69 
1907923 93 
1909372 103 
1909372 101 
1910282 100 
1910282 2
1910282 1592
1910282 11
1912286 25 
1912351 75 
1913140 72 
1913140 70 
1913865 80 
1914250 83 
1915340 64 
1916216 63 
1916233 63 
1916233 150 
1916233 68 
1916233 65
1916305 92 
1917757 103 
1917757 101 
1918265 100 
1918265 2
1918265 1592
1918265 10
1920264 25 
1920327 75 
1921116 72 
1921116 70 
1921855 80 
1922246 83 
1922895 64 
1925254 256 
1925274 61 
1925290 61 
1925290 150 
1925290 68 
1925290 65
1925367 92 
1925773 90 
1925813 90 
1926821 103 
1926821 101 
1927341 100 
1927341 2
1927341 1592
1927341 11
1929342 25 
1929403 75 
1930184 72 
1930184 70 
1931155 80 
1931603 83 
1931813 64 
1933001 61 
1933017 61 
1933017 151 
1933017 69 
1933084 93 
1934538 103 
1934538 101 
1935457 100 
1935457 2
1935457 1592
1935457 11
1937458 25 
1937519 75 
1938307 72 
1938307 70 
1939210 80 
1939663 83 
1939875 64 
1941254 256 
1941274 61 
1941290 61 
1941290 153 
1941290 68 
1941290 65
1941361 92 
1941836 90 
1942812 103 
1942812 101 
1943319 100 
1943319 2
1943319 1592
1943319 10
1945321 25 
1945372 75 
1946158 72 
1946158 70 
1947027 80 
1947503 83 
1948349 64 
1948941 62 
1948958 62 
1948958 151 
1948958 69 
1949038 93 
1949866 91 
1950489 103 
1950489 101 
1951397 100 
1951397 2
1951397 1592
1951397 10
1953396 25 
1953460 75 
1954242 72 
1954242 70 
1955123 80 
1955593 83 
1957344 64 
1958955 62 
1958973 62 
1958973 151 
1958973 69 
1959049 93 
1960501 103 
1960501 101 
1961406 100 
1961406 2
1961406 1592
1961406 10
1963407 25 
1963469 75 
1964252 72 
1964252 70 
1965107 80 
1965493 83 
1965718 64 
1967479 61 
1967496 61 
1967496 150 
1967496 68 
1967496 65
1967578 92 
1968014 90 
1969028 90 
1969028 103 
1969028 101 
1969538 100 
1969538 2
1969538 1592
1969538 10
1971539 25 
1971605 75 
1972391 72 
1972391 70 
1973120 80 
1973509 83 
1973877 64 
1975359 61 
1975375 61 
1975375 150 
1975375 68 
1975375 65
1975455 92 
1975821 90 
1975851 90 
1976908 103 
1976908 101 
1977426 100 
1977426 2
1977426 1592
1977426 11
1979427 25 
1979488 75 
1980274 72 
1980274 70 
1981013 80 
1981394 83 
1982837 64 
1983585 256 
1984181 61 
1984199 61 
1984199 151 
1984199 69 
1984275 93 
1985385 91 
1985668 91 
1985728 103 
1985728 101 
1986637 100 
1986637 2
1986637 1592
1986637 11
1988637 25 
1988698 75 
1989485 72 
1989485 70 
1990215 80 
1990600 83 
1991379 64 
1992460 256 
1992478 61 
1992494 61 
1992494 151 
1992494 69 
1992564 93 
1993431 91 
1993966 91 
1994024 103 
1994024 101 
1994941 100 
1994941 2
1994941 1592
1994941 10
1996941 25 
1997002 75 
1997787 72 
1997787 70 
1998519 80 
1998908 83 
2001094 64 
2003054 61 
2003073 61 
2003073 150 
2003073 68 
2003073 65
2003148 92 
2004378 90 
2004600 103 
2004600 101 
2005108 100 
2005108 2
2005108 1592
2005108 10
2007108 25 
2007158 75 
2007941 72 
2007941 70 
2008663 80 
2009048 83 
2009919 64 
2010628 61 
2010644 61 
2010644 152 
2010644 69 
2010719 93 
2012168 103 
2012168 101 
2013078 100 
2013078 2
2013078 1592
2013078 11
2015077 25 
2015129 75 
2015916 72 
2015916 70 
2016651 80 
2017031 83 
2017921 64 
2019299 61 
2019315 61 
2019315 151 
2019315 69 
2019396 93 
2020039 91 
2020846 103 
2020846 101 
2021755 100 
2021755 2
2021755 1592
2021755 10
2023754 25 
2023817 75 
2024598 72 
2024598 70 
2025330 80 
2025709 83 
2026482 64 
2028227 62 
2028243 62 
2028243 151 
2028243 69 
2028324 93 
2029774 103 
2029774 101 
2030683 100 
2030683 2
2030683 1592
2030683 11
2032683 25 
2032746 75 
2033530 72 
2033530 70 
2034265 80 
2034656 83 
2035125 64 
2036891 63 
2036909 63 
2036909 150 
2036909 68 
2036909 65
2036987 92 
2038440 103 
2038440 101 
2038947 100 
2038947 2
2038947 1592
2038947 11
2040949 25 
2041009 75 
2041791 72 
2041791 70 
2042522 80 
2042901 83 
2043475 64 
2043656 63 
2043676 63 
2043676 150 
2043676 68 
2043676 65
2043763 92 
2045211 103 
2045211 101 
2045718 100 
2045718 2
2045718 1592
2045718 10
2047717 25 
2047780 75 
2048566 72 
2048566 70 
2049303 80 
2049680 83 
2050475 64 
2051016 63 
2051033 63 
2051033 151 
2051033 69 
2051101 93 
2051696 91 
2051737 91 
2052555 103 
2052555 101 
2053465 100 
2053465 2
2053465 1592
2053465 10
2055464 25 
2055525 75 
2056306 72 
2056306 70 
2057033 80 
2057416 83 
2058491 64 
2059282 63 
2059299 63 
2059299 151 
2059299 69 
2059376 93 
2060099 91 
2060530 91 
2060837 103 
2060837 101 
2061756 100 
2061756 2
2061756 1592
2061756 11
2063756 25 
2063815 75 
2064600 72 
2064600 70 
2065588 80 
2066116 83 
2067182 64 
2067822 61 
2067839 61 
2067839 151 
2067839 69 
2068350 91 
2068375 93 
2068809 91 
2069363 103 
2069363 101 
2070282 100 
2070282 2
2070282 1592
2070282 10
2072283 25 
2072343 75 
2073129 72 
2073129 70 
2074120 80 
2074612 83 
2074831 64 
2076990 62 
2077011 62 
2077011 151 
2077011 69 
2077079 93 
2077969 91 
2078529 103 
2078529 101 
2079438 100 
2079438 2
2079438 1592
2079438 11
2081438 25 
2081499 75 
2082281 72 
2082281 70 
2083223 80 
2083709 83 
2085151 64 
2086825 62 
2086840 62 
2086840 151 
2086840 69 
2086913 93 
2087605 91 
2087633 91 
2088366 103 
2088366 101 
2089285 100 
2089285 2
2089285 1592
2089285 10
2091285 25 
2091349 75 
2092137 72 
2092137 70 
2093054 80 
2093467 83 
2094260 64 
2094825 256 
2094845 63 
2094862 63 
2094862 151 
2094862 69 
2094936 93 
2095689 91 
2096093 91 
2096391 91 
2096391 103 
2096391 101 
2097310 100 
2097310 2
2097310 1592
2097310 10
2099310 25 
2099374 75 
2100155 72 
2100155 70 
2101007 80 
2101390 83 
2101902 64 
2103614 256 
2105546 63 
2105562 63 
2105562 151 
2105562 69 
2105639 93 
2106451 91 
2107089 103 
2107089 101 
2107998 100 
2107998 2
2107998 1592
2107998 10
2110000 25 
2110061 75 
2110847 72 
2110847 70 
2111090 250 
2111205 71 
2111710 80 
2112098 83 
2113082 64 
2114366 62 
2114384 62 
2114384 153 
2114384 68 
2114384 65
2114463 92 
2114947 90 
2115908 103 
2115908 101 
2116420 100 
2116420 2
2116420 1592
2116420 11
2118422 25 
2118490 75 
2119273 72 
2119273 70 
2120010 80 
2120381 83 
2120783 64 
2122358 256 
2122834 63 
2122851 63 
2122851 150 
2122851 68 
2122851 65
2122925 92 
2124378 103 
2124378 101 
2124885 100 
2124885 2
2124885 1592
2124885 11
2126885 25 
2126947 75 
2127734 72 
2127734 70 
2128474 80 
2128859 83 
2129609 64 
2129898 63 
2129918 63 
2129918 150 
2129918 68 
2129918 65
2129993 92 
2131439 103 
2131439 101 
2131947 100 
2131947 2
2131947 1592
2131947 10
2133949 25 
2134015 75 
2134800 72 
2134800 70 
2135535 80 
2135911 83 
2136462 64 
2136680 63 
2136696 63 
2136696 151 
2136696 69 
2136775 93 
2137137 91 
2137383 91 
2137943 91 
2138224 103 
2138224 101 
2139131 100 
2139131 2
2139131 1592
2139131 11
2141131 25 
2142078 75 
2142864 72 
2142864 70 
2143605 80 
2143988 83 
2144757 64 
2145216 63 
2145235 63 
2145235 150 
2145235 68 
2145235 65
2145314 92 
2145719 90 
2146769 103 
2146769 101 
2147275 100 
2147275 2
2147275 1592
2147275 10
2149276 25 
2149337 75 
2150121 72 
2150121 70 
2150849 80 
2151224 83 
2151609 64 
2151847 63 
2151871 63 
2151871 151 
2151871 69 
2151947 93 
2152248 91 
2152385 91 
2152443 91 
2152971 91 
2153239 91 
2153390 103 
2153390 101 
2154297 100 
2154297 2
2154297 1592
2154297 11
2156300 25 
2156360 75 
2157147 72 
2157147 70 
2157874 80 
2158247 83 
2158924 64 
2159474 256 
2159964 63 
2159981 63 
2159981 150 
2159981 68 
2159981 65
2160055 92 
2160477 90 
2161506 103 
2161506 101 
2162019 100 
2162019 2
2162019 1592
2162019 10
2164019 25 
2164079 75 
2164865 72 
2164865 70 
2165601 80 
2165983 83 
2166492 64 
2166690 256 
2166709 63 
2166729 63 
2166729 151 
2166729 69 
2166809 93 
2168250 103 
2168250 101 
2169160 100 
2169160 2
2169160 1592
2169160 11
2171159 25 
2171208 75 
2172002 72 
2172002 70 
2172726 80 
2173112 83 
2173743 64 
2174122 256 
2175502 63 
2175518 63 
2175518 152 
2175518 69 
2175595 93 
2176224 91 
2177046 103 
2177046 101 
2177956 100 
2177956 2
2177956 1592
2177956 11
2179956 25 
2180018 75 
2180801 72 
2180801 70 
2181529 80 
2181907 83 
2183155 64 
2185042 62 
2185060 62 
2185060 151 
2185060 69 
2185138 93 
2185865 91 
2186591 103 
2186591 101 
2187498 100 
2187498 2
2187498 1592
2187498 11
2189502 25 
2189560 75 
2190349 72 
2190349 70 
2191092 80 
2191470 83 
2191866 64 
2194591 61 
2194608 61 
2194608 151 
2194608 69 
2194683 93 
2196135 103 
2196135 101 
2197041 100 
2197041 2
2197041 1592
2197041 10
2199042 25 
2199104 75 
2199885 72 
2199885 70 
2200612 80 
2201140 83 
2201816 64 
2203384 62 
2203400 62 
2203400 151 
2203400 69 
2203478 93 
2204932 103 
2204932 101 
2205850 100 
2205850 2
2205850 1592
2205850 11
2207850 25 
2208245 75 
2209029 72 
2209029 70 
2209876 80 
2210337 83 
2211892 64 
2212273 256 
2212694 63 
2212710 63 
2212710 150 
2212710 68 
2212710 65
2212778 92 
2213191 90 
2214236 103 
2214236 101 
2214752 100 
2214752 2
2214752 1592
2214752 10
2216754 25 
2216805 75 
2217590 72 
2217590 70 
2218433 80 
2218840 83 
2220320 64 
2222128 61 
2222144 61 
2222144 150 
2222144 68 
2222144 65
2222215 92 
2222649 90 
2223672 103 
2223672 101 
2224192 100 
2224192 2
2224192 1592
2224192 10
2226191 25 
2226252 75 
2227040 72 
2227040 70 
2227886 80 
2228355 83 
2228960 64 
2231387 62 
2231404 62 
2231404 151 
2231404 69 
2231481 93 
2232572 91 
2232931 103 
2232931 101 
2233837 100 
2233837 2
2233837 1592
2233837 11
2235840 25 
2235909 75 
2236697 72 
2236697 70 
2237422 80 
2237804 83 
2238330 64 
2240907 61 
2240925 61 
2240925 151 
2240925 69 
2240993 93 
2241649 91 
2241755 91 
2242446 103 
2242446 101 
2243355 100 
2243355 2
2243355 1592
2243355 10
2245357 25 
2245422 75 
2246211 72 
2246211 70 
2246940 80 
2247321 83 
2248208 64 
2249673 61 
2249689 61 
2249689 152 
2249689 69 
2249763 93 
2250916 91 
2251218 103 
2251218 101 
2252125 100 
2252125 2
2252125 1592
2252125 10
2254127 25 
2254187 75 
2254975 72 
2254975 70 
2255710 80 
2256091 83 
2257255 64 
2258531 61 
2258548 61 
2258548 150 
2258548 68 
2258548 65
2258630 92 
2259079 90 
2260082 103 
2260082 101 
2260600 100 
2260600 2
2260600 1592
2260600 11
2262602 25 
2262913 75 
2263701 72 
2263701 70 
2264437 80 
2264825 83 
2265669 64 
2266433 61 
2266445 61 
2266445 151 
2266445 69 
2266516 93 
2267065 91 
2267582 91 
2267970 103 
2267970 101 
2268876 100 
2268876 2
2268876 1592
2268876 10
2270877 25 
2270926 75 
2271712 72 
2271712 70 
2272454 80 
2272829 83 
2273893 64 
2275389 61 
2275405 61 
2275405 150 
2275405 68 
2275405 65
2275474 92 
2275865 90 
2275894 90 
2276924 103 
2276924 101 
2277436 100 
2277436 2
2277436 1592
2277436 11
2279433 25 
2279485 75 
2280272 72 
2280272 70 
2281005 80 
2281388 83 
2281960 64 
2282709 61 
2282725 61 
2282725 151 
2282725 69 
2282803 93 
2283392 91 
2284141 91 
2284256 103 
2284256 101 
2285163 100 
2285163 2
2285163 1592
2285163 11
2287166 25 
2287231 75 
2288014 72 
2288014 70 
2288751 80 
2289127 83 
2289842 64 
2291461 61 
2291481 61 
2291481 151 
2291481 69 
2291558 93 
2292172 91 
2293011 103 
2293011 101 
2293920 100 
2293920 2
2293920 1592
2293920 10
2295921 25 
2295987 75 
2296775 72 
2296775 70 
2297506 80 
2297887 83 
2298816 64 
2299410 63 
2299427 63 
2299427 151 
2299427 69 
2299504 93 
2300257 91 
2300595 91 
2300957 103 
2300957 101 
2301865 100 
2301865 2
2301865 1592
2301865 10
2303866 25 
2303932 75 
2304219 73 
2304920 72 
2304920 70 
2305644 80 
2306037 83 
2306909 64 
2307300 256 
2308556 63 
2308573 63 
2308573 151 
2308573 69 
2308649 93 
2309259 91 
2309687 91 
2310098 103 
2310098 101 
2311007 100 
2311007 2
2311007 1592
2311007 11
2313008 25 
2313074 75 
2313857 72 
2313857 70 
2314597 80 
2314969 83 
2315367 64 
2317104 61 
2317122 61 
2317122 151 
2317122 69 
2317190 93 
2318644 103 
2318644 101 
2319563 100 
2319563 2
2319563 1592
2319563 11
2321563 25 
2321612 75 
2322394 72 
2322394 70 
2323122 80 
2323504 83 
2326348 64 
2329063 61 
2329079 61 
2329079 151 
2329079 69 
2329158 93 
2329945 91 
2330611 103 
2330611 101 
2331518 100 
2331518 2
2331518 1592
2331518 11
2333518 25 
2333580 75 
2334365 72 
2334365 70 
2335334 80 
2335836 83 
2336403 64 
2337120 256 
2337290 63 
2337307 63 
2337307 150 
2337307 68 
2337307 65
2337383 92 
2338834 103 
2338834 101 
2339342 100 
2339342 2
2339342 1592
2339342 10
2341341 25 
2341390 75 
2342179 72 
2342179 70 
2343076 80 
2343521 83 
2343824 64 
2345165 256 
2345184 61 
2345201 61 
2345201 150 
2345201 68 
2345201 65
2345274 92 
2345714 90 
2346723 103 
2346723 101 
2347230 100 
2347230 2
2347230 1592
2347230 11
2349231 25 
2349293 75 
2350075 72 
2350075 70 
2350916 80 
2351296 83 
2351737 64 
2352769 256 
2352789 61 
2352806 61 
2352806 151 
2352806 69 
2352880 93 
2354335 103 
2354335 101 
2355243 100 
2355243 2
2355243 1592
2355243 10
2357241 25 
2357304 75 
2358093 72 
2358093 70 
2358824 80 
2359207 83 
2360070 64 
2361402 256 
2361422 61 
2361437 61 
2361437 150 
2361437 68 
2361437 65
2361505 92 
2361993 90 
2362956 103 
2362956 101 
2363466 100 
2363466 2
2363466 1592
2363466 10
2365466 25 
2365584 75 
2366372 72 
2366372 70 
2367100 80 
2367491 83 
2368284 64 
2368906 61 
2368923 61 
2368923 150 
2368923 68 
2368923 65
2369448 90 
2369475 92 
2370450 103 
2370450 101 
2370970 100 
2370970 2
2370970 1592
2370970 10
2372968 25 
2373035 75 
2373820 72 
2373820 70 
2374550 80 
2374942 83 
2375074 64 
2376445 61 
2376461 61 
2376461 150 
2376461 68 
2376461 65
2376540 92 
2376911 90 
2377994 103 
2377994 101 
2378497 100 
2378497 2
2378497 1592
2378497 11
2380498 25 
2380548 75 
2381329 72 
2381329 70 
2382056 80 
2382446 83 
2383168 64 
2383500 63 
2383521 63 
2383521 150 
2383521 68 
2383521 65
2383606 92 
2385053 103 
2385053 101 
2385562 100 
2385562 2
2385562 1592
2385562 11
2387564 25 
2387624 75 
2388412 72 
2388412 70 
2389146 80 
2389526 83 
2389984 64 
2390197 63 
2390218 63 
2390218 150 
2390218 68 
2390218 65
2390297 92 
2391747 103 
2391747 101 
2392251 100 
2392251 2
2392251 1592
2392251 10
2394253 25 
2394302 75 
2395085 72 
2395085 70 
2395808 80 
2396188 83 
2396948 64 
2397180 256 
2397199 63 
2397219 63 
2397219 153 
2397219 68 
2397219 65
2397295 92 
2398739 103 
2398739 101 
2399249 100 
2399249 2
2399249 1592
2399249 10
2401252 25 
2401317 75 
2402100 72 
2402100 70 
2402834 80 
2403207 83 
2404247 64 
2405605 63 
2405621 63 
2405621 151 
2405621 69 
2405697 93 
2406208 91 
2406639 91 
2407152 103 
2407152 101 
2408060 100 
2408060 2
2408060 1592
2408060 10
2410061 25 
2410122 75 
2410909 72 
2410909 70 
2411646 80 
2412022 83 
2412570 64 
2413688 61 
2413704 61 
2413704 150 
2413704 68 
2413704 65
2413775 92 
2414205 90 
2415228 103 
2415228 101 
2415736 100 
2415736 2
2415736 1592
2415736 11
2417737 25 
2417799 75 
2418163 73 
2418866 72 
2418866 70 
2419597 80 
2419983 83 
2421337 64 
2422368 256 
2422387 61 
2422403 61 
2422403 151 
2422403 69 
2422476 93 
2423929 103 
2423929 101 
2424838 100 
2424838 2
2424838 1592
2424838 11
2426839 25 
2427107 75 
2427301 73 
2428009 72 
2428009 70 
2428748 80 
2429141 83 
2430341 64 
2431269 61 
2431286 61 
2431286 151 
2431286 69 
2431355 93 
2431981 91 
2432663 91 
2432805 103 
2432805 101 
2433717 100 
2433717 2
2433717 1592
2433717 10
2435715 25 
2435771 75 
2436555 72 
2436555 70 
2437291 80 
2437668 83 
2438483 64 
2440728 61 
2440747 61 
2440747 152 
2440747 69 
2440817 93 
2442269 103 
2442269 101 
2443179 100 
2443179 2
2443179 1592
2443179 11
2445180 25 
2445240 75 
2446024 72 
2446024 70 
2446742 80 
2447127 83 
2448487 64 
2449307 256 
2449506 63 
2449523 63 
2449523 150 
2449523 68 
2449523 65
2449602 92 
2451052 103 
2451052 101 
2451563 100 
2451563 2
2451563 1592
2451563 10
2453562 25 
2453624 75 
2454411 72 
2454411 70 
2455286 80 
2455761 83 
2456088 64 
2457978 61 
2457994 61 
2457994 150 
2457994 68 
2457994 65
2458064 92 
2459519 103 
2459519 101 
2460025 100 
2460025 2
2460025 1592
2460025 11
2462026 25 
2462087 75 
2462873 72 
2462873 70 
2463746 80 
2464198 83 
2465118 64 
2465489 63 
2465509 63 
2465509 150 
2465509 68 
2465509 65
2465580 92 
2465941 90 
2467035 103 
2467035 101 
2467541 100 
2467541 2
2467541 1592
2467541 10
2469542 25 
2469608 75 
2470395 72 
2470395 70 
2471282 80 
2471722 83 
2471933 64 
2472266 63 
2472282 63 
2472282 151 
2472282 69 
2472355 93 
2473809 103 
2473809 101 
2474723 100 
2474723 2
2474723 1592
2474723 11
2476726 25 
2476777 75 
2477193 73 
2477897 72 
2477897 70 
2478630 80 
2479007 83 
2479431 64 
2480889 61 
2480907 61 
2480907 151 
2480907 69 
2480972 93 
2482277 91 
2482430 103 
2482430 101 
2483350 100 
2483350 2
2483350 1592
2483350 10
2485347 25 
2486725 75 
2487546 73 
2488255 72 
2488255 70 
2488988 80 
2489369 83 
2489943 64 
2490856 62 
2492213 62 
2492213 151 
2492213 69 
2492296 93 
2492943 91 
2493745 103 
2493745 101 
2494650 100 
2494650 2
2494650 1592
2494650 10
2496649 25 
2496716 75 
2497504 72 
2497504 70 
2498233 80 
2498616 83 
2500443 64 
2501738 61 
2501755 61 
2501755 150 
2501755 68 
2501755 65
2501832 92 
2502266 90 
2503286 103 
2503286 101 
2503795 100 
2503795 2
2503795 1592
2503795 11
2505795 25 
2507652 75 
2508432 72 
2508432 70 
2509167 80 
2509541 83 
2509841 64 
2510975 61 
2510991 61 
2510991 151 
2510991 69 
2511070 93 
2511549 91 
2512523 103 
2512523 101 
2513430 100 
2513430 2
2513430 1592
2513430 11
2515428 25 
2515479 75 
2516266 72 
2516266 70 
2516995 80 
2517383 83 
2519100 64 
2520478 256 
2520498 61 
2520513 61 
2520513 153 
2520513 68 
2520513 65
2520584 92 
2521022 90 
2522037 103 
2522037 101 
2522546 100 
2522546 5
2522546 1592
2522546 10
2522546 78 
2522546 782 
2524545 25 
2524607 75 
2525389 72 
2525389 70 
2526115 80 
2526501 83 
2526925 64 
2527979 61 
2527995 61 
2527995 151 
2527995 69 
2528062 93 
2528554 91 
2529516 103 
2529516 101 
2530436 100 
2530436 5
2530436 1592
2530436 11
2532434 25 
2532490 75 
2533275 72 
2533275 70 
2534014 80 
2534408 83 
2534784 64 
2536267 61 
2536284 61 
2536284 151 
2536284 69 
2536349 93 
2536832 91 
2537396 91 
2537802 103 
2537802 101 
2538713 100 
2538713 5
2538713 1592
2538713 10
2540711 25 
2542347 75 
2543135 72 
2543135 70 
2543867 80 
2544249 83 
2545346 64 
2545861 63 
2545877 63 
2545877 150 
2545877 68 
2545877 65
2545947 92 
2546399 90 
2547400 103 
2547400 101 
2547914 100 
2547914 5
2547914 1592
2547914 11
2549914 25 
2549970 75 
2550752 72 
2550752 70 
2551481 80 
2551858 83 
2552079 64 
2553336 61 
2553352 61 
2553352 151 
2553352 69 
2553421 93 
2553993 91 
2554876 103 
2554876 101 
2555784 100 
2555784 5
2555784 1592
2555784 10
2557786 25 
2557851 75 
2558637 72 
2558637 70 
2559364 80 
2559750 83 
2560234 64 
2561038 63 
2561054 63 
2561054 150 
2561054 68 
2561054 65
2561127 92 
2561464 90 
2562577 103 
2562577 101 
2563088 100 
2563088 5
2563088 1592
2563088 11
2565090 25 
2565150 75 
2565936 72 
2565936 70 
2566673 80 
2567051 83 
2567388 64 
2569282 256 
2569300 61 
2569316 61 
2569316 151 
2569316 69 
2569391 93 
2570403 91 
2570841 103 
2570841 101 
2571750 100 
2571750 5
2571750 1592
2571750 11
2573752 25 
2573818 75 
2574601 72 
2574601 70 
2575335 80 
2575937 83 
2576961 64 
2577427 256 
2577447 63 
2577463 63 
2577463 151 
2577463 69 
2577535 93 
2578062 91 
2578587 91 
2578990 103 
2578990 101 
2579907 100 
2579907 5
2579907 1592
2579907 11
2581907 25 
2584039 75 
2584820 72 
2584820 70 
2585751 80 
2586246 83 
2586579 64 
2589035 61 
2589051 61 
2589051 151 
2589051 69 
2589127 93 
2589647 91 
2590142 91 
2590579 103 
2590579 101 
2591488 100 
2591488 5
2591488 1592
2591488 10
2593491 25 
2594746 75 
2595537 72 
2595537 70 
2596415 80 
2596860 83 
2597228 64 
2597500 256 
2597519 255 
2599392 63 
2599410 63 
2599410 150 
2599410 68 
2599410 65
2599485 92 
2600935 103 
2600935 101 
2601446 100 
2601446 5
2601446 1592
2601446 10
2603445 25 
2604019 75 
2604808 72 
2604808 70 
2605665 80 
2606052 83 
2606778 64 
2607059 256 
2607078 63 
2607094 63 
2607094 150 
2607094 68 
2607094 65
2607168 92 
2608615 103 
2608615 101 
2609120 100 
2609120 5
2609120 1592
2609120 11
2611122 25 
2611184 75 
2611968 72 
2611968 70 
2612704 80 
2613090 83 
2613437 64 
2614672 61 
2614689 61 
2614689 151 
2614689 69 
2614760 93 
2615290 91 
2615598 91 
2616211 103 
2616211 101 
2617119 100 
2617119 5
2617119 1592
2617119 11
2619120 25 
2619185 75 
2619972 72 
2619972 70 
2620704 80 
2621084 83 
2621694 64 
2622078 63 
2622094 63 
2622094 151 
2622094 69 
2622167 93 
2622611 91 
2623044 91 
2623617 103 
2623617 101 
2624531 100 
2624531 5
2624531 1592
2624531 10
2626529 25 
2626577 75 
2627365 72 
2627365 70 
2628098 80 
2628479 83 
2628977 64 
2630631 256 
2630649 62 
2630665 62 
2630665 151 
2630665 69 
2630738 93 
2632189 103 
2632189 101 
2633098 100 
2633098 5
2633098 1592
2633098 11
2635099 25 
2635149 75 
2635933 72 
2635933 70 
2636669 80 
2637051 83 
2637343 64 
2639974 61 
2639989 61 
2639989 151 
2639989 69 
2640069 93 
2640735 91 
2640952 91 
2641520 103 
2641520 101 
2642429 100 
2642429 5
2642429 1592
2642429 10
2644429 25 
2644494 75 
2645277 72 
2645277 70 
2646013 80 
2646390 83 
2646931 64 
2647390 256 
2647649 63 
2647666 63 
2647666 152 
2647666 69 
2647746 93 
2648243 91 
2648591 91 
2649194 103 
2649194 101 
2650103 100 
2650103 5
2650103 1592
2650103 10
2652105 25 
2652166 75 
2652954 72 
2652954 70 
2653678 80 
2654058 83 
2656054 64 
2657077 61 
2657094 61 
2657094 151 
2657094 69 
2657607 91 
2657632 93 
2658080 91 
2658598 91 
2658619 103 
2658619 101 
2659528 100 
2659528 5
2659528 1592
2659528 11
2661527 25 
2661589 75 
2662372 72 
2662372 70 
2663101 80 
2663480 83 
2663883 64 
2665154 256 
2665174 63 
2665191 63 
2665191 151 
2665191 69 
2665258 93 
2665877 91 
2666337 91 
2666713 103 
2666713 101 
2667630 100 
2667630 5
2667630 1592
2667630 10
2669630 25 
2669685 75 
2670266 73 
2670969 72 
2670969 70 
2671726 71 
2672054 80 
2672441 83 
2673047 64 
2673417 256 
2675614 63 
2675631 63 
2675631 150 
2675631 68 
2675631 65
2675704 92 
2677158 103 
2677158 101 
2677668 100 
2677668 5
2677668 1592
2677668 10
2679669 25 
2684826 75 
2685230 73 
2685934 72 
2685934 70 
2686668 80 
2687053 83 
2687599 64 
2688138 63 
2688155 63 
2688155 150 
2688155 68 
2688155 65
2688235 92 
2688668 90 
2688765 90 
2689689 103 
2689689 101 
2690193 100 
2690193 5
2690193 1592
2690193 10
2692194 25 
2696587 75 
2697371 72 
2697371 70 
2698977 71 
2699483 80 
2699866 83 
2700127 64 
2701107 256 
2701274 63 
2701290 63 
2701290 152 
2701290 69 
2701360 93 
2702017 91 
2702817 103 
2702817 101 
2703736 100 
2703736 5
2703736 1592
2703736 10
2705735 25 
2705805 75 
2706589 72 
2706589 70 
2707524 80 
2709478 76 
2709551 83 
2709774 64 
2710467 63 
2710484 63 
2710484 150 
2710484 68 
2710484 65
2710559 92 
2710958 90 
2712015 103 
2712015 101 
2712533 100 
2712533 5
2712533 1592
2712533 11
2714534 25 
2714595 75 
2715385 72 
2715385 70 
2716223 80 
2716704 83 
2717492 64 
2717855 256 
2718914 63 
2718930 63 
2718930 151 
2718930 69 
2719010 93 
2719779 91 
2720460 103 
2720460 101 
2721367 100 
2721367 5
2721367 1592
2721367 11
2723369 25 
2726169 75 
2726956 72 
2726956 70 
2727403 71 
2727905 80 
2728352 83 
2728754 64 
2729617 256 
2730289 63 
2730305 63 
2730305 151 
2730305 69 
2730377 93 
2731837 103 
2731837 101 
2732749 100 
2732749 5
2732749 1592
2732749 11
2734752 25 
2744804 254 
2751305 75 
2752091 72 
2752091 70 
2752957 80 
2753337 83 
2753740 64 
2754388 256 
2754407 61 
2754425 61 
2754425 151 
2754425 69 
2754501 93 
2754602 91 
2755152 91 
2755952 103 
2755952 101 
2756861 100 
2756861 5
2756861 1592
2756861 11
2758861 25 
2759315 75 
2760097 72 
2760097 70 
2760840 80 
2761229 83 
2761559 64 
2762179 256 
2762608 63 
2762625 63 
2762625 151 
2762625 69 
2762695 93 
2764146 103 
2764146 101 
2765056 100 
2765056 5
2765056 1592
2765056 10
2767057 25 
2767565 75 
2768350 72 
2768350 70 
2769091 80 
2769485 83 
2770466 64 
2771705 61 
2771720 61 
2771720 151 
2771720 69 
2782302 91 
2782324 93 
2782324 103 
2782324 101 
2783235 100 
2783235 5
2783235 1592
2783235 10
2785238 25 
2785298 75 
2786087 72 
2786087 70 
2786826 80 
2787223 83 
2787486 64 
2789607 256 
2789626 61 
2789642 61 
2789642 151 
2789642 69 
2789716 93 
2790320 91 
2791163 103 
2791163 101 
2792073 100 
2792073 5
2792073 1592
2792073 11
2794072 25 
2794142 75 
2794929 72 
2794929 70 
2795660 80 
2796037 83 
2796378 64 
2797194 61 
2797211 61 
2797211 151 
2797211 69 
2797283 93 
2797798 91 
2798595 91 
2798726 91 
2798735 103 
2798735 101 
2799642 100 
2799642 5
2799642 1592
2799642 10
2801644 25 
2801707 75 
2802492 72 
2802492 70 
2803229 80 
2803614 83 
2803831 64 
2804591 61 
2804607 61 
2804607 151 
2804607 69 
2805056 91 
2805080 93 
2805358 91 
2805719 91 
2806134 103 
2806134 101 
2807054 100 
2807054 5
2807054 1592
2807054 10
2809054 25 
2809115 75 
2809904 72 
2809904 70 
2810635 80 
2811019 83 
2811350 64 
2812178 256 
2813083 63 
2813099 63 
2813099 150 
2813099 68 
2813099 65
2813168 92 
2813609 90 
2814623 103 
2814623 101 
2815133 100 
2815133 5
2815133 1592
2815133 10
2817133 25 
2817193 75 
2817974 72 
2817974 70 
2818699 80 
2819086 83 
2819304 64 
2820878 256 
2821409 61 
2821426 61 
2821426 151 
2821426 69 
2821500 93 
2822016 91 
2822455 91 
2822675 91 
2822951 103 
2822951 101 
2823858 100 
2823858 5
2823858 1592
2823858 10
2825859 25 
2825926 75 
2827973 73 
2828039 73 
2828746 72 
2828746 70 
2829487 80 
2829862 83 
2833936 64 
2834215 63 
2836538 63 
2836538 150 
2836538 68 
2836538 65
2836615 92 
2837124 90 
2838065 103 
2838065 101 
2838571 100 
2838571 5
2838571 1592
2838571 11
2840572 25 
2842558 75 
2842642 73 
2843384 72 
2843384 70 
2844127 80 
2844506 83 
2844912 64 
2846339 62 
2846355 62 
2846355 150 
2846355 68 
2846355 65
2846433 92 
2846848 90 
2847888 103 
2847888 101 
2848398 100 
2848398 5
2848398 1592
2848398 11
2850397 25 
2850458 75 
2851247 72 
2851247 70 
2851989 80 
2852799 76 
2852872 83 
2852951 64 
2853183 62 
2853200 62 
2853200 150 
2853200 68 
2853200 65
2853278 92 
2854726 103 
2854726 101 
2855232 100 
2855232 5
2855232 1592
2855232 11
2857234 25 
2857299 75 
2858084 72 
2858084 70 
2859020 80 
2859519 83 
2859589 64 
2859808 62 
2859824 62 
2859824 152 
2859824 69 
2859902 93 
2860811 91 
2861151 91 
2861349 103 
2861349 101 
2862254 100 
2862254 5
2862254 1592
2862254 11
2864255 25 
2864304 75 
2865091 72 
2865091 70 
2866023 80 
2866610 76 
2866768 83 
2866802 64 
2867078 62 
2867094 62 
2867094 150 
2867094 68 
2867094 65
2867169 92 
2867734 90 
2868629 103 
2868629 101 
2869150 100 
2869150 5
2869150 1592
2869150 11
2871151 25 
2871209 75 
2871991 72 
2871991 70 
2872893 80 
2873732 76 
2873831 83 
2873934 64 
2874120 256 
2874141 62 
2874162 62 
2874162 150 
2874162 68 
2874162 65
2874244 92 
2874761 90 
2875692 103 
2875692 101 
2876210 100 
2876210 5
2876210 1592
2876210 10
2878212 25 
2878273 75 
2879058 72 
2879058 70 
2879901 80 
2880283 83 
2880487 64 
2880818 63 
2880839 63 
2880839 152 
2880839 69 
2880921 93 
2881364 91 
2881747 91 
2882367 103 
2882367 101 
2883288 100 
2883288 5
2883288 1592
2883288 10
2885287 25 
2885350 75 
2886132 72 
2886132 70 
2886855 80 
2887234 83 
2887353 64 
2888344 61 
2888362 61 
2888362 151 
2888362 69 
2888431 93 
2888948 91 
2889880 103 
2889880 101 
2890791 100 
2890791 5
2890791 1592
2890791 10
2892791 25 
2894021 75 
2894808 72 
2894808 70 
2895545 80 
2895932 83 
2896709 64 
2897340 63 
2897357 63 
2897357 150 
2897357 68 
2897357 65
2897429 92 
2897833 90 
2898877 103 
2898877 101 
2899387 100 
2899387 5
2899387 1592
2899387 11
2901386 25 
2901437 75 
2902221 72 
2902221 70 
2902962 80 
2903709 76 
2903784 83 
2903840 64 
2904013 256 
2904033 62 
2904054 62 
2904054 150 
2904054 68 
2904054 65
2904133 92 
2905584 103 
2905584 101 
2906092 100 
2906092 5
2906092 1592
2906092 10
2908091 25 
2908154 75 
2908941 72 
2908941 70 
2909678 80 
2910059 83 
2910208 64 
2910422 256 
2910439 63 
2910459 63 
2910459 150 
2910459 68 
2910459 65
2910534 92 
2911984 103 
2911984 101 
2912503 100 
2912503 5
2912503 1592
2912503 10
2914502 25 
2914565 75 
2915348 72 
2915348 70 
2916086 80 
2916859 76 
2916936 83 
2917114 64 
2917331 63 
2917352 63 
2917352 150 
2917352 68 
2917352 65
2917430 92 
2918884 103 
2918884 101 
2919393 100 
2919393 5
2919393 1592
2919393 11
2921393 25 
2921454 75 
2922237 72 
2922237 70 
2922970 80 
2923748 76 
2923825 83 
2923942 64 
2924157 62 
2924173 62 
2924173 150 
2924173 68 
2924173 65
2924247 92 
2925692 103 
2925692 101 
2926201 100 
2926201 5
2926201 1592
2926201 11
2928203 25 
2928265 75 
2929050 72 
2929050 70 
2929787 80 
2930518 76 
2930596 83 
2930687 64 
2930872 62 
2930889 62 
2930889 150 
2930889 68 
2930889 65
2930966 92 
2932410 103 
2932410 101 
2932924 100 
2932924 5
2932924 1592
2932924 11
2934922 25 
2934982 75 
2935772 72 
2935772 70 
2936504 80 
2937208 76 
2937279 83 
2937343 64 
2937524 256 
2937544 62 
2937561 62 
2937561 150 
2937561 68 
2937561 65
2937645 92 
2938173 90 
2939089 103 
2939089 101 
2939603 100 
2939603 5
2939603 1592
2939603 11
2941602 25 
2941660 75 
2942442 72 
2942442 70 
2943161 80 
2943547 83 
2943577 64 
2943770 256 
2943799 62 
2943820 62 
2943820 152 
2943820 69 
2943898 93 
2945341 103 
2945341 101 
2946249 100 
2946249 5
2946249 1592
2946249 10
2948249 25 
2948314 75 
2948749 73 
2949455 72 
2949455 70 
2950177 80 
2950559 83 
2950618 64 
2950889 63 
2950910 63 
2950910 150 
2950910 68 
2950910 65
2950987 92 
2952433 103 
2952433 101 
2952951 100 
2952951 5
2952951 1592
2952951 11
2952951 79 
2954953 25 
2955014 75 
2955795 72 
2955795 70 
2956521 80 
2957439 76 
2957516 83 
2957623 64 
2957922 62 
2957944 62 
2957944 150 
2957944 68 
2957944 65
2958020 92 
2958389 90 
2959465 103 
2959465 101 
2959973 100 
2959973 3
2959973 1592
2959973 11
2959973 78 
2959973 781 
2961977 25 
2962044 75 
2962833 72 
2962833 70 
2963561 80 
2964302 76 
2964373 83 
2964466 64 
2964650 62 
2964671 62 
2964671 151 
2964671 69 
2964752 93 
2965148 91 
2966198 103 
2966198 101 
2967104 100 
2967104 3
2967104 1592
2967104 11
2969106 25 
2969168 75 
2969951 72 
2969951 70 
2970677 80 
2971061 83 
2971443 64 
2971887 63 
2971903 63 
2971903 150 
2971903 68 
2971903 65
2971989 92 
2972313 90 
2973439 103 
2973439 101 
2973957 100 
2973957 3
2973957 1592
2973957 11
2975956 25 
2976018 75 
2976807 72 
2976807 70 
2977542 80 
2977918 83 
2978055 64 
2978317 63 
2978336 63 
2978336 150 
2978336 68 
2978336 65
2978415 92 
2979857 103 
2979857 101 
2980366 100 
2980366 3
2980366 1592
2980366 10
2982366 25 
2982420 75 
2982666 73 
2983379 72 
2983379 70 
2984222 80 
2984702 83 
2985285 64 
2986482 63 
2986497 63 
2986497 151 
2986497 69 
2986562 93 
2987044 91 
2988012 103 
2988012 101 
2988923 100 
2988923 3
2988923 1592
2988923 10
2990923 25 
2990986 75 
2991768 72 
2991768 70 
2992620 80 
2993010 83 
2993281 64 
2994727 61 
2994744 61 
2994744 151 
2994744 69 
2994814 93 
2995332 91 
2995872 91 
2996228 91 
2996263 103 
2996263 101 
2997172 100 
2997172 3
2997172 1592
2997172 10
2999173 25 
2999242 75 
3000030 72 
3000030 70 
3000759 80 
3001133 83 
3002005 64 
3003250 256 
3003269 63 
3003285 63 
3003285 151 
3003285 69 
3003358 93 
3003988 91 
3004079 91 
3004807 103 
3004807 101 
3005717 100 
3005717 3
3005717 1592
3005717 10
3007715 25 
3007874 75 
3008028 73 
3008733 72 
3008733 70 
3009465 80 
3009842 83 
3010483 64 
3011964 62 
3011982 62 
3011982 150 
3011982 68 
3011982 65
3012058 92 
3012465 90 
3012494 90 
3013508 103 
3013508 101 
3014020 100 
3014020 3
3014020 1592
3014020 10
3016019 25 
3016069 75 
3016858 72 
3016858 70 
3017590 80 
3017970 83 
3018689 64 
3018875 62 
3018896 62 
3018896 150 
3018896 68 
3018896 65
3018985 92 
3020427 103 
3020427 101 
3020936 100 
3020936 3
3020936 1592
3020936 10
3022937 25 
3022998 75 
3023787 72 
3023787 70 
3024522 80 
3024902 83 
3025470 64 
3025700 62 
3025720 62 
3025720 150 
3025720 68 
3025720 65
3025804 92 
3027248 103 
3027248 101 
3027766 100 
3027766 3
3027766 1592
3027766 11
3029764 25 
3029823 75 
3030605 72 
3030605 70 
3031323 80 
3032424 76 
3032498 83 
3032639 64 
3032898 63 
3032919 63 
3032919 150 
3032919 68 
3032919 65
3033000 92 
3034448 103 
3034448 101 
3034957 100 
3034957 3
3034957 1592
3034957 10
3036956 25 
3037024 75 
3037809 72 
3037809 70 
3038539 80 
3038926 83 
3039266 64 
3039492 63 
3039507 63 
3039507 151 
3039507 69 
3039587 93 
3039859 91 
3040131 91 
3041033 103 
3041033 101 
3041942 100 
3041942 3
3041942 1592
3041942 11
3043943 25 
3044003 75 
3044789 72 
3044789 70 
3045531 80 
3045916 83 
3046431 64 
3048496 256 
3048516 62 
3048532 62 
3048532 153 
3048532 68 
3048532 65
3048601 92 
3048957 90 
3050053 103 
3050053 101 
3050563 100 
3050563 3
3050563 1592
3050563 11
3052564 25 
3052613 75 
3053394 72 
3053394 70 
3054122 80 
3054502 83 
3055136 64 
3055372 63 
3055392 63 
3055392 150 
3055392 68 
3055392 65
3055466 92 
3056921 103 
3056921 101 
3057427 100 
3057427 3
3057427 1592
3057427 10
3059428 25 
3059490 75 
3060272 72 
3060272 70 
3061000 80 
3061376 83 
3061584 64 
3061827 63 
3061843 63 
3061843 151 
3061843 69 
3061925 93 
3063369 103 
3063369 101 
3064277 100 
3064277 3
3064277 1592
3064277 10
3066279 25 
3066346 75 
3067135 72 
3067135 70 
3067864 80 
3068241 83 
3068569 64 
3069258 256 
3069276 63 
3069292 63 
3069292 151 
3069292 69 
3069369 93 
3069863 91 
3070823 103 
3070823 101 
3071735 100 
3071735 3
3071735 1592
3071735 11
3073733 25 
3073790 75 
3074575 72 
3074575 70 
3075312 80 
3075695 83 
3076122 64 
3076686 62 
3076704 62 
3076704 151 
3076704 69 
3076778 93 
3077354 91 
3078233 103 
3078233 101 
3079154 100 
3079154 3
3079154 1592
3079154 11
3081153 25 
3081214 75 
3081999 72 
3081999 70 
3082738 80 
3083117 83 
3083465 64 
3084013 62 
3084031 62 
3084031 151 
3084031 69 
3084108 93 
3085269 91 
3085567 103 
3085567 101 
3086483 100 
3086483 3
3086483 1592
3086483 11
3088484 25 
3088545 75 
3089329 72 
3089329 70 
3090055 80 
3090430 83 
3090687 64 
3091998 256 
3092017 62 
3092034 62 
3092034 151 
3092034 69 
3092106 93 
3093557 103 
3093557 101 
3094464 100 
3094464 3
3094464 1592
3094464 10
3096466 25 
3096528 75 
3097311 72 
3097311 70 
3098158 80 
3098573 83 
3098849 64 
3100092 62 
3100110 62 
3100110 150 
3100110 68 
3100110 65
3100181 92 
3100668 90 
3101634 103 
3101634 101 
3102141 100 
3102141 3
3102141 1592
3102141 10
3104142 25 
3104205 75 
3104989 72 
3104989 70 
3105833 80 
3106299 83 
3106397 64 
3106614 62 
3106630 62 
3106630 150 
3106630 68 
3106630 65
3106711 92 
3107271 90 
3108147 103 
3108147 101 
3108660 100 
3108660 3
3108660 1592
3108660 11
3110658 25 
3111596 75 
3112382 72 
3112382 70 
3113227 80 
3114137 76 
3114218 83 
3114349 64 
3114629 63 
3114650 63 
3114650 150 
3114650 68 
3114650 65
3114728 92 
3116174 103 
3116174 101 
3116681 100 
3116681 3
3116681 1592
3116681 11
3118682 25 
3118732 75 
3119514 72 
3119514 70 
3120354 80 
3120734 83 
3121511 64 
3121823 63 
3121844 63 
3121844 150 
3121844 68 
3121844 65
3121928 92 
3123373 103 
3123373 101 
3123882 100 
3123882 3
3123882 1592
3123882 11
3125881 25 
3125943 75 
3126727 72 
3126727 70 
3127454 80 
3128388 76 
3128464 83 
3128557 64 
3128774 63 
3128791 63 
3128791 150 
3128791 68 
3128791 65
3128866 92 
3130316 103 
3130316 101 
3130822 100 
3130822 3
3130822 1592
3130822 10
3132824 25 
3132873 75 
3133656 72 
3133656 70 
3134382 80 
3135171 76 
3135327 83 
3135364 64 
3135570 62 
3135592 62 
3135592 150 
3135592 68 
3135592 65
3135666 92 
3136143 90 
3137109 103 
3137109 101 
3137621 100 
3137621 3
3137621 1592
3137621 11
3139622 25 
3139683 75 
3140471 72 
3140471 70 
3141205 80 
3141578 83 
3141643 64 
3141859 63 
3141875 63 
3141875 152 
3141875 69 
3141959 93 
3142442 91 
3142477 91 
3143172 91 
3143405 103 
3143405 101 
3144327 100 
3144327 3
3144327 1592
3144327 10
3146325 25 
3146392 75 
3147177 72 
3147177 70 
3147908 80 
3148702 76 
3148780 83 
3148854 64 
3149066 256 
3149086 62 
3149107 62 
3149107 150 
3149107 68 
3149107 65
3149199 92 
3150637 103 
3150637 101 
3151150 100 
3151150 3
3151150 1592
3151150 10
3153151 25 
3153212 75 
3153993 72 
3153993 70 
3154715 80 
3155535 76 
3155618 83 
3155648 64 
3155842 62 
3155860 62 
3155860 150 
3155860 68 
3155860 65
3155941 92 
3157383 103 
3157383 101 
3157439 102 
