39,76 100 
39,76 5
39,76 1953
39,76 11
2040,49 25 
2065,84 75 
3469,42 72 
3675,1 70 
5247,93 80 
6170,86 83 
6241,51 64 71
6429,98 62 166
6734,16 150 
6770,98 68 
7241,77 172 
7690,61 92 
7690,61 65 
8277,83 103 
8277,83 101 
8785,66 100 
8785,66 5
8785,66 1953
8785,66 10
10782,56 25 
12208,81 75 
13611,38 72 
13768,05 70 
15318,17 80 
16220,2 83 
16241,12 64 22
16428,88 62 169
16730,25 151 
16753,27 69 
23671,67 181 
24231,63 182 
24680,75 93 
24696,1 103 
24696,1 101 
28710,74 100 
28710,74 5
28710,74 1953
28710,74 10
30707,7 25 
30722,05 75 
32124 72 
32160,34 70 
33685,24 80 
34479,04 83 
34511,15 64 33
34741,35 63 209
35044,95 150 
35066,95 68 
35521,73 92 
35521,73 65 
36571,16 103 
36571,16 101 
37080,6 100 
37080,6 5
37080,6 1953
37080,6 10
39077,62 25 
39530,81 75 
40933,43 72 
40970,09 70 
42493,46 80 
43288,78 83 
43579,06 64 291
43819,39 63 225
44122,25 150 
44143,37 68 
44596,66 92 
44596,66 65 
45647,44 103 
45647,44 101 
46156,9 100 
46156,9 5
46156,9 1953
46156,9 10
48153,83 25 
48687,12 75 
50090,2 72 
50126,21 70 
51652,73 80 
52444,94 83 
52474,75 64 30
52640,46 62 156
52942,59 151 
52966,1 69 
53419,26 93 
53429,84 256 
54470,44 103 
54470,44 101 
58485,17 100 
58485,17 5
58485,17 1953
58485,17 11
60481,96 25 
60497 75 
61900,91 72 
61934,67 70 
63461,14 80 
64253,43 83 
64343,23 64 90
64559,13 61 199
64862,63 151 
64880,31 69 
65335,04 93 
65657,27 256 
65691,81 181 
66385,48 103 
66385,48 101 
70400,15 100 
70400,15 5
70400,15 1953
70400,15 11
72397,34 25 
72412,46 75 
73814,72 72 
73849,72 70 
75372,83 80 
76181,78 83 
76432,75 64 251
76628,83 61 181
76930,23 153 
76943,17 68 
77396,82 92 
77396,82 65 
78447,19 103 
78447,19 101 
78956,79 100 
78956,79 5
78956,79 1953
78956,79 10
80953,51 25 
81087,14 75 
82489,57 72 
82526,25 70 
84050,98 80 
84844,87 83 
85022,92 64 178
85219,24 62 188
85521,84 151 
85538,42 69 
85992,7 93 
87043,61 103 
87043,61 101 
91058,38 100 
91058,38 5
91058,38 1953
91058,38 11
93055,08 25 
93068,68 75 
97688,43 72 
97719,83 70 
99244,43 80 
100038,65 83 
100108,57 64 70
100308,38 61 190
100610,29 151 
100625,57 69 
101078,85 93 
101302,67 256 
102130,7 103 
102130,7 101 
106145,46 100 
106145,46 5
106145,46 1953
106145,46 11
108142,2 25 
108156,29 75 
109558,92 72 
109594,9 70 
111118,19 80 
111913,65 83 
112066,62 64 153
112308,99 62 222
112610,86 150 
112634,72 68 
113087,93 92 
113087,93 65 
114139,05 103 
114139,05 101 
114649,25 100 
114649,25 5
114649,25 1953
114649,25 11
116645,43 25 
116658,85 75 
118061,95 72 
118218,07 70 
119785,42 80 
120709,96 83 
120918,19 64 209
121109,22 61 173
121412,36 151 
121430,26 69 
121885,24 93 
122935,38 103 
122935,38 101 
126950,84 100 
126950,84 5
126950,84 1953
126950,84 10
128946,97 25 
128960,97 75 
130364,14 72 
130519,65 70 
132091,84 80 
133011,56 83 
133124,48 64 113
133338,58 62 194
133641,95 151 
133665,21 69 
134118,95 93 
134248,48 256 
135170,31 103 
135170,31 101 
139185,11 100 
139185,11 5
139185,11 1953
139185,11 11
141181,83 25 
141195,62 75 
142597,95 72 
142754,6 70 
144323,19 80 
145246,59 83 
145594,54 64 348
145868,99 63 263
146172,76 151 
146193,29 69 
146647,02 93 
146694,83 256 
146918,31 182 
146995,83 181 
147698,51 103 
147698,51 101 
151713,17 100 
151713,17 5
151713,17 1953
151713,17 10
153710,22 25 
153726,57 75 
155129,88 72 
155282,89 70 
156851,58 80 
157774,59 83 
157900,59 64 126
158099,01 61 179
158402,41 151 
158414,94 69 
158868,92 93 
159907,44 256 
159933,37 103 
159933,37 101 
163948,26 100 
163948,26 5
163948,26 1953
163948,26 10
165945,02 25 
166864,76 75 
168267,51 72 
168423,87 70 
169993,06 80 
170915,93 83 
171093,86 64 178
171288,22 256 
171299,53 62 197
171604,17 151 
171622,75 69 
172078,3 93 
172109,9 256 
172159,74 181 
173127,91 103 
173127,91 101 
177142,69 100 
177142,69 5
177142,69 1953
177142,69 10
179139,44 25 
181072,14 75 
182475,7 72 
182631,32 70 
184207,05 80 
185136,69 83 
185488,23 64 352
185688,66 62 192
185991,81 151 
186003,71 69 
186456,38 93 
186607,87 256 
186635,7 181 
187499,64 181 
187522,03 103 
187522,03 101 
191536,81 100 
191536,81 5
191536,81 1953
191536,81 11
193533,59 25 
193547,31 75 
194950,49 72 
195106,3 70 
196672,22 80 
197598,2 83 
197774,61 64 177
198028,33 62 244
198331,49 150 
198346,09 68 
198799,85 92 
198799,85 65 
199850,18 103 
199850,18 101 
200360,51 100 
200360,51 5
200360,51 1953
200360,51 11
202369,71 25 
202490,03 75 
203892,24 72 
204049,11 70 
205598,32 80 
206501,09 83 
206717,59 64 217
206937,86 63 210
207240,79 151 
207262,24 69 
207714,34 93 
207773,17 256 
208555,41 181 
208766,51 103 
208766,51 101 
212781,26 100 
212781,26 5
212781,26 1953
212781,26 10
214778,34 25 
214793,95 75 
216196,81 72 
216337,35 70 
217883,19 80 
218802,69 83 
218989,7 64 187
219208,2 62 206
219511,27 153 
219523,93 68 
219980,64 92 
219980,64 65 
221028,06 103 
221028,06 101 
221537,7 100 
221537,7 5
221537,7 1953
221537,7 11
223534,35 25 
223547,93 75 
224950,02 72 
224987,11 70 
226509,93 80 
227305,97 83 
227583,79 64 278
227807,98 61 209
228109,62 151 
228132,67 69 
228586,92 93 
229091,57 256 
229301,01 183 
229638,1 103 
229638,1 101 
233653,3 100 
233653,3 5
233653,3 1953
233653,3 10
235649,38 25 
235663,33 75 
237067,2 72 
237102,16 70 
238625,63 80 
239420,76 83 
239677,19 64 257
239888,01 62 202
240191,09 151 
240207,8 69 
240661,71 93 
240983,79 256 
241071,89 181 
241668,09 181 
241712,83 103 
241712,83 101 
245727,66 100 
245727,66 5
245727,66 1953
245727,66 10
247724,62 25 
247738,33 75 
249141,18 72 
249177,06 70 
250699,09 80 
251495,78 83 
251803,11 64 308
252058,23 62 243
252361,25 151 
252376,9 69 
252830,47 93 
253025,3 256 
253881,14 103 
253881,14 101 
257895,85 100 
257895,85 5
257895,85 1953
257895,85 10
259892,76 25 
261918,7 75 
263321,94 72 
263357,88 70 
264881,39 80 
265676,58 83 
265933,21 64 257
266227,66 63 285
266529,29 150 
266544,34 68 
266998,36 92 
266998,36 65 
268048,57 103 
268048,57 101 
268558,92 100 
268558,92 5
268558,92 1953
268558,92 11
270554,98 25 
270568,45 75 
271970,73 72 
272007,69 70 
273532,27 80 
274326,33 83 
274775,35 64 450
274978,22 61 186
275281,68 151 
275299,88 69 
275754,83 93 
276729,09 256 
276805,06 103 
276805,06 101 
280819,58 100 
280819,58 5
280819,58 1953
280819,58 11
282816,53 25 
282830 75 
284232,78 72 
284269,25 70 
285793,84 80 
286587,92 83 
286810,82 64 223
287057,53 63 230
287359,36 151 
287375 69 
287828,32 93 
287889,48 256 
288879,96 103 
288879,96 101 
292894,63 100 
292894,63 5
292894,63 1953
292894,63 11
294891,51 25 
294905,45 75 
296309,01 72 
296344,18 70 
297868,9 80 
298663,02 83 
298737,04 64 75
299027,64 63 272
299329,98 153 
299344,1 68 
299797,48 92 
299797,48 65 
300848,31 103 
300848,31 101 
301357,82 100 
301357,82 5
301357,82 1953
301357,82 11
303354,9 25 
303981,2 75 
305383,66 72 
305420,43 70 
306943,14 80 
307739,2 83 
307853,13 64 115
308087,91 63 215
308390,59 151 
308406,12 69 
308860,11 93 
309126,58 256 
309630,07 182 
309911,23 103 
309911,23 101 
313925,9 100 
313925,9 5
313925,9 1953
313925,9 10
315922,84 25 
315936,72 75 
317339,89 72 
317375,65 70 
318897,24 80 
319827,45 83 
319850,56 64 23
320157,56 63 290
320459,02 150 
320482,03 68 
320935,3 92 
320935,3 65 
321986,22 103 
321986,22 101 
322495,89 100 
322495,89 5
322495,89 1953
322495,89 10
324492,55 25 
324506,5 75 
325909,22 72 
326158,52 70 
327708,11 80 
328637,19 83 
328740,53 64 104
329007,18 63 251
329309,28 150 
329331,6 68 
329785,85 92 
329785,85 65 
330835,89 103 
330835,89 101 
331345,56 100 
331345,56 5
331345,56 1953
331345,56 11
333342,21 25 
333356,05 75 
334758,45 72 
334915,02 70 
336487,35 80 
337420,16 83 
337566,4 64 147
337798,22 62 219
338100,84 150 
338114,87 68 
338568,69 92 
338568,69 65 
339618,98 103 
339618,98 101 
340129,55 100 
340129,55 5
340129,55 1953
340129,55 10
342125,34 25 
343205,11 75 
343207,88 250 
343217,35 101 
345217,27 100 
345217,27 5
345217,27 1953
345217,27 10
345217,27 25 
346776,23 75 
348178,23 72 
348336,03 70 
349907,21 80 
350841,28 83 
350958,49 64 118
351238,24 63 264
351540,61 150 
351562,4 68 
352017,29 92 
352017,29 65 
353066,7 103 
353066,7 101 
353576,34 100 
353576,34 5
353576,34 1953
353576,34 10
355573,1 25 
355586,56 75 
356988,21 72 
357145,67 70 
358700,29 80 
359610,94 83 
359862,42 64 252
360127,59 63 250
360430,41 150 
360452,1 68 
360905,28 92 
360905,28 65 
361956,4 103 
361956,4 101 
362465,95 100 
362465,95 5
362465,95 1953
362465,95 10
364462,77 25 
365182,59 75 
365255,18 250 
365261,33 101 
367274,85 100 
367274,85 5
367274,85 1953
367274,85 10
367274,85 25 
367287,77 75 
368690,09 72 
368820,94 70 
370353,87 80 
371152,98 83 
371382,23 64 230
371626,91 63 234
371929,1 150 
371953,99 68 
372407,67 92 
372407,67 65 
373458,32 103 
373458,32 101 
373967,75 100 
373967,75 5
373967,75 1953
373967,75 10
375964,83 25 
375978,05 75 
377380,11 72 
377417,27 70 
378940,65 80 
379735,94 83 
379918,86 64 183
380156,94 63 221
380459,35 150 
380483,77 68 
380936,55 92 
380936,55 65 
381988,02 103 
381988,02 101 
382497,58 100 
382497,58 5
382497,58 1953
382497,58 11
384494,44 25 
384507,83 75 
385910,2 72 
385947,13 70 
387470,83 80 
388265,78 83 
388368,08 64 103
388576,49 62 191
388878,21 150 
388893,64 68 
389347,63 92 
389347,63 65 
390397,87 103 
390397,87 101 
390907,42 100 
390907,42 5
390907,42 1953
390907,42 11
392904,34 25 
392917,73 75 
394319,57 72 
394357,01 70 
395880,98 80 
396675,63 83 
396979,89 64 304
397246,31 63 251
397550,01 151 
397569,17 69 
398023,28 93 
398142,58 256 
398301,65 182 
399074,29 103 
399074,29 101 
403089,01 100 
403089,01 5
403089,01 1953
403089,01 11
405085,85 25 
406125,54 75 
407528,4 72 
407564,91 70 
409088,64 80 
409883,44 83 
410151,89 64 268
410437,25 256 
410448 63 285
410751,04 151 
410763,79 69 
411217,48 93 
411352,01 256 
411427,72 182 
411534,06 181 
412268,81 103 
412268,81 101 
416283,54 100 
416283,54 5
416283,54 1953
416283,54 10
418280,38 25 
418294,05 75 
419697,66 72 
419733,06 70 
421258,61 80 
422051,77 83 
422439,66 64 388
422708,08 63 257
423010,23 150 
423026,08 68 
423479,47 92 
423479,47 65 
424530,39 103 
424530,39 101 
425039,81 100 
425039,81 5
425039,81 1953
425039,81 11
427036,79 25 
427050,29 75 
428452,69 72 
428489,45 70 
430013,05 80 
430808,11 83 
431052,74 64 245
431266,12 62 205
431569,92 152 
431581,86 69 
432035,18 93 
433086,84 103 
433086,84 101 
437101,56 100 
437101,56 5
437101,56 1953
437101,56 11
439098,55 25 
439111,94 75 
440515,29 72 
440551,09 70 
442074,19 80 
442870,04 83 
443095,77 64 226
443356,46 61 247
443660,37 151 
443684,48 69 
444137,18 93 
444364,46 256 
445188,54 103 
445188,54 101 
449204,13 100 
449204,13 5
449204,13 1953
449204,13 11
451200,06 25 
451213,69 75 
451216,4 250 
451225,72 101 
453225,95 100 
453225,95 5
453225,95 1953
453225,95 11
453225,95 25 
453252,41 75 
454655,14 72 
454691,97 70 
455293,93 250 
455304,36 101 
457304,41 100 
457304,41 5
457304,41 1953
457304,41 11
457304,41 25 
457318,15 75 
458721,54 72 
458729,63 70 
460132,36 80 
460929 83 
461289,16 64 361
461536,66 256 
461542,21 61 241
461844,33 151 
461862,56 69 
462315,3 93 
462562,56 256 
463275,42 181 
463367,65 103 
463367,65 101 
467382,39 100 
467382,39 5
467382,39 1953
467382,39 10
469379,21 25 
469392,73 75 
470797,05 72 
470965,21 70 
472539,37 80 
473470,44 83 
473989,41 64 519
478825,61 62 4822
479127,55 151 
479149,52 69 
479564,04 256 
479663,04 181 
480054,87 181 
486348,48 181 
487568,37 182 
488016,51 93 
488024,1 103 
488024,1 101 
492038,74 100 
492038,74 5
492038,74 1953
492038,74 11
494035,6 25 
494408,96 75 
497501,83 72 
497660,76 70 
499230,02 80 
500166,07 83 
500335,17 64 170
500637,65 63 285
500940,75 151 
500954,19 69 
501408,31 93 
501483,21 256 
501559,48 182 
502458,09 103 
502458,09 101 
506473,03 100 
506473,03 5
506473,03 1953
506473,03 10
508469,71 25 
508656,47 75 
508658,35 250 
508668,56 101 
510668,73 100 
510668,73 5
510668,73 1953
510668,73 10
510668,73 25 
510681,78 75 
514575,84 72 
514733,85 70 
516308,65 80 
517238,96 83 
517440,95 64 202
517725,73 63 274
518027,73 150 
518040,2 68 
518493,31 92 
518493,31 65 
519544,35 103 
519544,35 101 
520053,86 100 
520053,86 5
520053,86 1953
520053,86 11
522050,75 25 
522450,72 75 
522531,6 250 
522542,91 101 
524543,24 100 
524543,24 5
524543,24 1953
524543,24 11
524543,24 25 
524556,6 75 
525959,83 72 
526115,76 70 
527689,09 80 
528634,25 83 
528887,16 64 254
529095,92 62 195
529399,16 150 
529422,02 68 
529877,75 92 
529877,75 65 
530926,29 103 
530926,29 101 
531436,59 100 
531436,59 5
531436,59 1953
531436,59 11
533432,94 25 
533447,01 75 
534849,9 72 
535005,31 70 
536572,46 80 
537510,55 83 
538552,81 64 1042
538887,24 63 324
539189,58 151 
539203,85 69 
539656,39 93 
540708,93 103 
540708,93 101 
544723,75 100 
544723,75 5
544723,75 1953
544723,75 10
546720,54 25 
546734,52 75 
548137,29 72 
548293,24 70 
549866,41 80 
550798,38 83 
551048,88 64 250
551355,75 63 291
551658,39 152 
551678,67 69 
552131,55 93 
552405,39 256 
553183,76 103 
553183,76 101 
557198,45 100 
557198,45 5
557198,45 1953
557198,45 11
559195,38 25 
559209,19 75 
560611,65 72 
560767,94 70 
562340,35 80 
563273,31 83 
563616,46 64 344
563856,95 61 224
564158,92 151 
564180,05 69 
564634,83 93 
564729,97 256 
565685,24 103 
565685,24 101 
569700,01 100 
569700,01 5
569700,01 1953
569700,01 10
571696,85 25 
571710,24 75 
573112,08 72 
573269,49 70 
574842,15 80 
575774,7 83 
576046,6 64 272
576316,91 63 262
576618,19 150 
576642,54 68 
577096,05 92 
577096,05 65 
578146,79 103 
578146,79 101 
578656,2 100 
578656,2 5
578656,2 1953
578656,2 10
580653,26 25 
580667,72 75 
582070,53 72 
582239,11 70 
583812,28 80 
584744,31 83 
584938,29 64 195
585225,48 63 268
585527,55 150 
585545,42 68 
585999,7 92 
585999,7 65 
587049,72 103 
587049,72 101 
587559,92 100 
587559,92 5
587559,92 1953
587559,92 11
589556,15 25 
589569,92 75 
590972,6 72 
591128,75 70 
592699,39 80 
593633,96 83 
593898,39 64 265
594095,59 61 182
594398,31 151 
594420,95 69 
594874,33 93 
595926,01 103 
595926,01 101 
599940,74 100 
599940,74 5
599940,74 1953
599940,74 10
601937,52 25 
601951,41 75 
603354,85 72 
603537 70 
605111,1 80 
606042,15 83 
606240,35 64 199
606515,3 63 260
606819 150 
606843,34 68 
607295,99 92 
607295,99 65 
608347,54 103 
608347,54 101 
608857,12 100 
608857,12 5
608857,12 1953
608857,12 10
610853,87 25 
610934,03 75 
612336,82 72 
612493,45 70 
614069,98 80 
614998,43 83 
615154,37 64 156
615425,39 63 254
615727,65 150 
615746,29 68 
616200,41 92 
616200,41 65 
617250,56 103 
617250,56 101 
617759,97 100 
617759,97 5
617759,97 1953
617759,97 11
619756,93 25 
620236,92 75 
621639,68 72 
621795,99 70 
623368,16 80 
624301,27 83 
624304,5 64 4
624475,51 62 161
624778,88 150 
624795,81 68 
625248,62 92 
625248,62 65 
626300,19 103 
626300,19 101 
626809,57 100 
626809,57 5
626809,57 1953
626809,57 10
628806,47 25 
628833,56 75 
630236,07 72 
630392,63 70 
631961,08 80 
632897,75 83 
633079,87 64 182
633275,32 61 178
633578,53 151 
633592,46 69 
634045,43 93 
635096,48 103 
635096,48 101 
639111,09 100 
639111,09 5
639111,09 1953
639111,09 11
641108,05 25 
641681,31 75 
643084,18 72 
643240,51 70 
644807,35 80 
645732,49 83 
645906,2 64 174
646205,65 256 
646211,54 63 293
646515,91 153 
646533,52 68 
646987,08 92 
646987,08 65 
648037,75 103 
648037,75 101 
648547,36 100 
648547,36 5
648547,36 1953
648547,36 11
650544,27 25 
651237,29 75 
652639,72 72 
652796,48 70 
654370,67 80 
655288,47 83 
655563,65 64 275
655795,75 62 214
656098,09 150 
656116,25 68 
656569,56 92 
656569,56 65 
657620,6 103 
657620,6 101 
658129,94 100 
658129,94 5
658129,94 1953
658129,94 11
660126,79 25 
660140,63 75 
661544,05 72 
661699,44 70 
663272,52 80 
664204,76 83 
664369,93 64 165
664665,04 63 275
664967,33 151 
664991,61 69 
665445,52 93 
665531,02 256 
665787,74 182 
666496,77 103 
666496,77 101 
670511,45 100 
670511,45 5
670511,45 1953
670511,45 10
672508,47 25 
673614,77 75 
673840,51 250 
673853,42 101 
675853,63 100 
675853,63 5
675853,63 1953
675853,63 10
675853,63 25 
675880,04 75 
677282,35 72 
677439,58 70 
678989,43 80 
679904,91 83 
680081,84 64 177
680385,13 63 294
680688,61 150 
680706,02 68 
681160,56 92 
681160,56 65 
682210,27 103 
682210,27 101 
682720,33 100 
682720,33 5
682720,33 1953
682720,33 10
684716,67 25 
688235,29 75 
689638,82 72 
689767,94 70 
691325 80 
692246,44 83 
696013,53 64 3767
696294,99 63 263
696596,51 150 
696619,41 68 
697072,85 92 
697072,85 65 
698123,68 103 
698123,68 101 
698634,41 100 
698634,41 5
698634,41 1953
698634,41 11
700630,08 25 
701110,05 75 
702512,27 72 
702549,17 70 
704072,02 80 
704867,85 83 
705045,66 64 178
705374 62 319
705677,42 150 
705695,69 68 
706148,22 92 
706148,22 65 
707199,91 103 
707199,91 101 
707709,57 100 
707709,57 5
707709,57 1953
707709,57 10
709706,3 25 
710279,48 75 
710281,8 250 
710291,67 101 
712291,94 100 
712291,94 5
712291,94 1953
712291,94 10
712291,94 25 
712305,37 75 
713708,06 72 
713744,55 70 
715267,96 80 
716063,33 83 
716235,35 64 173
716534,31 63 285
716837,69 150 
716851,22 68 
717304,73 92 
717304,73 65 
718355,33 103 
718355,33 101 
718864,83 100 
718864,83 5
718864,83 1953
718864,83 10
720861,78 25 
721621,61 75 
723024,54 72 
723060,67 70 
724586,38 80 
725379,45 83 
731332,36 64 5953
731604,26 63 255
731907,35 150 
731924,87 68 
732377,57 92 
732377,57 65 
733429,03 103 
733429,03 101 
733938,48 100 
733938,48 5
733938,48 1953
733938,48 11
735935,31 25 
736855,13 75 
738257,39 72 
738294,37 70 
739819,38 80 
740613,11 83 
740771,54 64 159
741004,03 62 219
741306,61 150 
741321,05 68 
741775,86 92 
741775,86 65 
742825,12 103 
742825,12 101 
743334,66 100 
743334,66 5
743334,66 1953
743334,66 10
745331,58 25 
745864,8 75 
747267,77 72 
747303,97 70 
748827,63 80 
749622,64 83 
749945,08 64 323
750194,32 63 239
750497,03 152 
750516,17 69 
750969,87 93 
751355,07 256 
751481,67 182 
752021,53 103 
752021,53 101 
756036,06 100 
756036,06 5
756036,06 1953
756036,06 10
758032,93 25 
761644,86 75 
763048,1 72 
763084,08 70 
764605,13 80 
765402,83 83 
765558,89 64 156
765833,85 63 258
766136,33 150 
766150,55 68 
766604,36 92 
766604,36 65 
767654,91 103 
767654,91 101 
768164,45 100 
768164,45 5
768164,45 1953
768164,45 11
770161,31 25 
774626,16 75 
776028,08 72 
776065,38 70 
777590,61 80 
778384,05 83 
778938,96 64 555
779274,12 62 318
779577,37 150 
779598,38 68 
780052,2 92 
780052,2 65 
781102,6 103 
781102,6 101 
781612,35 100 
781612,35 5
781612,35 1953
781612,35 11
783609,04 25 
783622,51 75 
785025,46 72 
785061,86 70 
786586,21 80 
787380,31 83 
787597,54 64 218
787864,03 63 258
788166,2 151 
788182,02 69 
788635,25 93 
789685,7 103 
789685,7 101 
793700,41 100 
793700,41 5
793700,41 1953
793700,41 11
795697,3 25 
795711,26 75 
797114,06 72 
797269,91 70 
798839,48 80 
799775,22 83 
800012,68 64 238
800233,56 62 205
800535,21 150 
800549,7 68 
801002,75 92 
801002,75 65 
802053,91 103 
802053,91 101 
802563,61 100 
802563,61 5
802563,61 1953
802563,61 10
804560,37 25 
804574,29 75 
805977,23 72 
806132,91 70 
807710,25 80 
808638,17 83 
808905,15 64 268
809213,22 63 296
809515,59 150 
809532,7 68 
809986,92 92 
809986,92 65 
811036,96 103 
811036,96 101 
811547,26 100 
811547,26 5
811547,26 1953
811547,26 11
813543,28 25 
813676,92 75 
813679,41 250 
813688,95 101 
815689,16 100 
815689,16 5
815689,16 1953
815689,16 11
815689,16 25 
815702,2 75 
815878,03 250 
815887,91 101 
817888,05 100 
817888,05 5
817888,05 1953
817888,05 11
817888,05 25 
820993,1 75 
821126,34 250 
821139,05 101 
823139,28 100 
823139,28 5
823139,28 1953
823139,28 11
823139,28 25 
833139,59 254 
833147,69 101 
835147,15 100 
835147,15 5
835147,15 1953
835147,15 11
835147,15 25 
835160,77 75 
836563,1 72 
836720,22 70 
838299 80 
839225,54 83 
839490,4 64 265
839803,84 63 298
840106,93 151 
840120,26 69 
840573,06 93 
840657,12 256 
840717,46 182 
841624,21 103 
841624,21 101 
845638,84 100 
845638,84 5
845638,84 1953
845638,84 11
847635,82 25 
852860,5 75 
854264,98 72 
854419,55 70 
855986,83 80 
856924,84 83 
857246,3 64 322
857543,25 256 
857564,06 63 307
857866,02 151 
857885,02 69 
858337,45 93 
858590,61 256 
858734,98 183 
859390,18 103 
859390,18 101 
863405,68 100 
863405,68 5
863405,68 1953
863405,68 10
865401,65 25 
868134,76 75 
870384 250 
870398,64 101 
872398,8 100 
872398,8 5
872398,8 1953
872398,8 10
872398,8 25 
872411,74 75 
872617,97 250 
872624,37 101 
874624,48 100 
874624,48 5
874624,48 1953
874624,48 10
874624,48 25 
874970,76 75 
876373,5 72 
876530,53 70 
878102,27 80 
879035,73 83 
879353,9 64 318
879633,5 63 265
879936,93 150 
879956,76 68 
880411,37 92 
880411,37 65 
881461 103 
881461 101 
881970,61 100 
881970,61 5
881970,61 1953
881970,61 10
883967,3 25 
884540,74 75 
885942,8 72 
886179,81 70 
887733,14 80 
888671,71 83 
888925,52 64 254
889213,21 63 276
889515,46 150 
889539,42 68 
889992,2 92 
889992,2 65 
891044,74 103 
891044,74 101 
891553,33 100 
891553,33 5
891553,33 1953
891553,33 10
893550,04 25 
893736,77 75 
895140,86 72 
895296,02 70 
896867,06 80 
897801,2 83 
898027,62 64 227
898342,82 63 302
898645,5 152 
898668,16 69 
899122,2 93 
899509,38 256 
899607,24 182 
900173,27 103 
900173,27 101 
904188,92 100 
904188,92 5
904188,92 1953
904188,92 10
906184,95 25 
906198,48 75 
906778,42 250 
906796,9 101 
908797,13 100 
908797,13 5
908797,13 1953
908797,13 10
908797,13 25 
908810,37 75 
909662,37 250 
909675,81 101 
911675,92 100 
911675,92 5
911675,92 1953
911675,92 10
911675,92 25 
911688,96 75 
913091,88 72 
913248,53 70 
914783,87 80 
915580,66 83 
915867,47 64 287
916183,57 63 297
916486,68 150 
916501,7 68 
916954,71 92 
916954,71 65 
918005,91 103 
918005,91 101 
918515,27 100 
918515,27 5
918515,27 1953
918515,27 10
920512,25 25 
920525,73 75 
921927,38 72 
921964,88 70 
923489,79 80 
924403,58 83 
924851,27 64 448
925093,08 63 224
925395,57 150 
925417,82 68 
925870,61 92 
925870,61 65 
926922,16 103 
926922,16 101 
927431,78 100 
927431,78 5
927431,78 1953
927431,78 11
929428,61 25 
929443,11 75 
930845,15 72 
930974,51 70 
932528,22 80 
933439,96 83 
933809,26 64 370
934042,92 62 217
934345,15 150 
934360,86 68 
934813,23 92 
934813,23 65 
935865,13 103 
935865,13 101 
936375,86 100 
936375,86 5
936375,86 1953
936375,86 11
936375,86 79 
938371,53 25 
938384,92 75 
939788,05 72 
939917,5 70 
941472,35 80 
942382,81 83 
942545,66 64 163
942832,56 63 277
943134,18 151 
943156,37 69 
943612,5 93 
943737,24 256 
944661,5 103 
944661,5 101 
948676,45 100 
948676,45 5
948676,45 1953
948676,45 11
950673,12 25 
951139,78 75 
951162,15 250 
951178,48 101 
953178,55 100 
953178,55 5
953178,55 1953
953178,55 11
953178,55 25 
953191,97 75 
954594,44 72 
954724,67 70 
954881,29 250 
954897,34 101 
956897,2 100 
956897,2 5
956897,2 1953
956897,2 11
956897,2 25 
956910,88 75 
958313,03 72 
958322,53 70 
959724,33 80 
960628,58 83 
960981,39 64 353
961262,63 63 261
961565,93 151 
961588,67 69 
962042,76 93 
963093,82 103 
963093,82 101 
967109,18 100 
967109,18 5
967109,18 1953
967109,18 11
969105,36 25 
970731,54 75 
970748,01 250 
970757,1 101 
972757,31 100 
972757,31 5
972757,31 1953
972757,31 11
972757,31 25 
972770,17 75 
974172,15 72 
974303,32 70 
975859,7 80 
976781,87 83 
976923,11 64 142
977142,65 62 201
977445,93 150 
977462,93 68 
977916,2 92 
977916,2 65 
978967,28 103 
978967,28 101 
979476,81 100 
979476,81 5
979476,81 1953
979476,81 10
981473,64 25 
981513,88 75 
981516,22 250 
981525,97 101 
983526,16 100 
983526,16 5
983526,16 1953
983526,16 10
983526,16 25 
983539,31 75 
984942,61 72 
984978,76 70 
986502,07 80 
987297,53 83 
987445,48 64 148
987762,27 256 
987778,96 63 321
988081,33 150 
988098,73 68 
988553,63 92 
988553,63 65 
989602,89 103 
989602,89 101 
990112,53 100 
990112,53 5
990112,53 1953
990112,53 10
992109,57 25 
992125,68 75 
993528,61 72 
993561,91 70 
995088,64 80 
995880,6 83 
996018,96 64 138
996332,24 256 
996346,83 63 320
996649,37 150 
996668,38 68 
997121,94 92 
997121,94 65 
998172,63 103 
998172,63 101 
998682,26 100 
998682,26 6
998682,26 1953
998682,26 10
998682,26 78 
998682,26 178 
1000679,12 25 
1000692,43 75 
1002094,05 72 
1002131,67 70 
1003659,72 80 
1004450,38 83 
1004603,19 64 153
1004894,21 63 271
1005196,72 150 
1005211,75 68 
1005664,17 92 
1005664,17 65 
1006715,75 103 
1006715,75 101 
1007225,25 100 
1007225,25 6
1007225,25 1953
1007225,25 11
1009222,03 25 
1009715,42 75 
1011117,58 72 
1011154,58 70 
1012678,18 80 
1013473,33 83 
1013566,4 64 94
1013773,1 62 193
1014075,8 151 
1014101,3 69 
1014556,11 93 
1015605,4 103 
1015605,4 101 
1019620,2 100 
1019620,2 6
1019620,2 1953
1019620,2 10
1021617,04 25 
1023749,7 75 
1025151,93 72 
1025188,89 70 
1026709,99 80 
1027507,46 83 
1027620,92 64 113
1027951,69 63 311
1028254,36 150 
1028268,64 68 
1028722,45 92 
1028722,45 65 
1029772,87 103 
1029772,87 101 
1030282,32 100 
1030282,32 6
1030282,32 1953
1030282,32 11
1032279,51 25 
1032293,94 75 
1033696,58 72 
1033731,89 70 
1035256,88 80 
1036050,61 83 
1036398,81 64 348
1036632,49 62 222
1036934,96 151 
1036958,36 69 
1037411,53 93 
1038462,61 103 
1038462,61 101 
1042477,25 100 
1042477,25 6
1042477,25 1953
1042477,25 10
1044474,14 25 
1044487,67 75 
1045889,77 72 
1045926,84 70 
1047451,62 80 
1048245,52 83 
1048706,47 64 461
1049011,37 63 287
1049314,65 150 
1049339,95 68 
1049792,99 92 
1049792,99 65 
1050844,12 103 
1050844,12 101 
1051353,69 100 
1051353,69 6
1051353,69 1953
1051353,69 11
1053350,42 25 
1053443,9 75 
1054846,44 72 
1054883,11 70 
1056404,38 80 
1057201,84 83 
1057412,86 64 211
1057621,96 62 193
1057924,1 153 
1057949,69 68 
1058404,22 92 
1058404,22 65 
1059453,89 103 
1059453,89 101 
1059963,39 100 
1059963,39 6
1059963,39 1953
1059963,39 11
1061960,17 25 
1061974,48 75 
1063376,3 72 
1063412,98 70 
1064935,6 80 
1065731,66 83 
1066108,36 64 377
1066742,78 62 625
1067044,34 151 
1067065,8 69 
1067519,4 93 
1068570,15 103 
1068570,15 101 
1072585,92 100 
1072585,92 6
1072585,92 1953
1072585,92 11
1074581,66 25 
1074595,73 75 
1075043,16 250 
1075047,28 101 
1077047,48 100 
1077047,48 6
1077047,48 1953
1077047,48 11
1077047,48 25 
1077060,4 75 
1078462,98 72 
1078620,04 70 
1080196,33 80 
1081138,63 83 
1082016,43 64 878
1082252,31 61 221
1082555,38 150 
1082579,55 68 
1083033,13 92 
1083033,13 65 
1084083,7 103 
1084083,7 101 
1084593,3 100 
1084593,3 6
1084593,3 1953
1084593,3 10
1086603,22 25 
1087349,97 75 
1088754,02 72 
1088909,25 70 
1090478,97 80 
1091401 83 
1091700,26 64 300
1092021,34 63 301
1092327,63 150 
1092348,68 68 
1092801,6 92 
1092801,6 65 
1093852,97 103 
1093852,97 101 
1094362,51 100 
1094362,51 6
1094362,51 1953
1094362,51 11
1096359,53 25 
1096746,32 75 
1098148,91 72 
1098278,52 70 
1099810,27 80 
1100610,85 83 
1100948,63 64 338
1101131,81 61 175
1101434,86 150 
1101451,64 68 
1101905,63 92 
1101905,63 65 
1102955,86 103 
1102955,86 101 
1103465,33 100 
1103465,33 6
1103465,33 1953
1103465,33 10
1105462,2 25 
1105489,35 75 
1106891,65 72 
1106928,25 70 
1108456,49 80 
1109246,9 83 
1109437,76 64 191
1109731,33 63 285
1110033,99 150 
1110048,15 68 
1110502,18 92 
1110502,18 65 
1111552,3 103 
1111552,3 101 
1112061,95 100 
1112061,95 6
1112061,95 1953
1112061,95 11
1114058,74 25 
1114072,16 75 
1115474,49 72 
1115511,38 70 
1117034,18 80 
1117830,14 83 
1118078,79 64 249
1118251,96 256 
1118257,52 61 161
1118559,62 150 
1118577,89 68 
1119032,78 92 
1119032,78 65 
1120082,1 103 
1120082,1 101 
1120591,69 100 
1120591,69 6
1120591,69 1953
1120591,69 10
1122588,73 25 
1123068,37 75 
1124472 72 
1124507,63 70 
1126033,31 80 
1126826,37 83 
1126938,48 64 113
1127242,52 63 283
1127544,21 150 
1127560,73 68 
1128013,42 92 
1128013,42 65 
1129065,06 103 
1129065,06 101 
1129575,29 100 
1129575,29 6
1129575,29 1953
1129575,29 10
1131571,37 25 
1131598,47 75 
1133001,18 72 
1133037,44 70 
1134562,68 80 
1135356,16 83 
1135685,4 64 330
1135901,66 61 199
1136204,13 151 
1136223,79 69 
1136676,79 93 
1137728,1 103 
1137728,1 101 
1141742,93 100 
1141742,93 6
1141742,93 1953
1141742,93 11
1143739,62 25 
1153739,23 254 
1153748,14 101 
1155747,71 100 
1155747,71 6
1155747,71 1953
1155747,71 11
1155747,71 25 
1157720,76 75 
1160059,8 72 
1160092,84 70 
1161617,4 80 
1162411,56 83 
1162555,68 64 144
1162791,38 61 220
1163093,94 150 
1163119,53 68 
1163574,2 92 
1163574,2 65 
1164623,66 103 
1164623,66 101 
1165133,08 100 
1165133,08 6
1165133,08 1953
1165133,08 11
1167129,96 25 
1167143,43 75 
1168546,14 72 
1168582,7 70 
1170107,19 80 
1170901,44 83 
1171047,53 64 146
1171232,06 61 172
1171534,61 150 
1171555,89 68 
1172008,01 92 
1172008,01 65 
1173060,16 103 
1173060,16 101 
1173569,79 100 
1173569,79 6
1173569,79 1953
1173569,79 10
1175566,53 25 
1176019,86 75 
1177422,31 72 
1177459,1 70 
1178982,79 80 
1179791,08 83 
1180280,45 64 490
1180611,49 63 314
1180914 152 
1180937,82 69 
1181391,5 93 
1182442,93 103 
1182442,93 101 
1186458,55 100 
1186458,55 6
1186458,55 1953
1186458,55 11
1188454,47 25 
1192626,96 75 
1194029,36 72 
1194065,46 70 
1195591,28 80 
1196384,2 83 
1196573,21 64 190
1196900,77 63 317
1197202,13 151 
1197224,32 69 
1197678,01 93 
1197798,75 256 
1197983,91 182 
1198729,51 103 
1198729,51 101 
1202744,11 100 
1202744,11 6
1202744,11 1953
1202744,11 11
1204741,09 25 
1206127,6 75 
1206163,83 250 
1206179,68 101 
1208192,81 100 
1208192,81 6
1208192,81 1953
1208192,81 11
1208192,81 25 
1208205,85 75 
1208207,87 250 
1208218,87 101 
1210218,81 100 
1210218,81 6
1210218,81 1953
1210218,81 11
1210218,81 25 
1214243,43 75 
1214299,8 250 
1214309,43 101 
1216309,8 100 
1216309,8 6
1216309,8 1953
1216309,8 11
1216309,8 25 
1217335,48 75 
1217692,13 250 
1217708,01 101 
1219708,31 100 
1219708,31 6
1219708,31 1953
1219708,31 11
1219708,31 25 
1221227,19 75 
1222631,15 72 
1222866,9 70 
1224419,92 80 
1225345,53 83 
1225750,95 64 405
1226020,82 256 
1226031,58 62 260
1226334,03 151 
1226345,93 69 
1226799,75 93 
1227483,41 181 
1227850,76 103 
1227850,76 101 
1231865,43 100 
1231865,43 6
1231865,43 1953
1231865,43 11
1233862,27 25 
1234622,15 75 
1234774,06 250 
1234780,93 101 
1236781,14 100 
1236781,14 6
1236781,14 1953
1236781,14 11
1236781,14 25 
1236794,17 75 
1238196,35 72 
1238353,85 70 
1239930,12 80 
1240872,33 83 
1241374,71 64 502
1241680,84 61 289
1241982,72 150 
1242006,62 68 
1242461,35 92 
1242461,35 65 
1243510,96 103 
1243510,96 101 
1244020,61 100 
1244020,61 6
1244020,61 1953
1244020,61 11
1246017,32 25 
1246030,74 75 
1247432,1 72 
1247589,93 70 
1249159,76 80 
1250081,86 83 
1250192,79 64 111
1250410,47 61 209
1250712,31 152 
1250736,48 69 
1251190,07 93 
1252240,65 103 
1252240,65 101 
1256255,29 100 
1256255,29 6
1256255,29 1953
1256255,29 10
1258252,14 25 
1258425,71 75 
1258530,68 250 
1258544,42 101 
1260544,66 100 
1260544,66 6
1260544,66 1953
1260544,66 10
1260544,66 25 
1260930,67 75 
1262332,74 72 
1262463,81 70 
1264018,49 80 
1264929,06 83 
1264975,05 64 47
1265271,5 63 276
1265573,39 150 
1265596,89 68 
1266052,37 92 
1266052,37 65 
1267101,18 103 
1267101,18 101 
1267610,73 100 
1267610,73 6
1267610,73 1953
1267610,73 10
1269607,75 25 
1269954,17 75 
1271356,89 72 
1271500,03 70 
1273058,4 80 
1273965,33 83 
1274251,54 64 287
1274621,56 63 350
1274923,26 150 
1274939,66 68 
1275393,77 92 
1275393,77 65 
1276443,96 103 
1276443,96 101 
1276953,55 100 
1276953,55 6
1276953,55 1953
1276953,55 10
1278950,56 25 
1278977,33 75 
1280380,62 72 
1280523,09 70 
1282084,15 80 
1283001,55 83 
1283392,79 64 391
1283640,3 63 239
1283943,46 150 
1283962,74 68 
1284415,61 92 
1284415,61 65 
1285466,89 103 
1285466,89 101 
1285976,31 100 
1285976,31 6
1285976,31 1953
1285976,31 10
1287973,36 25 
1288213,4 75 
1289615,45 72 
1289745,83 70 
1291303,44 80 
1292104,48 83 
1292194,63 64 90
1292471,7 63 261
1292774,97 150 
1292799,03 68 
1293251,72 92 
1293251,72 65 
1294303,21 103 
1294303,21 101 
1294812,84 100 
1294812,84 6
1294812,84 1953
1294812,84 11
1296809,64 25 
1296825,35 75 
1298228,74 72 
1298368,93 70 
1299923,42 80 
1300834,2 83 
1301090,07 64 257
1301289,58 256 
1301293,4 61 193
1301595,19 150 
1301608,79 68 
1302061,84 92 
1302061,84 65 
1303112,92 103 
1303112,92 101 
1303622,36 100 
1303622,36 6
1303622,36 1953
1303622,36 10
1305619,3 25 
1306339,24 75 
1306535,07 250 
1306551,18 101 
1308551,5 100 
1308551,5 6
1308551,5 1953
1308551,5 10
1308551,5 25 
1308564,46 75 
1309966,96 72 
1310097,46 70 
1311653,66 80 
1312562,65 83 
1312860,2 64 298
1313181,23 63 313
1313484,38 150 
1313497,45 68 
1313950,26 92 
1313950,26 65 
1315001,31 103 
1315001,31 101 
1315511,5 100 
1315511,5 6
1315511,5 1953
1315511,5 10
1315511,5 79 
1317507,7 25 
1317521,57 75 
1318924,16 72 
1318960,33 70 
1320483,98 80 
1321279,06 83 
1321672,38 64 394
1321961,04 63 270
1322263,12 150 
1322280,18 68 
1322733,64 92 
1322733,64 65 
1323784,39 103 
1323784,39 101 
1324293,82 100 
1324293,82 6
1324293,82 1953
1324293,82 11
1326290,66 25 
1326624,16 75 
1328027,76 72 
1328063,23 70 
1329589,36 80 
1330395,24 83 
1330731,87 64 337
1330920,13 256 
1330937,46 61 196
1331239,21 150 
1331262,96 68 
1331715,36 92 
1331715,36 65 
1332767,39 103 
1332767,39 101 
1333277,05 100 
1333277,05 6
1333277,05 1953
1333277,05 11
1335273,67 25 
1337339,66 75 
1338741,91 72 
1338778,78 70 
1340302,34 80 
1341097,72 83 
1341265,77 64 168
1341580,88 63 297
1341882,2 151 
1341898,77 69 
1342352,72 93 
1343402,91 103 
1343402,91 101 
1347417,71 100 
1347417,71 6
1347417,71 1953
1347417,71 10
1349414,48 25 
1349428,03 75 
1350830,21 72 
1350867,2 70 
1352392,35 80 
1353185,88 83 
1353431,65 64 246
1353729,05 63 277
1354032,73 150 
1354053,69 68 
1354506,51 92 
1354506,51 65 
1355557,82 103 
1355557,82 101 
1356067,37 100 
1356067,37 6
1356067,37 1953
1356067,37 10
1358064,19 25 
1358570,85 75 
1359974,17 72 
1360010,04 70 
1361536,23 80 
1362328,72 83 
1362341,97 64 13
1362630,03 63 276
1362932,11 152 
1362955,7 69 
1363410,64 93 
1364460,84 103 
1364460,84 101 
1368475,44 100 
1368475,44 6
1368475,44 1953
1368475,44 10
1370472,55 25 
1370486,04 75 
1371889,04 72 
1371925,05 70 
1373449,23 80 
1374243,77 83 
1374795,9 64 552
1375109,34 63 293
1375411,69 150 
1375431,39 68 
1375884,17 92 
1375884,17 65 
1376935,77 103 
1376935,77 101 
1377445,13 100 
1377445,13 6
1377445,13 1953
1377445,13 11
1379441,95 25 
1379455,63 75 
1380858,13 72 
1380894,65 70 
1382416,81 80 
1383213,39 83 
1383524 64 310
1383730,84 61 198
1384033,11 150 
1384054,48 68 
1384508,69 92 
1384508,69 65 
1385558,72 103 
1385558,72 101 
1386068,47 100 
1386068,47 6
1386068,47 1953
1386068,47 10
1388065,15 25 
1388651,64 75 
1390054,04 72 
1390090,89 70 
1391617,08 80 
1392409,54 83 
1392999,68 64 590
1393279,47 63 271
1393581,52 150 
1393597,43 68 
1394051,05 92 
1394051,05 65 
1395101,58 103 
1395101,58 101 
1395610,9 100 
1395610,9 6
1395610,9 1953
1395610,9 11
1397607,87 25 
1397621,88 75 
1397624,33 250 
1397633,51 101 
1399633,68 100 
1399633,68 6
1399633,68 1953
1399633,68 11
1399633,68 25 
1399646,96 75 
1401049,7 72 
1401086,36 70 
1402609,14 80 
1403404,98 83 
1403549,63 64 145
1403760,75 61 196
1404063,37 150 
1404086,1 68 
1404538,32 92 
1404538,32 65 
1405590,44 103 
1405590,44 101 
1406100,11 100 
1406100,11 6
1406100,11 1953
1406100,11 11
1408110,05 25 
1408124,49 75 
1409527,77 72 
1409562,78 70 
1411087,17 80 
1411881,52 83 
1412147,42 64 266
1412969,83 61 808
1413272,01 150 
1413295,67 68 
1413748,36 92 
1413748,36 65 
1414799,93 103 
1414799,93 101 
1415310,56 100 
1415310,56 6
1415310,56 1953
1415310,56 11
1417306,46 25 
1417319,84 75 
1418722,22 72 
1418878,98 70 
1420449,44 80 
1421384,25 83 
1421639,31 64 256
1421858,78 61 208
1422160,74 150 
1422185,32 68 
1422638,46 92 
1422638,46 65 
1423689,61 103 
1423689,61 101 
1424199,86 100 
1424199,86 6
1424199,86 1953
1424199,86 10
1426196,1 25 
1426209,42 75 
1427612,12 72 
1427768,56 70 
1429341,84 80 
1430273,84 83 
1430541,76 64 268
1430809,34 63 256
1431111,82 150 
1431128,43 68 
1431582,15 92 
1431582,15 65 
1432632,55 103 
1432632,55 101 
1433142,04 100 
1433142,04 6
1433142,04 1953
1433142,04 10
1435138,85 25 
1435152,42 75 
1436554,82 72 
1436711,54 70 
1438281,7 80 
1439216,97 83 
1439789,71 64 573
1440070,22 63 268
1440372,89 150 
1440391,15 68 
1440845,81 92 
1440845,81 65 
1441895,37 103 
1441895,37 101 
1442404,79 100 
1442404,79 6
1442404,79 1953
1442404,79 11
1444401,72 25 
1444415,65 75 
1445819,77 72 
1445974,35 70 
1447543,16 80 
1448479,7 83 
1448839,18 64 360
1449038,79 61 186
1449340,08 150 
1449360,67 68 
1449814,12 92 
1449814,12 65 
1450865,05 103 
1450865,05 101 
1451374,48 100 
1451374,48 6
1451374,48 1953
1451374,48 11
1453371,38 25 
1453811,33 75 
1455213,46 72 
1455370,52 70 
1456923,13 80 
1457835,76 83 
1458652,95 64 817
1458889,33 61 214
1459192,49 150 
1459210,08 68 
1459663,23 92 
1459663,23 65 
1460714,24 103 
1460714,24 101 
1461223,67 100 
1461223,67 2
1461223,67 1953
1461223,67 11
1461223,67 78 
1461223,67 178 
1463220,6 25 
1463234,11 75 
1464637,12 72 
1464779,98 70 
1466311,18 80 
1467111,94 83 
1467548,87 64 437
1467758,74 256 
1467769,68 61 205
1468071,59 151 
1468085,4 69 
1468539,13 93 
1469590,57 103 
1469590,57 101 
1473605,24 100 
1473605,24 2
1473605,24 1953
1473605,24 11
1475602,17 25 
1477601,45 75 
1479004,13 72 
1479040,7 70 
1480566,37 80 
1481359,45 83 
1481572,44 64 213
1481799,39 61 214
1482101,71 151 
1482120,52 69 
1482574,06 93 
1483624,82 103 
1483624,82 101 
1487639,37 100 
1487639,37 2
1487639,37 1953
1487639,37 10
1489636,48 25 
1491049,3 75 
1492452,09 72 
1492488,44 70 
1494013,1 80 
1494807,22 83 
1495070,86 64 264
1495339,18 256 
1495349,72 63 263
1495651,45 153 
1495674,8 68 
1496128,05 92 
1496128,05 65 
1497179,13 103 
1497179,13 101 
1497688,69 100 
1497688,69 2
1497688,69 1953
1497688,69 10
1499685,55 25 
1499699,41 75 
1501102,09 72 
1501138,15 70 
1502660,2 80 
1503456,9 83 
1503730,79 64 274
1504030,11 256 
1504033,94 63 284
1504336,3 151 
1504351,44 69 
1504805,75 93 
1505855,56 103 
1505855,56 101 
1509870,21 100 
1509870,21 2
1509870,21 1953
1509870,21 10
1511867,07 25 
1512467,09 75 
1513868,51 250 
1513878,6 101 
1515878,85 100 
1515878,85 2
1515878,85 1953
1515878,85 10
1515878,85 25 
1515918,3 75 
1515944,43 250 
1515957,75 101 
1517958 100 
1517958 2
1517958 1953
1517958 10
1517958 25 
1517970,87 75 
1519373,19 72 
1519410,64 70 
1520934,12 80 
1521729,29 83 
1523684,42 64 1956
1523988,31 256 
1523995,83 63 294
1524298,12 151 
1524316,47 69 
1524770,73 93 
1525390,61 256 
1525820,59 103 
1525820,59 101 
1529836,94 100 
1529836,94 2
1529836,94 1953
1529836,94 11
1531832,37 25 
1533271,68 75 
1533496,58 250 
1533510,45 101 
1535510,74 100 
1535510,74 2
1535510,74 1953
1535510,74 11
1535510,74 25 
1535523,51 75 
1536927,19 72 
1536963,38 70 
1538486,65 80 
1539281,99 83 
1539819,31 64 538
1540188,64 63 360
1540491,19 150 
1540509,61 68 
1540962,11 92 
1540962,11 65 
1542013,89 103 
1542013,89 101 
1542523,32 100 
1542523,32 2
1542523,32 1953
1542523,32 11
1544520,27 25 
1544533,95 75 
1545936,43 72 
1545972,97 70 
1547495,66 80 
1548291,59 83 
1548702,23 64 411
1548908,76 61 191
1549211,85 151 
1549225,24 69 
1549678,15 93 
1550730,34 103 
1550730,34 101 
1554744,92 100 
1554744,92 2
1554744,92 1953
1554744,92 11
1556741,79 25 
1557075,72 75 
1558478,82 72 
1558514,45 70 
1560036,27 80 
1560833,05 83 
1561036,31 64 204
1561378,82 63 333
1561681,08 152 
1561700,77 69 
1562154,61 93 
1562712,37 256 
1563205,17 103 
1563205,17 101 
1567219,77 100 
1567219,77 2
1567219,77 1953
1567219,77 10
1569216,64 25 
1569230,89 75 
1570633,84 72 
1570869,27 70 
1572411,21 80 
1573214,7 83 
1573522,1 64 308
1573838,54 63 304
1574141,81 151 
1574161,44 69 
1574615,24 93 
1574728,01 256 
1575012,81 182 
1575666,62 103 
1575666,62 101 
1579681,29 100 
1579681,29 2
1579681,29 1953
1579681,29 11
1581678,22 25 
1582224,84 75 
1582340,22 250 
1582356,87 101 
1584357,1 100 
1584357,1 2
1584357,1 1953
1584357,1 11
1584357,1 25 
1586808,93 75 
1588211,91 72 
1588368,76 70 
1588556,08 250 
1588567,9 101 
1590567,84 100 
1590567,84 2
1590567,84 1953
1590567,84 11
1590567,84 25 
1593833,24 75 
1593835,24 250 
1593845,48 101 
1595845,78 100 
1595845,78 2
1595845,78 1953
1595845,78 11
1595845,78 25 
1595858,74 75 
1597261,82 72 
1597271 70 
1598051,47 250 
1598057,32 101 
1600057,28 100 
1600057,28 2
1600057,28 1953
1600057,28 11
1600057,28 25 
1600070,84 75 
1600073,04 250 
1600082,92 101 
1602083,14 100 
1602083,14 2
1602083,14 1953
1602083,14 11
1602083,14 25 
1602096,11 75 
1602098,37 250 
1602108,72 101 
1604108,92 100 
1604108,92 2
1604108,92 1953
1604108,92 11
1604108,92 25 
1604122,23 75 
1604136,42 250 
1604147,92 101 
1606148,17 100 
1606148,17 2
1606148,17 1953
1606148,17 11
1606148,17 25 
1606160,89 75 
1607563,07 72 
1607573,41 70 
1608976,9 80 
1609906,07 83 
1610269,54 64 364
1610797,63 256 
1610850,91 61 572
1611152,21 151 
1611172,8 69 
1611627,18 93 
1612677,91 103 
1612677,91 101 
1616692,55 100 
1616692,55 2
1616692,55 1953
1616692,55 10
1618689,44 25 
1619236,15 75 
1619241,68 250 
1619248,23 101 
1621248,41 100 
1621248,41 2
1621248,41 1953
1621248,41 10
1621248,41 25 
1621261,19 75 
1622663,13 72 
1622821,06 70 
1624396,33 80 
1625326,4 83 
1625609,18 64 283
1625968,52 256 
1625984,42 63 365
1626287,38 151 
1626299,97 69 
1626754,16 93 
1626966,74 256 
1627805,21 103 
1627805,21 101 
1631819,61 100 
1631819,61 2
1631819,61 1953
1631819,61 10
1633816,61 25 
1643816,07 254 
1643825,14 101 
1645824,45 100 
1645824,45 2
1645824,45 1953
1645824,45 10
1645824,45 25 
1646265,03 75 
1647668,57 72 
1647824,03 70 
1649399,14 80 
1650329,38 83 
1651061,49 64 733
1651517,55 62 442
1651820,46 151 
1651836,03 69 
1652289,73 93 
1652522,04 256 
1653341,06 103 
1653341,06 101 
1657355,91 100 
1657355,91 2
1657355,91 1953
1657355,91 10
1659352,68 25 
1663457,84 75 
1664860,34 72 
1665016,9 70 
1666587,57 80 
1667522,17 83 
1667779,09 64 258
1667998,92 61 210
1668303,92 150 
1668323,46 68 
1668776,05 92 
1668776,05 65 
1669827,56 103 
1669827,56 101 
1670337,09 100 
1670337,09 2
1670337,09 1953
1670337,09 10
1672334,01 25 
1672840,5 75 
1673171,6 250 
1673185,89 101 
1675186,27 100 
1675186,27 2
1675186,27 1953
1675186,27 10
1675186,27 25 
1676291,83 75 
1676766,11 250 
1676771,15 101 
1678771,4 100 
1678771,4 2
1678771,4 1953
1678771,4 10
1678771,4 25 
1678944,1 75 
1679063,84 250 
1679076,78 101 
1681077,02 100 
1681077,02 2
1681077,02 1953
1681077,02 10
1681077,02 25 
1681090,35 75 
1682493,49 72 
1682649,66 70 
1684188,12 80 
1684981,7 83 
1685223,61 64 242
1685446,91 61 212
1685749,1 150 
1685769,33 68 
1686223,8 92 
1686223,8 65 
1687273,67 103 
1687273,67 101 
1687783,18 100 
1687783,18 2
1687783,18 1953
1687783,18 11
1689779,96 25 
1689793,54 75 
1691197,06 72 
1691232,69 70 
1692757,24 80 
1693671,32 83 
1694180,82 64 509
1694517,62 63 327
1694820,07 150 
1694846,5 68 
1695299,65 92 
1695299,65 65 
1696349,93 103 
1696349,93 101 
1696860,24 100 
1696860,24 2
1696860,24 1953
1696860,24 10
1698856,22 25 
1698869,78 75 
1700271,85 72 
1700309,05 70 
1701837,38 80 
1702640,97 83 
1702725,03 64 85
1702957,25 61 224
1703260,81 152 
1703281,23 69 
1703735,77 93 
1704786,42 103 
1704786,42 101 
1708801,93 100 
1708801,93 2
1708801,93 1953
1708801,93 11
1710798,02 25 
1710825,23 75 
1712229,13 72 
1712263,97 70 
1713789,6 80 
1714582,77 83 
1715052,51 64 470
1715267,34 256 
1715273,01 61 210
1715576,81 151 
1715596,14 69 
1716049,74 93 
1717101,32 103 
1717101,32 101 
1721116,14 100 
1721116,14 2
1721116,14 1953
1721116,14 11
1723112,89 25 
1723126,88 75 
1723590,93 250 
1723605 101 
1725605,37 100 
1725605,37 2
1725605,37 1953
1725605,37 11
1725605,37 25 
1726057,93 75 
1727502,1 72 
1727537,69 70 
1729066,58 80 
1729883,11 83 
1730108,93 64 226
1730358,08 61 236
1730660,87 151 
1730683,3 69 
1731138,54 93 
1732188,37 103 
1732188,37 101 
1736203,02 100 
1736203,02 2
1736203,02 1953
1736203,02 11
1738199,99 25 
1743944,61 75 
1743946,61 250 
1743956,56 101 
1745956,88 100 
1745956,88 2
1745956,88 1953
1745956,88 11
1745956,88 25 
1745983,29 75 
1747385,22 72 
1747422,85 70 
1748948,93 80 
1749741,41 83 
1750516,55 64 775
1750817,23 61 290
1751119,22 151 
1751142,23 69 
1751594,4 93 
1752646,6 103 
1752646,6 101 
1756662,83 100 
1756662,83 2
1756662,83 1953
1756662,83 10
1758658,11 25 
1759204,82 75 
1759258,15 250 
1759270,21 101 
1761270,52 100 
1761270,52 2
1761270,52 1953
1761270,52 10
1761270,52 25 
1761283,34 75 
1762686,26 72 
1762723,11 70 
1764248,39 80 
1765041,77 83 
1765232,21 64 191
1765498,3 61 257
1765801,08 150 
1765816,29 68 
1766270,52 92 
1766270,52 65 
1767320,55 103 
1767320,55 101 
1767829,92 100 
1767829,92 2
1767829,92 1953
1767829,92 11
1769826,9 25 
1773652,05 75 
1775055,15 72 
1775091,34 70 
1776616,95 80 
1777410,08 83 
1777668,41 64 259
1777907,28 62 231
1778209 151 
1778223,57 69 
1778676,48 93 
1779728,68 103 
1779728,68 101 
1783743,36 100 
1783743,36 2
1783743,36 1953
1783743,36 10
1785740,25 25 
1787286,42 75 
1788688,85 72 
1788725,63 70 
1790251,5 80 
1791044,53 83 
1791623,14 64 580
1791998,06 61 355
1792302,56 150 
1792325,3 68 
1792777,2 92 
1792777,2 65 
1793829,5 103 
1793829,5 101 
1794339 100 
1794339 2
1794339 1953
1794339 11
1796335,91 25 
1796362,89 75 
1797766,18 72 
1797935,36 70 
1799507,4 80 
1800440,48 83 
1800686,04 64 246
1800896,84 62 190
1801198,56 151 
1801214,14 69 
1801667,31 93 
1802719,14 103 
1802719,14 101 
1806733,87 100 
1806733,87 2
1806733,87 1953
1806733,87 10
1808730,78 25 
1810450,19 75 
1810615,01 250 
1810622,25 101 
1812622,55 100 
1812622,55 2
1812622,55 1953
1812622,55 10
1812622,55 25 
1814234,69 75 
1814344,75 250 
1814354,05 101 
1816354,31 100 
1816354,31 2
1816354,31 1953
1816354,31 10
1816354,31 25 
1817420,01 75 
1818822,23 72 
1818979,82 70 
1820548,94 80 
1821471,69 83 
1821583,89 64 112
1821896,54 63 292
1822198,8 151 
1822218,67 69 
1822671,59 93 
1823723,94 103 
1823723,94 101 
1827738,52 100 
1827738,52 2
1827738,52 1953
1827738,52 10
1829735,32 25 
1830228,61 75 
1831632,06 72 
1831787,8 70 
1833367,33 80 
1834293,05 83 
1837185,6 64 2893
1837465,76 256 
1837473,28 61 275
1837776,01 150 
1837799,75 68 
1838252,78 92 
1838252,78 65 
1839304 103 
1839304 101 
1839814,69 100 
1839814,69 2
1839814,69 1953
1839814,69 11
1841810,36 25 
1842490,26 75 
1842492,23 250 
1842502,37 101 
1844502,66 100 
1844502,66 2
1844502,66 1953
1844502,66 11
1844502,66 25 
1844515,78 75 
1845919,1 72 
1846075,17 70 
1847655,5 80 
1848580,46 83 
1848733,6 64 153
1849058,44 63 305
1849360,06 150 
1849381,57 68 
1849834,18 92 
1849834,18 65 
1850885,85 103 
1850885,85 101 
1851395,37 100 
1851395,37 2
1851395,37 1953
1851395,37 10
1853392,41 25 
1853406,73 75 
1854809,03 72 
1854964,89 70 
1856552,31 80 
1857483,69 83 
1857607,54 64 124
1857838,35 61 222
1858140,68 150 
1858164,63 68 
1858617,41 92 
1858617,41 65 
1859668,9 103 
1859668,9 101 
1860178,28 100 
1860178,28 2
1860178,28 1953
1860178,28 11
1862175,29 25 
1862188,68 75 
1863590,53 72 
1863747,86 70 
1865328,74 80 
1866253,3 83 
1866766,45 64 514
1867006,29 62 221
1867309,47 151 
1867333,36 69 
1867786,57 93 
1868838,41 103 
1868838,41 101 
1872853,11 100 
1872853,11 2
1872853,11 1953
1872853,11 10
1874850 25 
1874863,92 75 
1876266,03 72 
1876422,62 70 
1878001,46 80 
1878927,97 83 
1879109,22 64 182
1879317,31 61 190
1879619,51 150 
1879635,62 68 
1880088,25 92 
1880088,25 65 
1881139,97 103 
1881139,97 101 
1881650,04 100 
1881650,04 2
1881650,04 1953
1881650,04 11
1883646,44 25 
1883660,27 75 
1885062,04 72 
1885219 70 
1886788,16 80 
1887724,26 83 
1887889,18 64 166
1888206,39 63 309
1888508,05 150 
1888525,41 68 
1888978,17 92 
1888978,17 65 
1890029,64 103 
1890029,64 101 
1890539,42 100 
1890539,42 2
1890539,42 1953
1890539,42 11
1892549,22 25 
1892562,75 75 
1893381,46 250 
1893387,96 101 
1895388,1 100 
1895388,1 2
1895388,1 1953
1895388,1 11
1895388,1 25 
1895401,01 75 
1896803,51 72 
1896960,77 70 
1898529,6 80 
1899466,06 83 
1899854,88 64 389
1900066,88 61 201
1900369,26 151 
1900386,28 69 
1900841 93 
1901798,29 256 
1901891,45 103 
1901891,45 101 
1905906,08 100 
1905906,08 2
1905906,08 1953
1905906,08 10
1907903,26 25 
1907996,37 75 
1909399,52 72 
1909528,88 70 
1911080,49 80 
1911994,22 83 
1912383,38 64 390
1912705,95 63 312
1913008,1 153 
1913021,96 68 
1913475,63 92 
1913475,63 65 
1914526,16 103 
1914526,16 101 
1915035,77 100 
1915035,77 2
1915035,77 1953
1915035,77 10
1917032,58 25 
1917059,6 75 
1918461,32 72 
1918498,52 70 
1920022,32 80 
1920817,3 83 
1921871,15 64 1055
1922125,23 61 242
1922427,54 150 
1922444,76 68 
1922898,23 92 
1922898,23 65 
1923948,89 103 
1923948,89 101 
1924459,1 100 
1924459,1 2
1924459,1 1953
1924459,1 10
1926455,28 25 
1926482,57 75 
1927885,98 72 
1927921,25 70 
1929445,2 80 
1930240,19 83 
1930671,02 64 432
1930995,42 61 316
1931298,57 150 
1931320,91 68 
1931773,44 92 
1931773,44 65 
1932825,27 103 
1932825,27 101 
1933334,87 100 
1933334,87 2
1933334,87 1953
1933334,87 11
1935331,65 25 
1935345,01 75 
1936747,49 72 
1936784,25 70 
1938307,71 80 
1939103,27 83 
1939259,65 64 157
1939536,71 63 261
1939839,05 150 
1939864,2 68 
1940317,18 92 
1940317,18 65 
1941368,34 103 
1941368,34 101 
1941878,5 100 
1941878,5 2
1941878,5 1953
1941878,5 10
1943874,83 25 
1943901,72 75 
1945304,05 72 
1945340,7 70 
1946864,24 80 
1947659,51 83 
1948410,57 64 751
1948695,78 63 277
1948998,9 151 
1949019,41 69 
1949472,62 93 
1950524,58 103 
1950524,58 101 
1954539,3 100 
1954539,3 2
1954539,3 1953
1954539,3 11
1956536,22 25 
1957135,99 75 
1958549,32 72 
1958588,54 70 
1958714,08 250 
1958721,16 101 
1960721,08 100 
1960721,08 2
1960721,08 1953
1960721,08 11
1960721,08 25 
1960735,07 75 
1961679,05 250 
1961692,97 101 
1963693,18 100 
1963693,18 2
1963693,18 1953
1963693,18 11
1963693,18 25 
1963706,1 75 
1965098,87 250 
1965104,89 101 
1967105,1 100 
1967105,1 2
1967105,1 1953
1967105,1 11
1967105,1 25 
1967851,09 75 
1969238,5 250 
1969249,84 101 
1971250,09 100 
1971250,09 2
1971250,09 1953
1971250,09 11
1971250,09 25 
1973688,55 75 
1975091,1 72 
1975101,05 70 
1976503,51 80 
1977300,53 83 
1977468,57 64 168
1978604,78 61 1118
1978907,19 151 
1978927,01 69 
1979381,7 93 
1980432,23 103 
1980432,23 101 
1984446,75 100 
1984446,75 2
1984446,75 1953
1984446,75 11
1986443,79 25 
1991321,83 75 
1992724,55 72 
1992761,12 70 
1994287,22 80 
1995080,04 83 
1995554,34 64 475
1995836,38 61 264
1996140,68 151 
1996159,86 69 
1996613,71 93 
1997665,06 103 
1997665,06 101 
2001679,85 100 
2001679,85 2
2001679,85 1953
2001679,85 10
2003676,55 25 
2003876,69 75 
2003878,56 250 
2003888,82 101 
2005888,97 100 
2005888,97 2
2005888,97 1953
2005888,97 10
2005888,97 25 
2005902,25 75 
2005904,24 250 
2005914,67 101 
2007914,89 100 
2007914,89 2
2007914,89 1953
2007914,89 10
2007914,89 25 
2007941,54 75 
2009343,62 72 
2009380,88 70 
2010906,28 80 
2011699,5 83 
2012105,83 64 406
2012316,03 61 191
2012618,31 152 
2012634,06 69 
2013088,42 93 
2014138,2 103 
2014138,2 101 
2018152,9 100 
2018152,9 2
2018152,9 1953
2018152,9 11
2020149,73 25 
2020163,37 75 
2026072,19 72 
2026227,4 70 
2027802,76 80 
2028732,61 83 
2029076,97 64 344
2029424,71 256 
2029432,4 63 341
2029735,78 150 
2029760,24 68 
2030214,41 92 
2030214,41 65 
2031264,44 103 
2031264,44 101 
2031773,91 100 
2031773,91 2
2031773,91 1953
2031773,91 11
2033770,93 25 
2033784,35 75 
2035186,41 72 
2035343,45 70 
2036923,49 80 
2037862,11 83 
2038289,86 64 428
2038566,5 63 265
2038869,94 150 
2038889,79 68 
2039343,42 92 
2039343,42 65 
2040393,99 103 
2040393,99 101 
2040904,25 100 
2040904,25 2
2040904,25 1953
2040904,25 10
2042900,38 25 
2042914,07 75 
2044317,12 72 
2044473,05 70 
2046057,26 80 
2046991,54 83 
2047061,99 64 70
2047284,36 61 213
2047586,45 150 
2047606,18 68 
2048060,31 92 
2048060,31 65 
2049110,36 103 
2049110,36 101 
2049619,89 100 
2049619,89 2
2049619,89 1953
2049619,89 10
2051616,84 25 
2051630,3 75 
2053033,65 72 
2053269,32 70 
2053462,23 250 
2053468,53 101 
2055468,43 100 
2055468,43 2
2055468,43 1953
2055468,43 10
2055468,43 25 
2055482,22 75 
2057239 72 
2057253,92 70 
2058656,47 80 
2059453,1 83 
2059864,16 64 412
2060074,47 61 195
2060376,78 150 
2060400,79 68 
2060854,88 92 
2060854,88 65 
2061905,05 103 
2061905,05 101 
2062414,63 100 
2062414,63 2
2062414,63 1953
2062414,63 10
2064411,36 25 
2064425,71 75 
2065828,49 72 
2065957,4 70 
2067513,67 80 
2068422,79 83 
2068517,68 64 95
2068724,26 61 196
2069026,31 150 
2069050,49 68 
2069503,18 92 
2069503,18 65 
2070554,8 103 
2070554,8 101 
2071064,39 100 
2071064,39 2
2071064,39 1953
2071064,39 11
2073061,11 25 
2073261,23 75 
2074664,95 72 
2074807,05 70 
2076364,11 80 
2077285,67 83 
2078245,76 64 960
2079534,52 63 1276
2079837,94 150 
2079859,31 68 
2080311,69 92 
2080311,69 65 
2081363,65 103 
2081363,65 101 
2081873,84 100 
2081873,84 2
2081873,84 1953
2081873,84 11
2083870,06 25 
2083884,49 75 
2085287,65 72 
2085322,76 70 
2086846,37 80 
2087641,5 83 
2087725,51 64 84
2088064,58 63 330
2088367,06 150 
2088389,28 68 
2088842,42 92 
2088842,42 65 
2089893,45 103 
2089893,45 101 
2090402,96 100 
2090402,96 2
2090402,96 1953
2090402,96 11
2092399,88 25 
2092413,79 75 
2093816,95 72 
2093852,56 70 
2095376,14 80 
2096171,35 83 
2096612,41 64 442
2096936,23 63 313
2097238,94 152 
2097251,42 69 
2097705 93 
2098756,46 103 
2098756,46 101 
2102771,03 100 
2102771,03 2
2102771,03 1953
2102771,03 10
2104768,07 25 
2110672,44 75 
2112075,44 72 
2112111,68 70 
2113637,28 80 
2114443,63 83 
2114667,46 64 224
2114884,21 61 201
2115186,11 150 
2115204,67 68 
2115658,13 92 
2115658,13 65 
2116709 103 
2116709 101 
2117218,42 100 
2117218,42 2
2117218,42 1953
2117218,42 10
2119215,44 25 
2122041 75 
2123443,99 72 
2123480,32 70 
2125003,28 80 
2125798,93 83 
2126103,01 64 304
2126313,69 61 195
2126615,42 150 
2126639,89 68 
2127095,66 92 
2127095,66 65 
2128144,27 103 
2128144,27 101 
2128654,1 100 
2128654,1 2
2128654,1 1953
2128654,1 11
2130650,53 25 
2130666,43 75 
2132068,92 72 
2132103,3 70 
2133626,24 80 
2134422,01 83 
2134737,18 64 316
2135044,25 63 290
2135346,28 150 
2135369,66 68 
2135824,55 92 
2135824,55 65 
2136874,01 103 
2136874,01 101 
2137383,63 100 
2137383,63 2
2137383,63 1953
2137383,63 10
2139380,29 25 
2139393,84 75 
2140797,14 72 
2140833,05 70 
2142357,51 80 
2143165,02 83 
2143565,29 64 401
2143825,93 61 248
2144127,48 150 
2144152,91 68 
2144605,45 92 
2144605,45 65 
2145657,03 103 
2145657,03 101 
2146166,63 100 
2146166,63 2
2146166,63 1953
2146166,63 11
2148163,42 25 
2148683,33 75 
2148787,33 250 
2148802,09 101 
2150802,19 100 
2150802,19 2
2150802,19 1953
2150802,19 11
2150802,19 25 
2153853,89 75 
2155256,23 72 
2155293,89 70 
2156815,37 80 
2157612,35 83 
2157840,83 64 228
2158163,94 63 312
2158465,5 150 
2158480,15 68 
2158934,12 92 
2158934,12 65 
2159984,4 103 
2159984,4 101 
2160494,06 100 
2160494,06 2
2160494,06 1953
2160494,06 11
2160494,06 79 
2162490,74 25 
2162505,05 75 
2163907,25 72 
2163943,49 70 
2165466,56 80 
2166275,49 83 
2166548,93 64 273
2166793,19 61 225
2167096,85 151 
2167115,67 69 
2167569,34 93 
2168620,93 103 
2168620,93 101 
2172635,44 100 
2172635,44 2
2172635,44 1953
2172635,44 10
2174632,35 25 
2175872,17 75 
2177275,05 72 
2177431,39 70 
2179013,34 80 
2179949,8 83 
2180140,92 64 191
2180393,36 61 244
2180696,94 150 
2180711,03 68 
2181166,41 92 
2181166,41 65 
2182215,19 103 
2182215,19 101 
2182724,59 100 
2182724,59 2
2182724,59 1953
2182724,59 10
2184721,58 25 
2184735,91 75 
2186138,92 72 
2186294,17 70 
2187875,73 80 
2188812,85 83 
2189130,94 64 318
2189364,85 61 219
2189667,79 150 
2189680,81 68 
2190133,9 92 
2190133,9 65 
2191184,79 103 
2191184,79 101 
2191695,34 100 
2191695,34 2
2191695,34 1953
2191695,34 10
2193691,35 25 
2193705,51 75 
2195108,28 72 
2195277,13 70 
2196860,26 80 
2197795,74 83 
2198356,54 64 561
2198583,47 256 
2198597,51 61 229
2198899,51 150 
2198916,69 68 
2199370,33 92 
2199370,33 65 
2200421,11 103 
2200421,11 101 
2200930,43 100 
2200930,43 2
2200930,43 1953
2200930,43 11
2202927,36 25 
2204793,46 75 
2204795,33 250 
2204805,53 101 
2206805,68 100 
2206805,68 2
2206805,68 1953
2206805,68 11
2206805,68 25 
2206818,9 75 
2207277,8 250 
2207284,51 101 
2209284,88 100 
2209284,88 2
2209284,88 1953
2209284,88 11
2209284,88 25 
2211190,12 75 
2212592,48 72 
2212749,88 70 
2212936,7 250 
2212949,14 101 
2214949,02 100 
2214949,02 2
2214949,02 1953
2214949,02 11
2214949,02 25 
2218734,52 75 
2220136,21 72 
2220146,17 70 
2221549,33 80 
2222492,14 83 
2222844,17 64 353
2223163,84 63 299
2223466,55 150 
2223479,89 68 
2223933,69 92 
2223933,69 65 
2224984,11 103 
2224984,11 101 
2225493,63 100 
2225493,63 2
2225493,63 1953
2225493,63 11
2227490,66 25 
2227503,93 75 
2228906,68 72 
2229063,18 70 
2230644,46 80 
2231581,74 83 
2231928,49 64 347
2232143,63 256 
2232151,39 61 210
2232454 151 
2232476,09 69 
2232929,54 93 
2233980,51 103 
2233980,51 101 
2237994,98 100 
2237994,98 2
2237994,98 1953
2237994,98 10
2239991,87 25 
2241471,57 75 
2242874,91 72 
2243030,82 70 
2244605,55 80 
2245535,94 83 
2245971,1 64 436
2246293,25 256 
2246311,02 63 323
2246614,92 151 
2246629,44 69 
2247082,01 93 
2247201,06 256 
2248134,53 103 
2248134,53 101 
2252149,2 100 
2252149,2 2
2252149,2 1953
2252149,2 10
2254146,19 25 
2257944,71 75 
2259347,17 72 
2259503,82 70 
2261078,42 80 
2262009,11 83 
2262260,24 64 252
2262562,74 256 
2262575,18 63 300
2262878,64 151 
2262902,62 69 
2263356,75 93 
2263574,26 256 
2264112,48 182 
2264407,8 103 
2264407,8 101 
2268422,82 100 
2268422,82 2
2268422,82 1953
2268422,82 10
2270419,39 25 
2270432,83 75 
2271834,85 72 
2271992,04 70 
2273549,48 80 
2274457,29 83 
2274678,31 64 222
2275094,01 256 
2275414,88 63 718
2275717,71 151 
2275737,33 69 
2276190,78 93 
2276584,96 256 
2276811,51 181 
2277030,49 181 
2277242,65 103 
2277242,65 101 
2281257,18 100 
2281257,18 3
2281257,18 1953
2281257,18 11
2281257,18 78 
2281257,18 178 
2283254,16 25 
2283268,49 75 
2284672,05 72 
2284813,33 70 
2286366,59 80 
2287279,28 83 
2287609,8 64 331
2287932,89 63 308
2288236,3 150 
2288253,07 68 
2288705,02 92 
2288705,02 65 
2289757,28 103 
2289757,28 101 
2290266,82 100 
2290266,82 3
2290266,82 1953
2290266,82 10
2292263,59 25 
2292277,08 75 
2293680,08 72 
2293716,32 70 
2295240,27 80 
2296035,04 83 
2296638,66 64 604
2296863,05 256 
2296876,2 61 229
2297179,54 151 
2297195,06 69 
2297648,57 93 
2298700,32 103 
2298700,32 101 
2302714,98 100 
2302714,98 3
2302714,98 1953
2302714,98 11
2304711,72 25 
2305431,68 75 
2306833,12 72 
2306870,95 70 
2308395,16 80 
2309189,86 83 
2310761,75 64 1572
2311084,11 63 309
2311386,47 150 
2311403,44 68 
2311857,1 92 
2311857,1 65 
2312907,76 103 
2312907,76 101 
2313417,09 100 
2313417,09 3
2313417,09 1953
2313417,09 11
2315414,2 25 
2315800,74 75 
2317202,6 72 
2317240,1 70 
2318766,27 80 
2319559 83 
2319995,48 64 437
2320292,48 63 281
2320594,01 152 
2320612,96 69 
2321066,19 93 
2322117,23 103 
2322117,23 101 
2326132,62 100 
2326132,62 3
2326132,62 1953
2326132,62 10
2328128,75 25 
2334432,93 75 
2335836,57 72 
2335872,21 70 
2337400,13 80 
2338190,91 83 
2338503,92 64 313
2338843,72 63 320
2339145,95 151 
2339164,43 69 
2339617,53 93 
2340310,93 256 
2340669,55 103 
2340669,55 101 
2344684,32 100 
2344684,32 3
2344684,32 1953
2344684,32 11
2346681,14 25 
2347134,36 75 
2348537,32 72 
2348573,57 70 
2350098,71 80 
2350892,3 83 
2351741,47 64 850
2352172,13 63 414
2352476 150 
2352493,05 68 
2352946,55 92 
2352946,55 65 
2353997,31 103 
2353997,31 101 
2354506,69 100 
2354506,69 3
2354506,69 1953
2354506,69 11
2356503,71 25 
2356517,15 75 
2357919,23 72 
2357956,4 70 
2359479,86 80 
2360275,06 83 
2360985,16 64 711
2361332,45 63 338
2361635,85 150 
2361649,36 68 
2362103,5 92 
2362103,5 65 
2363153,54 103 
2363153,54 101 
2363662,98 100 
2363662,98 3
2363662,98 1953
2363662,98 10
2365660,04 25 
2365673,4 75 
2367076,12 72 
2367112,54 70 
2368636,75 80 
2369431,83 83 
2369879,52 64 449
2370122,61 61 225
2370425,46 151 
2370444,81 69 
2370898,65 93 
2371949,94 103 
2371949,94 101 
2375964,56 100 
2375964,56 3
2375964,56 1953
2375964,56 10
2377961,39 25 
2377975,41 75 
2379378,34 72 
2379414,15 70 
2380937,16 80 
2381733,17 83 
2382005,22 64 273
2382392,78 62 367
2382694,52 152 
2382706,67 69 
2383159,59 93 
2384211,48 103 
2384211,48 101 
2388226,07 100 
2388226,07 3
2388226,07 1953
2388226,07 11
2390222,98 25 
2391249,62 75 
2392652,63 72 
2392808,58 70 
2394383,26 80 
2395313,83 83 
2395516,63 64 203
2395803,93 63 277
2396107,94 150 
2396128,27 68 
2396582,37 92 
2396582,37 65 
2397632,59 103 
2397632,59 101 
2398142,16 100 
2398142,16 3
2398142,16 1953
2398142,16 11
2400138,94 25 
2401072,11 75 
2401074,06 250 
2401084,18 101 
2403084,48 100 
2403084,48 3
2403084,48 1953
2403084,48 11
2403084,48 25 
2403097,39 75 
2404500,69 72 
2404657 70 
2406238,72 80 
2407162,29 83 
2407483,2 64 322
2407722,14 61 227
2408024,95 151 
2408042,52 69 
2408495,9 93 
2409547,63 103 
2409547,63 101 
2413562,97 100 
2413562,97 3
2413562,97 1953
2413562,97 10
2415559,37 25 
2416199,15 75 
2417603,04 72 
2417771,58 70 
2419345,76 80 
2420276,9 83 
2420526,83 64 250
2420801,3 63 258
2421104,79 151 
2421117,18 69 
2421571,53 93 
2422346,78 256 
2422622,22 103 
2422622,22 101 
2426636,88 100 
2426636,88 3
2426636,88 1953
2426636,88 10
2428633,84 25 
2435990,98 75 
2441192,5 72 
2441348,5 70 
2442927,52 80 
2443867,08 83 
2444112,37 64 246
2444442,01 256 
2444446,99 63 326
2444748,12 151 
2444760,6 69 
2445213,4 93 
2445993,34 256 
2446265,73 103 
2446265,73 101 
2450280,45 100 
2450280,45 3
2450280,45 1953
2450280,45 11
2452277,44 25 
2452291,34 75 
2453693,51 72 
2453849,97 70 
2455422,51 80 
2456355,21 83 
2456688,31 64 334
2456912,36 61 211
2457214,8 151 
2457235,46 69 
2457690,14 93 
2458740,56 103 
2458740,56 101 
2462755,91 100 
2462755,91 3
2462755,91 1953
2462755,91 11
2464752,36 25 
2464765,58 75 
2466167,5 72 
2466324,84 70 
2467900,89 80 
2468830,04 83 
2469640,1 64 811
2470042,23 256 
2470061,97 61 405
2470363,54 151 
2470376,7 69 
2470829,49 93 
2471316,44 256 
2471881,79 103 
2471881,79 101 
2475896,49 100 
2475896,49 3
2475896,49 1953
2475896,49 11
2477893,33 25 
2477907,42 75 
2479310,01 72 
2479465,99 70 
2481035,91 80 
2481971,26 83 
2482198,11 64 228
2482581,63 63 371
2482885,03 150 
2482905,56 68 
2483358,23 92 
2483358,23 65 
2484409,94 103 
2484409,94 101 
2484919,6 100 
2484919,6 3
2484919,6 1953
2484919,6 10
2486916,28 25 
2486930,39 75 
2488332,21 72 
2488489,02 70 
2490062,16 80 
2491007,54 83 
2491480,49 64 473
2491821,44 63 321
2492124,9 151 
2492140,94 69 
2492593,67 93 
2492884,2 256 
2493646,1 103 
2493646,1 101 
2497660,95 100 
2497660,95 3
2497660,95 1953
2497660,95 10
2499657,65 25 
2499673,76 75 
2501076,71 72 
2501230,56 70 
2502806,53 80 
2503735,57 83 
2504284,22 64 549
2504541,68 256 
2504579,1 61 284
2504881,89 151 
2504895,72 69 
2505348,77 93 
2505867,36 256 
2506400,81 103 
2506400,81 101 
2510415,42 100 
2510415,42 3
2510415,42 1953
2510415,42 10
2512412,3 25 
2513545,38 75 
2513764,22 250 
2513770,93 101 
2515784,25 100 
2515784,25 3
2515784,25 1953
2515784,25 10
2515784,25 25 
2515797,19 75 
2517199,9 72 
2517356,99 70 
2518933,73 80 
2519862,29 83 
2520511,75 64 650
2520861,82 256 
2520871,19 63 343
2521174,3 151 
2521195,58 69 
2521649,87 93 
2521814,24 256 
2522700,74 103 
2522700,74 101 
2526715,34 100 
2526715,34 3
2526715,34 1953
2526715,34 11
2528712,36 25 
2538711,99 254 
2538720,75 101 
2540720,19 100 
2540720,19 3
2540720,19 1953
2540720,19 11
2540720,19 25 
2540735,3 75 
2542138,37 72 
2542279,96 70 
2543834,4 80 
2544745,24 83 
2548481,64 64 3737
2548730,88 61 227
2549033,64 151 
2549050,7 69 
2549504,34 93 
2550555,89 103 
2550555,89 101 
2554570,63 100 
2554570,63 3
2554570,63 1953
2554570,63 11
2556567,59 25 
2556581,34 75 
2557984,48 72 
2558113,39 70 
2559669,7 80 
2560578,79 83 
2560967,65 64 389
2561211,34 256 
2561217,07 63 239
2561520,69 150 
2561539,87 68 
2561992,9 92 
2561992,9 65 
2563044,06 103 
2563044,06 101 
2563553,45 100 
2563553,45 3
2563553,45 1953
2563553,45 11
2565550,49 25 
2565577,7 75 
2566981,17 72 
2567016,45 70 
2568541,29 80 
2569335,07 83 
2569741,35 64 407
2570002,19 63 241
2570304,49 150 
2570322,71 68 
2570776,49 92 
2570776,49 65 
2571827,03 103 
2571827,03 101 
2572337,17 100 
2572337,17 3
2572337,17 1953
2572337,17 10
2574333,42 25 
2574347,24 75 
2575751,08 72 
2575786,07 70 
2577310,36 80 
2578104,8 83 
2578146,55 64 42
2578370,81 62 213
2578673,74 152 
2578691,8 69 
2579145,18 93 
2580196,93 103 
2580196,93 101 
2584211,63 100 
2584211,63 3
2584211,63 1953
2584211,63 10
2586208,51 25 
2589540,54 75 
2589964,56 250 
2589979,33 101 
2591979,38 100 
2591979,38 3
2591979,38 1953
2591979,38 10
2591979,38 25 
2591992,59 75 
2593394,01 72 
2593432,21 70 
2594956,72 80 
2595750,79 83 
2596075,15 64 325
2596420,61 63 337
2596723,93 151 
2596737,74 69 
2597192,98 93 
2597275,48 256 
2597388,23 182 
2597700,72 182 
2598242,75 103 
2598242,75 101 
2602258,77 100 
2602258,77 3
2602258,77 1953
2602258,77 10
2604254,35 25 
2607653,14 75 
2609056,22 72 
2609092,26 70 
2610617,39 80 
2611411,01 83 
2611998,22 64 587
2612502,75 61 492
2612804,08 151 
2612824,27 69 
2613276,22 93 
2614329,49 103 
2614329,49 101 
2618344,16 100 
2618344,16 3
2618344,16 1953
2618344,16 10
2620340,9 25 
2625165,87 75 
2626569,46 72 
2626605 70 
2628129,03 80 
2628923,73 83 
2629154,91 64 231
2629450,24 63 287
2629753,76 151 
2629778,26 69 
2630230,96 93 
2631282,4 103 
2631282,4 101 
2635297,15 100 
2635297,15 3
2635297,15 1953
2635297,15 11
2637294,01 25 
2638573,63 75 
2639976,17 72 
2640012,84 70 
2641536,4 80 
2642331,58 83 
2642556,34 64 225
2642577,03 256 
2642860,23 63 289
2643162,53 150 
2643185,92 68 
2643640,06 92 
2643640,06 65 
2644690,19 103 
2644690,19 101 
2645199,8 100 
2645199,8 3
2645199,8 1953
2645199,8 10
2647196,52 25 
2647356,71 75 
2647484,93 250 
2647488,82 101 
2649488,94 100 
2649488,94 3
2649488,94 1953
2649488,94 10
2649488,94 25 
2652087,51 75 
2652223,45 250 
2652233,42 101 
2654233,66 100 
2654233,66 3
2654233,66 1953
2654233,66 10
2654233,66 25 
2654246,48 75 
2655649,09 72 
2655686,29 70 
2657209,28 80 
2658005,04 83 
2658255,18 64 251
2658480,5 62 209
2658782,65 152 
2658805,22 69 
2659260,59 93 
2660310,35 103 
2660310,35 101 
2664324,97 100 
2664324,97 3
2664324,97 1953
2664324,97 10
2666321,88 25 
2666801,9 75 
2668204,15 72 
2668374,4 70 
2669949,28 80 
2670879,65 83 
2671636,59 64 757
2671869,81 62 217
2672171,22 150 
2672187,28 68 
2672641,68 92 
2672641,68 65 
2673691,48 103 
2673691,48 101 
2674201,05 100 
2674201,05 3
2674201,05 1953
2674201,05 10
2676197,94 25 
2676411,47 75 
2676602,55 250 
2676609,98 101 
2678610,16 100 
2678610,16 3
2678610,16 1953
2678610,16 10
2678610,16 25 
2678623,46 75 
2680025,64 72 
2680182,87 70 
2681762,4 80 
2682688,12 83 
2682927,18 64 240
2683130,1 256 
2683199,93 61 259
2683502,32 151 
2683515,78 69 
2683970,15 93 
2685020,11 103 
2685020,11 101 
2689034,9 100 
2689034,9 3
2689034,9 1953
2689034,9 11
2691031,81 25 
2698295,66 75 
2699698,29 72 
2699934,62 70 
2701493,25 80 
2702426,64 83 
2702862,59 64 436
2703071,29 62 192
2703374,37 151 
2703400,1 69 
2703853,08 93 
2704161,86 256 
2704905,24 103 
2704905,24 101 
2708919,93 100 
2708919,93 3
2708919,93 1953
2708919,93 11
2710916,96 25 
2720539,59 75 
2721942,63 72 
2722098,82 70 
2723675,06 80 
2724604,25 83 
2725764,09 64 1161
2726121,67 63 345
2726425,12 150 
2726444,65 68 
2726898,57 92 
2726898,57 65 
2727949,02 103 
2727949,02 101 
2728458,7 100 
2728458,7 3
2728458,7 1953
2728458,7 11
2730455,48 25 
2730469,3 75 
2731872,28 72 
2732028,03 70 
2733611,1 80 
2734533,24 83 
2734672,18 64 140
2734980,29 63 288
2735283,11 150 
2735307,86 68 
2735761,39 92 
2735761,39 65 
2736812,06 103 
2736812,06 101 
2737321,52 100 
2737321,52 3
2737321,52 1953
2737321,52 11
2739318,51 25 
2739332,5 75 
2740736,07 72 
2740890,97 70 
2742472,34 80 
2743409,56 83 
2743775,92 64 366
2744019,58 63 224
2744321,55 150 
2744344,15 68 
2744798,94 92 
2744798,94 65 
2745848,31 103 
2745848,31 101 
2746358,58 100 
2746358,58 3
2746358,58 1953
2746358,58 10
2748354,58 25 
2748368,16 75 
2749770,84 72 
2749927,37 70 
2751499,19 80 
2752432,49 83 
2752788,94 64 356
2753050,57 62 245
2753353,46 150 
2753367,11 68 
2753820,1 92 
2753820,1 65 
2754871,2 103 
2754871,2 101 
2755380,77 100 
2755380,77 3
2755380,77 1953
2755380,77 11
2757377,52 25 
2757670,94 75 
2759074,01 72 
2759230,16 70 
2760815,16 80 
2761748,64 83 
2761963,35 64 213
2762259,2 63 285
2762561,43 150 
2762576,5 68 
2763029,18 92 
2763029,18 65 
2764080,71 103 
2764080,71 101 
2764590,24 100 
2764590,24 3
2764590,24 1953
2764590,24 11
2766587,22 25 
2766614,26 75 
2768017,96 72 
2768173,04 70 
2769748,58 80 
2770678,26 83 
2770931,44 64 254
2771209,92 256 
2771224,6 63 280
2771527,22 150 
2771546,03 68 
2771998,68 92 
2771998,68 65 
2773050,31 103 
2773050,31 101 
2773559,88 100 
2773559,88 3
2773559,88 1953
2773559,88 10
2775556,67 25 
2775663,4 75 
2777067,19 72 
2777222,64 70 
2778801,45 80 
2779727,94 83 
2780003,85 64 276
2780259,03 62 239
2780561,11 152 
2780581,4 69 
2781035,15 93 
2782086,64 103 
2782086,64 101 
2786101,32 100 
2786101,32 3
2786101,32 1953
2786101,32 10
2788098,12 25 
2788112,42 75 
2789515,29 72 
2789670,76 70 
2791252,34 80 
2792189,46 83 
2792639,37 64 450
2792898,8 61 243
2793200,45 151 
2793217,18 69 
2793671,52 93 
2794721,32 103 
2794721,32 101 
2798736,07 100 
2798736,07 3
2798736,07 1953
2798736,07 11
2800732,98 25 
2800746,52 75 
2800793,82 250 
2800798,66 101 
2802798,84 100 
2802798,84 3
2802798,84 1953
2802798,84 11
2802798,84 25 
2802812,04 75 
2804214,35 72 
2804371,44 70 
2805952,19 80 
2806889,93 83 
2807113,18 64 224
2807429,57 63 300
2807731,02 150 
2807744,41 68 
2808197,6 92 
2808197,6 65 
2809248,64 103 
2809248,64 101 
2809758,18 100 
2809758,18 3
2809758,18 1953
2809758,18 11
2811755,05 25 
2811768,43 75 
2813170,21 72 
2813327,66 70 
2814902,21 80 
2815832,88 83 
2816095,16 64 263
2816330,32 63 218
2816633,62 150 
2816648,42 68 
2817102,56 92 
2817102,56 65 
2818151,7 103 
2818151,7 101 
2818661,08 100 
2818661,08 3
2818661,08 1953
2818661,08 10
2820657,94 25 
2820672,23 75 
2822074,68 72 
2822230,59 70 
2823811,74 80 
2824749,2 83 
2825620,23 64 872
2825870,42 61 242
2826173,85 151 
2826189,23 69 
2826644,14 93 
2827694,33 103 
2827694,33 101 
2831709,06 100 
2831709,06 3
2831709,06 1953
2831709,06 10
2833706,01 25 
2837877,73 75 
2838422,63 250 
2838436,26 101 
2840436,53 100 
2840436,53 3
2840436,53 1953
2840436,53 10
2840436,53 25 
2841115,73 75 
2841191,27 250 
2841195,3 101 
2843208,53 100 
2843208,53 3
2843208,53 1953
2843208,53 10
2843208,53 25 
2845847,08 75 
2847249,71 72 
2847406,98 70 
2848981,3 80 
2849912,09 83 
2850225,1 64 314
2850739,15 61 495
2851042,56 151 
2851059,68 69 
2851513,25 93 
2852564,02 103 
2852564,02 101 
2856578,71 100 
2856578,71 3
2856578,71 1953
2856578,71 11
2858575,62 25 
2862774,04 75 
2864177,49 72 
2864306,63 70 
2865844,22 80 
2866638,51 83 
2866978,67 64 340
2867348,37 63 350
2867652,1 150 
2867666,35 68 
2868120,57 92 
2868120,57 65 
2869170,47 103 
2869170,47 101 
2869680,66 100 
2869680,66 3
2869680,66 1953
2869680,66 11
2871676,82 25 
2871690,28 75 
2873092,67 72 
2873129,53 70 
2874653,55 80 
2875448,18 83 
2876174,69 64 727
2876499,38 63 305
2876801,99 150 
2876822,33 68 
2877275,14 92 
2877275,14 65 
2878326,67 103 
2878326,67 101 
2878836,31 100 
2878836,31 3
2878836,31 1953
2878836,31 11
2880833 25 
2880847,03 75 
2882249,44 72 
2882285,83 70 
2883810,95 80 
2884604,52 83 
2884934,49 64 330
2885199,81 63 249
2885503,01 152 
2885525,65 69 
2885979,17 93 
2886477,23 256 
2887029,85 103 
2887029,85 101 
2891044,32 100 
2891044,32 3
2891044,32 1953
2891044,32 10
2893041,42 25 
2894907,35 75 
2895042,62 250 
2895052,8 101 
2897052,89 100 
2897052,89 3
2897052,89 1953
2897052,89 10
2897052,89 25 
2897679,01 75 
2897697,59 250 
2897705,03 101 
2899705,4 100 
2899705,4 3
2899705,4 1953
2899705,4 10
2899705,4 25 
2899731,82 75 
2900025,19 250 
2900037,41 101 
2902037,56 100 
2902037,56 3
2902037,56 1953
2902037,56 10
2902037,56 25 
2902050,49 75 
2903454,22 72 
2903490,24 70 
2904025,57 250 
2904036,04 101 
2906035,91 100 
2906035,91 3
2906035,91 1953
2906035,91 10
2906035,91 25 
2906050,14 75 
2906674,53 250 
2906687,96 101 
2908688,11 100 
2908688,11 3
2908688,11 1953
2908688,11 10
2908688,11 25 
2908701,14 75 
2910103,28 72 
2910113,51 70 
2911516,98 80 
2912312,99 83 
2912644,97 64 332
2912907,99 62 248
2913210,32 150 
2913233,96 68 
2913686,17 92 
2913686,17 65 
2914738,24 103 
2914738,24 101 
2915247,8 100 
2915247,8 3
2915247,8 1953
2915247,8 10
2917244,59 25 
2917258,07 75 
2918660,5 72 
2918697,32 70 
2920222,68 80 
2921029,28 83 
2921476,44 64 448
2921698,52 62 203
2922000,76 150 
2922017,1 68 
2922469,27 92 
2922469,27 65 
2923521,27 103 
2923521,27 101 
2924030,76 100 
2924030,76 3
2924030,76 1953
2924030,76 10
2926027,64 25 
2926041,18 75 
2927443,13 72 
2927480,37 70 
2929004,35 80 
2929799,09 83 
2929990,15 64 192
2930199,46 62 201
2930502,09 150 
2930520,06 68 
2930972,12 92 
2930972,12 65 
2932024,47 103 
2932024,47 101 
2932533,85 100 
2932533,85 3
2932533,85 1953
2932533,85 10
2934530,76 25 
2934544,21 75 
2935946,21 72 
2935983,45 70 
2937509,11 80 
2938302,25 83 
2938534,4 64 233
2938718,87 62 163
2939021,64 150 
2939036,7 68 
2939489,6 92 
2939489,6 65 
2940540,88 103 
2940540,88 101 
2941051,01 100 
2941051,01 3
2941051,01 1953
2941051,01 11
2943047,3 25 
2943060,84 75 
2944463,37 72 
2944499,92 70 
2946024,85 80 
2946818,6 83 
2947114,55 64 296
2947359,68 63 235
2947661,94 150 
2947686,49 68 
2948139,76 92 
2948139,76 65 
2949190,66 103 
2949190,66 101 
2949700,09 100 
2949700,09 3
2949700,09 1953
2949700,09 10
2949700,09 79 
2951696,98 25 
2951712,13 75 
2953114,87 72 
2953149,67 70 
2954672,26 80 
2955468,37 83 
2955748,09 64 280
2956008,26 62 247
2956311,99 150 
2956336,22 68 
2956788,34 92 
2956788,34 65 
2957840,43 103 
2957840,43 101 
2958349,96 100 
2958349,96 3
2958349,96 1953
2958349,96 11
2960346,92 25 
2960360,26 75 
2961762,13 72 
2961799,44 70 
2963320,25 80 
2964118,09 83 
2964467,06 64 350
2964778,67 63 301
2965080,55 150 
2965105,97 68 
2965558,61 92 
2965558,61 65 
2966610,07 103 
2966610,07 101 
2967119,48 100 
2967119,48 3
2967119,48 1953
2967119,48 11
2969116,47 25 
2970196,19 75 
2971599,13 72 
2971835,34 70 
2973392,81 80 
2974327,42 83 
2974461,69 64 135
2974656,89 256 
2974977,46 63 504
2975279,69 150 
2975301,61 68 
2975755,19 92 
2975755,19 65 
2976805,91 103 
2976805,91 101 
2977316,73 100 
2977316,73 3
2977316,73 1953
2977316,73 11
2979312,28 25 
2979325,79 75 
2980728,65 72 
2980885,03 70 
2982466,3 80 
2983403,43 83 
2983491,79 64 88
2983837,18 63 328
2984139,48 150 
2984164,5 68 
2984618,24 92 
2984618,24 65 
2985668,83 103 
2985668,83 101 
2986179,39 100 
2986179,39 3
2986179,39 1953
2986179,39 11
2988175,37 25 
2988188,72 75 
2989591,38 72 
2989747,84 70 
2991332,36 80 
2992279,82 83 
2992477,74 64 198
2992748,92 63 256
2993051,27 150 
2993067,55 68 
2993521,58 92 
2993521,58 65 
2994571,91 103 
2994571,91 101 
2995081,3 100 
2995081,3 3
2995081,3 1953
2995081,3 11
2997078,27 25 
2997105,35 75 
2998508,97 72 
2998664,22 70 
3000247,48 80 
3001182,77 83 
3001539,71 64 357
3001867,42 63 312
3002169,28 150 
3002183,82 68 
3002638,57 92 
3002638,57 65 
3003688,1 103 
3003688,1 101 
3004197,59 100 
3004197,59 3
3004197,59 1953
3004197,59 10
3006194,51 25 
3006207,98 75 
3007611,08 72 
3007767,07 70 
3009340,33 80 
3010272,34 83 
3010447,71 64 176
3010708,56 63 250
3011010,48 151 
3011032,53 69 
3011485,17 93 
3011754,9 256 
3012537,74 103 
3012537,74 101 
3016552,3 100 
3016552,3 3
3016552,3 1953
3016552,3 11
3018549,27 25 
3020975,18 75 
3021655,98 250 
3021666,97 101 
3023667,13 100 
3023667,13 3
3023667,13 1953
3023667,13 11
3023667,13 25 
3023680,11 75 
3025082,19 72 
3025239,93 70 
3026814,31 80 
3027745,16 83 
3027906,45 64 162
3028187,19 63 270
3028490,44 150 
3028506,43 68 
3028960,56 92 
3028960,56 65 
3030010,49 103 
3030010,49 101 
3030519,97 100 
3030519,97 3
3030519,97 1953
3030519,97 10
3032516,74 25 
3032530,74 75 
3033934,74 72 
3034089,44 70 
3035668,63 80 
3036594,84 83 
3036823,38 64 229
3037037,38 62 203
3037339,56 152 
3037355,18 69 
3037809,67 93 
3038860,15 103 
3038860,15 101 
3042874,94 100 
3042874,94 4
3042874,94 1953
3042874,94 11
3042874,94 78 
3042874,94 178 
3044871,75 25 
3045391,68 75 
3045498,23 250 
3045510,43 101 
3047510,7 100 
3047510,7 4
3047510,7 1953
3047510,7 11
3047510,7 25 
3053960,82 75 
3055233,72 250 
3055239,73 101 
3057239,95 100 
3057239,95 4
3057239,95 1953
3057239,95 11
3057239,95 25 
3057252,77 75 
3058655,97 72 
3058812,59 70 
3060388,19 80 
3061317,83 83 
3061447,38 64 130
3061786,91 63 322
3062089,15 151 
3062105,67 69 
3062559,5 93 
3062910,65 256 
3063609,91 103 
3063609,91 101 
3067624,54 100 
3067624,54 4
3067624,54 1953
3067624,54 10
3069621,57 25 
3069635,17 75 
3071038,03 72 
3071194,13 70 
3072773,57 80 
3073699,38 83 
3073981,69 64 282
3074286,63 63 294
3074589,25 151 
3074606,33 69 
3075059,55 93 
3075321,7 256 
3076111,39 103 
3076111,39 101 
3080126,18 100 
3080126,18 4
3080126,18 1953
3080126,18 10
3082122,97 25 
3084868,6 75 
3086271,15 72 
3086427,81 70 
3087984,11 80 
3088893,14 83 
3089203,13 64 311
3089487,4 61 275
3089791,86 151 
3089813,23 69 
3090267,05 93 
3091318,39 103 
3091318,39 101 
3095333 100 
3095333 4
3095333 1953
3095333 10
3097329,95 25 
3100448,82 75 
3101851,59 72 
3101981,43 70 
3103537,21 80 
3104459,92 83 
3105769,18 64 1310
3106177,99 61 399
3106480,93 151 
3106500,49 69 
3106954,87 93 
3108004,9 103 
3108004,9 101 
3112020,23 100 
3112020,23 4
3112020,23 1953
3112020,23 10
3114016,35 25 
3114030,79 75 
3115433,68 72 
3115469,14 70 
3116996,27 80 
3117787,73 83 
3118300,65 64 513
3118659,61 63 339
3118962,41 151 
3118975,7 69 
3119429,69 93 
3119641,7 256 
3120479,64 103 
3120479,64 101 
3124494,38 100 
3124494,38 4
3124494,38 1953
3124494,38 10
3126491,33 25 
3128783,72 75 
3130187,01 72 
3130222,94 70 
3131749,67 80 
3132541,79 83 
3132941,68 64 400
3133266,88 256 
3133274,39 63 320
3133577,07 151 
3133595,23 69 
3134048,64 93 
3135100,25 103 
3135100,25 101 
3139115,81 100 
3139115,81 4
3139115,81 1953
3139115,81 10
3141111,86 25 
3141125,85 75 
3142060,05 250 
3142070,47 101 
3144070,6 100 
3144070,6 4
3144070,6 1953
3144070,6 10
3144070,6 25 
3144563,28 75 
3145966,02 72 
3146003,19 70 
3147526,51 80 
3148321,74 83 
3148827,06 64 506
3149147,19 62 306
3149450,66 150 
3149469,43 68 
3149922,7 92 
3149922,7 65 
3150973,81 103 
3150973,81 101 
3151483,06 100 
3151483,06 4
3151483,06 1953
3151483,06 11
3153480,07 25 
3158011,65 75 
3159414,19 72 
3159450,93 70 
3160976,01 80 
3161769,5 83 
3162018,62 64 249
3162316,77 63 281
3162620,06 151 
3162636,46 69 
3163090,95 93 
3164141,55 103 
3164141,55 101 
3168156,38 100 
3168156,38 4
3168156,38 1953
3168156,38 11
3170153,12 25 
3170167,03 75 
3171569,96 72 
3171605,84 70 
3171820,74 250 
3171831,69 101 
3173831,6 100 
3173831,6 4
3173831,6 1953
3173831,6 11
3173831,6 25 
3173845,36 75 
3176801,02 72 
3176816,39 70 
3178219,58 80 
3179015,7 83 
3179156,19 64 141
3179537,12 63 362
3179840,5 153 
3179856,73 68 
3180310,24 92 
3180310,24 65 
3181361,07 103 
3181361,07 101 
3181870,52 100 
3181870,52 4
3181870,52 1953
3181870,52 10
3183867,34 25 
3185067,15 75 
3186470,6 72 
3186506,32 70 
3188029,76 80 
3188824,97 83 
3188929,81 64 105
3189186,73 61 242
3189489,09 151 
3189506,14 69 
3189958,41 93 
3191010,48 103 
3191010,48 101 
3195025,12 100 
3195025,12 4
3195025,12 1953
3195025,12 11
3197022,02 25 
3197421,95 75 
3198826,06 72 
3198861,17 70 
3200386,78 80 
3201179,95 83 
3201486,03 64 306
3201807,59 63 308
3202110,71 151 
3202127,53 69 
3202583,85 93 
3202765,5 256 
3203632,01 103 
3203632,01 101 
3207647,07 100 
3207647,07 4
3207647,07 1953
3207647,07 10
3209643,62 25 
3212242,62 75 
3213645,44 72 
3213801,7 70 
3215385,42 80 
3216320,22 83 
3216447,74 64 128
3216656,75 62 190
3216959,91 150 
3216974,75 68 
3217429,38 92 
3217429,38 65 
3218479,02 103 
3218479,02 101 
3218988,58 100 
3218988,58 4
3218988,58 1953
3218988,58 11
3220985,29 25 
3221012,58 75 
3222416,3 72 
3222571,35 70 
3224147,25 80 
3225076,64 83 
3225199,75 64 123
3225508,62 63 299
3225811,25 151 
3225824,03 69 
3226277,23 93 
3226967,11 256 
3227068,16 182 
3227208,47 181 
3227328,7 103 
3227328,7 101 
3231343,55 100 
3231343,55 4
3231343,55 1953
3231343,55 11
3233340,42 25 
3235099,66 75 
3236502,07 72 
3236658,83 70 
3238237,4 80 
3239164,16 83 
3239604,26 64 441
3239907,38 63 291
3240210,59 151 
3240230,93 69 
3240684,78 93 
3240929,96 256 
3241736,05 103 
3241736,05 101 
3245751,39 100 
3245751,39 4
3245751,39 1953
3245751,39 11
3247747,53 25 
3248427,49 75 
3248495,8 250 
3248506,29 101 
3250506,49 100 
3250506,49 4
3250506,49 1953
3250506,49 11
3250506,49 25 
3251478,99 75 
3252881,29 72 
3253038,71 70 
3254618,68 80 
3255557,29 83 
3256015,06 64 458
3256505,56 62 482
3256807,79 151 
3256824,16 69 
3257277,3 93 
3258329,21 103 
3258329,21 101 
3262343,89 100 
3262343,89 4
3262343,89 1953
3262343,89 11
3264340,81 25 
3265713,76 75 
3267116,67 72 
3267272,88 70 
3268859,01 80 
3269791,5 83 
3270395,7 64 604
3270675,42 61 271
3270979,93 150 
3270992,52 68 
3271445,47 92 
3271445,47 65 
3272496,63 103 
3272496,63 101 
3273006,19 100 
3273006,19 4
3273006,19 1953
3273006,19 10
3275003,91 25 
3275296,39 75 
3276700,16 72 
3276855,51 70 
3278446,19 80 
3279374,09 83 
3279547,28 64 174
3279867,6 256 
3280071,18 63 511
3280374,41 151 
3280387,65 69 
3280840,74 93 
3280872,16 256 
3280903,64 183 
3281464,2 182 
3281591,01 181 
3281892,79 103 
3281892,79 101 
3285907,42 100 
3285907,42 4
3285907,42 1953
3285907,42 10
3287904,27 25 
3287931,38 75 
3289333,76 72 
3289490,32 70 
3291055,53 80 
3291968,87 83 
3292225,15 64 257
3292495,91 62 260
3292799,52 152 
3292822,51 69 
3293276,91 93 
3294327,62 103 
3294327,62 101 
3298342,24 100 
3298342,24 4
3298342,24 1953
3298342,24 11
3300339,17 25 
3300352,64 75 
3301634,12 250 
3301644,28 101 
3303644,6 100 
3303644,6 4
3303644,6 1953
3303644,6 11
3303644,6 25 
3303658,05 75 
3303793,31 250 
3303803,37 101 
3305803,59 100 
3305803,59 4
3305803,59 1953
3305803,59 11
3305803,59 25 
3305816,67 75 
3306330,93 250 
3306335,66 101 
3308335,75 100 
3308335,75 4
3308335,75 1953
3308335,75 11
3308335,75 25 
3308348,71 75 
3309750,83 72 
3309882,06 70 
3311440,91 80 
3312347,21 83 
3312798,96 64 452
3313135,45 61 322
3313438,63 150 
3313454,77 68 
3313908,21 92 
3313908,21 65 
3314959,09 103 
3314959,09 101 
3315468,54 100 
3315468,54 4
3315468,54 1953
3315468,54 11
3317465,44 25 
3317478,84 75 
3318299,51 250 
3318304,04 101 
3320304,25 100 
3320304,25 4
3320304,25 1953
3320304,25 11
3320304,25 25 
3320676,95 75 
3322080,41 72 
3322210,05 70 
3323769,55 80 
3324675,36 83 
3324795,53 64 121
3325055,58 61 247
3325357,58 150 
3325383,21 68 
3325836,65 92 
3325836,65 65 
3326887,46 103 
3326887,46 101 
3327396,96 100 
3327396,96 4
3327396,96 1953
3327396,96 11
3329393,72 25 
3329407,29 75 
3330809,99 72 
3330846,47 70 
3332372,6 80 
3333165,24 83 
3333346,08 64 182
3333554,73 61 190
3333857,68 150 
3333873,17 68 
3334326,01 92 
3334326,01 65 
3335377,3 103 
3335377,3 101 
3335886,75 100 
3335886,75 4
3335886,75 1953
3335886,75 10
3337883,58 25 
3337897,08 75 
3339299,75 72 
3339336,26 70 
3340861,11 80 
3341654,98 83 
3341815,28 64 161
3342155,06 63 328
3342458,93 151 
3342481,91 69 
3342935,51 93 
3343089,52 256 
3343987,01 103 
3343987,01 101 
3348001,76 100 
3348001,76 4
3348001,76 1953
3348001,76 10
3349998,59 25 
3354063,8 75 
3355466,41 72 
3355503,04 70 
3357025,2 80 
3357821,57 83 
3358254,93 64 433
3358505,39 62 231
3358808,39 150 
3358822,78 68 
3359276,7 92 
3359276,7 65 
3360326,94 103 
3360326,94 101 
3360836,39 100 
3360836,39 4
3360836,39 1953
3360836,39 10
3362833,36 25 
3362847,22 75 
3364250,41 72 
3364285,93 70 
3365808,47 80 
3366604,69 83 
3366974,51 64 370
3367294,93 63 304
3367596,33 151 
3367618,12 69 
3368072,63 93 
3368190,53 256 
3368350,72 182 
3369123,24 103 
3369123,24 101 
3373139,04 100 
3373139,04 4
3373139,04 1953
3373139,04 11
3375134,82 25 
3375148,25 75 
3375818,41 250 
3375826,87 101 
3377827,22 100 
3377827,22 4
3377827,22 1953
3377827,22 11
3377827,22 25 
3377840,11 75 
3379243,11 72 
3379279,7 70 
3380804,15 80 
3381598,45 83 
3381822,69 64 224
3382174,95 63 337
3382477,88 151 
3382492,04 69 
3382947,23 93 
3383091,52 256 
3383997,14 103 
3383997,14 101 
3388011,84 100 
3388011,84 4
3388011,84 1953
3388011,84 11
3390008,74 25 
3390022,18 75 
3391425,85 72 
3391461,32 70 
3392986,33 80 
3393780 83 
3394178,11 64 399
3394434,89 62 242
3394736,18 151 
3394753,5 69 
3395206,59 93 
3395524,54 256 
3396258,75 103 
3396258,75 101 
3400273,43 100 
3400273,43 4
3400273,43 1953
3400273,43 10
3402270,3 25 
3409360,84 75 
3409400,97 250 
3409412,94 101 
3411413,09 100 
3411413,09 4
3411413,09 1953
3411413,09 10
3411413,09 25 
3411426,51 75 
3412829,41 72 
3412865,78 70 
3414389,27 80 
3415184,6 83 
3415618,58 64 434
3415894,28 256 
3415907,32 61 270
3416209,54 151 
3416224,62 69 
3416678,58 93 
3417729,8 103 
3417729,8 101 
3421744,56 100 
3421744,56 4
3421744,56 1953
3421744,56 10
3423741,37 25 
3430605,37 75 
3431460,28 250 
3431470,47 101 
3433470,63 100 
3433470,63 4
3433470,63 1953
3433470,63 10
3433470,63 25 
3433483,75 75 
3433486,05 250 
3433496,34 101 
3435496,54 100 
3435496,54 4
3435496,54 1953
3435496,54 10
3435496,54 25 
3435509,33 75 
3435511,22 250 
3435522,16 101 
3437522,47 100 
3437522,47 4
3437522,47 1953
3437522,47 10
3437522,47 25 
3438708,08 75 
3439482,82 250 
3439493,8 101 
3441494,11 100 
3441494,11 4
3441494,11 1953
3441494,11 10
3441494,11 25 
3441520,62 75 
3442023,39 250 
3442039,44 101 
3444039,73 100 
3444039,73 4
3444039,73 1953
3444039,73 10
3444039,73 25 
3444052,54 75 
3445455,4 72 
3445692,3 70 
3446229,46 250 
3446238,03 101 
3448237,84 100 
3448237,84 4
3448237,84 1953
3448237,84 10
3448237,84 25 
3448637,82 75 
3450040,47 72 
3450049,84 70 
3451452,75 80 
3452249,12 83 
3452470,01 64 221
3452774,78 63 286
3453076,74 151 
3453089,33 69 
3453542,94 93 
3453629,44 256 
3454387,11 182 
3454594,51 103 
3454594,51 101 
3458609,14 100 
3458609,14 4
3458609,14 1953
3458609,14 11
3460606,14 25 
3461645,78 75 
3463047,22 72 
3463178,27 70 
3464733,41 80 
3465643,57 83 
3466069,61 64 426
3466344,56 61 261
3466647,84 150 
3466671,38 68 
3467124,66 92 
3467124,66 65 
3468175,53 103 
3468175,53 101 
3468684,94 100 
3468684,94 4
3468684,94 1953
3468684,94 10
3470681,98 25 
3470695,32 75 
3472098,81 72 
3472228,01 70 
3472390,39 250 
3472400,43 101 
3474400,41 100 
3474400,41 4
3474400,41 1953
3474400,41 10
3474400,41 25 
3474414,31 75 
3475817,35 72 
3475825,91 70 
3477229,02 80 
3478145,04 83 
3478337,53 64 193
3478544,08 61 187
3478846,39 151 
3478865,3 69 
3479318,21 93 
3480370,49 103 
3480370,49 101 
3484385,29 100 
3484385,29 4
3484385,29 1953
3484385,29 10
3486382,12 25 
3486396,44 75 
3487799,06 72 
3487928,09 70 
3489484,39 80 
3490393,33 83 
3490583,53 64 191
3490804,24 61 212
3491108,12 151 
3491127,73 69 
3491580,66 93 
3492632,08 103 
3492632,08 101 
3496646,99 100 
3496646,99 4
3496646,99 1953
3496646,99 11
3498643,58 25 
3499257,04 75 
3499510,72 250 
3499522,25 101 
3501522,43 100 
3501522,43 4
3501522,43 1953
3501522,43 11
3501522,43 25 
3501535,57 75 
3502938,23 72 
3503068,48 70 
3504625,92 80 
3505533,78 83 
3505742,22 64 209
3506063,46 256 
3506085,04 63 326
3506387,12 153 
3506401,6 68 
3506854,36 92 
3506854,36 65 
3507905,75 103 
3507905,75 101 
3508415,6 100 
3508415,6 4
3508415,6 1953
3508415,6 10
3510412,19 25 
3510428,32 75 
3510937,39 250 
3510944,18 101 
3512944,36 100 
3512944,36 4
3512944,36 1953
3512944,36 10
3512944,36 25 
3513597,14 75 
3514999,93 72 
3515143,47 70 
3516697,72 80 
3517608,68 83 
3517757,55 64 149
3517975,37 61 207
3518278,85 151 
3518303,19 69 
3518756,51 93 
3519494,27 256 
3519807,63 103 
3519807,63 101 
3523822,16 100 
3523822,16 4
3523822,16 1953
3523822,16 11
3525819,14 25 
3535819,37 254 
3535827,5 101 
3537826,95 100 
3537826,95 4
3537826,95 1953
3537826,95 11
3537826,95 25 
3538600,53 75 
3540004,02 72 
3540039,75 70 
3541564,43 80 
3542358,44 83 
3542817,28 64 459
3543103,97 63 266
3543405,76 151 
3543425,27 69 
3543878,36 93 
3544083,58 256 
3544273,2 182 
3544930,39 103 
3544930,39 101 
3548945,84 100 
3548945,84 4
3548945,84 1953
3548945,84 11
3550941,88 25 
3552181,73 75 
3552283,43 250 
3552287,14 101 
3554287,19 100 
3554287,19 4
3554287,19 1953
3554287,19 11
3554287,19 25 
3554301,14 75 
3555583,32 250 
3555592,36 101 
3557592,64 100 
3557592,64 4
3557592,64 1953
3557592,64 11
3557592,64 25 
3557605,46 75 
3559007,08 72 
3559045,28 70 
3560567,74 80 
3561363,89 83 
3561670,92 64 307
3562014,37 63 331
3562318,8 151 
3562337,46 69 
3562791,81 93 
3563159,05 256 
3563842,55 103 
3563842,55 101 
3567857,32 100 
3567857,32 4
3567857,32 1953
3567857,32 10
3569854,18 25 
3569867,64 75 
3571269,95 72 
3571306,84 70 
3572831,42 80 
3573625,49 83 
3574020,83 64 395
3574233,5 61 195
3574536,28 153 
3574559,83 68 
3575014,83 92 
3575014,83 65 
3576064,15 103 
3576064,15 101 
3576573,79 100 
3576573,79 4
3576573,79 1953
3576573,79 10
3578570,74 25 
3580969,64 75 
3582371,41 72 
3582408,86 70 
3583932,57 80 
3584727,58 83 
3584844,68 64 117
3585023,81 61 163
3585326,59 151 
3585341,36 69 
3585794,37 93 
3586635,35 256 
3586846,35 103 
3586846,35 101 
3590861,14 100 
3590861,14 4
3590861,14 1953
3590861,14 11
3592858,01 25 
3593031,45 75 
3594434,42 72 
3594470,67 70 
3595998,48 80 
3596802,61 83 
3597116,71 64 314
3597403,58 62 268
3597705,48 151 
3597722,8 69 
3598176,32 93 
3599227,9 103 
3599227,9 101 
3603242,62 100 
3603242,62 4
3603242,62 1953
3603242,62 11
3605239,38 25 
3605959,37 75 
3607361,69 72 
3607398,49 70 
3608923,99 80 
3609717,21 83 
3610154,59 64 438
3610433,03 61 263
3610735,96 150 
3610758,21 68 
3611211,73 92 
3611211,73 65 
3612262,47 103 
3612262,47 101 
3612303,15 102 
