31,89 100 
31,89 5
31,89 1957
31,89 11
2032,84 25 
12031,46 254 
12040,63 101 
14039,68 100 
14039,68 5
14039,68 1957
14039,68 11
14039,68 25 
24040,71 254 
24048,63 101 
26061,11 100 
26061,11 5
26061,11 1957
26061,11 11
26061,11 25 
27900,51 75 
27907,68 250 
27913,95 101 
29926,87 100 
29926,87 5
29926,87 1957
29926,87 11
29926,87 25 
39926,58 254 
39935,31 101 
41934,55 100 
41934,55 5
41934,55 1957
41934,55 11
41934,55 25 
51935,15 254 
51943,62 101 
53942,85 100 
53942,85 5
53942,85 1957
53942,85 11
53942,85 25 
63943,95 254 
63951,96 101 
65951,18 100 
65951,18 5
65951,18 1957
65951,18 11
65951,18 25 
75951,24 254 
75960,26 101 
77959,46 100 
77959,46 5
77959,46 1957
77959,46 11
77959,46 25 
87959,69 254 
87968,6 101 
89967,81 100 
89967,81 5
89967,81 1957
89967,81 11
89967,81 25 
99968,65 254 
99976,87 101 
101976,13 100 
101976,13 5
101976,13 1957
101976,13 11
101976,13 25 
104388,73 75 
105793,19 72 
106013,71 70 
107573,3 80 
108493,64 83 
108856,29 64 362
109058,4 62 178
109463,03 150 
109480,57 68 
109936,41 92 
109936,41 65 
110246,28 172 
110987,25 103 
110987,25 101 
111495,68 100 
111495,68 5
111495,68 1957
111495,68 10
113492,1 25 
113505,87 75 
114911,17 72 
115051,44 70 
116609,74 80 
117516,59 83 
118178,44 64 662
118467,86 63 272
118872 150 
118891,31 68 
119345,11 92 
119345,11 65 
120192,88 256 
120395,02 103 
120395,02 101 
120905,14 100 
120905,14 5
120905,14 1957
120905,14 11
122901,54 25 
122915,17 75 
123411,98 250 
123420,02 101 
125420,45 100 
125420,45 5
125420,45 1957
125420,45 11
125420,45 25 
125433,53 75 
126838,38 72 
126873,12 70 
128181,53 250 
128191,76 101 
130191,78 100 
130191,78 5
130191,78 1957
130191,78 11
130191,78 25 
130205,35 75 
131608,7 72 
131616,96 70 
133020,4 80 
133829,81 83 
134080,27 64 251
134286,15 62 191
134688,9 150 
134710,33 68 
135278,23 172 
135725,4 92 
135725,4 65 
136215,03 103 
136215,03 101 
136725,37 100 
136725,37 5
136725,37 1957
136725,37 10
138721,69 25 
138735,16 75 
140138,14 72 
140174,32 70 
141699,53 80 
142506,21 83 
142523,84 64 18
142700,8 62 155
143106,73 151 
143132,8 69 
143588,98 93 
144638,22 103 
144638,22 101 
148653,63 100 
148653,63 5
148653,63 1957
148653,63 10
150650,56 25 
150663,62 75 
150802,57 250 
150808,56 101 
152808,88 100 
152808,88 5
152808,88 1957
152808,88 10
152808,88 25 
152822,13 75 
154225,5 72 
154261,69 70 
155791,59 80 
156607,01 83 
156915,68 64 309
157151,24 62 225
157554,51 151 
157582,67 69 
158038,29 93 
158367,75 256 
158458,37 181 
159060,62 181 
159085,63 103 
159085,63 101 
163100,91 100 
163100,91 5
163100,91 1957
163100,91 11
165097,19 25 
165110,8 75 
166513,84 72 
166551,12 70 
168079,25 80 
168895,14 83 
168967,58 64 73
169174,08 62 186
169577,65 150 
169603,41 68 
170060,21 92 
170060,21 65 
171107,25 103 
171107,25 101 
171617,32 100 
171617,32 5
171617,32 1957
171617,32 10
173626,83 25 
173641,08 75 
175044,58 72 
175079,67 70 
176606,83 80 
177424,89 83 
177643,39 64 219
177839,45 62 175
178243,64 151 
178266,36 69 
178720,49 93 
179770,17 103 
179770,17 101 
183785,36 100 
183785,36 5
183785,36 1957
183785,36 11
185781,89 25 
185795,89 75 
186199,76 250 
186207,14 101 
188207,53 100 
188207,53 5
188207,53 1957
188207,53 11
188207,53 25 
188220,52 75 
188425,52 250 
188432,83 101 
190433,29 100 
190433,29 5
190433,29 1957
190433,29 11
190433,29 25 
190566,13 75 
190606,13 250 
190618,58 101 
192619,22 100 
192619,22 5
192619,22 1957
192619,22 11
192619,22 25 
192658,47 75 
194062,43 72 
194098,42 70 
195628,07 80 
196443,66 83 
196537,24 64 94
196780,73 62 231
197185,4 150 
197205,37 68 
197660,4 92 
197660,4 65 
198443,32 256 
198708,91 103 
198708,91 101 
199218,99 100 
199218,99 5
199218,99 1957
199218,99 11
201215,46 25 
201229,37 75 
201235,66 250 
201240,81 101 
203241,23 100 
203241,23 5
203241,23 1957
203241,23 11
203241,23 25 
203254,08 75 
204657,18 72 
204693,95 70 
206224,71 80 
207039,22 83 
207153,32 64 115
207353,02 62 181
207757,29 152 
207773,32 69 
208228,8 93 
209277,88 103 
209277,88 101 
213293,14 100 
213293,14 5
213293,14 1957
213293,14 10
215289,54 25 
216756,06 75 
218160,34 72 
218328,35 70 
219896,75 80 
220833,46 83 
221192,76 64 360
221468,82 61 262
221873,24 151 
221887,23 69 
222341,58 93 
223391,9 103 
223391,9 101 
227408,16 100 
227408,16 5
227408,16 1957
227408,16 11
229403,8 25 
229417,31 75 
230821,35 72 
230963,04 70 
232522,76 80 
233441,52 83 
233600,98 64 160
233834,44 62 220
234238,56 150 
234255,21 68 
234708,92 92 
234708,92 65 
235760,27 103 
235760,27 101 
236270,28 100 
236270,28 5
236270,28 1957
236270,28 10
238266,54 25 
238280,22 75 
239683,26 72 
239719,34 70 
241249,71 80 
242064,61 83 
242270,9 64 207
242507,22 61 217
242909,81 151 
242931,62 69 
243386,59 93 
243575,26 256 
244436,48 103 
244436,48 101 
248451,89 100 
248451,89 5
248451,89 1957
248451,89 11
250448,27 25 
250461,72 75 
251866,35 72 
251900,93 70 
253428,33 80 
254246,19 83 
254428,25 64 183
254697,83 62 252
255100,13 150 
255127,61 68 
255583,6 92 
255583,6 65 
256631,38 103 
256631,38 101 
257142,43 100 
257142,43 5
257142,43 1957
257142,43 11
259137,93 25 
259151,45 75 
260555,5 72 
260590,61 70 
262116,37 80 
262922,52 83 
263030,7 64 109
263270,12 62 228
263672,25 150 
263697,36 68 
264152,44 92 
264152,44 65 
265201,08 103 
265201,08 101 
265711,19 100 
265711,19 5
265711,19 1957
265711,19 10
267707,54 25 
267721,61 75 
269124,35 72 
269160,39 70 
270689,95 80 
271505,54 83 
271586,94 64 81
271781,38 62 183
272185,49 151 
272199,69 69 
272654,01 93 
273704,2 103 
273704,2 101 
277719,58 100 
277719,58 5
277719,58 1957
277719,58 10
279716,01 25 
279729,88 75 
281134,51 72 
281168,64 70 
282699,78 80 
283513,89 83 
283742,08 64 228
283955,47 62 202
284360,21 151 
284382,13 69 
284835,22 93 
285150,51 256 
285204,56 181 
285746,26 181 
285885,77 103 
285885,77 101 
289901,11 100 
289901,11 5
289901,11 1957
289901,11 11
291897,46 25 
291911,11 75 
293316,18 72 
293350,15 70 
294879,96 80 
295695,54 83 
295806,07 64 111
296039,99 62 225
296444,51 152 
296469,16 69 
296923,39 93 
297067,18 256 
297538,33 182 
297974,08 103 
297974,08 101 
301989,5 100 
301989,5 5
301989,5 1957
301989,5 11
303985,79 25 
303999,42 75 
305403,18 72 
305438,5 70 
306967,48 80 
307783,78 83 
307883,14 64 100
308133,1 62 230
308536,11 150 
308558,61 68 
309012,93 92 
309012,93 65 
310062,41 103 
310062,41 101 
310572,48 100 
310572,48 5
310572,48 1957
310572,48 10
312582,09 25 
312595,84 75 
313999,05 72 
314034,82 70 
315562,24 80 
316366,81 83 
316645,97 64 279
316884,68 62 225
317287,33 151 
317313,9 69 
317768,01 93 
318818,69 103 
318818,69 101 
322833,94 100 
322833,94 5
322833,94 1957
322833,94 10
324830,32 25 
324844,07 75 
325276,4 250 
325282,26 101 
327282,62 100 
327282,62 5
327282,62 1957
327282,62 10
327282,62 25 
327748,68 75 
329152,25 72 
329188,56 70 
330717,99 80 
331533,84 83 
331823,24 64 290
332124,13 63 285
332528,5 150 
332548,59 68 
333003,63 92 
333003,63 65 
334052,31 103 
334052,31 101 
334563,51 100 
334563,51 5
334563,51 1957
334563,51 10
336558,76 25 
336572,49 75 
336902,79 250 
336917,45 101 
338917,99 100 
338917,99 5
338917,99 1957
338917,99 10
338917,99 25 
338930,86 75 
340334,92 72 
340490,59 70 
342069,86 80 
343009,03 83 
343039,99 64 31
343323,85 63 262
343726,17 150 
343743,99 68 
344198,12 92 
344198,12 65 
345247,63 103 
345247,63 101 
345757,63 100 
345757,63 5
345757,63 1957
345757,63 11
347754,18 25 
347767,94 75 
349171,27 72 
349326,75 70 
350903,3 80 
351831,96 83 
351913,7 64 82
352125,03 62 200
352527,44 150 
352553,58 68 
353008,05 92 
353008,05 65 
354057,3 103 
354057,3 101 
354567,31 100 
354567,31 5
354567,31 1957
354567,31 10
356563,8 25 
356577,79 75 
357982,17 72 
358136,54 70 
359711,19 80 
360641,58 83 
360728,53 64 87
360943,25 62 196
361346,95 151 
361362,13 69 
361817,61 93 
362867,91 103 
362867,91 101 
366882,29 100 
366882,29 5
366882,29 1957
366882,29 10
368878,58 25 
368892,25 75 
370295,68 72 
370451,31 70 
372029,59 80 
372956,54 83 
373204,86 64 249
373427,87 62 205
373831,82 153 
373851,23 68 
374306,78 92 
374306,78 65 
375355,02 103 
375355,02 101 
375865,23 100 
375865,23 5
375865,23 1957
375865,23 11
377861,48 25 
377875,43 75 
379278,99 72 
379434,34 70 
381017,08 80 
381952,75 83 
382250,87 64 298
382566,6 63 294
382968,33 151 
382994,2 69 
383447,84 93 
383615,29 256 
383878,57 183 
384497,93 103 
384497,93 101 
388513,23 100 
388513,23 5
388513,23 1957
388513,23 11
390509,48 25 
390576,48 75 
391980,59 72 
392135,52 70 
392316,64 250 
392334,59 101 
394334,63 100 
394334,63 5
394334,63 1957
394334,63 11
394334,63 25 
397746,82 75 
399149,84 72 
399158,47 70 
400563,05 80 
401491,22 83 
401668,63 64 178
401989,69 63 312
402393,48 151 
402411,75 69 
402866,13 93 
403916,45 103 
403916,45 101 
407931,93 100 
407931,93 5
407931,93 1957
407931,93 10
409928,16 25 
413153,77 75 
414557,37 72 
414712,81 70 
416288,76 80 
417217,96 83 
417472,47 64 255
417771,43 63 288
418173,23 150 
418192,72 68 
418646,81 92 
418646,81 65 
419696,5 103 
419696,5 101 
420206,65 100 
420206,65 5
420206,65 1957
420206,65 10
422202,93 25 
422483,36 75 
423887,21 72 
424042,37 70 
425621,59 80 
426560,68 83 
426676,2 64 116
426947,48 63 254
427350,5 150 
427375,72 68 
427830,69 92 
427830,69 65 
428879,3 103 
428879,3 101 
429389,36 100 
429389,36 5
429389,36 1957
429389,36 11
431385,85 25 
431401,27 75 
432805,49 72 
432958,47 70 
434536,92 80 
435477,02 83 
435488,48 64 12
435654,32 62 151
436056,87 150 
436078,64 68 
436532,52 92 
436532,52 65 
437582,37 103 
437582,37 101 
438092,48 100 
438092,48 5
438092,48 1957
438092,48 11
440088,96 25 
440116,3 75 
441519,47 72 
441674,86 70 
443248 80 
444180,02 83 
444370,65 64 191
444531,86 62 139
444935,07 150 
444954,92 68 
445408,87 92 
445408,87 65 
446458,64 103 
446458,64 101 
446971,01 100 
446971,01 5
446971,01 1957
446971,01 10
448965,06 25 
448978,85 75 
450381,38 72 
450537,89 70 
452111,92 80 
453042,96 83 
453233,3 64 191
453399,48 62 157
453803,96 151 
453830,09 69 
454284,53 93 
455165,99 256 
455334,96 103 
455334,96 101 
459350,27 100 
459350,27 5
459350,27 1957
459350,27 10
461346,61 25 
461360,56 75 
462765,33 72 
462919,27 70 
464495,38 80 
465424,43 83 
465607,88 64 184
465836,28 62 213
466239,14 151 
466264,87 69 
466719,33 93 
467769,76 103 
467769,76 101 
471784,95 100 
471784,95 5
471784,95 1957
471784,95 11
473781,42 25 
473795,25 75 
475198,59 72 
475354,1 70 
476938,89 80 
477886,07 83 
478097,57 64 212
478395,26 63 284
478798,24 151 
478820,86 69 
479275,33 93 
480324,44 103 
480324,44 101 
484339,76 100 
484339,76 5
484339,76 1957
484339,76 11
486336,15 25 
486349,89 75 
487754,15 72 
487908,83 70 
489483,66 80 
490427,35 83 
490717,14 64 291
491050,38 63 317
491452,96 151 
491467,89 69 
491922,86 93 
492972,54 103 
492972,54 101 
496987,79 100 
496987,79 5
496987,79 1957
496987,79 10
498984,18 25 
498997,79 75 
500400,72 72 
500556,89 70 
502135,32 80 
503075,48 83 
503190,13 64 115
503414,13 62 205
503816,69 151 
503837,04 69 
504291,77 93 
505340,68 103 
505340,68 101 
509355,88 100 
509355,88 5
509355,88 1957
509355,88 11
511352,3 25 
511365,9 75 
512256,62 250 
512270,73 101 
514271,17 100 
514271,17 5
514271,17 1957
514271,17 11
514271,17 25 
514283,97 75 
515687,57 72 
515843,93 70 
517421,73 80 
518375,64 83 
518786,7 64 411
519026,97 62 225
519429,81 150 
519457,2 68 
519912,35 92 
519912,35 65 
520960,92 103 
520960,92 101 
521470,97 100 
521470,97 5
521470,97 1957
521470,97 11
523467,41 25 
523480,94 75 
524883,76 72 
525026,65 70 
526582,93 80 
527491,86 83 
527760,65 64 269
527968,5 61 197
528372,42 151 
528398,9 69 
528852,24 93 
529903,71 103 
529903,71 101 
533918,95 100 
533918,95 5
533918,95 1957
533918,95 11
535915,43 25 
537022,04 75 
537024,63 250 
537033,71 101 
539034,16 100 
539034,16 5
539034,16 1957
539034,16 11
539034,16 25 
539780,01 75 
541183,31 72 
541219,85 70 
542747,3 80 
543565,15 83 
543730,28 64 166
544127,22 61 376
544530,88 153 
544553,29 68 
545009,85 92 
545009,85 65 
546057,05 103 
546057,05 101 
546567,83 100 
546567,83 5
546567,83 1957
546567,83 10
548563,47 25 
548577,36 75 
549980,55 72 
550016,26 70 
551544,56 80 
552361,56 83 
552724,94 64 364
552954,4 62 220
553358,12 151 
553375,22 69 
553828,65 93 
554799,61 256 
554879,97 103 
554879,97 101 
558895,35 100 
558895,35 5
558895,35 1957
558895,35 10
560891,57 25 
560905,76 75 
562309,98 72 
562344,53 70 
563873,64 80 
564676,44 83 
565316,01 64 640
565666,18 61 338
566070,4 151 
566089,82 69 
566544,53 93 
567594,67 103 
567594,67 101 
571610,94 100 
571610,94 5
571610,94 1957
571610,94 10
573606,38 25 
573620,42 75 
575023,65 72 
575059,02 70 
576587,26 80 
577404,37 83 
577544,55 64 141
577819,91 62 256
578224,37 151 
578245,9 69 
578700,46 93 
579062,98 256 
579749,56 103 
579749,56 101 
583764,92 100 
583764,92 5
583764,92 1957
583764,92 10
585761,3 25 
585775,35 75 
587179,2 72 
587214,01 70 
588741,28 80 
589546,12 83 
589884,91 64 339
590157,77 63 252
590561,35 150 
590587,38 68 
591043,2 92 
591043,2 65 
592091,07 103 
592091,07 101 
592601,23 100 
592601,23 5
592601,23 1957
592601,23 11
594597,57 25 
594611,19 75 
596014,25 72 
596050,23 70 
597579,77 80 
598395,58 83 
598542,26 64 148
598755,15 61 200
599160,39 151 
599182,68 69 
599636,96 93 
600687,55 103 
600687,55 101 
604702,78 100 
604702,78 5
604702,78 1957
604702,78 10
606699,05 25 
606712,79 75 
608115,99 72 
608151,9 70 
609679,07 80 
610497,09 83 
610569,57 64 73
610761,17 61 172
611164,05 151 
611178,82 69 
611633,61 93 
612682,46 103 
612682,46 101 
616698,63 100 
616698,63 5
616698,63 1957
616698,63 11
618694,18 25 
618708,18 75 
620112,28 72 
620146,78 70 
621677,99 80 
622478,76 83 
622643,24 64 165
622866 61 201
623270,45 151 
623293,81 69 
623749,46 93 
624797,42 103 
624797,42 101 
628812,73 100 
628812,73 5
628812,73 1957
628812,73 10
630809,26 25 
630823,1 75 
632226,51 72 
632381,9 70 
633957,36 80 
634886,89 83 
635029,42 64 143
635216,95 61 170
635620,7 151 
635648,49 69 
636102,75 93 
637152,23 103 
637152,23 101 
641167,53 100 
641167,53 5
641167,53 1957
641167,53 10
643163,9 25 
643177,8 75 
644581,67 72 
644736,55 70 
646294,11 80 
647201,74 83 
647372,68 64 171
647563,3 61 176
647967,63 151 
647990,05 69 
648443,86 93 
649411,07 183 
649493,76 103 
649493,76 101 
653509,77 100 
653509,77 5
653509,77 1957
653509,77 11
655505,43 25 
655519,52 75 
656923,75 72 
657064,78 70 
658623,95 80 
659543,33 83 
661901,02 64 2358
662142,35 61 227
662546,92 153 
662570,63 68 
663025,84 92 
663025,84 65 
664074,31 103 
664074,31 101 
664584,34 100 
664584,34 5
664584,34 1957
664584,34 11
666580,71 25 
668353,86 75 
669756,44 72 
669792,77 70 
671320,72 80 
672124,72 83 
672271,35 64 147
672457,32 61 173
672860,2 151 
672886,29 69 
673339,59 93 
674389,98 103 
674389,98 101 
678405,28 100 
678405,28 5
678405,28 1957
678405,28 11
680401,76 25 
680415,82 75 
681820,59 72 
681854,32 70 
683385,01 80 
684199,59 83 
684419,21 64 220
684637,93 62 199
685042,53 150 
685067,78 68 
685524,16 92 
685524,16 65 
686571,53 103 
686571,53 101 
687082,57 100 
687082,57 5
687082,57 1957
687082,57 10
689077,98 25 
689092,13 75 
690495,62 72 
690530,86 70 
692059,34 80 
692875,98 83 
693287,62 64 412
693515,21 62 214
693919,21 151 
693944,18 69 
694397,83 93 
694942,46 256 
695049,54 181 
695447,87 103 
695447,87 101 
699463,24 100 
699463,24 5
699463,24 1957
699463,24 10
701459,57 25 
701473,33 75 
702877,04 72 
702912,26 70 
704443,81 80 
705257,47 83 
705447,9 64 191
705768,21 63 312
706171,66 150 
706192,42 68 
706646,53 92 
706646,53 65 
707696,12 103 
707696,12 101 
708206,06 100 
708206,06 5
708206,06 1957
708206,06 11
710202,53 25 
710216,35 75 
711619,58 72 
711655,34 70 
713189,38 80 
714000,49 83 
714278,68 64 279
714492,23 62 199
714895,84 150 
714922,22 68 
715375,22 92 
715375,22 65 
716425,73 103 
716425,73 101 
716935,91 100 
716935,91 5
716935,91 1957
716935,91 10
718932,23 25 
718946,14 75 
720350,55 72 
720384,91 70 
721910,05 80 
722716,88 83 
722724,36 64 8
723027,12 63 285
723430,4 150 
723451,99 68 
723906,44 92 
723906,44 65 
724955,46 103 
724955,46 101 
725465,6 100 
725465,6 5
725465,6 1957
725465,6 11
727462,04 25 
727475,56 75 
728879,68 72 
728914,67 70 
730442,64 80 
731246,6 83 
731416,22 64 170
731683,19 63 251
732086,37 151 
732101,51 69 
732555,43 93 
733605,23 103 
733605,23 101 
737620,76 100 
737620,76 5
737620,76 1957
737620,76 10
739616,89 25 
739630,96 75 
741034,53 72 
741069,69 70 
742599,88 80 
743414,83 83 
743616,57 64 202
743880,77 256 
743892,12 63 265
744295,88 150 
744323,19 68 
744778,12 92 
744778,12 65 
745826,8 103 
745826,8 101 
746337,44 100 
746337,44 5
746337,44 1957
746337,44 11
748346,47 25 
748360,24 75 
749762,65 72 
749799,27 70 
751330,43 80 
752144,55 83 
752207,69 64 64
752494,97 63 271
752897,75 153 
752919,44 68 
753374,86 92 
753374,86 65 
754423,17 103 
754423,17 101 
754933,32 100 
754933,32 5
754933,32 1957
754933,32 11
756929,65 25 
756943,24 75 
758345,8 72 
758382,46 70 
759911,67 80 
760927,57 83 
761139,68 64 213
761422,72 63 269
761827,36 151 
761847,93 69 
762303,03 93 
763352,76 103 
763352,76 101 
767368,26 100 
767368,26 5
767368,26 1957
767368,26 11
769364,46 25 
769378,15 75 
770782,08 72 
770937,19 70 
772519,72 80 
773455,66 83 
773800,26 64 345
774051,45 63 237
774453,54 151 
774469,35 69 
774924,76 93 
775184,88 256 
775974,17 103 
775974,17 101 
779989,51 100 
779989,51 5
779989,51 1957
779989,51 10
781985,85 25 
782001,76 75 
783406,49 72 
783558,56 70 
785135,27 80 
786076,98 83 
786303,6 64 227
786541,56 62 225
786945,95 151 
786970,76 69 
787425,07 93 
788475,68 103 
788475,68 101 
792492,27 100 
792492,27 5
792492,27 1957
792492,27 11
794487,37 25 
794501,14 75 
795903,4 72 
796060,07 70 
797634,76 80 
798565,41 83 
798841,53 64 277
799161,91 63 304
799565,48 151 
799593,25 69 
800046,69 93 
801096,98 103 
801096,98 101 
805112,32 100 
805112,32 5
805112,32 1957
805112,32 11
807108,61 25 
807136,2 75 
808539,82 72 
808694,71 70 
810277,92 80 
811213,15 83 
811385,46 64 173
811609,72 256 
811618,57 61 219
812022,7 151 
812040,19 69 
812495,07 93 
813281,13 256 
813545,2 103 
813545,2 101 
817560,47 100 
817560,47 5
817560,47 1957
817560,47 10
819556,73 25 
821023,15 75 
821025,93 250 
821034,94 101 
823035,41 100 
823035,41 5
823035,41 1957
823035,41 10
823035,41 25 
823048,99 75 
824451,41 72 
824608,1 70 
826183,88 80 
827113,27 83 
827243,74 64 131
827643,38 62 384
828048,4 151 
828073,56 69 
828528,73 93 
829578,39 103 
829578,39 101 
833593,81 100 
833593,81 5
833593,81 1957
833593,81 11
835590,07 25 
835619,43 75 
837022,22 72 
837189,37 70 
838769,55 80 
839707,87 83 
840035,27 64 328
840272,07 62 218
840674,79 150 
840696,25 68 
841151,69 92 
841151,69 65 
842199,76 103 
842199,76 101 
842710,04 100 
842710,04 5
842710,04 1957
842710,04 10
844706,22 25 
845359,62 75 
845823,39 250 
845837,88 101 
847838,27 100 
847838,27 5
847838,27 1957
847838,27 10
847838,27 25 
849117,32 75 
850519,34 72 
850677,16 70 
852255,56 80 
853182,26 83 
853400,81 64 219
853607,86 62 186
854013,24 151 
854037,18 69 
854493,02 93 
855541,01 103 
855541,01 101 
859556,18 100 
859556,18 5
859556,18 1957
859556,18 11
861552,58 25 
861567,4 75 
862971,17 72 
863125,32 70 
864706,04 80 
865643,75 83 
866011,28 64 368
866323,21 256 
866344,77 63 315
866976,88 151 
866991,98 69 
867445,27 93 
867622,6 256 
867707,17 183 
868059,79 181 
868495,48 103 
868495,48 101 
872510,73 100 
872510,73 5
872510,73 1957
872510,73 10
874520,5 25 
874534,02 75 
875937,65 72 
876093,13 70 
877673,8 80 
878611,61 83 
879060,9 64 449
879334,11 61 256
879736,69 151 
879758,62 69 
880211,78 93 
881263,44 103 
881263,44 101 
885278,89 100 
885278,89 5
885278,89 1957
885278,89 11
887275,13 25 
887302,21 75 
888705,08 72 
888861,19 70 
890437,63 80 
891366,33 83 
891571,5 64 206
891837,49 63 245
892243,92 153 
892261,21 68 
892714,91 92 
892714,91 65 
893764,87 103 
893764,87 101 
894275,18 100 
894275,18 5
894275,18 1957
894275,18 10
896271,35 25 
896285,27 75 
897688,99 72 
897844,2 70 
899419,27 80 
900349,28 83 
900514,58 64 166
900715,81 61 180
901120,23 151 
901136,35 69 
901591,32 93 
902641,16 103 
902641,16 101 
906656,54 100 
906656,54 5
906656,54 1957
906656,54 10
908652,92 25 
908666,48 75 
909902,55 250 
909917,74 101 
911918,15 100 
911918,15 5
911918,15 1957
911918,15 10
911918,15 25 
912330,84 75 
913733,37 72 
913890,75 70 
915468,72 80 
916395,81 83 
916636,2 64 241
916877,86 61 229
917281,92 151 
917302,99 69 
917757,91 93 
918807,76 103 
918807,76 101 
922824,05 100 
922824,05 5
922824,05 1957
922824,05 11
924832,77 25 
924846,37 75 
926248,44 72 
926405,4 70 
927987,11 80 
928924,02 83 
929373,24 64 450
929738,25 61 349
930140,78 151 
930165,29 69 
930620,13 93 
931669,11 103 
931669,11 101 
935684,2 100 
935684,2 5
935684,2 1957
935684,2 10
937680,74 25 
940626,45 75 
942030,76 72 
942185,57 70 
943738,81 80 
944650,66 83 
945167,56 64 517
945389,4 62 206
945794,43 151 
945812,03 69 
946267,01 93 
947315,92 103 
947315,92 101 
951330,99 100 
951330,99 5
951330,99 1957
951330,99 11
953327,51 25 
954540,63 75 
955945,27 72 
955979,73 70 
957509,62 80 
958324,95 83 
958427,65 64 103
958836,54 63 392
959240,96 151 
959259,87 69 
959713,68 93 
959803,92 256 
960763,77 103 
960763,77 101 
964778,73 100 
964778,73 5
964778,73 1957
964778,73 10
966775,24 25 
966789,21 75 
968194,11 72 
968228,02 70 
969758,24 80 
970573,3 83 
970903,9 64 331
971166,28 256 
971313,57 63 394
971716,15 150 
971734,68 68 
972188,58 92 
972188,58 65 
973238,34 103 
973238,34 101 
973749,4 100 
973749,4 5
973749,4 1957
973749,4 11
975744,74 25 
975758,57 75 
977161,35 72 
977197,59 70 
978727,43 80 
979542,82 83 
979903,21 64 361
980214,25 256 
980226,64 63 311
980630,54 151 
980649,9 69 
981103,73 93 
981936,68 256 
982154,59 103 
982154,59 101 
986169,82 100 
986169,82 5
986169,82 1957
986169,82 10
988179,57 25 
988193,22 75 
989596,38 72 
989632,35 70 
991162,94 80 
991977,64 83 
992117,15 64 139
992374,51 63 238
992776,18 150 
992792,47 68 
993246,98 92 
993246,98 65 
994296,17 103 
994296,17 101 
994806,36 100 
994806,36 5
994806,36 1957
994806,36 10
996802,65 25 
997242,79 75 
998645,74 72 
998681,89 70 
1000212,35 80 
1001027,18 83 
1001236,78 64 210
1001471,32 63 218
1001874,4 152 
1001894,31 69 
1002349,55 93 
1003399,03 103 
1003399,03 101 
1007414,52 100 
1007414,52 5
1007414,52 1957
1007414,52 10
1009410,71 25 
1009970,85 75 
1011374,03 72 
1011409,85 70 
1012942,95 80 
1013755,17 83 
1013922,75 64 168
1014232,71 63 291
1014636,72 150 
1014663,44 68 
1015116,26 92 
1015116,26 65 
1016167,03 103 
1016167,03 101 
1016677,15 100 
1016677,15 5
1016677,15 1957
1016677,15 11
1018673,61 25 
1018687,39 75 
1020090,36 72 
1020126,4 70 
1021655,62 80 
1022471,47 83 
1022596,69 64 126
1022812,03 62 194
1023216,21 150 
1023233,05 68 
1023686,62 92 
1023686,62 65 
1024736,77 103 
1024736,77 101 
1025246,87 100 
1025246,87 5
1025246,87 1957
1025246,87 11
1027243,24 25 
1027256,83 75 
1028660,19 72 
1028695,96 70 
1030226,52 80 
1031041,21 83 
1031364,75 64 324
1031596,16 63 223
1031998,81 151 
1032014,91 69 
1032469,35 93 
1033519,82 103 
1033519,82 101 
1037535,92 100 
1037535,92 5
1037535,92 1957
1037535,92 11
1039531,46 25 
1039545,51 75 
1040948,66 72 
1040984,2 70 
1042512,12 80 
1043329,4 83 
1043716,98 64 388
1043972,19 62 243
1044374,77 150 
1044397,5 68 
1044852,39 92 
1044852,39 65 
1045901,27 103 
1045901,27 101 
1046411,46 100 
1046411,46 5
1046411,46 1957
1046411,46 10
1048407,69 25 
1048421,54 75 
1049825,09 72 
1049860,57 70 
1051406,19 80 
1052232,4 83 
1052424,78 64 193
1052678,36 256 
1052693,07 63 247
1053095,88 150 
1053114,05 68 
1053568,53 92 
1053568,53 65 
1054617,64 103 
1054617,64 101 
1055127,69 100 
1055127,69 5
1055127,69 1957
1055127,69 10
1057124,19 25 
1057138 75 
1058541,74 72 
1058576,94 70 
1060107,07 80 
1060922,09 83 
1061238,33 64 317
1061566,04 63 311
1061968,5 150 
1061990,98 68 
1062445,41 92 
1062445,41 65 
1063493,9 103 
1063493,9 101 
1064004,07 100 
1064004,07 5
1064004,07 1957
1064004,07 10
1066000,46 25 
1066014,21 75 
1067418,45 72 
1067453,21 70 
1068983,14 80 
1069785,1 83 
1069978,19 64 194
1070253,79 63 256
1070656,25 150 
1070679,99 68 
1071133,5 92 
1071133,5 65 
1072183,68 103 
1072183,68 101 
1072693,75 100 
1072693,75 5
1072693,75 1957
1072693,75 11
1074690,05 25 
1074703,75 75 
1076107,06 72 
1076142,89 70 
1077670,38 80 
1078488,12 83 
1078670,14 64 183
1078866,67 62 179
1079270,92 150 
1079289,62 68 
1079744,37 92 
1079744,37 65 
1080793,32 103 
1080793,32 101 
1081303,37 100 
1081303,37 5
1081303,37 1957
1081303,37 11
1083299,82 25 
1083313,92 75 
1084717,88 72 
1084752,6 70 
1086282,57 80 
1087097,9 83 
1087357,84 64 260
1087541,64 62 164
1087946,3 150 
1087966,07 68 
1088419,56 92 
1088419,56 65 
1089469,66 103 
1089469,66 101 
1089979,79 100 
1089979,79 5
1089979,79 1957
1089979,79 11
1091976,21 25 
1091990,47 75 
1093393,3 72 
1093428,88 70 
1094955,97 80 
1095760,8 83 
1095930,21 64 170
1096122,11 62 176
1096524,67 150 
1096549,04 68 
1097003,99 92 
1097003,99 65 
1098052,82 103 
1098052,82 101 
1098562,82 100 
1098562,82 5
1098562,82 1957
1098562,82 10
1100572,55 25 
1100586,57 75 
1101990,08 72 
1102025,36 70 
1103556,48 80 
1104370,6 83 
1104618,08 64 247
1104859,71 63 223
1105262,88 150 
1105278,83 68 
1105733,09 92 
1105733,09 65 
1106782,43 103 
1106782,43 101 
1107292,56 100 
1107292,56 5
1107292,56 1957
1107292,56 10
1109288,96 25 
1109305 75 
1110708,89 72 
1110741,61 70 
1112269,61 80 
1113086,89 83 
1113275,41 64 189
1113586,57 63 300
1113989,41 150 
1114008,59 68 
1114462,39 92 
1114462,39 65 
1115512,14 103 
1115512,14 101 
1116022,14 100 
1116022,14 5
1116022,14 1957
1116022,14 11
1118018,58 25 
1118032,41 75 
1119436,05 72 
1119471,38 70 
1120999,8 80 
1121816,58 83 
1122059,24 64 243
1122279,6 62 210
1122684,33 152 
1122710,35 69 
1123164,81 93 
1124215,15 103 
1124215,15 101 
1128232,03 100 
1128232,03 5
1128232,03 1957
1128232,03 11
1130226,91 25 
1130241,02 75 
1131644,41 72 
1131679,59 70 
1133208,34 80 
1134024,87 83 
1134214,59 64 190
1134467,28 62 243
1134870,44 150 
1134893,04 68 
1135347,59 92 
1135347,59 65 
1136396,73 103 
1136396,73 101 
1136906,95 100 
1136906,95 5
1136906,95 1957
1136906,95 10
1138903,3 25 
1138917,3 75 
1140321,09 72 
1140355,98 70 
1141880,35 80 
1142687,84 83 
1142917,14 64 230
1143300,66 63 373
1143705,26 150 
1143729,42 68 
1144183,89 92 
1144183,89 65 
1145233,14 103 
1145233,14 101 
1145743,24 100 
1145743,24 5
1145743,24 1957
1145743,24 10
1145743,24 79 
1147739,49 25 
1147753,27 75 
1149157,49 72 
1149192,19 70 
1150720,51 80 
1151537,56 83 
1151733,14 64 196
1152037,37 63 287
1152440,88 150 
1152459,15 68 
1152914,27 92 
1152914,27 65 
1153962,75 103 
1153962,75 101 
1154472,91 100 
1154472,91 5
1154472,91 1957
1154472,91 10
1156469,34 25 
1156629,52 75 
1158032,68 72 
1158201,79 70 
1159774,27 80 
1160707,06 83 
1160813,72 64 107
1161031,79 62 205
1161435,14 151 
1161455,39 69 
1161909,84 93 
1162958,94 103 
1162958,94 101 
1166975,34 100 
1166975,34 5
1166975,34 1957
1166975,34 11
1168983,94 25 
1168997,64 75 
1170400,63 72 
1170636,76 70 
1172195,86 80 
1173128,57 83 
1173270,76 64 143
1173490,92 62 203
1173893,12 150 
1173916,7 68 
1174370,88 92 
1174370,88 65 
1175420,41 103 
1175420,41 101 
1175930,66 100 
1175930,66 5
1175930,66 1957
1175930,66 11
1177926,93 25 
1179100,01 75 
1180504,55 72 
1180659,19 70 
1182241,39 80 
1183177,55 83 
1183258,82 64 81
1183473,54 62 203
1183877,38 150 
1183899,31 68 
1184353,76 92 
1184353,76 65 
1185402,89 103 
1185402,89 101 
1185912,99 100 
1185912,99 5
1185912,99 1957
1185912,99 11
1187909,34 25 
1188562,79 75 
1189966,21 72 
1190121,79 70 
1191702,79 80 
1192640,36 83 
1192852,99 64 213
1193043,67 62 177
1193447,72 150 
1193468,47 68 
1193921,84 92 
1193921,84 65 
1194972,25 103 
1194972,25 101 
1195482,3 100 
1195482,3 5
1195482,3 1957
1195482,3 10
1197478,68 25 
1197492,59 75 
1198895,73 72 
1199051,36 70 
1200626,31 80 
1201556,62 83 
1201710,97 64 154
1202002,67 63 273
1202406,9 150 
1202425,21 68 
1202878,69 92 
1202878,69 65 
1203928,51 103 
1203928,51 101 
1204438,55 100 
1204438,55 5
1204438,55 1957
1204438,55 10
1206435,08 25 
1206448,97 75 
1207852,16 72 
1208007,66 70 
1209588,76 80 
1210526,12 83 
1210628,71 64 103
1210934,67 63 289
1211337,73 152 
1211353,12 69 
1211806,51 93 
1212858,1 103 
1212858,1 101 
1216874,23 100 
1216874,23 5
1216874,23 1957
1216874,23 11
1218869,96 25 
1218885,71 75 
1220288,4 72 
1220455,73 70 
1222011,09 80 
1222920,91 83 
1223008,51 64 88
1223317,89 256 
1223325,13 63 298
1223729,51 151 
1223748,14 69 
1224203,5 93 
1225252,91 103 
1225252,91 101 
1229269,29 100 
1229269,29 5
1229269,29 1957
1229269,29 10
1231264,53 25 
1235076,59 75 
1235796,19 250 
1235808,11 101 
1237808,55 100 
1237808,55 5
1237808,55 1957
1237808,55 10
1237808,55 25 
1240033,66 75 
1240252,14 250 
1240259,46 101 
1242259,85 100 
1242259,85 5
1242259,85 1957
1242259,85 10
1242259,85 25 
1242273,3 75 
1243676,97 72 
1243712,74 70 
1245242,9 80 
1246057,93 83 
1246542,21 64 485
1246773,19 63 208
1247178,09 150 
1247192,86 68 
1247646,86 92 
1247646,86 65 
1248696,43 103 
1248696,43 101 
1249206,6 100 
1249206,6 5
1249206,6 1957
1249206,6 10
1251203 25 
1251216,7 75 
1252620,36 72 
1252655,78 70 
1254182,98 80 
1255000,85 83 
1255238,85 64 238
1255505,58 63 252
1255907,56 152 
1255922,24 69 
1256379,25 93 
1257426,11 103 
1257426,11 101 
1261441,31 100 
1261441,31 5
1261441,31 1957
1261441,31 10
1263437,86 25 
1263451,67 75 
1264854,4 72 
1264890,5 70 
1266424,55 80 
1267235,77 83 
1267259,73 64 24
1267563,07 256 
1267568,2 63 293
1267971,74 150 
1267997,42 68 
1268452,56 92 
1268452,56 65 
1269501,21 103 
1269501,21 101 
1270011,51 100 
1270011,51 5
1270011,51 1957
1270011,51 11
1272007,59 25 
1272021,19 75 
1273423,32 72 
1273460,39 70 
1274988,81 80 
1275805,53 83 
1276211,97 64 407
1276418,53 61 187
1276821,52 151 
1276845,99 69 
1277300,17 93 
1278350,72 103 
1278350,72 101 
1282366,14 100 
1282366,14 5
1282366,14 1957
1282366,14 11
1284362,4 25 
1284376,03 75 
1285780,73 72 
1285815,15 70 
1287346,58 80 
1288160,31 83 
1288339,18 64 180
1288531,73 61 172
1288934,99 151 
1288961,98 69 
1289416,65 93 
1290465,62 103 
1290465,62 101 
1294480,92 100 
1294480,92 3
1294480,92 1957
1294480,92 10
1294480,92 78 
1294480,92 178 
1296477,36 25 
1296491,54 75 
1297894,68 72 
1297930,04 70 
1299463,27 80 
1300262,09 83 
1300481,62 64 220
1300700,48 61 199
1301104,15 151 
1301130,11 69 
1301585,12 93 
1302633,91 103 
1302633,91 101 
1306649,19 100 
1306649,19 3
1306649,19 1957
1306649,19 11
1308645,63 25 
1308660,22 75 
1310064,5 72 
1310098,24 70 
1311626,49 80 
1312443,56 83 
1312581,06 64 138
1312780,81 61 191
1313185,18 151 
1313205,12 69 
1313659,11 93 
1314708,88 103 
1314708,88 101 
1318724,03 100 
1318724,03 3
1318724,03 1957
1318724,03 11
1320720,59 25 
1320734,43 75 
1322137,15 72 
1322173,29 70 
1323889,68 80 
1324705,09 83 
1325357,26 64 653
1325573,12 61 202
1325976,89 151 
1325999,67 69 
1326453,55 93 
1327503,46 103 
1327503,46 101 
1331519,05 100 
1331519,05 3
1331519,05 1957
1331519,05 11
1333515,24 25 
1333528,85 75 
1334932,15 72 
1335087,9 70 
1336646,66 80 
1337579,67 83 
1337896,66 64 317
1338104,72 61 192
1338507,99 151 
1338527,77 69 
1338982,27 93 
1340031,56 103 
1340031,56 101 
1344046,95 100 
1344046,95 3
1344046,95 1957
1344046,95 10
1346043,32 25 
1346056,86 75 
1347461,95 72 
1347602,7 70 
1349168,49 80 
1350081,1 83 
1350356,68 64 276
1350569,95 62 196
1350973,15 150 
1350989,32 68 
1351442,38 92 
1351442,38 65 
1352493,08 103 
1352493,08 101 
1353004,04 100 
1353004,04 3
1353004,04 1957
1353004,04 11
1354999,47 25 
1355013,21 75 
1356416,3 72 
1356452,32 70 
1357982,44 80 
1358797,47 83 
1359073,69 64 277
1359430,36 63 340
1359833,11 150 
1359852,51 68 
1360307,6 92 
1360307,6 65 
1361355,95 103 
1361355,95 101 
1361866,93 100 
1361866,93 3
1361866,93 1957
1361866,93 10
1363862,47 25 
1364329,33 75 
1365732,16 72 
1365768,37 70 
1367298,66 80 
1368113,54 83 
1368536,56 64 423
1368743,91 62 191
1369146,91 150 
1369168,55 68 
1369622,9 92 
1369622,9 65 
1370672,09 103 
1370672,09 101 
1371182,11 100 
1371182,11 3
1371182,11 1957
1371182,11 11
1373178,63 25 
1373206,07 75 
1374610,57 72 
1374644,66 70 
1376173,7 80 
1376989,87 83 
1377156,24 64 167
1377408,24 62 233
1377810,29 153 
1377831,43 68 
1378285,58 92 
1378285,58 65 
1379335,12 103 
1379335,12 101 
1379845,28 100 
1379845,28 3
1379845,28 1957
1379845,28 10
1381841,6 25 
1381855,7 75 
1383260,12 72 
1383294,37 70 
1384821,36 80 
1385639,55 83 
1385746,39 64 107
1385966,11 62 207
1386370,13 150 
1386387,8 68 
1386843,04 92 
1386843,04 65 
1387891,54 103 
1387891,54 101 
1388401,76 100 
1388401,76 3
1388401,76 1957
1388401,76 11
1390397,99 25 
1390411,59 75 
1391815,89 72 
1391850,85 70 
1393377,79 80 
1394169,34 83 
1394505,96 64 337
1394728,84 62 213
1395131,75 151 
1395157,45 69 
1395611,38 93 
1396661,23 103 
1396661,23 101 
1400676,5 100 
1400676,5 3
1400676,5 1957
1400676,5 10
1402672,96 25 
1402686,58 75 
1404090,46 72 
1404125,58 70 
1405656,76 80 
1406470,87 83 
1406586,66 64 116
1406865,86 63 262
1407269,16 151 
1407285,83 69 
1407740,83 93 
1408789,49 103 
1408789,49 101 
1412804,79 100 
1412804,79 3
1412804,79 1957
1412804,79 11
1414801,11 25 
1414828,19 75 
1416232,17 72 
1416267,16 70 
1417796,13 80 
1418612,47 83 
1418834,04 64 222
1419119,88 63 268
1419524,37 150 
1419547,34 68 
1420004,14 92 
1420004,14 65 
1421051,05 103 
1421051,05 101 
1421561,15 100 
1421561,15 3
1421561,15 1957
1421561,15 11
1423557,44 25 
1423571,12 75 
1424973,67 72 
1425010,26 70 
1426540,58 80 
1427355,54 83 
1427507,83 64 153
1427797,5 63 269
1428201,49 150 
1428223,69 68 
1428678,7 92 
1428678,7 65 
1429727,43 103 
1429727,43 101 
1430237,56 100 
1430237,56 3
1430237,56 1957
1430237,56 10
1432233,9 25 
1432247,55 75 
1433650,88 72 
1433686,6 70 
1435216,93 80 
1436031,87 83 
1436198,21 64 167
1436543,77 63 326
1436947,18 151 
1436965,67 69 
1437420,67 93 
1438470,38 103 
1438470,38 101 
1442485,69 100 
1442485,69 3
1442485,69 1957
1442485,69 10
1444482,07 25 
1444495,68 75 
1445899,15 72 
1445934,77 70 
1447460,61 80 
1448266,7 83 
1448483,4 64 217
1448765,27 63 259
1449170,14 151 
1449187,21 69 
1449640,58 93 
1450203,77 256 
1450514,54 181 
1450691,98 103 
1450691,98 101 
1454708,79 100 
1454708,79 3
1454708,79 1957
1454708,79 11
1456704,33 25 
1458476,49 75 
1459879,32 72 
1460035,57 70 
1461591,83 80 
1462500,76 83 
1462731,2 64 231
1463058,13 256 
1463066,67 63 326
1463470,98 150 
1463489,13 68 
1463943,8 92 
1463943,8 65 
1464992,63 103 
1464992,63 101 
1465502,68 100 
1465502,68 3
1465502,68 1957
1465502,68 11
1467499,31 25 
1470404,86 75 
1471015,45 250 
1471029,72 101 
1473030,09 100 
1473030,09 3
1473030,09 1957
1473030,09 11
1473030,09 25 
1473043,15 75 
1474447,6 72 
1474589,58 70 
1476125,55 80 
1476934,71 83 
1477171,28 64 237
1477434,92 63 247
1477839,4 150 
1477856,2 68 
1478309,15 92 
1478309,15 65 
1479359,97 103 
1479359,97 101 
1479870,08 100 
1479870,08 3
1479870,08 1957
1479870,08 10
1481866,34 25 
1481880,08 75 
1483284,39 72 
1483319,17 70 
1484843,4 80 
1485651,09 83 
1485766,74 64 116
1485985,91 62 202
1486389,04 150 
1486412,88 68 
1486867,39 92 
1486867,39 65 
1487916,41 103 
1487916,41 101 
1488426,71 100 
1488426,71 3
1488426,71 1957
1488426,71 11
1490422,85 25 
1490436,55 75 
1491840,88 72 
1491875,58 70 
1493405,29 80 
1494220,85 83 
1494411,22 64 191
1494691,44 256 
1494703,27 63 283
1495107,62 150 
1495129,08 68 
1495582,9 92 
1495582,9 65 
1496632,73 103 
1496632,73 101 
1497143,1 100 
1497143,1 3
1497143,1 1957
1497143,1 11
1499139,16 25 
1499152,88 75 
1500555,85 72 
1500591,92 70 
1502122,85 80 
1502937,22 83 
1503230,79 64 294
1503516,02 256 
1503531,45 63 288
1503936,52 150 
1503952,02 68 
1504407,22 92 
1504407,22 65 
1505455,7 103 
1505455,7 101 
1505966,01 100 
1505966,01 3
1505966,01 1957
1505966,01 10
1507962,13 25 
1508215,63 75 
1509618,67 72 
1509654,92 70 
1511185,38 80 
1512000,07 83 
1512057,61 64 58
1512268,32 62 202
1512672,75 150 
1512694,97 68 
1513148,24 92 
1513148,24 65 
1514198,69 103 
1514198,69 101 
1514708,8 100 
1514708,8 3
1514708,8 1957
1514708,8 10
1516705,24 25 
1516718,8 75 
1518122,4 72 
1518157,94 70 
1519685,64 80 
1520489,87 83 
1520639,06 64 149
1520855,52 62 206
1521258,81 150 
1521278,17 68 
1521734,54 92 
1521734,54 65 
1522781,86 103 
1522781,86 101 
1523291,94 100 
1523291,94 3
1523291,94 1957
1523291,94 11
1525288,26 25 
1525301,84 75 
1526704,6 72 
1526741,08 70 
1528266,12 80 
1529072,97 83 
1529296,74 64 224
1529566,31 63 254
1529969,87 152 
1529994,57 69 
1530449,44 93 
1531498,29 103 
1531498,29 101 
1535513,51 100 
1535513,51 3
1535513,51 1957
1535513,51 10
1537509,89 25 
1537523,54 75 
1538927,19 72 
1538962,57 70 
1540493,23 80 
1541307,87 83 
1541834,28 64 527
1542102,31 62 249
1542505,48 150 
1542522,74 68 
1542976,17 92 
1542976,17 65 
1544026,25 103 
1544026,25 101 
1544536,5 100 
1544536,5 3
1544536,5 1957
1544536,5 10
1546532,78 25 
1546546,34 75 
1547951,06 72 
1547985,45 70 
1549515,26 80 
1550330,71 83 
1550474,03 64 143
1550677,35 62 187
1551082,31 150 
1551105,22 68 
1551559,99 92 
1551559,99 65 
1552609,3 103 
1552609,3 101 
1553120,32 100 
1553120,32 3
1553120,32 1957
1553120,32 11
1555115,92 25 
1555129,93 75 
1556533,95 72 
1556568,58 70 
1558097,71 80 
1558913,85 83 
1559288,2 64 375
1559587,15 63 288
1559990,67 150 
1560008,66 68 
1560465,24 92 
1560465,24 65 
1561512,26 103 
1561512,26 101 
1562022,42 100 
1562022,42 3
1562022,42 1957
1562022,42 11
1564018,7 25 
1564032,36 75 
1565434,68 72 
1565471,47 70 
1567000,22 80 
1567816,7 83 
1568057,86 64 241
1568407,64 63 338
1568811,29 150 
1568831,56 68 
1569286,03 92 
1569286,03 65 
1570335,21 103 
1570335,21 101 
1570845,26 100 
1570845,26 3
1570845,26 1957
1570845,26 10
1572841,71 25 
1572857,81 75 
1574260,5 72 
1574294,42 70 
1575822,98 80 
1576759,89 83 
1576863,51 64 104
1577125,36 63 246
1577529,59 151 
1577547,93 69 
1578002,43 93 
1579051,56 103 
1579051,56 101 
1583066,98 100 
1583066,98 3
1583066,98 1957
1583066,98 10
1585063,29 25 
1587369,28 75 
1588772,47 72 
1588928,45 70 
1590504,5 80 
1591433,57 83 
1591493,95 64 61
1591783,48 62 271
1592187,26 150 
1592208,44 68 
1592663,35 92 
1592663,35 65 
1593712,18 103 
1593712,18 101 
1594222,43 100 
1594222,43 3
1594222,43 1957
1594222,43 11
1596231,94 25 
1596245,59 75 
1597648,25 72 
1597884,59 70 
1599440,91 80 
1600389,79 83 
1600504,09 64 114
1600801,39 256 
1600821,51 63 298
1601224,02 150 
1601244,74 68 
1601698,57 92 
1601698,57 65 
1602748,39 103 
1602748,39 101 
1603258,58 100 
1603258,58 3
1603258,58 1957
1603258,58 10
1605254,75 25 
1605268,64 75 
1606672,89 72 
1606827,52 70 
1608402,44 80 
1609332,66 83 
1609355,58 64 23
1609664,75 63 292
1610069,38 151 
1610094,39 69 
1610548,43 93 
1611597,96 103 
1611597,96 101 
1615613,48 100 
1615613,48 3
1615613,48 1957
1615613,48 11
1617609,63 25 
1617623,37 75 
1619026,5 72 
1619182,34 70 
1620757,69 80 
1621687,66 83 
1621829,15 64 141
1622112,95 63 266
1622518,36 150 
1622542,47 68 
1622998,08 92 
1622998,08 65 
1624046,11 103 
1624046,11 101 
1624556,23 100 
1624556,23 3
1624556,23 1957
1624556,23 10
1626552,68 25 
1626566,43 75 
1627969,42 72 
1628125,3 70 
1629705,41 80 
1630643,75 83 
1630795,36 64 152
1631018,74 62 202
1631421,98 152 
1631444,31 69 
1631898,29 93 
1632949,08 103 
1632949,08 101 
1636964,38 100 
1636964,38 3
1636964,38 1957
1636964,38 11
1638960,88 25 
1638974,28 75 
1640378,19 72 
1640533,36 70 
1642115,78 80 
1643051,89 83 
1643250,97 64 199
1643296,09 256 
1643586,01 63 321
1643988,39 150 
1644013,41 68 
1644467,24 92 
1644467,24 65 
1645517,13 103 
1645517,13 101 
1646027,24 100 
1646027,24 3
1646027,24 1957
1646027,24 10
1646027,24 79 
1648023,61 25 
1648037,45 75 
1649442,13 72 
1649596,33 70 
1651177,46 80 
1652128,14 83 
1653544,82 64 1417
1653576,02 256 
1653894,12 63 341
1654297,84 151 
1654315,72 69 
1654770,96 93 
1655005,53 256 
1655024,83 183 
1655819,49 103 
1655819,49 101 
1659835,81 100 
1659835,81 4
1659835,81 1957
1659835,81 11
1659835,81 78 
1659835,81 178 
1661831,24 25 
1661844,77 75 
1663247,29 72 
1663390,57 70 
1664947,6 80 
1665855,68 83 
1666098,4 64 243
1666135,58 256 
1666474,98 63 366
1666878,57 153 
1666897,36 68 
1667351,37 92 
1667351,37 65 
1668400,94 103 
1668400,94 101 
1668911,1 100 
1668911,1 4
1668911,1 1957
1668911,1 10
1670907,46 25 
1670921,25 75 
1672324,71 72 
1672360,11 70 
1673893,87 80 
1674705,35 83 
1674840,7 64 136
1675040,64 62 189
1675443,21 150 
1675467,06 68 
1675921,43 92 
1675921,43 65 
1676970,7 103 
1676970,7 101 
1677480,95 100 
1677480,95 4
1677480,95 1957
1677480,95 10
1679477,1 25 
1679490,83 75 
1680893,54 72 
1680929,89 70 
1682457,64 80 
1683275,08 83 
1684918,29 64 1644
1685184,49 61 244
1685586,25 151 
1685609,31 69 
1686063,75 93 
1687113,17 103 
1687113,17 101 
1691128,39 100 
1691128,39 4
1691128,39 1957
1691128,39 11
1693124,69 25 
1693138,47 75 
1694542,39 72 
1694577,48 70 
1696106,82 80 
1696922,76 83 
1697490,34 64 568
1697797,92 256 
1697809,06 63 300
1698213,47 151 
1698230,68 69 
1698685,11 93 
1699734,46 103 
1699734,46 101 
1703749,77 100 
1703749,77 4
1703749,77 1957
1703749,77 10
1705746,1 25 
1705759,69 75 
1707163,3 72 
1707198,92 70 
1708731,02 80 
1709544,1 83 
1711726,61 64 2183
1711992,91 62 250
1712396,75 150 
1712424,79 68 
1712879,26 92 
1712879,26 65 
1713928,54 103 
1713928,54 101 
1714438,71 100 
1714438,71 4
1714438,71 1957
1714438,71 10
1716434,99 25 
1716448,69 75 
1717851,31 72 
1717887,78 70 
1719414,87 80 
1720232,93 83 
1720553,86 64 321
1720753,61 62 188
1721157,48 150 
1721181,15 68 
1721635,12 92 
1721635,12 65 
1722684,93 103 
1722684,93 101 
1723194,95 100 
1723194,95 4
1723194,95 1957
1723194,95 11
1725191,97 25 
1725205,2 75 
1726608,96 72 
1726644,1 70 
1728173,48 80 
1728989,3 83 
1729151,92 64 163
1729379,08 63 216
1729782,92 151 
1729804,23 69 
1730258,44 93 
1731307,95 103 
1731307,95 101 
1735322,99 100 
1735322,99 4
1735322,99 1957
1735322,99 11
1737319,82 25 
1737333,17 75 
1738736,41 72 
1738772,43 70 
1740300,99 80 
1741117,61 83 
1741178,09 64 60
1741374,02 61 177
1741776,15 150 
1741799,16 68 
1742253,5 92 
1742253,5 65 
1743302,91 103 
1743302,91 101 
1743813,03 100 
1743813,03 4
1743813,03 1957
1743813,03 11
1745809,42 25 
1747982,2 75 
1749386,73 72 
1749421,21 70 
1750950,41 80 
1751753,35 83 
1751853,54 64 101
1752069 61 196
1752472,09 150 
1752488,16 68 
1752942,78 92 
1752942,78 65 
1753991,76 103 
1753991,76 101 
1754502,03 100 
1754502,03 4
1754502,03 1957
1754502,03 10
1756498,32 25 
1756512,29 75 
1757916,28 72 
1757951,01 70 
1759476,59 80 
1760282,87 83 
1760643,73 64 361
1760875,89 256 
1760924,91 63 269
1761327,57 151 
1761349,83 69 
1761804,74 93 
1762713,97 256 
1762854,71 103 
1762854,71 101 
1766871,48 100 
1766871,48 4
1766871,48 1957
1766871,48 10
1768866,46 25 
1768880,24 75 
1770284,51 72 
1770452,38 70 
1772027,6 80 
1772935,26 250 
1772943,88 101 
1774943,84 100 
1774943,84 4
1774943,84 1957
1774943,84 10
1774943,84 25 
1774958,1 75 
1776362,13 72 
1776516,5 70 
1778094,24 80 
1779021,71 83 
1779791,98 64 770
1779992,74 62 185
1780397,28 150 
1780423,06 68 
1780877,26 92 
1780877,26 65 
1781926,73 103 
1781926,73 101 
1782436,84 100 
1782436,84 4
1782436,84 1957
1782436,84 11
1784433,26 25 
1784446,85 75 
1785851,63 72 
1786005,85 70 
1787583,67 80 
1788524,43 83 
1788669,85 64 146
1789026,99 63 343
1789432,19 151 
1789458,1 69 
1789912,4 93 
1790962,99 103 
1790962,99 101 
1794978,19 100 
1794978,19 4
1794978,19 1957
1794978,19 10
1796974,53 25 
1796988,24 75 
1798390,7 72 
1798547,33 70 
1800122,88 80 
1801065,78 83 
1801406,14 64 341
1801736,61 256 
1801756,09 63 330
1802160,18 151 
1802187,22 69 
1802640,93 93 
1803326,85 256 
1803623,64 183 
1803691,08 103 
1803691,08 101 
1807706,14 100 
1807706,14 4
1807706,14 1957
1807706,14 10
1809702,74 25 
1809716,23 75 
1811119,06 72 
1811275,37 70 
1812847,74 80 
1813780,46 83 
1814431,31 64 652
1814649,54 61 203
1815052,63 151 
1815075,28 69 
1815529,09 93 
1816578,92 103 
1816578,92 101 
1820594,27 100 
1820594,27 4
1820594,27 1957
1820594,27 11
1822590,55 25 
1822604,18 75 
1824007,89 72 
1824163,27 70 
1825744,1 80 
1826681,84 83 
1826911,61 64 230
1827184,34 63 263
1827587,58 151 
1827603,34 69 
1828057,41 93 
1829106,97 103 
1829106,97 101 
1833122,32 100 
1833122,32 4
1833122,32 1957
1833122,32 11
1835118,7 25 
1835132,35 75 
1836534,81 72 
1836691,42 70 
1838264,32 80 
1839209,85 83 
1840394,68 64 1185
1840575,35 61 167
1840977,22 150 
1840997,74 68 
1841452,28 92 
1841452,28 65 
1842501,37 103 
1842501,37 101 
1843011,53 100 
1843011,53 4
1843011,53 1957
1843011,53 10
1845007,9 25 
1845288,14 75 
1846690,71 72 
1846847,15 70 
1848425,42 80 
1849352,39 83 
1849528,99 64 177
1849826,17 256 
1849844,82 63 306
1850249,53 151 
1850273,85 69 
1850728,61 93 
1851777,53 103 
1851777,53 101 
1855792,84 100 
1855792,84 4
1855792,84 1957
1855792,84 10
1857802,49 25 
1857816,59 75 
1859219,39 72 
1859375,16 70 
1860962,91 80 
1861893,69 83 
1862080,78 64 187
1862375,87 256 
1862392,37 63 299
1862796,59 151 
1862815,28 69 
1863271,33 93 
1864318,95 103 
1864318,95 101 
1868334,18 100 
1868334,18 4
1868334,18 1957
1868334,18 11
1870330,52 25 
1879460,48 75 
1879463,23 250 
1879472,22 101 
1881472,61 100 
1881472,61 4
1881472,61 1957
1881472,61 11
1881472,61 25 
1881485,97 75 
1882889,96 72 
1883045,32 70 
1884624,46 80 
1885563,8 83 
1886004,46 64 441
1886335,01 61 318
1886737,84 152 
1886764,12 69 
1887219,71 93 
1888268,95 103 
1888268,95 101 
1892284,1 100 
1892284,1 4
1892284,1 1957
1892284,1 11
1894280,55 25 
1903636,99 75 
1904232,33 250 
1904248,54 101 
1906248,88 100 
1906248,88 4
1906248,88 1957
1906248,88 11
1906248,88 25 
1909140,55 75 
1910544,12 72 
1910700,42 70 
1912280,28 80 
1913218,88 83 
1913510,16 64 292
1913800,96 62 276
1914203,64 151 
1914219,32 69 
1914675,02 93 
1915724,16 103 
1915724,16 101 
1919740,74 100 
1919740,74 4
1919740,74 1957
1919740,74 10
1921735,78 25 
1921949,36 75 
1923353,37 72 
1923508,49 70 
1925090,44 80 
1926014,88 250 
1926026,51 101 
1928039,83 100 
1928039,83 4
1928039,83 1957
1928039,83 10
1928039,83 25 
1929212,92 75 
1930616,17 72 
1930852,12 70 
1932408,73 80 
1933343,87 83 
1933601,26 64 258
1933923,17 63 313
1934327,51 151 
1934345,33 69 
1934799,16 93 
1935613,3 256 
1935849,08 103 
1935849,08 101 
1939864,34 100 
1939864,34 4
1939864,34 1957
1939864,34 10
1941860,66 25 
1941874,74 75 
1943279,2 72 
1943433,46 70 
1945018,17 80 
1945951,85 83 
1946641,46 64 690
1946958,68 256 
1947012,89 63 355
1947417,2 151 
1947432,06 69 
1947886,66 93 
1948842,82 256 
1948937 103 
1948937 101 
1952952,37 100 
1952952,37 4
1952952,37 1957
1952952,37 10
1954948,58 25 
1954975,9 75 
1956378,52 72 
1956534,53 70 
1958115,39 80 
1959066,43 83 
1960981,63 64 1916
1961199,51 61 201
1961603,55 151 
1961626,1 69 
1962080,38 93 
1963131,01 103 
1963131,01 101 
1967146,3 100 
1967146,3 4
1967146,3 1957
1967146,3 11
1969142,65 25 
1970355,73 75 
1970680,15 250 
1970687,42 101 
1972687,94 100 
1972687,94 4
1972687,94 1957
1972687,94 11
1972687,94 25 
1973433,7 75 
1974836,46 72 
1974993,59 70 
1976200,82 250 
1976205,49 101 
1978205,52 100 
1978205,52 4
1978205,52 1957
1978205,52 11
1978205,52 25 
1983163,75 75 
1984567,43 72 
1984575,31 70 
1985978,48 80 
1986921,41 83 
1986991,04 64 70
1987307,43 256 
1987329,44 63 329
1987732,41 151 
1987749,74 69 
1988204,57 93 
1989140,27 256 
1989253,38 103 
1989253,38 101 
1993268,55 100 
1993268,55 4
1993268,55 1957
1993268,55 11
1995265,15 25 
1995825,09 75 
1995827,94 250 
1995836,88 101 
1997837,41 100 
1997837,41 4
1997837,41 1957
1997837,41 11
1997837,41 25 
1997850,53 75 
1999253,81 72 
1999410,04 70 
2000989,24 80 
2001928,61 83 
2002497,05 64 569
2002730,43 61 216
2003134,6 150 
2003156,77 68 
2003610,72 92 
2003610,72 65 
2004660,26 103 
2004660,26 101 
2005170,31 100 
2005170,31 4
2005170,31 1957
2005170,31 11
2007166,81 25 
2007180,42 75 
2008583,6 72 
2008739,74 70 
2010320,59 80 
2011271,24 83 
2011508,62 64 238
2011824,31 256 
2011834,09 63 310
2012236,85 153 
2012259,37 68 
2012714,37 92 
2012714,37 65 
2013763,06 103 
2013763,06 101 
2014273,23 100 
2014273,23 4
2014273,23 1957
2014273,23 11
2016269,56 25 
2016283,48 75 
2017686,74 72 
2017842,33 70 
2019424,67 80 
2020374,1 83 
2020766,5 64 393
2021082,93 256 
2021109,11 63 323
2021511,44 151 
2021534,41 69 
2021989,16 93 
2023039,24 103 
2023039,24 101 
2027055,53 100 
2027055,53 4
2027055,53 1957
2027055,53 11
2029050,94 25 
2029064,54 75 
2030468,42 72 
2030623,53 70 
2032203,37 80 
2033142,11 83 
2033546,46 64 405
2033809,14 63 241
2034211,48 151 
2034235,73 69 
2034692,6 93 
2035740,58 103 
2035740,58 101 
2039755,85 100 
2039755,85 4
2039755,85 1957
2039755,85 10
2041752,3 25 
2042365,67 75 
2043769,26 72 
2043924,8 70 
2045505,39 80 
2046443,17 83 
2046894,46 64 452
2047205,05 256 
2047221,45 63 312
2047625,12 151 
2047644,57 69 
2048099,97 93 
2048375,16 256 
2049148,31 103 
2049148,31 101 
2053163,64 100 
2053163,64 4
2053163,64 1957
2053163,64 10
2055159,99 25 
2055187,43 75 
2056590,99 72 
2056746,01 70 
2058329,83 80 
2059277,8 83 
2059307,78 64 30
2059535,54 62 218
2059940,12 150 
2059959,45 68 
2060416 92 
2060416 65 
2061463,11 103 
2061463,11 101 
2061974,21 100 
2061974,21 4
2061974,21 1957
2061974,21 10
2063969,64 25 
2063983,45 75 
2065388,47 72 
2065542,36 70 
2067122,16 80 
2068074,17 83 
2068365,96 64 292
2068573,4 61 193
2068976,4 151 
2068994,58 69 
2069449,57 93 
2070499,36 103 
2070499,36 101 
2074514,74 100 
2074514,74 4
2074514,74 1957
2074514,74 10
2076510,97 25 
2076524,63 75 
2077927,82 72 
2078083,7 70 
2079666,81 80 
2080602,24 83 
2081931,52 64 1330
2082134,77 62 187
2082539,12 150 
2082563,33 68 
2083018,81 92 
2083018,81 65 
2084067,09 103 
2084067,09 101 
2084577,81 100 
2084577,81 4
2084577,81 1957
2084577,81 10
2086573,71 25 
2086587,13 75 
2087990,2 72 
2088146,2 70 
2089724,86 80 
2090678 83 
2090935,29 64 258
2091109,35 62 165
2091514,29 150 
2091532,76 68 
2091988,33 92 
2091988,33 65 
2093036,57 103 
2093036,57 101 
2093546,83 100 
2093546,83 4
2093546,83 1957
2093546,83 10
2095543,07 25 
2095557,09 75 
2096960,64 72 
2097115,72 70 
2098700,69 80 
2099634,25 83 
2099807,43 64 174
2099995,42 62 175
2100401,55 152 
2100421,42 69 
2100876,89 93 
2101926,18 103 
2101926,18 101 
2105941,61 100 
2105941,61 4
2105941,61 1957
2105941,61 11
2107937,91 25 
2111603,32 75 
2113005,85 72 
2113162,36 70 
2114740,38 80 
2115667,62 83 
2115749,35 64 82
2116086,51 63 326
2116490,88 151 
2116509,19 69 
2116962,55 93 
2117867,39 256 
2117967,48 183 
2118012,8 103 
2118012,8 101 
2122028,09 100 
2122028,09 4
2122028,09 1957
2122028,09 11
2124024,52 25 
2124637,95 75 
2126040,56 72 
2126196,96 70 
2127780,53 80 
2128728,74 83 
2128905,09 64 176
2129121,18 62 207
2129523,77 151 
2129543,66 69 
2129997,5 93 
2131047,38 103 
2131047,38 101 
2135062,64 100 
2135062,64 4
2135062,64 1957
2135062,64 10
2137059,06 25 
2138658,78 75 
2140062,6 72 
2140217,8 70 
2141777,89 80 
2142696,38 83 
2142903,28 64 208
2143212,28 63 290
2143614,99 151 
2143631,15 69 
2144084,44 93 
2144628,08 256 
2144718,77 182 
2145134,89 103 
2145134,89 101 
2149150,03 100 
2149150,03 4
2149150,03 1957
2149150,03 11
2151146,53 25 
2151160,58 75 
2152563,86 72 
2152705,88 70 
2154267,61 80 
2155251,07 83 
2155336,38 64 86
2155553,39 61 195
2155956,44 150 
2155972,6 68 
2156428,13 92 
2156428,13 65 
2157476,37 103 
2157476,37 101 
2157986,58 100 
2157986,58 4
2157986,58 1957
2157986,58 11
2159982,78 25 
2159996,36 75 
2161399,92 72 
2161435,57 70 
2162964,07 80 
2163780,86 83 
2164107,05 64 326
2164322,15 61 195
2164725,89 150 
2164742,41 68 
2165198,2 92 
2165198,2 65 
2166245,95 103 
2166245,95 101 
2166756,2 100 
2166756,2 4
2166756,2 1957
2166756,2 11
2168752,47 25 
2168766,09 75 
2170169,89 72 
2170311,77 70 
2171876,86 80 
2172803,65 83 
2172840,59 64 37
2173060,67 61 204
2173463,3 150 
2173485,27 68 
2173939,85 92 
2173939,85 65 
2174988,99 103 
2174988,99 101 
2175500,51 100 
2175500,51 4
2175500,51 1957
2175500,51 10
2177495,45 25 
2177509,46 75 
2178913,42 72 
2178948,26 70 
2180474,79 80 
2181293,41 83 
2181480,69 64 188
2181697,08 62 204
2182100,29 150 
2182121,7 68 
2182576,11 92 
2182576,11 65 
2183625,39 103 
2183625,39 101 
2184135,47 100 
2184135,47 4
2184135,47 1957
2184135,47 10
2186131,91 25 
2186145,86 75 
2187549,52 72 
2187584,68 70 
2189113,45 80 
2189929,93 83 
2190266,75 64 337
2190506,04 61 230
2190909,91 151 
2190930,2 69 
2191383,11 93 
2192435,01 103 
2192435,01 101 
2196451,41 100 
2196451,41 4
2196451,41 1957
2196451,41 11
2198446,81 25 
2198460,8 75 
2199864,38 72 
2199899,44 70 
2201427,5 80 
2202244,68 83 
2202689,97 64 445
2202912,91 62 202
2203317,06 151 
2203339,42 69 
2203794,25 93 
2204843,21 103 
2204843,21 101 
2208859,51 100 
2208859,51 4
2208859,51 1957
2208859,51 11
2210855,03 25 
2212001,34 75 
2213404,47 72 
2213440,45 70 
2214966,65 80 
2215772,32 83 
2216163,03 64 391
2216412,18 61 228
2216814,82 150 
2216840,52 68 
2217294,68 92 
2217294,68 65 
2218344,17 103 
2218344,17 101 
2218854,33 100 
2218854,33 4
2218854,33 1957
2218854,33 10
2220850,74 25 
2220864,75 75 
2222268,83 72 
2222303,47 70 
2223833,02 80 
2224648,64 83 
2225027,67 64 379
2225282,94 62 235
2225687,07 150 
2225703,42 68 
2226157,88 92 
2226157,88 65 
2227207,22 103 
2227207,22 101 
2227717,52 100 
2227717,52 4
2227717,52 1957
2227717,52 11
2229713,58 25 
2229727,19 75 
2231131,48 72 
2231166,53 70 
2232698,86 80 
2233511,59 83 
2233718,28 64 207
2233951,21 61 214
2234355,39 150 
2234379,83 68 
2234834,44 92 
2234834,44 65 
2235883,54 103 
2235883,54 101 
2236393,6 100 
2236393,6 4
2236393,6 1957
2236393,6 11
2238389,98 25 
2238403,7 75 
2239806,49 72 
2239842,69 70 
2241372,4 80 
2242188 83 
2242345,46 64 158
2242567,86 61 207
2242972,4 152 
2242988,33 69 
2243443,37 93 
2244493,35 103 
2244493,35 101 
2248508,49 100 
2248508,49 4
2248508,49 1957
2248508,49 10
2250504,92 25 
2250518,96 75 
2251923,44 72 
2251957,68 70 
2253482,62 80 
2254289,61 83 
2254487,03 64 197
2254710,45 62 208
2255115,46 150 
2255131,12 68 
2255585,6 92 
2255585,6 65 
2256634,81 103 
2256634,81 101 
2257145,11 100 
2257145,11 4
2257145,11 1957
2257145,11 11
2259141,46 25 
2259155,44 75 
2260558,34 72 
2260594,16 70 
2262122,9 80 
2262939,33 83 
2263205,06 64 266
2263418,68 61 200
2263823,01 150 
2263847,47 68 
2264303,18 92 
2264303,18 65 
2265351,22 103 
2265351,22 101 
2265861,49 100 
2265861,49 4
2265861,49 1957
2265861,49 10
2267857,6 25 
2268097,91 75 
2269501,4 72 
2269536,99 70 
2271067,78 80 
2271882,23 83 
2272099,98 64 218
2272314,03 61 192
2272719,65 151 
2272737,21 69 
2273192,89 93 
2273671,55 256 
2273707,87 182 
2273836,99 182 
2274254,14 103 
2274254,14 101 
2278270,43 100 
2278270,43 4
2278270,43 1957
2278270,43 11
2280265,73 25 
2282798,37 75 
2284201,8 72 
2284357,51 70 
2285934,8 80 
2286862,69 83 
2287819,18 64 957
2288027,07 62 192
2288430,04 151 
2288449,34 69 
2288902,24 93 
2289752,45 256 
2289767,22 183 
2289954,29 103 
2289954,29 101 
2293969,6 100 
2293969,6 4
2293969,6 1957
2293969,6 11
2295965,9 25 
2296872,57 75 
2298278,29 72 
2298431,57 70 
2300021,82 80 
2300963,4 83 
2301270,46 64 308
2301490,78 62 208
2301893,67 151 
2301911,54 69 
2302366,92 93 
2303415,32 103 
2303415,32 101 
2307430,69 100 
2307430,69 4
2307430,69 1957
2307430,69 10
2309427 25 
2310346,87 75 
2311749,48 72 
2311905,89 70 
2313464,34 80 
2314397,84 83 
2314536,91 64 139
2314746,42 62 189
2315151,31 150 
2315172,74 68 
2315627,44 92 
2315627,44 65 
2316676,44 103 
2316676,44 101 
2317186,56 100 
2317186,56 4
2317186,56 1957
2317186,56 10
2319182,82 25 
2319196,44 75 
2320599,29 72 
2320742,26 70 
2322308,02 80 
2323234,03 83 
2323388,48 64 155
2323619,38 62 213
2324022,42 150 
2324049,07 68 
2324503,22 92 
2324503,22 65 
2325552,74 103 
2325552,74 101 
2326063,09 100 
2326063,09 4
2326063,09 1957
2326063,09 10
2328059,13 25 
2328072,81 75 
2329475,1 72 
2329618,55 70 
2331182,72 80 
2332110,34 83 
2332294,74 64 185
2332492,15 62 183
2332894,67 150 
2332912,14 68 
2333367,25 92 
2333367,25 65 
2334415,6 103 
2334415,6 101 
2334925,81 100 
2334925,81 4
2334925,81 1957
2334925,81 10
2336922,06 25 
2336936,07 75 
2338339,25 72 
2338374,91 70 
2339908,19 80 
2340720,09 83 
2340904,13 64 185
2341123,12 62 203
2341527,19 150 
2341548,34 68 
2342003,94 92 
2342003,94 65 
2343052,07 103 
2343052,07 101 
2343562,33 100 
2343562,33 4
2343562,33 1957
2343562,33 11
2345558,49 25 
2345572,04 75 
2346976,24 72 
2347011,2 70 
2348539,52 80 
2349356,51 83 
2349846,7 64 491
2350083,56 63 221
2350487,87 151 
2350504,04 69 
2350959,28 93 
2352008,34 103 
2352008,34 101 
2356023,55 100 
2356023,55 4
2356023,55 1957
2356023,55 11
2358020,08 25 
2358033,76 75 
2359436,49 72 
2359472,72 70 
2361001,64 80 
2361817,96 83 
2362482,38 64 665
2362731,3 62 234
2363133,4 151 
2363152,65 69 
2363607,19 93 
2364481,42 183 
2364656,34 103 
2364656,34 101 
2368671,78 100 
2368671,78 4
2368671,78 1957
2368671,78 10
2370667,95 25 
2370681,63 75 
2372084,46 72 
2372120,77 70 
2373649,98 80 
2374465,98 83 
2374575,89 64 110
2374894,93 256 
2374917,71 63 332
2375321,86 153 
2375347,65 68 
2375802,17 92 
2375802,17 65 
2376851,22 103 
2376851,22 101 
2377361,44 100 
2377361,44 4
2377361,44 1957
2377361,44 11
2379357,81 25 
2379385,06 75 
2380789,35 72 
2380823,87 70 
2382353,48 80 
2383169,01 83 
2385346,71 64 2178
2385546,96 62 179
2385951,03 151 
2385969,8 69 
2386423,35 93 
2387473,5 103 
2387473,5 101 
2391489,61 100 
2391489,61 4
2391489,61 1957
2391489,61 10
2393485,03 25 
2393498,99 75 
2394901,22 72 
2394937,88 70 
2396463,92 80 
2397283,1 83 
2397443,55 64 161
2397757,56 256 
2397767,08 63 311
2398171,32 151 
2398191,39 69 
2398645,36 93 
2398784,12 256 
2399695 103 
2399695 101 
2403710,26 100 
2403710,26 4
2403710,26 1957
2403710,26 10
2405706,7 25 
2405720,81 75 
2407124,59 72 
2407159,4 70 
2408688,51 80 
2409504,63 83 
2410698 64 1193
2411008,26 63 292
2411412,07 151 
2411437,92 69 
2411891,6 93 
2412942,8 103 
2412942,8 101 
2416958,17 100 
2416958,17 4
2416958,17 1957
2416958,17 10
2418954,53 25 
2418968,18 75 
2420371,41 72 
2420407,17 70 
2421939,14 80 
2422752,41 83 
2422791,86 64 40
2423039,64 62 234
2423442,4 150 
2423460,74 68 
2423914,83 92 
2423914,83 65 
2424964,42 103 
2424964,42 101 
2425474,64 100 
2425474,64 4
2425474,64 1957
2425474,64 11
2427470,91 25 
2432309,27 75 
2433712,39 72 
2433868,22 70 
2435426,2 80 
2436333,44 83 
2436573,53 64 241
2436591,82 256 
2436790,19 62 204
2437194,4 151 
2437213,9 69 
2437668,46 93 
2438327,27 182 
2438718,78 103 
2438718,78 101 
2442734,18 100 
2442734,18 4
2442734,18 1957
2442734,18 11
2444730,42 25 
2446250,23 75 
2447654,15 72 
2447795,9 70 
2449356,44 80 
2450341,01 83 
2450703,15 64 362
2451028,8 63 315
2451432,18 151 
2451448,96 69 
2451903,51 93 
2452952,69 103 
2452952,69 101 
2456967,89 100 
2456967,89 4
2456967,89 1957
2456967,89 11
2458964,44 25 
2458978,48 75 
2460381,83 72 
2460523,85 70 
2462067,6 80 
2462882,32 83 
2463422,71 64 541
2463687,9 62 246
2464092,83 151 
2464109,26 69 
2464563,54 93 
2465151,82 256 
2465230,01 181 
2465614,1 103 
2465614,1 101 
2469629,54 100 
2469629,54 4
2469629,54 1957
2469629,54 11
2471626,04 25 
2471639,75 75 
2473044,16 72 
2473078,5 70 
2474607,62 80 
2475423,71 83 
2475716,85 64 293
2476158,89 61 429
2476561,32 150 
2476585,22 68 
2477038,47 92 
2477038,47 65 
2478088,86 103 
2478088,86 101 
2478598,96 100 
2478598,96 4
2478598,96 1957
2478598,96 11
2480595,35 25 
2480609,18 75 
2482013,06 72 
2482048,12 70 
2483575,92 80 
2484321,1 250 
2484326,42 101 
2486326,28 100 
2486326,28 4
2486326,28 1957
2486326,28 11
2486326,28 25 
2486340,51 75 
2487743,28 72 
2487779,04 70 
2489308,86 80 
2490110,99 83 
2490481,71 64 371
2490698,26 61 202
2491102,64 150 
2491125,83 68 
2491580,58 92 
2491580,58 65 
2492629,43 103 
2492629,43 101 
2493139,58 100 
2493139,58 4
2493139,58 1957
2493139,58 10
2495136,07 25 
2495149,55 75 
2496555,12 72 
2496588,71 70 
2498116,62 80 
2498933,93 83 
2499660,27 64 727
2499968,15 62 288
2500372,47 152 
2500388,54 69 
2500843,74 93 
2501600,52 183 
2501892,34 103 
2501892,34 101 
2505907,66 100 
2505907,66 4
2505907,66 1957
2505907,66 10
2507903,93 25 
2507919,89 75 
2509323,21 72 
2509356,7 70 
2510885,68 80 
2511701,94 83 
2511826,13 64 124
2512008,34 62 161
2512412,83 150 
2512436,85 68 
2512893,25 92 
2512893,25 65 
2513940,54 103 
2513940,54 101 
2514452,35 100 
2514452,35 4
2514452,35 1957
2514452,35 10
2516447,04 25 
2516460,55 75 
2517864,25 72 
2517899,8 70 
2519428,41 80 
2520231,85 83 
2520464,13 64 232
2520681,51 62 197
2521085,84 150 
2521113,23 68 
2521566,41 92 
2521566,41 65 
2522616,88 103 
2522616,88 101 
2523126,99 100 
2523126,99 4
2523126,99 1957
2523126,99 11
2525123,34 25 
2525137,2 75 
2526541,47 72 
2526576,1 70 
2528103,33 80 
2528921,33 83 
2529763,82 64 843
2529957,9 62 184
2530361,95 151 
2530389,45 69 
2530843,7 93 
2531893,04 103 
2531893,04 101 
2535908,38 100 
2535908,38 4
2535908,38 1957
2535908,38 11
2537904,65 25 
2537918,41 75 
2539322,44 72 
2539357,44 70 
2540889,08 80 
2541702,67 83 
2541876,46 64 174
2542077,79 62 189
2542482,16 151 
2542503,1 69 
2542958,07 93 
2544007,99 103 
2544007,99 101 
2548023,14 100 
2548023,14 4
2548023,14 1957
2548023,14 11
2550019,6 25 
2553405,19 75 
2554808,59 72 
2554844,32 70 
2556371,95 80 
2557202,85 83 
2557513,44 64 311
2557760,77 256 
2557777,35 63 255
2558180,9 151 
2558204,36 69 
2558659,83 93 
2558992,52 256 
2559708,09 103 
2559708,09 101 
2563723,41 100 
2563723,41 4
2563723,41 1957
2563723,41 10
2565719,84 25 
2565733,63 75 
2567137,21 72 
2567292,44 70 
2568877,4 80 
2569810,95 83 
2570073,26 64 263
2570303,39 62 213
2570707,09 150 
2570732,67 68 
2571187,91 92 
2571187,91 65 
2572236,13 103 
2572236,13 101 
2572746,4 100 
2572746,4 4
2572746,4 1957
2572746,4 11
2574742,66 25 
2576209,13 75 
2576417,72 250 
2576434,03 101 
2578434,43 100 
2578434,43 4
2578434,43 1957
2578434,43 11
2578434,43 25 
2578447,31 75 
2579850,31 72 
2580007,05 70 
2581584,96 80 
2582525,66 83 
2582737,4 64 212
2582949,72 62 198
2583355,21 151 
2583379,39 69 
2583834,01 93 
2584884,29 103 
2584884,29 101 
2588899,39 100 
2588899,39 4
2588899,39 1957
2588899,39 11
2590895,93 25 
2590909,77 75 
2592313,39 72 
2592468,61 70 
2594034,45 80 
2594960,4 83 
2597130,91 64 2171
2597372,54 62 227
2597776,32 151 
2597800,04 69 
2598254,16 93 
2599075,58 256 
2599217,57 181 
2599304,91 103 
2599304,91 101 
2603320,22 100 
2603320,22 4
2603320,22 1957
2603320,22 10
2605316,42 25 
2606263,05 75 
2607666,65 72 
2607808,85 70 
2609373,51 80 
2610300,73 83 
2610625,09 64 324
2610840,75 62 194
2611244,26 152 
2611262,19 69 
2611715,91 93 
2612765,84 103 
2612765,84 101 
2616781,14 100 
2616781,14 4
2616781,14 1957
2616781,14 10
2618777,55 25 
2618791,1 75 
2620196,13 72 
2620337,02 70 
2621901,72 80 
2622828,73 83 
2623203,02 64 374
2623510,83 63 296
2623914,43 151 
2623936,98 69 
2624391,29 93 
2625440,58 103 
2625440,58 101 
2629455,95 100 
2629455,95 4
2629455,95 1957
2629455,95 10
2631452,31 25 
2631468,28 75 
2632871,19 72 
2633011,62 70 
2634575,89 80 
2635503,44 83 
2635552,82 64 50
2635857,69 63 288
2636262,07 151 
2636277,23 69 
2636733,03 93 
2637782,08 103 
2637782,08 101 
2641798,43 100 
2641798,43 4
2641798,43 1957
2641798,43 11
2643793,75 25 
2644221,22 75 
2645624,78 72 
2645766,27 70 
2647332,51 80 
2648244,92 83 
2648470,3 64 226
2648833,69 63 349
2649238,46 151 
2649259,63 69 
2649714,33 93 
2650763,35 103 
2650763,35 101 
2654778,56 100 
2654778,56 4
2654778,56 1957
2654778,56 10
2656774,94 25 
2665331,66 75 
2666734,68 72 
2666877,39 70 
2668419,23 80 
2669236,03 83 
2670058,54 64 823
2670540,35 61 465
2670944,78 151 
2670969,32 69 
2671423,36 93 
2672474,34 103 
2672474,34 101 
2676489,49 100 
2676489,49 4
2676489,49 1957
2676489,49 10
2678486,18 25 
2680551,97 75 
2680664,11 250 
2680670,42 101 
2682670,85 100 
2682670,85 4
2682670,85 1957
2682670,85 10
2682670,85 25 
2685589,15 75 
2687218,9 72 
2687255,74 70 
2688784,59 80 
2689600,85 83 
2690446,35 64 846
2690705,74 62 239
2691109,78 150 
2691135,54 68 
2691591,55 92 
2691591,55 65 
2692639,12 103 
2692639,12 101 
2693149,29 100 
2693149,29 4
2693149,29 1957
2693149,29 11
2695145,62 25 
2705145,98 254 
2705153,88 101 
2707153,13 100 
2707153,13 4
2707153,13 1957
2707153,13 11
2707153,13 25 
2707167,69 75 
2708571,15 72 
2708606,67 70 
2710133,8 80 
2710938,56 83 
2711156,35 64 218
2711530,69 256 
2711540,19 63 363
2711945,09 153 
2711966,8 68 
2712420,53 92 
2712420,53 65 
2713470,38 103 
2713470,38 101 
2713980,49 100 
2713980,49 4
2713980,49 1957
2713980,49 11
2715976,95 25 
2715990,61 75 
2717393,71 72 
2717429,62 70 
2718958,3 80 
2719774,84 83 
2720019,31 64 245
2720321,05 63 280
2720723,85 151 
2720749,71 69 
2721204,02 93 
2722253,48 103 
2722253,48 101 
2726268,79 100 
2726268,79 4
2726268,79 1957
2726268,79 11
2728265,11 25 
2730291,19 75 
2730293,56 250 
2730303,07 101 
2732303,51 100 
2732303,51 4
2732303,51 1957
2732303,51 11
2732303,51 25 
2732316,73 75 
2733721,04 72 
2733756,09 70 
2735285,32 80 
2736101,41 83 
2736353,5 64 253
2736582,79 62 215
2736986,74 151 
2737008,57 69 
2737463,82 93 
2738513,29 103 
2738513,29 101 
2742528,63 100 
2742528,63 4
2742528,63 1957
2742528,63 10
2744525,09 25 
2744538,57 75 
2745941,57 72 
2745977,63 70 
2747507,94 80 
2748322,97 83 
2748561,38 64 239
2748942,17 63 367
2749345,03 151 
2749364,43 69 
2749818,95 93 
2750868,09 103 
2750868,09 101 
2754883,49 100 
2754883,49 4
2754883,49 1957
2754883,49 10
2756879,81 25 
2765010,08 75 
2765053,97 250 
2765061,78 101 
2767062,2 100 
2767062,2 4
2767062,2 1957
2767062,2 10
2767062,2 25 
2767075,43 75 
2768479,75 72 
2768648,21 70 
2770232,26 80 
2771180 83 
2771297,51 64 118
2771542,82 62 230
2771947,17 150 
2771968,23 68 
2772422,43 92 
2772422,43 65 
2773471,99 103 
2773471,99 101 
2773982,2 100 
2773982,2 4
2773982,2 1957
2773982,2 10
2775978,49 25 
2781189,91 75 
2782593,44 72 
2782749,04 70 
2784330,09 80 
2785280,98 83 
2785607,14 64 327
2785811,31 62 185
2786216,09 150 
2786242,29 68 
2786697,85 92 
2786697,85 65 
2787746,04 103 
2787746,04 101 
2788256,28 100 
2788256,28 4
2788256,28 1957
2788256,28 11
2790252,58 25 
2792185,27 75 
2793588,01 72 
2793744,45 70 
2795305,9 80 
2796236,2 83 
2796428,74 64 193
2796672,04 62 223
2797075,76 151 
2797091,11 69 
2797544,94 93 
2798594,82 103 
2798594,82 101 
2802611,22 100 
2802611,22 4
2802611,22 1957
2802611,22 10
2804606,56 25 
2804621,51 75 
2806025,05 72 
2806165,91 70 
2807729,98 80 
2808644,57 83 
2809155,07 64 511
2809400,5 62 224
2809802,42 150 
2809819,11 68 
2810273,2 92 
2810273,2 65 
2811322,8 103 
2811322,8 101 
2811832,97 100 
2811832,97 4
2811832,97 1957
2811832,97 11
2813829,38 25 
2813843,26 75 
2816652,11 72 
2816681,5 70 
2818212,12 80 
2819026,73 83 
2819334,57 64 308
2819532 62 185
2819934,27 153 
2819961,6 68 
2820416,29 92 
2820416,29 65 
2821465,25 103 
2821465,25 101 
2821975,33 100 
2821975,33 4
2821975,33 1957
2821975,33 11
2823971,67 25 
2823986,06 75 
2825389,8 72 
2825424,47 70 
2826953,53 80 
2827769,67 83 
2828516,36 64 747
2828715,14 62 186
2829119,34 151 
2829144,49 69 
2829598,99 93 
2830648,17 103 
2830648,17 101 
2834663,43 100 
2834663,43 4
2834663,43 1957
2834663,43 10
2836659,77 25 
2836673,43 75 
2838076,65 72 
2838112,54 70 
2839644,4 80 
2840457,75 83 
2840564,38 64 107
2840781,53 62 204
2841186,38 150 
2841206,08 68 
2841660,35 92 
2841660,35 65 
2842709,73 103 
2842709,73 101 
2843219,93 100 
2843219,93 4
2843219,93 1957
2843219,93 11
2845229,38 25 
2847095,7 75 
2847098,09 250 
2847107,45 101 
2849107,98 100 
2849107,98 4
2849107,98 1957
2849107,98 11
2849107,98 25 
2849120,74 75 
2850523,67 72 
2850560,58 70 
2852089,35 80 
2852887,82 250 
2852905,49 101 
2854905,59 100 
2854905,59 4
2854905,59 1957
2854905,59 11
2854905,59 25 
2854919,43 75 
2856322,89 72 
2856358,28 70 
2857886,72 80 
2858703,4 83 
2858838,23 64 136
2859121,48 63 272
2859524,46 151 
2859545,05 69 
2859998,22 93 
2861048,76 103 
2861048,76 101 
2865064,83 100 
2865064,83 4
2865064,83 1957
2865064,83 10
2867060,59 25 
2867393,96 75 
2868797,72 72 
2868833,09 70 
2870359,1 80 
2871164,89 83 
2872339,64 64 1175
2872557,79 62 207
2872961,72 150 
2872979,49 68 
2873433,44 92 
2873433,44 65 
2874483,12 103 
2874483,12 101 
2874993,31 100 
2874993,31 4
2874993,31 1957
2874993,31 10
2876989,51 25 
2877003,17 75 
2878407,29 72 
2878442,44 70 
2879971,84 80 
2880787,56 83 
2881158 64 371
2881373,8 62 200
2881778,3 150 
2881802,29 68 
2882256,08 92 
2882256,08 65 
2883306,05 103 
2883306,05 101 
2883816,15 100 
2883816,15 4
2883816,15 1957
2883816,15 10
2885812,71 25 
2885826,48 75 
2887229,68 72 
2887265,34 70 
2888795,89 80 
2889610,54 83 
2889802,04 64 192
2889987,32 62 164
2890389,36 150 
2890412,11 68 
2890866,64 92 
2890866,64 65 
2891915,78 103 
2891915,78 101 
2892425,91 100 
2892425,91 4
2892425,91 1957
2892425,91 11
2894422,26 25 
2894436,33 75 
2895840,54 72 
2895875,07 70 
2897403,04 80 
2898220,21 83 
2898841,7 64 622
2899068,74 62 209
2899473,44 151 
2899487,33 69 
2899941,74 93 
2900691,89 256 
2900753,84 181 
2900991,96 103 
2900991,96 101 
2905007,34 100 
2905007,34 4
2905007,34 1957
2905007,34 11
2907003,63 25 
2907017,36 75 
2908419,27 72 
2908656,27 70 
2910216,72 80 
2911161,54 83 
2911487 64 326
2911703,64 62 196
2912107,56 151 
2912123,14 69 
2912577,1 93 
2913626,77 103 
2913626,77 101 
2917643,6 100 
2917643,6 4
2917643,6 1957
2917643,6 11
2919638,36 25 
2919652,1 75 
2921056,2 72 
2921211,16 70 
2922794,93 80 
2923729,66 83 
2924040,05 64 310
2924402,33 63 354
2924807,28 153 
2924824,39 68 
2925278,74 92 
2925278,74 65 
2926328,04 103 
2926328,04 101 
2926838,22 100 
2926838,22 4
2926838,22 1957
2926838,22 11
2928834,62 25 
2931140,55 75 
2932544,49 72 
2932699,71 70 
2934281,18 80 
2935204,78 83 
2935385,13 64 180
2935664,44 63 260
2936068 151 
2936085,25 69 
2936538,38 93 
2936745,01 256 
2937590,09 103 
2937590,09 101 
2941605,31 100 
2941605,31 4
2941605,31 1957
2941605,31 10
2943601,65 25 
2943615,59 75 
2945018,97 72 
2945174,48 70 
2946748,15 80 
2947692,94 83 
2951768,55 64 4076
2952007,13 62 224
2952411,47 150 
2952439,49 68 
2952893,58 92 
2952893,58 65 
2953943,17 103 
2953943,17 101 
2954453,69 100 
2954453,69 4
2954453,69 1957
2954453,69 10
2956449,73 25 
2956463,71 75 
2957867,48 72 
2958022,39 70 
2959603,24 80 
2960554,15 83 
2963822,29 64 3269
2964074,68 62 242
2964477,89 150 
2964501,06 68 
2964954,54 92 
2964954,54 65 
2966004,77 103 
2966004,77 101 
2966515,04 100 
2966515,04 4
2966515,04 1957
2966515,04 10
2968511,4 25 
2971416,96 75 
2972819,66 72 
2972976,1 70 
2974555,24 80 
2975481,34 83 
2975788,6 64 308
2976025,75 62 225
2976428,46 150 
2976456,15 68 
2976909,59 92 
2976909,59 65 
2977959,82 103 
2977959,82 101 
2978469,91 100 
2978469,91 4
2978469,91 1957
2978469,91 11
2980466,27 25 
2982559,07 75 
2982561,93 250 
2982570,85 101 
2984571,19 100 
2984571,19 4
2984571,19 1957
2984571,19 11
2984571,19 25 
2984585,21 75 
2985988,35 72 
2986143,88 70 
2987729,75 80 
2988675,75 83 
2988896,24 64 221
2989196,17 63 280
2989599,06 151 
2989622,79 69 
2990076,49 93 
2991127,62 103 
2991127,62 101 
2995143,06 100 
2995143,06 4
2995143,06 1957
2995143,06 10
2997139,33 25 
2997153,17 75 
2997155,93 250 
2997164,71 101 
2999165,11 100 
2999165,11 4
2999165,11 1957
2999165,11 10
2999165,11 25 
2999391,2 75 
3000793,68 72 
3000951,06 70 
3002531,47 80 
3003482,88 83 
3003646,17 64 164
3003882 62 226
3004285,98 150 
3004311,15 68 
3004764,31 92 
3004764,31 65 
3005814,81 103 
3005814,81 101 
3006324,97 100 
3006324,97 4
3006324,97 1957
3006324,97 10
3008321,25 25 
3008881,35 75 
3010285,4 72 
3010440,39 70 
3012024,46 80 
3012972,24 83 
3014010,72 64 1039
3014264,92 62 240
3014668,83 150 
3014693,53 68 
3015149,04 92 
3015149,04 65 
3016197,11 103 
3016197,11 101 
3016707,33 100 
3016707,33 4
3016707,33 1957
3016707,33 11
3018703,61 25 
3018717,68 75 
3018720,37 250 
3018729,07 101 
3020729,43 100 
3020729,43 4
3020729,43 1957
3020729,43 11
3020729,43 25 
3020742,66 75 
3020745,92 250 
3020754,86 101 
3022755,22 100 
3022755,22 4
3022755,22 1957
3022755,22 11
3022755,22 25 
3022768,06 75 
3024170,15 72 
3024394,64 70 
3025958,61 80 
3026899,77 83 
3027058,06 64 158
3027281,56 62 209
3027686,44 151 
3027700,22 69 
3028156,19 93 
3029205,02 103 
3029205,02 101 
3033220,23 100 
3033220,23 4
3033220,23 1957
3033220,23 11
3035216,77 25 
3035230,37 75 
3036634,38 72 
3036789,43 70 
3038369,76 80 
3039321,27 83 
3040512,29 64 1192
3040729,64 62 196
3041131,83 151 
3041147,85 69 
3041602,64 93 
3042652,76 103 
3042652,76 101 
3046669,1 100 
3046669,1 4
3046669,1 1957
3046669,1 11
3048664,34 25 
3048678,05 75 
3050081,31 72 
3050237,18 70 
3051800,29 80 
3052728,98 83 
3053063,48 64 335
3053302,15 61 227
3053704,51 150 
3053730,12 68 
3054183,78 92 
3054183,78 65 
3055234,22 103 
3055234,22 101 
3055744,22 100 
3055744,22 4
3055744,22 1957
3055744,22 10
3057740,53 25 
3057754,19 75 
3059158,2 72 
3059300,01 70 
3060865,34 80 
3061791,87 83 
3061977,97 64 186
3062208,28 256 
3062240,53 63 249
3062643,64 151 
3062658,92 69 
3063114,82 93 
3063296,55 256 
3064163,78 103 
3064163,78 101 
3068179,11 100 
3068179,11 4
3068179,11 1957
3068179,11 10
3070175,43 25 
3070975,4 75 
3072379,39 72 
3072521,14 70 
3074067,82 80 
3074879,72 83 
3075574,23 64 695
3075906,69 63 321
3076310,04 153 
3076334,41 68 
3076787,37 92 
3076787,37 65 
3077838,12 103 
3077838,12 101 
3078348,27 100 
3078348,27 4
3078348,27 1957
3078348,27 11
3080344,46 25 
3080358,45 75 
3081761,65 72 
3081797,37 70 
3083331,37 80 
3084142,46 83 
3087167,17 64 3026
3087366,92 61 186
3087770,71 150 
3087796,13 68 
3088249,69 92 
3088249,69 65 
3089299,9 103 
3089299,9 101 
3089810,08 100 
3089810,08 4
3089810,08 1957
3089810,08 10
3091806,4 25 
3091820,47 75 
3093224,14 72 
3093259,11 70 
3094784,94 80 
3095591,1 83 
3095803,22 64 213
3096019,26 61 202
3096423,09 151 
3096444,87 69 
3096898,56 93 
3097949,63 103 
3097949,63 101 
3101964,84 100 
3101964,84 4
3101964,84 1957
3101964,84 10
3103961,39 25 
3105227,77 75 
3106632,66 72 
3106666,79 70 
3108197,67 80 
3109012,06 83 
3109333,19 64 322
3109550,95 61 206
3109954,16 151 
3109972,43 69 
3110425,15 93 
3111477,27 103 
3111477,27 101 
3115492,7 100 
3115492,7 4
3115492,7 1957
3115492,7 11
3117489,03 25 
3118208,97 75 
3118211,39 250 
3118220,76 101 
3120221,11 100 
3120221,11 4
3120221,11 1957
3120221,11 11
3120221,11 25 
3120233,94 75 
3120236,35 250 
3120246,58 101 
3122246,9 100 
3122246,9 4
3122246,9 1957
3122246,9 11
3122246,9 25 
3122259,79 75 
3123662,65 72 
3123699,69 70 
3125228,88 80 
3126044,94 83 
3126213,25 64 169
3126449,05 62 218
3126851,85 151 
3126873,21 69 
3127327,6 93 
3128292,48 256 
3128376,85 103 
3128376,85 101 
3132392,15 100 
3132392,15 4
3132392,15 1957
3132392,15 10
3134388,63 25 
3134402,51 75 
3135806 72 
3135841,33 70 
3137371,96 80 
3138186,72 83 
3138412,92 64 227
3138646,11 61 220
3139048,77 151 
3139067,06 69 
3139521,25 93 
3140571,8 103 
3140571,8 101 
3144587,08 100 
3144587,08 4
3144587,08 1957
3144587,08 11
3146583,48 25 
3146597,12 75 
3147999,97 72 
3148036,29 70 
3149570,05 80 
3150381,45 83 
3150790,09 64 409
3151085,82 62 278
3151488,77 151 
3151515,05 69 
3151968,73 93 
3153019,99 103 
3153019,99 101 
3157035,2 100 
3157035,2 4
3157035,2 1957
3157035,2 11
3159031,56 25 
3159045,26 75 
3160448,2 72 
3160484,37 70 
3162015,12 80 
3162829,76 83 
3163048,53 64 219
3163293,99 63 225
3163307,1 256 
3163754,33 151 
3163777,81 69 
3164232,52 93 
3165281,58 103 
3165281,58 101 
3169297,64 100 
3169297,64 4
3169297,64 1957
3169297,64 10
3171293,1 25 
3171306,82 75 
3172710,19 72 
3172879,08 70 
3174441,88 80 
3175370,96 83 
3175818,39 64 448
3176244,23 61 408
3176647,81 151 
3176665,72 69 
3177120,25 93 
3178169,37 103 
3178169,37 101 
3182184,85 100 
3182184,85 4
3182184,85 1957
3182184,85 11
3184181,17 25 
3184194,75 75 
3185598,09 72 
3185740,51 70 
3187303,52 80 
3188232,35 83 
3188283,58 64 52
3188549,46 63 251
3188951,68 151 
3188980,56 69 
3189434,62 93 
3190039,27 256 
3190484,31 103 
3190484,31 101 
3194500,53 100 
3194500,53 4
3194500,53 1957
3194500,53 11
3196495,92 25 
3199988,24 75 
3201392,2 72 
3201533,86 70 
3203094,11 80 
3204025,73 83 
3206388,13 64 2362
3206705,06 256 
3206718,62 61 321
3207124,12 150 
3207146,27 68 
3207601,44 92 
3207601,44 65 
3208649,98 103 
3208649,98 101 
3209160,13 100 
3209160,13 4
3209160,13 1957
3209160,13 11
3211156,42 25 
3211170,44 75 
3212573,75 72 
3212609,28 70 
3214137,35 80 
3214954,42 83 
3217026,16 64 2073
3217222,61 61 176
3217625,86 150 
3217648,52 68 
3218104,12 92 
3218104,12 65 
3219152,26 103 
3219152,26 101 
3219662,36 100 
3219662,36 4
3219662,36 1957
3219662,36 11
3221659,62 25 
3223378,28 75 
3224781,38 72 
3224817,42 70 
3226345,71 80 
3227162,65 83 
3227929,8 64 767
3228257,54 61 309
3228662,06 150 
3228683,88 68 
3229137,94 92 
3229137,94 65 
3230187,6 103 
3230187,6 101 
3230697,89 100 
3230697,89 4
3230697,89 1957
3230697,89 10
3232694,15 25 
3232707,76 75 
3234110,69 72 
3234146,99 70 
3235674,48 80 
3236492,06 83 
3236633,26 64 142
3236815,05 62 163
3237219,21 150 
3237240,39 68 
3237695,2 92 
3237695,2 65 
3238744,06 103 
3238744,06 101 
3239254,29 100 
3239254,29 4
3239254,29 1957
3239254,29 10
3241250,5 25 
3241277,54 75 
3242680,23 72 
3242716,57 70 
3244244,28 80 
3245061,81 83 
3245229,6 64 168
3245421,57 62 174
3245823,89 152 
3245848,9 69 
3246302,77 93 
3247353,89 103 
3247353,89 101 
3251369,23 100 
3251369,23 4
3251369,23 1957
3251369,23 10
3253365,45 25 
3253379,2 75 
3254781,21 72 
3254818,37 70 
3256350,57 80 
3257163,42 83 
3257384,91 64 222
3257615,86 62 213
3258019,35 150 
3258045,17 68 
3258498,58 92 
3258498,58 65 
3259548,72 103 
3259548,72 101 
3260058,81 100 
3260058,81 4
3260058,81 1957
3260058,81 10
3262055,21 25 
3262068,79 75 
3263471,4 72 
3263507,95 70 
3265040,55 80 
3265853,21 83 
3266299,27 64 447
3266510,49 62 191
3266914,75 150 
3266934,68 68 
3267388,73 92 
3267388,73 65 
3268438,26 103 
3268438,26 101 
3268948,31 100 
3268948,31 4
3268948,31 1957
3268948,31 11
3270944,8 25 
3270958,38 75 
3272362,23 72 
3272397,52 70 
3273928,7 80 
3274742,75 83 
3275195,22 64 453
3275524 62 315
3275927,45 151 
3275944,28 69 
3276398,52 93 
3277273,33 183 
3277447,87 103 
3277447,87 101 
3281464,83 100 
3281464,83 4
3281464,83 1957
3281464,83 10
3283459,58 25 
3283473,21 75 
3284875,47 72 
3284912,32 70 
3286443,77 80 
3287257,49 83 
3287663,09 64 406
3287906,53 62 223
3288308,67 150 
3288325,6 68 
3288781,2 92 
3288781,2 65 
3289829,32 103 
3289829,32 101 
3290339,69 100 
3290339,69 4
3290339,69 1957
3290339,69 10
3292335,88 25 
3292349,43 75 
3293753,61 72 
3293788,6 70 
3295314,45 80 
3296120,53 83 
3296424,79 64 305
3296616,13 62 176
3297019,4 150 
3297042,1 68 
3297495,91 92 
3297495,91 65 
3298545,68 103 
3298545,68 101 
3299055,82 100 
3299055,82 4
3299055,82 1957
3299055,82 10
3301052,2 25 
3301065,77 75 
3302469,39 72 
3302504,92 70 
3304036,12 80 
3304983,48 83 
3306296,84 64 1314
3306499,89 62 184
3306904,19 150 
3306931,24 68 
3307384,64 92 
3307384,64 65 
3308434,89 103 
3308434,89 101 
3308945,02 100 
3308945,02 4
3308945,02 1957
3308945,02 11
3310954,71 25 
3310968,61 75 
3312371,94 72 
3312527,34 70 
3314109,85 80 
3315059,19 83 
3315144,64 64 86
3315454,59 63 289
3315857,48 151 
3315887,64 69 
3316340,41 93 
3317391,22 103 
3317391,22 101 
3321406,54 100 
3321406,54 4
3321406,54 1957
3321406,54 11
3323402,83 25 
3323416,83 75 
3324820,12 72 
3324975,52 70 
3326553,35 80 
3327494 83 
3327636,27 64 143
3327883,82 62 230
3328286,87 151 
3328307,78 69 
3328762,73 93 
3329812,65 103 
3329812,65 101 
3333827,9 100 
3333827,9 4
3333827,9 1957
3333827,9 10
3335824,36 25 
3335837,94 75 
3337240,61 72 
3337370,61 70 
3338934,6 80 
3339848,84 83 
3340000,36 64 152
3340315,7 63 294
3340719,3 151 
3340742,56 69 
3341195,19 93 
3341647,71 256 
3341716,09 183 
3342247,39 103 
3342247,39 101 
3346262,58 100 
3346262,58 4
3346262,58 1957
3346262,58 11
3348259,08 25 
3350005,4 75 
3351409,58 72 
3351551,07 70 
3353115,89 80 
3354042,91 83 
3354384,28 64 342
3354612,51 62 210
3355015,89 151 
3355030,07 69 
3355483,75 93 
3356534,82 103 
3356534,82 101 
3360550,06 100 
3360550,06 4
3360550,06 1957
3360550,06 11
3362546,58 25 
3363346,43 75 
3363348,79 250 
3363358,2 101 
3365358,6 100 
3365358,6 4
3365358,6 1957
3365358,6 11
3365358,6 25 
3365371,55 75 
3366774,46 72 
3366811,33 70 
3368340,38 80 
3369156,62 83 
3369348,39 64 192
3369553,59 61 184
3369958,17 152 
3369984,95 69 
3370438,77 93 
3371488,63 103 
3371488,63 101 
3375503,84 100 
3375503,84 4
3375503,84 1957
3375503,84 10
3377500,42 25 
3377913,7 75 
3379317,34 72 
3379352,79 70 
3380878,59 80 
3381684,69 83 
3382207,81 64 523
3382496,09 256 
3382508,45 63 291
3382911,92 151 
3382938,24 69 
3383391,82 93 
3383940,29 256 
3384443,11 103 
3384443,11 101 
3388458,27 100 
3388458,27 4
3388458,27 1957
3388458,27 11
3390454,72 25 
3391228,13 75 
3391421,73 250 
3391426,47 101 
3393427,11 100 
3393427,11 4
3393427,11 1957
3393427,11 11
3393427,11 25 
3399717,13 75 
3401119,31 72 
3401156,99 70 
3402688,05 80 
3403502,27 83 
3403907,69 64 406
3404289,29 62 361
3404692,28 151 
3404715,82 69 
3405171,35 93 
3405956,94 256 
3406220,72 103 
3406220,72 101 
3410236,92 100 
3410236,92 4
3410236,92 1957
3410236,92 10
3412232,47 25 
3412246,04 75 
3413649,51 72 
3413685,18 70 
3415217,25 80 
3416030,29 83 
3416901,02 64 871
3417270,36 63 348
3417674,05 151 
3417697,11 69 
3418150,66 93 
3418931,13 256 
3419201,88 103 
3419201,88 101 
3423217,44 100 
3423217,44 4
3423217,44 1957
3423217,44 11
3425213,65 25 
3428773,27 75 
3429065,77 250 
3429077,38 101 
3431077,82 100 
3431077,82 4
3431077,82 1957
3431077,82 11
3431077,82 25 
3432343,44 75 
3433747,49 72 
3433783,34 70 
3435312,09 80 
3436060,77 250 
3436074,85 101 
3438074,9 100 
3438074,9 4
3438074,9 1957
3438074,9 11
3438074,9 25 
3440420,88 75 
3440567,93 250 
3440579,26 101 
3442579,71 100 
3442579,71 4
3442579,71 1957
3442579,71 11
3442579,71 25 
3442592,51 75 
3443997,84 72 
3444032,41 70 
3445561,63 80 
3446377,68 83 
3446958,98 64 581
3447232,35 62 256
3447637,06 151 
3447657,83 69 
3448111,25 93 
3449176,06 103 
3449176,06 101 
3453191,51 100 
3453191,51 4
3453191,51 1957
3453191,51 11
3455187,79 25 
3459292,92 75 
3460697,37 72 
3460865,36 70 
3462441,68 80 
3463383,8 83 
3463686,23 64 303
3463907,57 256 
3463930,34 62 227
3464334,38 151 
3464357,63 69 
3464812,63 93 
3465862,44 103 
3465862,44 101 
3469877,91 100 
3469877,91 4
3469877,91 1957
3469877,91 10
3471874,03 25 
3471887,75 75 
3473291,91 72 
3473446,79 70 
3475029,46 80 
3475965,22 83 
3476064,78 64 100
3476325,94 62 241
3476728,17 150 
3476753,43 68 
3477207,73 92 
3477207,73 65 
3478257,21 103 
3478257,21 101 
3478297,93 102 
