41,45 100 
41,45 5
41,45 1955
41,45 11
2032,33 25 
2057,47 75 
5087,96 72 
5293,17 70 
6851,34 80 
7668,43 83 
7861,98 64 194
8141,36 63 260
8445,88 151 
8471,02 69 
8926,45 93 
9975,76 103 
9975,76 101 
13988,65 100 
13988,65 5
13988,65 1955
13988,65 10
15985,51 25 
15999,08 75 
17401,78 72 
17531,46 70 
19063,37 80 
19876,85 83 
19913,83 64 38
20150,06 62 219
20454,24 151 
20477,18 69 
20930,18 93 
21982,29 103 
21982,29 101 
25997,23 100 
25997,23 5
25997,23 1955
25997,23 11
27993,95 25 
28847,12 75 
30249,05 72 
30286,25 70 
31814,9 80 
32618,38 83 
32887,54 64 269
33130,04 61 231
33434,14 151 
33458,51 69 
33911,61 93 
34963,59 103 
34963,59 101 
38978,21 100 
38978,21 5
38978,21 1955
38978,21 10
40975,22 25 
41148,59 75 
41150,9 250 
41161 101 
43160,93 100 
43160,93 5
43160,93 1955
43160,93 10
43160,93 25 
43174,18 75 
44575,99 72 
44613,62 70 
46143,02 80 
46958,92 83 
47162,21 64 204
47430,67 63 259
47733,24 150 
47745,89 68 
48152,01 256 
48557,49 173 
48751,09 173 
49199,87 92 
49199,87 65 
49250,98 103 
49250,98 101 
49760,53 100 
49760,53 5
49760,53 1955
49760,53 11
51757,29 25 
51824,16 75 
52025,65 250 
52036,2 101 
54036,28 100 
54036,28 5
54036,28 1955
54036,28 11
54036,28 25 
54049,27 75 
55450,81 72 
55489,07 70 
57017,64 80 
57834,44 83 
58177,73 64 344
58430,85 62 237
58734,18 150 
58755,49 68 
59208,67 92 
59208,67 65 
60259,77 103 
60259,77 101 
60769,35 100 
60769,35 5
60769,35 1955
60769,35 11
62766,11 25 
63099,45 75 
64502,05 72 
64538,66 70 
66066,97 80 
66884,04 83 
67183,16 64 299
67490,89 63 288
67792,8 153 
67818,45 68 
68271,2 92 
68271,2 65 
69322,65 103 
69322,65 101 
69832,07 100 
69832,07 5
69832,07 1955
69832,07 10
71829 25 
71856,4 75 
73259,24 72 
73295,07 70 
74824,82 80 
75627,3 83 
75945,08 64 318
76189,08 63 229
76491,25 150 
76508,17 68 
76961,32 92 
76961,32 65 
78012,39 103 
78012,39 101 
78521,85 100 
78521,85 5
78521,85 1955
78521,85 10
80518,64 25 
80532,74 75 
81934,94 72 
81971,51 70 
83500,77 80 
84316,89 83 
84481,12 64 165
84770,74 63 281
85073,92 150 
85091,38 68 
85545,16 92 
85545,16 65 
86595,52 103 
86595,52 101 
87104,92 100 
87104,92 5
87104,92 1955
87104,92 10
89101,87 25 
89115,47 75 
90517,68 72 
90554,57 70 
92080,55 80 
92886,61 83 
93287,53 64 401
93570,47 63 271
93872,68 150 
93887,62 68 
94341,26 92 
94341,26 65 
95391,85 103 
95391,85 101 
95901,28 100 
95901,28 5
95901,28 1955
95901,28 11
97898,18 25 
97912 75 
99314,8 72 
99350,94 70 
100879,82 80 
101696,31 83 
101951,07 64 255
102320,31 63 358
102623,02 151 
102644,02 69 
103097,64 93 
104148,26 103 
104148,26 101 
108163,71 100 
108163,71 5
108163,71 1955
108163,71 10
110159,8 25 
113092,07 75 
113161,03 250 
113170,88 101 
115170,96 100 
115170,96 5
115170,96 1955
115170,96 10
115170,96 25 
115184,31 75 
116587,42 72 
116623,78 70 
118153 80 
119089,06 83 
119286,8 64 198
119608,99 63 307
119911,29 150 
119930,17 68 
120384,35 92 
120384,35 65 
121434,43 103 
121434,43 101 
121943,82 100 
121943,82 5
121943,82 1955
121943,82 11
123940,7 25 
123954,54 75 
125357,7 72 
125513,46 70 
127099,47 80 
128032,05 83 
128288,88 64 257
128510,12 61 212
128812,49 151 
128833,17 69 
129287,2 93 
130337,41 103 
130337,41 101 
134352,15 100 
134352,15 5
134352,15 1955
134352,15 10
136348,98 25 
136362,65 75 
137765,76 72 
137921,61 70 
139496,03 80 
140426,88 83 
140721,03 64 295
140989,13 63 256
141290,9 150 
141308,03 68 
141760,65 92 
141760,65 65 
142812,24 103 
142812,24 101 
143321,64 100 
143321,64 5
143321,64 1955
143321,64 11
145318,46 25 
145333,2 75 
146736,17 72 
146891,22 70 
148462,56 80 
149396,55 83 
149606,7 64 211
149848,58 61 225
150150,1 151 
150171,01 69 
150623,47 93 
151675,21 103 
151675,21 101 
155689,98 100 
155689,98 5
155689,98 1955
155689,98 11
157686,85 25 
157807,04 75 
158184,51 250 
158192,23 101 
160192,29 100 
160192,29 5
160192,29 1955
160192,29 11
160192,29 25 
162684,25 75 
162881,04 250 
162896,94 101 
164897,23 100 
164897,23 5
164897,23 1955
164897,23 11
164897,23 25 
164910,34 75 
166313,57 72 
166469,78 70 
168042,74 80 
168975,04 83 
169176,53 64 201
169449,02 61 261
169751,17 151 
169776,23 69 
170230,21 93 
171280,45 103 
171280,45 101 
175295,06 100 
175295,06 5
175295,06 1955
175295,06 11
177291,88 25 
177305,68 75 
178707,68 72 
178944,61 70 
180495,33 80 
181436,57 83 
181822,73 64 387
182118,48 62 282
182419,93 150 
182437,63 68 
182889,79 92 
182889,79 65 
183941,83 103 
183941,83 101 
184451,25 100 
184451,25 5
184451,25 1955
184451,25 10
186448,17 25 
186462,25 75 
187864,88 72 
187994,2 70 
189550,4 80 
190459,5 83 
190838,38 64 379
191128,07 63 269
191430,06 150 
191447,29 68 
191901,16 92 
191901,16 65 
192951,46 103 
192951,46 101 
193460,86 100 
193460,86 5
193460,86 1955
193460,86 10
195457,8 25 
195471,6 75 
196873,81 72 
197004,16 70 
198563,22 80 
199469,09 83 
199640,01 64 171
199938,8 63 284
200240,83 150 
200256,96 68 
200710,7 92 
200710,7 65 
201761,12 103 
201761,12 101 
202270,69 100 
202270,69 5
202270,69 1955
202270,69 11
204267,37 25 
204281 75 
205684,35 72 
205813,46 70 
207377,07 80 
208278,74 83 
208431,95 64 154
208648,49 62 196
208950,9 150 
208973,22 68 
209427,62 92 
209427,62 65 
210477,53 103 
210477,53 101 
210988,03 100 
210988,03 5
210988,03 1955
210988,03 10
212983,75 25 
212997,47 75 
214400,01 72 
214529,83 70 
216088,79 80 
216995,13 83 
217271,95 64 277
217557,96 63 270
217860,24 152 
217875,38 69 
218328,49 93 
219202,88 256 
219380,48 103 
219380,48 101 
223396,07 100 
223396,07 5
223396,07 1955
223396,07 11
225392,08 25 
225405,57 75 
226809,77 72 
226951,37 70 
228508,26 80 
229416,7 83 
229531,88 64 116
229718,45 62 169
230021,55 150 
230044,57 68 
230499,32 92 
230499,32 65 
231548,77 103 
231548,77 101 
232058,3 100 
232058,3 5
232058,3 1955
232058,3 10
234055,03 25 
234082,24 75 
235484,49 72 
235614,75 70 
237177,98 80 
238093,08 83 
238666,47 64 573
238969,53 63 290
239271,38 150 
239294,03 68 
239746,86 92 
239746,86 65 
240798,31 103 
240798,31 101 
241307,82 100 
241307,82 5
241307,82 1955
241307,82 10
243304,67 25 
243318,54 75 
244721,48 72 
244850,67 70 
246415,81 80 
247329,29 83 
247786,18 64 457
248138,48 63 343
248439,77 150 
248463,62 68 
248917,15 92 
248917,15 65 
249967,82 103 
249967,82 101 
250477,35 100 
250477,35 5
250477,35 1955
250477,35 11
252474,05 25 
252501,42 75 
252503,74 250 
252513,26 101 
254513,21 100 
254513,21 5
254513,21 1955
254513,21 11
254513,21 25 
254526,24 75 
255929,67 72 
256072,65 70 
257629,45 80 
258537,92 83 
258778,06 64 241
258977,86 62 187
259281,89 150 
259299,04 68 
259751,75 92 
259751,75 65 
260803,33 103 
260803,33 101 
261312,76 100 
261312,76 5
261312,76 1955
261312,76 10
263309,72 25 
263337,09 75 
264740,02 72 
264882,33 70 
266438,42 80 
267347,62 83 
267703,47 64 356
267947,35 63 227
268250,47 152 
268267,8 69 
268721,61 93 
269772,96 103 
269772,96 101 
273787,63 100 
273787,63 5
273787,63 1955
273787,63 11
275784,52 25 
275798,64 75 
277200,65 72 
277237,19 70 
278763,63 80 
279556,05 83 
279886,13 64 330
280148,01 62 246
280451,12 150 
280463,77 68 
280918,79 92 
280918,79 65 
281967,9 103 
281967,9 101 
282477,46 100 
282477,46 5
282477,46 1955
282477,46 11
284474,14 25 
284860,94 75 
286263,65 72 
286300,11 70 
287828,41 80 
288645,51 83 
288835,55 64 190
289038,07 62 193
289342,46 150 
289366,71 68 
289820,92 92 
289820,92 65 
290870,86 103 
290870,86 101 
291380,45 100 
291380,45 5
291380,45 1955
291380,45 10
293377,25 25 
293391,33 75 
294795,56 72 
294829,91 70 
296358,68 80 
297175,32 83 
297595,45 64 420
297857,69 63 243
298160,02 150 
298176,37 68 
298629,31 92 
298629,31 65 
299680,57 103 
299680,57 101 
300189,99 100 
300189,99 5
300189,99 1955
300189,99 10
302186,84 25 
302680,18 75 
304082,21 72 
304119,39 70 
305646,07 80 
306451,41 83 
306871,5 64 420
307147,71 63 257
307451,42 150 
307465,92 68 
307920,12 92 
307920,12 65 
308970,04 103 
308970,04 101 
309479,59 100 
309479,59 5
309479,59 1955
309479,59 11
311476,47 25 
311490,24 75 
312893,04 72 
312929,12 70 
314456,87 80 
315261,11 83 
315473,32 64 212
315697,8 62 211
316000,61 150 
316022,19 68 
316474,85 92 
316474,85 65 
317526,47 103 
317526,47 101 
318037,24 100 
318037,24 5
318037,24 1955
318037,24 11
318037,24 79 
320032,84 25 
320046,4 75 
321449,72 72 
321485,61 70 
323014,64 80 
323830,86 83 
323961,08 64 131
324157 62 180
324459,82 150 
324485,46 68 
324939,06 92 
324939,06 65 
325989,66 103 
325989,66 101 
326499,08 100 
326499,08 5
326499,08 1955
326499,08 11
328495,99 25 
331534,94 75 
332937,92 72 
332974,13 70 
334509,18 80 
335319,47 83 
336052,15 64 733
336248,97 62 184
336551,3 150 
336573,7 68 
337027,89 92 
337027,89 65 
338077,96 103 
338077,96 101 
338587,55 100 
338587,55 5
338587,55 1955
338587,55 11
340584,22 25 
340598,14 75 
342001,69 72 
342037,11 70 
343565,42 80 
344369,07 83 
344956,98 64 588
345177,62 63 210
345480,64 151 
345503,33 69 
345956,18 93 
347007,63 103 
347007,63 101 
351022,38 100 
351022,38 5
351022,38 1955
351022,38 10
353019,31 25 
353033,01 75 
354436,48 72 
354471,86 70 
355997,72 80 
356803,91 83 
357062,67 64 260
357386,65 63 304
357689,44 150 
357711,72 68 
358164,94 92 
358164,94 65 
359215,86 103 
359215,86 101 
359725,35 100 
359725,35 5
359725,35 1955
359725,35 10
361722,17 25 
361736,23 75 
363139,61 72 
363174,98 70 
364701,23 80 
365506,94 83 
365608,92 64 103
365896,91 63 271
366199,54 150 
366214,94 68 
366667,63 92 
366667,63 65 
367719,03 103 
367719,03 101 
368228,51 100 
368228,51 5
368228,51 1955
368228,51 10
370225,27 25 
370252,33 75 
371655,31 72 
371824,75 70 
373396,51 80 
374329,96 83 
374545,22 64 216
374847,43 63 291
375148,72 150 
375171,03 68 
375625,88 92 
375625,88 65 
376675,3 103 
376675,3 101 
377184,83 100 
377184,83 5
377184,83 1955
377184,83 10
379181,56 25 
379195,26 75 
380597,8 72 
380754,44 70 
382323,28 80 
383259,61 83 
383598,47 64 339
383918,1 63 299
384220,39 152 
384234,01 69 
384686,61 93 
385738,21 103 
385738,21 101 
389752,84 100 
389752,84 5
389752,84 1955
389752,84 11
391749,75 25 
391763,25 75 
393166 72 
393322,47 70 
394904,5 80 
395841,02 83 
396052,99 64 212
396257,42 62 190
396560,15 150 
396575,68 68 
397030,43 92 
397030,43 65 
398079,76 103 
398079,76 101 
398589,32 100 
398589,32 5
398589,32 1955
398589,32 10
400586,14 25 
401026,14 75 
402429,23 72 
402585,32 70 
404140,01 80 
405050,56 83 
405200,67 64 151
405487,08 63 277
405789,82 150 
405811,67 68 
406264,71 92 
406264,71 65 
407315,92 103 
407315,92 101 
407825,62 100 
407825,62 5
407825,62 1955
407825,62 11
409822,33 25 
409862,48 75 
411264,77 72 
411395 70 
412927,49 80 
413727,33 83 
414416,43 64 689
414736,88 61 304
415040,25 151 
415060,31 69 
415513,05 93 
416565,49 103 
416565,49 101 
420580,98 100 
420580,98 5
420580,98 1955
420580,98 11
422576,96 25 
422604,21 75 
424007,81 72 
424043,01 70 
425568,79 80 
426375,07 83 
426696,31 64 321
427036,85 63 329
427339,72 151 
427362,73 69 
427815,77 93 
428867,01 103 
428867,01 101 
432882,42 100 
432882,42 5
432882,42 1955
432882,42 11
434878,59 25 
435505,18 75 
436906,8 72 
436944,44 70 
438471,01 80 
439276,36 83 
439662,3 64 386
440186,79 62 511
440489,94 150 
440504 68 
440959,22 92 
440959,22 65 
442008,23 103 
442008,23 101 
442517,65 100 
442517,65 5
442517,65 1955
442517,65 10
444514,62 25 
444529,63 75 
445931,66 72 
445967,26 70 
447494,07 80 
448286,14 83 
448582,16 64 296
448836,59 63 244
449140,2 150 
449153,96 68 
449607,61 92 
449607,61 65 
450657,98 103 
450657,98 101 
451167,54 100 
451167,54 5
451167,54 1955
451167,54 10
453164,37 25 
453177,79 75 
454581,64 72 
454617,01 70 
456144,74 80 
456949,05 83 
457316,1 64 367
457647,01 256 
457652,58 63 317
457956,2 150 
457976,84 68 
458430,64 92 
458430,64 65 
459481 103 
459481 101 
459990,54 100 
459990,54 5
459990,54 1955
459990,54 11
461987,4 25 
462014,33 75 
463417,13 72 
463453,35 70 
464978,76 80 
465772,2 83 
465896,25 64 124
466148,36 62 243
466449,94 150 
466466,6 68 
466921,34 92 
466921,34 65 
467970,82 103 
467970,82 101 
468480,22 100 
468480,22 5
468480,22 1955
468480,22 10
470477,12 25 
470491,06 75 
471894,05 72 
471929,88 70 
473455,83 80 
474261,88 83 
474603,87 64 343
474827,39 63 206
475130,34 152 
475142,19 69 
475594,79 93 
476647,24 103 
476647,24 101 
480661,87 100 
480661,87 5
480661,87 1955
480661,87 10
482658,77 25 
485177,86 75 
485234,17 250 
485243,35 101 
487243,53 100 
487243,53 5
487243,53 1955
487243,53 10
487243,53 25 
487256,84 75 
487371,8 250 
487375,94 101 
489389,22 100 
489389,22 5
489389,22 1955
489389,22 10
489389,22 25 
489402,19 75 
490804,86 72 
490842,05 70 
492369,61 80 
493174,07 83 
493593,86 64 420
493936,58 63 323
494240,54 150 
494255,07 68 
494709,14 92 
494709,14 65 
495759,27 103 
495759,27 101 
496268,7 100 
496268,7 5
496268,7 1955
496268,7 11
498265,76 25 
498279,11 75 
499681,21 72 
499718,32 70 
501244,39 80 
502050,33 83 
502337,65 64 287
502576,69 61 221
502879,32 151 
502903,94 69 
503356,97 93 
504409,02 103 
504409,02 101 
508423,85 100 
508423,85 5
508423,85 1955
508423,85 10
510420,6 25 
510434,5 75 
511837,51 72 
512006,57 70 
513558,54 80 
514471,87 83 
514499,78 64 29
514837,46 63 326
515138,86 150 
515153 68 
515608,35 92 
515608,35 65 
516657,3 103 
516657,3 101 
517166,72 100 
517166,72 5
517166,72 1955
517166,72 11
519163,77 25 
519177,09 75 
520579,06 72 
520789,61 70 
522325,35 80 
523134,93 83 
523625,39 64 491
523895,94 62 255
524198,09 150 
524216,9 68 
524670,03 92 
524670,03 65 
525720,19 103 
525720,19 101 
526230,33 100 
526230,33 5
526230,33 1955
526230,33 10
528226,44 25 
528240,95 75 
529643,76 72 
529679,29 70 
531208,65 80 
532117,94 83 
532451,24 64 334
532747,29 63 283
533049,3 150 
533065,66 68 
533518,53 92 
533518,53 65 
534569,86 103 
534569,86 101 
535079,29 100 
535079,29 5
535079,29 1955
535079,29 11
537076,23 25 
537089,75 75 
538493,38 72 
538635,59 70 
540194,05 80 
541100,85 83 
541317,64 64 218
541486,05 62 159
541788,87 150 
541808,71 68 
542262,79 92 
542262,79 65 
543313 103 
543313 101 
543822,34 100 
543822,34 5
543822,34 1955
543822,34 10
545819,16 25 
545832,92 75 
547236,08 72 
547378,6 70 
548934,5 80 
549843,86 83 
550264,82 64 422
550555,25 63 272
550857,84 152 
550871,6 69 
551325,05 93 
552375,83 103 
552375,83 101 
556390,45 100 
556390,45 5
556390,45 1955
556390,45 10
558387,48 25 
558400,84 75 
559803,82 72 
559933,47 70 
561492,66 80 
562412,01 83 
562867,2 64 455
563145,92 62 255
563447,98 151 
563465,52 69 
563918,67 93 
564970,61 103 
564970,61 101 
568985,42 100 
568985,42 5
568985,42 1955
568985,42 10
570982,15 25 
570996,8 75 
572399,49 72 
572528,15 70 
574084,61 80 
574993,49 83 
575227,06 64 234
575435,58 61 189
575737,43 151 
575754,74 69 
576209,13 93 
576530,36 256 
577258,88 103 
577258,88 101 
581273,68 100 
581273,68 5
581273,68 1955
581273,68 11
583270,29 25 
583284,53 75 
584687,45 72 
584816,43 70 
586374,63 80 
587281,67 83 
587602,76 64 322
587915,82 63 302
588219,4 151 
588241,86 69 
588695,08 93 
589747,03 103 
589747,03 101 
593761,64 100 
593761,64 5
593761,64 1955
593761,64 10
595758,51 25 
595772,2 75 
597175,62 72 
597317,87 70 
598874,86 80 
599783,28 83 
600074,6 64 291
600395,37 63 306
600697,9 150 
600717,56 68 
601172,8 92 
601172,8 65 
602221,81 103 
602221,81 101 
602731,39 100 
602731,39 4
602731,39 1955
602731,39 11
602731,39 78 
602731,39 178 
604728,06 25 
604741,83 75 
606145,1 72 
606274,34 70 
607828,21 80 
608739,43 83 
609194,46 64 455
609425,04 61 220
609727,73 150 
609740,88 68 
610197,06 92 
610197,06 65 
611244,77 103 
611244,77 101 
611754,32 100 
611754,32 4
611754,32 1955
611754,32 11
613751,01 25 
613764,7 75 
615167,87 72 
615297,11 70 
616858,04 80 
617775,75 83 
617856,86 64 82
618085,68 61 217
618389,42 150 
618403,71 68 
618858,3 92 
618858,3 65 
619907,83 103 
619907,83 101 
620417,26 100 
620417,26 4
620417,26 1955
620417,26 11
622414,1 25 
622427,81 75 
623829,82 72 
623866,89 70 
625393,29 80 
626198,88 83 
626583,1 64 385
626785,4 61 187
627087,56 150 
627106,71 68 
627559,93 92 
627559,93 65 
628610,91 103 
628610,91 101 
629122,32 100 
629122,32 4
629122,32 1955
629122,32 10
631117,28 25 
631130,7 75 
632532,86 72 
632569,92 70 
634095,76 80 
634901,94 83 
635268,24 64 367
635545,53 63 257
635848,93 151 
635863,19 69 
636315,81 93 
637367,26 103 
637367,26 101 
641381,87 100 
641381,87 4
641381,87 1955
641381,87 11
643378,82 25 
644058,74 75 
645460,8 72 
645497,97 70 
647025,28 80 
647843,29 83 
648126,52 64 283
648355,01 61 219
648657,03 150 
648671,02 68 
649124,21 92 
649124,21 65 
650175,27 103 
650175,27 101 
650684,84 100 
650684,84 4
650684,84 1955
650684,84 10
652681,61 25 
652695,1 75 
654096,96 72 
654134,38 70 
655662,74 80 
656466,36 83 
657608,24 64 1142
657844,52 62 219
658146,09 150 
658160,41 68 
658613,07 92 
658613,07 65 
659664,71 103 
659664,71 101 
660174,3 100 
660174,3 4
660174,3 1955
660174,3 10
662171,07 25 
662184,56 75 
663587,27 72 
663623,76 70 
665151,44 80 
665969,13 83 
666228,33 64 259
666495,45 61 247
666797,32 151 
666809,51 69 
667263,5 93 
668314,46 103 
668314,46 101 
672329,08 100 
672329,08 4
672329,08 1955
672329,08 11
674325,89 25 
675325,72 75 
676727,84 72 
676764,95 70 
678293,84 80 
679110,29 83 
679234,14 64 124
679466,35 61 223
679768,51 150 
679791,47 68 
680243,68 92 
680243,68 65 
681295,7 103 
681295,7 101 
681805,2 100 
681805,2 4
681805,2 1955
681805,2 11
683802,16 25 
683816,27 75 
685218,88 72 
685254,78 70 
686781,48 80 
687586,81 83 
687883,75 64 298
688124,36 61 231
688425,9 150 
688441,26 68 
688896,21 92 
688896,21 65 
689945,46 103 
689945,46 101 
690455,11 100 
690455,11 4
690455,11 1955
690455,11 11
692451,7 25 
692465,99 75 
693869,81 72 
693904,56 70 
695434,64 80 
696249,85 83 
696532,08 64 283
696764,89 61 222
697067,96 150 
697090,93 68 
697543,89 92 
697543,89 65 
698595,2 103 
698595,2 101 
699104,85 100 
699104,85 4
699104,85 1955
699104,85 10
701101,53 25 
701116,48 75 
702519,83 72 
702554,26 70 
704080,36 80 
704886,29 83 
705182,27 64 296
705434,4 62 242
705736,38 152 
705754,03 69 
706207,18 93 
707258,3 103 
707258,3 101 
711272,97 100 
711272,97 4
711272,97 1955
711272,97 11
713269,75 25 
713283,85 75 
714687,1 72 
714722,65 70 
716251,78 80 
717067,9 83 
717473,81 64 407
717705,07 61 211
718008,11 150 
718028,97 68 
718483,57 92 
718483,57 65 
719533,22 103 
719533,22 101 
720042,84 100 
720042,84 4
720042,84 1955
720042,84 10
722039,44 25 
722053,18 75 
723456,61 72 
723612,31 70 
725190,34 80 
726130,82 83 
726541,46 64 411
726785,95 62 229
727088,68 150 
727105,2 68 
727558,56 92 
727558,56 65 
728609,43 103 
728609,43 101 
729120,25 100 
729120,25 4
729120,25 1955
729120,25 10
731115,7 25 
731129,62 75 
732532,68 72 
732688,45 70 
734271,42 80 
735207,08 83 
735479,38 64 272
735714,76 62 215
736018,07 150 
736034,79 68 
736488,95 92 
736488,95 65 
737539,09 103 
737539,09 101 
738048,67 100 
738048,67 4
738048,67 1955
738048,67 11
740045,31 25 
740072,9 75 
741476,73 72 
741631,5 70 
743207,76 80 
744136,69 83 
748415,53 64 4279
748653,93 61 226
748957,44 150 
748976,09 68 
749430,58 92 
749430,58 65 
750480,38 103 
750480,38 101 
750989,78 100 
750989,78 4
750989,78 1955
750989,78 11
752986,64 25 
753000,74 75 
753983,85 250 
753998,63 101 
755998,74 100 
755998,74 4
755998,74 1955
755998,74 11
755998,74 25 
756012 75 
756014,56 250 
756024,47 101 
758024,75 100 
758024,75 4
758024,75 1955
758024,75 11
758024,75 25 
758038,01 75 
759440,71 72 
759597,56 70 
761184,68 80 
762115,9 83 
762253,26 64 138
762515 61 253
762818,27 150 
762837,1 68 
763290,88 92 
763290,88 65 
764341,37 103 
764341,37 101 
764851,46 100 
764851,46 4
764851,46 1955
764851,46 10
766847,7 25 
766861,34 75 
768265,58 72 
768420,33 70 
770019,73 80 
770965,56 83 
771275,36 64 310
771585,03 63 300
771887,05 151 
771900,16 69 
772355,7 93 
772557,74 256 
773404,24 103 
773404,24 101 
777418,84 100 
777418,84 4
777418,84 1955
777418,84 10
779415,71 25 
779429,41 75 
780831,73 72 
780988,39 70 
782571,39 80 
783507 83 
783831,2 64 324
784074,26 61 221
784376,64 153 
784401,49 68 
784856,22 92 
784856,22 65 
785905,69 103 
785905,69 101 
786415,12 100 
786415,12 4
786415,12 1955
786415,12 10
788412,03 25 
788425,95 75 
789828,96 72 
789984,67 70 
791562,89 80 
792490,02 83 
792865,1 64 376
793105,21 62 229
793407,52 150 
793424,34 68 
793877,07 92 
793877,07 65 
794928,64 103 
794928,64 101 
795438,06 100 
795438,06 4
795438,06 1955
795438,06 10
797435,01 25 
797462,09 75 
798865,45 72 
799020,99 70 
800593,58 80 
801526,23 83 
801781,48 64 255
802005,4 61 213
802306,65 151 
802326,45 69 
802780,2 93 
803831,62 103 
803831,62 101 
807846,25 100 
807846,25 4
807846,25 1955
807846,25 11
809843,12 25 
809856,62 75 
811259,41 72 
811415,82 70 
812991,8 80 
813921,15 83 
814318,88 64 398
814575,33 61 241
814877,15 150 
814895,47 68 
815348,54 92 
815348,54 65 
816399,72 103 
816399,72 101 
816909,31 100 
816909,31 4
816909,31 1955
816909,31 11
818905,96 25 
818919,53 75 
820322,65 72 
820478,83 70 
822062,92 80 
822997,33 83 
823282,95 64 286
823534,31 61 231
823836,82 150 
823851,8 68 
824305,22 92 
824305,22 65 
825356,01 103 
825356,01 101 
825866,02 100 
825866,02 4
825866,02 1955
825866,02 11
827862,24 25 
827876,53 75 
829279,64 72 
829435,04 70 
831016,36 80 
831953,74 83 
832296,58 64 343
832503,32 61 190
832806,07 150 
832821,54 68 
833274 92 
833274 65 
834325,64 103 
834325,64 101 
834835,79 100 
834835,79 4
834835,79 1955
834835,79 10
836831,9 25 
836859,49 75 
838261,67 72 
838418 70 
840005,91 80 
840936,58 83 
841222,35 64 286
841445,75 62 203
841748,81 150 
841764,31 68 
842217,89 92 
842217,89 65 
843268,59 103 
843268,59 101 
843778,18 100 
843778,18 4
843778,18 1955
843778,18 11
845774,96 25 
855774,55 254 
855783,43 101 
857782,72 100 
857782,72 4
857782,72 1955
857782,72 11
857782,72 25 
860715,61 75 
862119,17 72 
862274,76 70 
863854,67 80 
864743,31 250 
864753,06 101 
866753,03 100 
866753,03 4
866753,03 1955
866753,03 11
866753,03 25 
866769,63 75 
868172,42 72 
868325,55 70 
869906,11 80 
870831,09 83 
871031,04 64 201
871284,55 61 240
871587,14 150 
871605,43 68 
872058,7 92 
872058,7 65 
873109,56 103 
873109,56 101 
873619 100 
873619 4
873619 1955
873619 10
875615,96 25 
877068,79 75 
878472,28 72 
878627,93 70 
880187,03 80 
881093,23 83 
884224,26 64 3131
884493,47 62 255
884796,05 150 
884813,18 68 
885267,53 92 
885267,53 65 
886317,41 103 
886317,41 101 
886827,02 100 
886827,02 4
886827,02 1955
886827,02 11
888823,72 25 
888837,22 75 
890239,01 72 
890369,74 70 
891936,08 80 
892848,37 83 
893216,45 64 368
893423,64 61 190
893726,54 150 
893742,84 68 
894197,26 92 
894197,26 65 
895247,04 103 
895247,04 101 
895756,53 100 
895756,53 4
895756,53 1955
895756,53 11
895756,53 79 
897753,34 25 
897767,24 75 
899170,74 72 
899299,67 70 
900859,77 80 
901764,67 83 
902055,94 64 292
902372,82 256 
902385,97 61 315
902689,75 150 
902712,48 68 
903165,99 92 
903165,99 65 
904216,65 103 
904216,65 101 
904726,15 100 
904726,15 4
904726,15 1955
904726,15 10
906723,19 25 
906740,48 75 
908143,25 72 
908269,27 70 
909825,96 80 
910734,44 83 
911561,98 64 828
911762,95 62 190
912065,18 152 
912082,07 69 
912535,32 93 
913586,13 103 
913586,13 101 
917600,79 100 
917600,79 3
917600,79 1955
917600,79 10
917600,79 78 
917600,79 178 
919597,69 25 
919611,39 75 
921013,83 72 
921143,65 70 
922704,36 80 
923609,57 83 
924204,05 64 596
924492,89 62 271
924796,07 150 
924809,93 68 
925263,19 92 
925263,19 65 
926314,16 103 
926314,16 101 
926823,59 100 
926823,59 3
926823,59 1955
926823,59 11
928820,66 25 
928833,99 75 
930235,95 72 
930366,59 70 
931918,88 80 
932831,87 83 
933287,94 64 457
933513,32 61 215
933815,53 151 
933831,99 69 
934285,09 93 
935337,1 103 
935337,1 101 
939351,92 100 
939351,92 3
939351,92 1955
939351,92 11
941348,54 25 
941362,27 75 
942765,34 72 
942907,98 70 
944463,02 80 
945373,25 83 
949092,98 64 3720
949352,77 61 248
949656,1 151 
949679,71 69 
950133,51 93 
951183,93 103 
951183,93 101 
955198,62 100 
955198,62 3
955198,62 1955
955198,62 10
957195,42 25 
960047,71 75 
961450,85 72 
961486,93 70 
963016,62 80 
963832,28 83 
964111,16 64 279
964343,11 61 218
964644,61 151 
964659,21 69 
965112,86 93 
966164,3 103 
966164,3 101 
970180,2 100 
970180,2 3
970180,2 1955
970180,2 11
972175,91 25 
972189,34 75 
973591,79 72 
973628,6 70 
975155,07 80 
975960,68 83 
976337,63 64 377
976613 61 266
976914,89 151 
976935,06 69 
977388,7 93 
978439,22 103 
978439,22 101 
982453,88 100 
982453,88 3
982453,88 1955
982453,88 11
984450,91 25 
984464,27 75 
985865,78 72 
985903,52 70 
987430,76 80 
988235,52 83 
988501,67 64 266
988792,98 256 
988799,06 63 284
989101,85 150 
989116,59 68 
989568,84 92 
989568,84 65 
990620,86 103 
990620,86 101 
991130,61 100 
991130,61 3
991130,61 1955
991130,61 11
993127,22 25 
993140,84 75 
994543,64 72 
994579,99 70 
996107,43 80 
996898,64 83 
997145,86 64 248
997432 63 267
997734,04 150 
997752,98 68 
998206,05 92 
998206,05 65 
999257,26 103 
999257,26 101 
999766,7 100 
999766,7 3
999766,7 1955
999766,7 10
1001763,63 25 
1001777,78 75 
1003180,83 72 
1003216,29 70 
1004744,6 80 
1005548,31 83 
1006159,4 64 611
1006412,22 61 238
1006715,05 151 
1006735,97 69 
1007189,08 93 
1008240,23 103 
1008240,23 101 
1012254,83 100 
1012254,83 3
1012254,83 1955
1012254,83 10
1014251,71 25 
1019010,07 75 
1019398,16 250 
1019408,63 101 
1021408,73 100 
1021408,73 3
1021408,73 1955
1021408,73 10
1021408,73 25 
1028751,99 75 
1030154,42 72 
1030191,83 70 
1031720,93 80 
1032537,16 83 
1033001,26 64 464
1033302,63 63 286
1033604,79 151 
1033618,13 69 
1034071,87 93 
1035122,43 103 
1035122,43 101 
1039137,16 100 
1039137,16 3
1039137,16 1955
1039137,16 11
1041134,05 25 
1041693,88 75 
1043096,25 72 
1043133,13 70 
1044659,83 80 
1045598,36 83 
1046849,81 64 1252
1047142,61 61 278
1047446,3 151 
1047465,72 69 
1047918,97 93 
1048970,01 103 
1048970,01 101 
1052984,79 100 
1052984,79 3
1052984,79 1955
1052984,79 11
1054981,72 25 
1054995,04 75 
1056397,79 72 
1056554,26 70 
1058127,69 80 
1059059,6 83 
1067178,66 64 8120
1067482,16 63 293
1067784,32 150 
1067803,96 68 
1068256,81 92 
1068256,81 65 
1069308,23 103 
1069308,23 101 
1069817,66 100 
1069817,66 3
1069817,66 1955
1069817,66 10
1071814,46 25 
1072521,52 75 
1073924,74 72 
1074080,28 70 
1075665,7 80 
1076598,88 83 
1076907,27 64 309
1077202,17 256 
1077247,66 63 330
1077550,34 151 
1077573,37 69 
1077999,05 256 
1078042,31 183 
1080253,43 181 
1081483,52 183 
1081932,72 93 
1081943,01 103 
1081943,01 101 
1085957,76 100 
1085957,76 3
1085957,76 1955
1085957,76 10
1087954,45 25 
1087968,2 75 
1089370,71 72 
1089527,21 70 
1091097,96 80 
1092019,22 83 
1092270,42 64 251
1092621,41 256 
1092633,42 63 348
1092935,17 153 
1092953,68 68 
1093407,15 92 
1093407,15 65 
1094457,81 103 
1094457,81 101 
1094967,22 100 
1094967,22 3
1094967,22 1955
1094967,22 10
1096964,21 25 
1096990,99 75 
1097209,2 250 
1097216,37 101 
1099216,57 100 
1099216,57 3
1099216,57 1955
1099216,57 10
1099216,57 25 
1099229,53 75 
1099232,55 250 
1099242,2 101 
1101242,27 100 
1101242,27 3
1101242,27 1955
1101242,27 10
1101242,27 25 
1101269,37 75 
1102671,93 72 
1102828,38 70 
1104405,25 80 
1105333,62 83 
1105522,68 64 190
1105852,12 63 319
1106154,16 151 
1106175 69 
1106628,75 93 
1106990,92 256 
1107679 103 
1107679 101 
1111694,59 100 
1111694,59 3
1111694,59 1955
1111694,59 10
1113690,52 25 
1113704,46 75 
1115107,37 72 
1115263,21 70 
1116839,02 80 
1117768,44 83 
1118124,58 64 356
1118492,12 63 351
1118795,39 151 
1118808,61 69 
1119261,92 93 
1120313,78 103 
1120313,78 101 
1124329,1 100 
1124329,1 3
1124329,1 1955
1124329,1 11
1126325,23 25 
1127711,62 75 
1129115,41 72 
1129270,76 70 
1130846,63 80 
1131775,98 83 
1134124,27 64 2348
1134491,77 63 357
1134794,54 150 
1134816,25 68 
1135269,59 92 
1135269,59 65 
1136320,46 103 
1136320,46 101 
1136829,98 100 
1136829,98 3
1136829,98 1955
1136829,98 11
1138826,9 25 
1139373,53 75 
1140776,04 72 
1140932,57 70 
1142490,93 80 
1143397,87 83 
1143656,6 64 259
1143980,86 63 304
1144283,77 150 
1144305,66 68 
1144759,36 92 
1144759,36 65 
1145809,83 103 
1145809,83 101 
1146319,46 100 
1146319,46 3
1146319,46 1955
1146319,46 11
1148316,11 25 
1149049,48 75 
1150451,82 72 
1150581,95 70 
1152149,01 80 
1153060,51 83 
1153775,84 64 716
1154103,08 63 310
1154405,38 150 
1154421,38 68 
1154874,69 92 
1154874,69 65 
1155925,67 103 
1155925,67 101 
1156435,09 100 
1156435,09 3
1156435,09 1955
1156435,09 11
1158432,09 25 
1158459,17 75 
1159862,44 72 
1159991,36 70 
1161553,23 80 
1162469,98 83 
1163003,94 64 535
1163310,96 63 295
1163613,94 152 
1163630,05 69 
1164082,71 93 
1165135,2 103 
1165135,2 101 
1169150,58 100 
1169150,58 3
1169150,58 1955
1169150,58 11
1171146,62 25 
1171160,7 75 
1172564,4 72 
1172599,5 70 
1174126,8 80 
1174931,47 83 
1175878,68 64 947
1176152,59 61 261
1176454,85 151 
1176478,06 69 
1176932,99 93 
1177983,17 103 
1177983,17 101 
1181998,57 100 
1181998,57 3
1181998,57 1955
1181998,57 10
1183994,85 25 
1184008,28 75 
1185410,97 72 
1185447,47 70 
1186973,74 80 
1187779,44 83 
1188107,52 64 328
1188411,54 63 285
1188713,29 151 
1188727,18 69 
1189181,18 93 
1190231,47 103 
1190231,47 101 
1194246,74 100 
1194246,74 3
1194246,74 1955
1194246,74 10
1196243,05 25 
1196256,79 75 
1197659,73 72 
1197695,74 70 
1199224,39 80 
1200027,72 83 
1200289,9 64 263
1200531,11 62 224
1200833,09 150 
1200855,46 68 
1201307,78 92 
1201307,78 65 
1202359,74 103 
1202359,74 101 
1202869,77 100 
1202869,77 3
1202869,77 1955
1202869,77 10
1204866,13 25 
1204879,64 75 
1206283,74 72 
1206318,91 70 
1207845,82 80 
1208637,7 83 
1209241,81 64 605
1209551,25 63 301
1209852,87 151 
1209878,55 69 
1210330,93 93 
1211382,68 103 
1211382,68 101 
1215397,33 100 
1215397,33 3
1215397,33 1955
1215397,33 10
1217394,27 25 
1217407,83 75 
1218810,67 72 
1218846,96 70 
1220375,12 80 
1221192,28 83 
1221655,6 64 463
1221970,93 63 299
1222273,03 151 
1222285,99 69 
1222740,04 93 
1223790,91 103 
1223790,91 101 
1227806,2 100 
1227806,2 3
1227806,2 1955
1227806,2 10
1229802,31 25 
1236093,33 75 
1237495,2 72 
1237532,55 70 
1239062,01 80 
1239864,66 83 
1240353,16 64 489
1240672,51 63 301
1240973,93 153 
1240998,93 68 
1241453,19 92 
1241453,19 65 
1242503,12 103 
1242503,12 101 
1243012,65 100 
1243012,65 3
1243012,65 1955
1243012,65 11
1245009,53 25 
1245023,37 75 
1246426 72 
1246462,14 70 
1247990,12 80 
1248794,2 83 
1249265,41 64 471
1249530,82 61 244
1249832,68 151 
1249848,58 69 
1250301,07 93 
1251352,78 103 
1251352,78 101 
1255368,25 100 
1255368,25 3
1255368,25 1955
1255368,25 11
1257364,21 25 
1257378,04 75 
1258781,88 72 
1258817,06 70 
1260342,45 80 
1261135,88 83 
1261463,03 64 328
1261792,8 63 311
1262094,75 150 
1262110,17 68 
1262564,22 92 
1262564,22 65 
1263614,35 103 
1263614,35 101 
1264123,92 100 
1264123,92 3
1264123,92 1955
1264123,92 11
1266120,6 25 
1266134,91 75 
1267537,52 72 
1267693,39 70 
1269243,96 80 
1270158,68 83 
1270414,88 64 257
1270681,84 63 257
1270983,6 150 
1270999,84 68 
1271454,29 92 
1271454,29 65 
1272504,03 103 
1272504,03 101 
1273013,42 100 
1273013,42 3
1273013,42 1955
1273013,42 11
1275010,26 25 
1275037,61 75 
1276439,78 72 
1276569,71 70 
1278132,61 80 
1279048,38 83 
1279379,18 64 331
1279652,3 63 258
1279954,4 150 
1279969,43 68 
1280423,08 92 
1280423,08 65 
1281473,63 103 
1281473,63 101 
1281983,03 100 
1281983,03 3
1281983,03 1955
1281983,03 10
1283979,92 25 
1283993,98 75 
1285395,71 72 
1285432,7 70 
1286959,38 80 
1287751,44 83 
1288132,58 64 381
1288361,87 62 211
1288663,95 150 
1288685,81 68 
1289140,43 92 
1289140,43 65 
1290189,99 103 
1290189,99 101 
1290699,54 100 
1290699,54 3
1290699,54 1955
1290699,54 10
1292696,28 25 
1292711,08 75 
1294114,39 72 
1294149,05 70 
1295675,39 80 
1296481,06 83 
1296597,5 64 116
1296860,94 63 247
1297163,6 151 
1297189 69 
1297642,16 93 
1298693,16 103 
1298693,16 101 
1302707,94 100 
1302707,94 3
1302707,94 1955
1302707,94 11
1304704,68 25 
1304718,35 75 
1306121,48 72 
1306157,46 70 
1307684,32 80 
1308489,41 83 
1309204,66 64 716
1309490,04 63 268
1309792,29 150 
1309810,28 68 
1310263,79 92 
1310263,79 65 
1311314,58 103 
1311314,58 101 
1311824,07 100 
1311824,07 3
1311824,07 1955
1311824,07 10
1313820,98 25 
1316539,94 75 
1317943,3 72 
1317979,22 70 
1319508,04 80 
1320311,28 83 
1320500,51 64 189
1320711,69 62 201
1321014,58 150 
1321032,31 68 
1321484,63 92 
1321484,63 65 
1322536,61 103 
1322536,61 101 
1323046,18 100 
1323046,18 3
1323046,18 1955
1323046,18 10
1325043,13 25 
1325483,11 75 
1325485,34 250 
1325495,07 101 
1327495,23 100 
1327495,23 3
1327495,23 1955
1327495,23 10
1327495,23 25 
1327509,01 75 
1328913,17 72 
1328948,09 70 
1330473,86 80 
1331279,96 83 
1331548,51 64 268
1331839,66 256 
1331945,67 63 387
1332249,06 151 
1332266,82 69 
1332719,95 93 
1333771,94 103 
1333771,94 101 
1337787,77 100 
1337787,77 3
1337787,77 1955
1337787,77 10
1339783,5 25 
1339797,17 75 
1341200,74 72 
1341236,17 70 
1342763,59 80 
1343568,2 83 
1343832,33 64 264
1344060,12 62 212
1344362,3 150 
1344382,63 68 
1344836,38 92 
1344836,38 65 
1345886,91 103 
1345886,91 101 
1346396,33 100 
1346396,33 3
1346396,33 1955
1346396,33 11
1348393,17 25 
1348406,9 75 
1349810,03 72 
1349845,94 70 
1351373,29 80 
1352177,97 83 
1352894,31 64 716
1353130,06 61 219
1353431,88 151 
1353444,74 69 
1353898,01 93 
1354949,84 103 
1354949,84 101 
1358964,46 100 
1358964,46 3
1358964,46 1955
1358964,46 11
1360961,29 25 
1360974,87 75 
1362376,64 72 
1362414,08 70 
1363943,09 80 
1364746,09 83 
1365071,03 64 325
1365369,74 256 
1365381,43 63 302
1365683,84 150 
1365707,31 68 
1366159,7 92 
1366159,7 65 
1367211,4 103 
1367211,4 101 
1367720,85 100 
1367720,85 3
1367720,85 1955
1367720,85 10
1369717,71 25 
1369731,8 75 
1371133,98 72 
1371170,47 70 
1372697,09 80 
1373489,17 83 
1373680,27 64 191
1373979,76 256 
1373993,25 63 304
1374422,7 151 
1374436,98 69 
1374891,3 93 
1375941,14 103 
1375941,14 101 
1379955,76 100 
1379955,76 3
1379955,76 1955
1379955,76 10
1381952,7 25 
1381966,27 75 
1383369,23 72 
1383525,49 70 
1385106,43 80 
1386030,64 83 
1386226,58 64 196
1386459,35 62 216
1386761,85 150 
1386778,48 68 
1387231,31 92 
1387231,31 65 
1388282,67 103 
1388282,67 101 
1388792,14 100 
1388792,14 3
1388792,14 1955
1388792,14 11
1390788,97 25 
1390803,18 75 
1392205,47 72 
1392361,73 70 
1393941,44 80 
1394880,3 83 
1395961,83 64 1082
1396269,7 63 297
1396572,98 150 
1396587,75 68 
1397043,13 92 
1397043,13 65 
1398091,94 103 
1398091,94 101 
1398601,39 100 
1398601,39 3
1398601,39 1955
1398601,39 10
1400598,46 25 
1400612,01 75 
1402015,43 72 
1402170,98 70 
1403747,93 80 
1404676,24 83 
1404841,33 64 165
1404863,35 256 
1405185,32 63 336
1405486,9 151 
1405503,2 69 
1405956,69 93 
1407008,28 103 
1407008,28 101 
1411022,94 100 
1411022,94 3
1411022,94 1955
1411022,94 11
1413020,54 25 
1423019,6 254 
1423028,3 101 
1425027,57 100 
1425027,57 3
1425027,57 1955
1425027,57 11
1425027,57 25 
1429999,6 75 
1430001,81 250 
1430011,8 101 
1432011,95 100 
1432011,95 3
1432011,95 1955
1432011,95 11
1432011,95 25 
1432025,26 75 
1433428,89 72 
1433584,59 70 
1435157,54 80 
1436089,9 83 
1436689,45 64 600
1436930,46 62 228
1437231,65 153 
1437250,89 68 
1437704,71 92 
1437704,71 65 
1438755,09 103 
1438755,09 101 
1439264,51 100 
1439264,51 3
1439264,51 1955
1439264,51 10
1441261,49 25 
1441434,85 75 
1442838,27 72 
1442994,02 70 
1444552,3 80 
1445459,35 83 
1445707,4 64 248
1446048,79 63 324
1446351,62 151 
1446367,12 69 
1446819,89 93 
1447871,31 103 
1447871,31 101 
1451886,14 100 
1451886,14 3
1451886,14 1955
1451886,14 11
1453882,77 25 
1453896,61 75 
1455299,31 72 
1455428,9 70 
1456988,26 80 
1457974,14 83 
1458281,11 64 307
1458639,41 256 
1458659,58 63 365
1458963,14 150 
1458988,52 68 
1459441,2 92 
1459441,2 65 
1460492,74 103 
1460492,74 101 
1461003,03 100 
1461003,03 3
1461003,03 1955
1461003,03 11
1462998,98 25 
1463385,93 75 
1464788,7 72 
1464824,95 70 
1466352,11 80 
1467143,74 83 
1467291,21 64 148
1467631,03 63 327
1467932,87 150 
1467958,18 68 
1468410,87 92 
1468410,87 65 
1469462,36 103 
1469462,36 101 
1469971,79 100 
1469971,79 3
1469971,79 1955
1469971,79 10
1471968,67 25 
1471982,18 75 
1473384,17 72 
1473421,4 70 
1474949,97 80 
1475753,44 83 
1475911,54 64 158
1476108,78 62 183
1476411,87 150 
1476434,57 68 
1476887,43 92 
1476887,43 65 
1477938,85 103 
1477938,85 101 
1478448,47 100 
1478448,47 3
1478448,47 1955
1478448,47 11
1480445,1 25 
1480462,28 75 
1481865,46 72 
1481897,93 70 
1483425,67 80 
1484229,9 83 
1484781,16 64 552
1485018,68 63 230
1485322,65 150 
1485337,82 68 
1485790,63 92 
1485790,63 65 
1486841,84 103 
1486841,84 101 
1487351,26 100 
1487351,26 3
1487351,26 1955
1487351,26 10
1489348,15 25 
1493973,09 75 
1495376,19 72 
1495412,28 70 
1496941,13 80 
1497744,52 83 
1498602,83 64 859
1498848,64 62 226
1499152,4 150 
1499171,81 68 
1499624,49 92 
1499624,49 65 
1500676,14 103 
1500676,14 101 
1501185,53 100 
1501185,53 3
1501185,53 1955
1501185,53 11
1503182,53 25 
1503489,14 75 
1504891,28 72 
1504928,39 70 
1506457,05 80 
1507260,53 83 
1507997,07 64 737
1508389,39 62 383
1508690,79 151 
1508713,69 69 
1509169,4 93 
1510218,83 103 
1510218,83 101 
1514233,44 100 
1514233,44 3
1514233,44 1955
1514233,44 10
1516230,32 25 
1517203,45 75 
1518607,63 72 
1518642,64 70 
1520169,14 80 
1520974,68 83 
1521277,64 64 304
1521529,16 62 235
1521831,14 150 
1521855,78 68 
1522311,58 92 
1522311,58 65 
1523360,02 103 
1523360,02 101 
1523869,48 100 
1523869,48 3
1523869,48 1955
1523869,48 10
1525866,52 25 
1525881,35 75 
1527284,09 72 
1527319,09 70 
1528846,21 80 
1529651,09 83 
1529987,15 64 336
1530348,53 256 
1530360,39 63 363
1530661,84 153 
1530678,84 68 
1531133,04 92 
1531133,04 65 
1532183,03 103 
1532183,03 101 
1532693,67 100 
1532693,67 3
1532693,67 1955
1532693,67 11
1534690,65 25 
1534703,2 75 
1536106,08 72 
1536142,07 70 
1537668,89 80 
1538474,07 83 
1538807,03 64 333
1539109,23 63 289
1539410,71 150 
1539435,24 68 
1539889,02 92 
1539889,02 65 
1540939,39 103 
1540939,39 101 
1541449,03 100 
1541449,03 3
1541449,03 1955
1541449,03 11
1543445,78 25 
1548603,8 75 
1548656,05 250 
1548669,23 101 
1550669,4 100 
1550669,4 3
1550669,4 1955
1550669,4 11
1550669,4 25 
1550682,33 75 
1552084,5 72 
1552123,42 70 
1553652,58 80 
1554467,47 83 
1554808,5 64 341
1555088,89 256 
1555111,3 63 284
1555414,27 150 
1555428,63 68 
1555882,01 92 
1555882,01 65 
1556932,8 103 
1556932,8 101 
1557442,35 100 
1557442,35 3
1557442,35 1955
1557442,35 10
1559439,18 25 
1559466,25 75 
1560869,28 72 
1561025,12 70 
1562604,51 80 
1563530,4 83 
1563822,54 64 292
1564058,45 62 222
1564360,47 150 
1564384,85 68 
1564838,44 92 
1564838,44 65 
1565889,06 103 
1565889,06 101 
1566399,4 100 
1566399,4 3
1566399,4 1955
1566399,4 10
1568395,3 25 
1568409,4 75 
1569812,38 72 
1569968,1 70 
1571547,26 80 
1572473,38 83 
1572858,3 64 385
1573128,79 63 256
1573432,2 151 
1573446,88 69 
1573900,6 93 
1574952 103 
1574952 101 
1578968,6 100 
1578968,6 3
1578968,6 1955
1578968,6 10
1580963,57 25 
1580977,15 75 
1582380,34 72 
1582536,27 70 
1584115,54 80 
1585018,97 250 
1585027,8 101 
1587027,64 100 
1587027,64 3
1587027,64 1955
1587027,64 10
1587027,64 25 
1587054,85 75 
1588457,26 72 
1588613,69 70 
1590194,14 80 
1591118,93 83 
1592417,98 64 1300
1592767,96 256 
1592775,56 63 337
1593078,08 151 
1593092,08 69 
1593546,73 93 
1593801,91 256 
1594597,41 103 
1594597,41 101 
1598611,8 100 
1598611,8 3
1598611,8 1955
1598611,8 11
1600608,64 25 
1602594,72 75 
1602691,05 250 
1602700,2 101 
1604700,34 100 
1604700,34 3
1604700,34 1955
1604700,34 11
1604700,34 25 
1604713,67 75 
1606116,1 72 
1606273,01 70 
1607847,65 80 
1608778,32 83 
1609392,38 64 614
1609609,38 62 205
1609911,61 151 
1609925,08 69 
1610378,78 93 
1611443,5 103 
1611443,5 101 
1615458,25 100 
1615458,25 3
1615458,25 1955
1615458,25 10
1617454,98 25 
1617482,4 75 
1618884,72 72 
1619041,06 70 
1620619,91 80 
1621546,36 83 
1622068,21 64 522
1622398,41 63 319
1622701,46 151 
1622719,72 69 
1623173,42 93 
1624224,9 103 
1624224,9 101 
1628239,5 100 
1628239,5 3
1628239,5 1955
1628239,5 11
1630236,44 25 
1635554,38 75 
1635556,68 250 
1635566,56 101 
1637566,91 100 
1637566,91 3
1637566,91 1955
1637566,91 11
1637566,91 25 
1637593,87 75 
1638996,52 72 
1639152,77 70 
1640727,12 80 
1641658,01 83 
1641934,01 64 276
1642227,93 63 277
1642531,41 150 
1642552,47 68 
1643005,03 92 
1643005,03 65 
1644056,66 103 
1644056,66 101 
1644566,18 100 
1644566,18 3
1644566,18 1955
1644566,18 11
1646563,04 25 
1646576,62 75 
1647979,3 72 
1648135,73 70 
1649713,38 80 
1650640,95 83 
1651011,65 64 372
1651297,56 63 270
1651599,15 150 
1651615,39 68 
1652069,23 92 
1652069,23 65 
1653119,57 103 
1653119,57 101 
1653629,07 100 
1653629,07 3
1653629,07 1955
1653629,07 10
1655625,99 25 
1657185,58 75 
1658588,06 72 
1658744,57 70 
1660325,97 80 
1661249,92 83 
1661492,36 64 243
1661747,81 62 245
1662051,28 150 
1662064,46 68 
1662516,71 92 
1662516,71 65 
1663568,58 103 
1663568,58 101 
1664078,09 100 
1664078,09 3
1664078,09 1955
1664078,09 10
1666074,91 25 
1668314,45 75 
1669718,25 72 
1669873,37 70 
1671445,97 80 
1672378,62 83 
1672689,5 64 311
1672918,09 61 220
1673219,91 151 
1673232,26 69 
1673684,8 93 
1674737,36 103 
1674737,36 101 
1678751,95 100 
1678751,95 3
1678751,95 1955
1678751,95 11
1680748,82 25 
1682095,18 75 
1682097,69 250 
1682107,27 101 
1684107,34 100 
1684107,34 3
1684107,34 1955
1684107,34 11
1684107,34 25 
1684120,79 75 
1685522,85 72 
1685733,47 70 
1687269,11 80 
1688078,81 83 
1688546,09 64 468
1688807,51 61 249
1689109,79 153 
1689133,08 68 
1689586,77 92 
1689586,77 65 
1690637,38 103 
1690637,38 101 
1691147,04 100 
1691147,04 3
1691147,04 1955
1691147,04 11
1693143,62 25 
1693158,52 75 
1694561,64 72 
1694596,41 70 
1696123 80 
1697035,14 83 
1697451,16 64 416
1697677,22 61 216
1697979,89 151 
1697996,22 69 
1698448,74 93 
1699500,35 103 
1699500,35 101 
1703516,36 100 
1703516,36 3
1703516,36 1955
1703516,36 11
1705511,8 25 
1705525,63 75 
1706928,23 72 
1707057,95 70 
1708615,37 80 
1709523,21 83 
1709921,25 64 398
1710178,44 62 242
1710480,64 151 
1710496,69 69 
1710950,72 93 
1711389,26 256 
1712001,85 103 
1712001,85 101 
1716016,74 100 
1716016,74 3
1716016,74 1955
1716016,74 11
1718013,33 25 
1718040,79 75 
1719443,01 72 
1719572,71 70 
1721132,65 80 
1722051,35 83 
1722891,18 64 840
1723147,93 62 244
1723450,82 151 
1723464,78 69 
1723919,35 93 
1724969,82 103 
1724969,82 101 
1728984,47 100 
1728984,47 3
1728984,47 1955
1728984,47 11
1730981,4 25 
1735846,3 75 
1737248,56 72 
1737378,67 70 
1738937,5 80 
1739843,98 83 
1740011,12 64 168
1740287,61 256 
1740296,48 63 266
1740700,21 150 
1740725,12 68 
1741179,3 92 
1741179,3 65 
1742229,31 103 
1742229,31 101 
1742738,75 100 
1742738,75 3
1742738,75 1955
1742738,75 11
1744735,62 25 
1744749,93 75 
1746151,81 72 
1746282,05 70 
1747839,26 80 
1748746,97 83 
1749243,14 64 497
1749557,14 63 304
1749859,73 150 
1749881,23 68 
1750334,45 92 
1750334,45 65 
1751385,5 103 
1751385,5 101 
1751895,16 100 
1751895,16 3
1751895,16 1955
1751895,16 10
1753891,88 25 
1753905,99 75 
1755309,54 72 
1755451,19 70 
1757015,17 80 
1757929,78 83 
1758235,01 64 306
1758457,24 62 208
1758759,2 150 
1758784,27 68 
1759237,49 92 
1759237,49 65 
1760288,48 103 
1760288,48 101 
1760797,96 100 
1760797,96 3
1760797,96 1955
1760797,96 10
1762794,97 25 
1762808,31 75 
1764210,72 72 
1764340,83 70 
1765904,21 80 
1766819,47 83 
1767155,73 64 337
1767448,09 63 282
1767750,62 151 
1767767,19 69 
1768220,45 93 
1768698,05 256 
1768745,67 183 
1769271,42 103 
1769271,42 101 
1773286,27 100 
1773286,27 3
1773286,27 1955
1773286,27 10
1775282,92 25 
1775296,78 75 
1775298,95 250 
1775308,83 101 
1777308,77 100 
1777308,77 3
1777308,77 1955
1777308,77 10
1777308,77 25 
1777321,7 75 
1778724,49 72 
1778868,14 70 
1780430,18 80 
1781346,8 83 
1781782,63 64 436
1782058,39 63 259
1782360,51 151 
1782373,62 69 
1782826,92 93 
1783878,73 103 
1783878,73 101 
1787893,5 100 
1787893,5 3
1787893,5 1955
1787893,5 11
1789890,32 25 
1790356,96 75 
1791760,6 72 
1791889,44 70 
1793430,04 80 
1794234,77 83 
1794603,5 64 369
1794887,9 63 267
1795190,21 152 
1795208,25 69 
1795662,28 93 
1796713,39 103 
1796713,39 101 
1800728,18 100 
1800728,18 3
1800728,18 1955
1800728,18 10
1802724,88 25 
1804031,54 75 
1805434,33 72 
1805470,45 70 
1806997,96 80 
1807802,46 83 
1808650,54 64 848
1808946,41 61 278
1809248,27 151 
1809270,71 69 
1809723,79 93 
1809982,34 256 
1810774,24 103 
1810774,24 101 
1814788,92 100 
1814788,92 3
1814788,92 1955
1814788,92 10
1816785,74 25 
1818545,23 75 
1819947,38 72 
1819984,48 70 
1821513,81 80 
1822195,48 250 
1822209,49 101 
1824209,45 100 
1824209,45 3
1824209,45 1955
1824209,45 10
1824209,45 25 
1831393,24 75 
1832796,22 72 
1832832,44 70 
1834359,68 80 
1835164,49 83 
1835683,16 64 519
1835906,55 61 209
1836208,41 151 
1836231,3 69 
1836685,41 93 
1837736,42 103 
1837736,42 101 
1841751,71 100 
1841751,71 3
1841751,71 1955
1841751,71 11
1843747,89 25 
1844721,08 75 
1846122,67 72 
1846160,29 70 
1847689,02 80 
1848492,35 83 
1848782,47 64 290
1849057,44 63 259
1849358,81 150 
1849373,44 68 
1849827,35 92 
1849827,35 65 
1850877,62 103 
1850877,62 101 
1851387,06 100 
1851387,06 3
1851387,06 1955
1851387,06 10
1853384,07 25 
1853397,48 75 
1854800,58 72 
1854836,68 70 
1856367,36 80 
1857182 83 
1858110,09 64 928
1858357,31 62 229
1858658,74 150 
1858676,24 68 
1859130,11 92 
1859130,11 65 
1860180,42 103 
1860180,42 101 
1860689,84 100 
1860689,84 3
1860689,84 1955
1860689,84 11
1862686,72 25 
1862700,48 75 
1864103,56 72 
1864139,46 70 
1865667,99 80 
1866484,81 83 
1866855,75 64 372
1867157,89 256 
1867213,26 63 342
1867516,25 150 
1867539,16 68 
1867993,47 92 
1867993,47 65 
1869043,46 103 
1869043,46 101 
1869552,98 100 
1869552,98 3
1869552,98 1955
1869552,98 10
1871549,78 25 
1871843,18 75 
1873245,05 72 
1873282,35 70 
1874810,03 80 
1875614,37 83 
1875949,55 64 335
1876246,46 63 286
1876547,74 151 
1876561,25 69 
1877014,28 93 
1877234,79 256 
1878066,38 103 
1878066,38 101 
1882081,04 100 
1882081,04 3
1882081,04 1955
1882081,04 11
1884077,81 25 
1884091,9 75 
1885495,86 72 
1885530,64 70 
1887059,39 80 
1887862,78 83 
1888161,68 64 300
1888485,92 256 
1888519,08 63 337
1888821,66 152 
1888836,17 69 
1889289,29 93 
1890341,26 103 
1890341,26 101 
1894356,11 100 
1894356,11 3
1894356,11 1955
1894356,11 10
1896352,89 25 
1896367,51 75 
1897770,37 72 
1897925,51 70 
1899507,46 80 
1900430,73 83 
1900967,92 64 538
1901215,71 62 239
1901518,53 150 
1901538,37 68 
1901991,56 92 
1901991,56 65 
1903042,64 103 
1903042,64 101 
1903552,11 100 
1903552,11 3
1903552,11 1955
1903552,11 10
1905548,97 25 
1905682,45 75 
1907085,56 72 
1907241,61 70 
1908795,36 80 
1909706,93 83 
1910046,07 64 340
1910345,3 63 279
1910648,34 151 
1910667,99 69 
1911121,65 93 
1912172,2 103 
1912172,2 101 
1916187 100 
1916187 3
1916187 1955
1916187 11
1918183,98 25 
1919276,85 75 
1920679,74 72 
1920716,06 70 
1922244,36 80 
1923034,78 83 
1923405,13 64 371
1923686,09 63 265
1923989,85 150 
1924009,15 68 
1924464,06 92 
1924464,06 65 
1925513,36 103 
1925513,36 101 
1926022,92 100 
1926022,92 3
1926022,92 1955
1926022,92 10
1928019,62 25 
1928033,21 75 
1929436,23 72 
1929472,37 70 
1930999,11 80 
1931804,4 83 
1932813,77 64 1010
1933077,27 61 247
1933380,18 151 
1933405,21 69 
1933858,45 93 
1934909,47 103 
1934909,47 101 
1938924,19 100 
1938924,19 3
1938924,19 1955
1938924,19 11
1940920,91 25 
1946598,8 75 
1948001,8 72 
1948038,03 70 
1949565,14 80 
1950370,04 83 
1950603,13 64 233
1950865,82 256 
1950879,26 63 256
1951180,94 150 
1951197,88 68 
1951650,67 92 
1951650,67 65 
1952702,05 103 
1952702,05 101 
1953212,37 100 
1953212,37 3
1953212,37 1955
1953212,37 10
1955208,38 25 
1955221,88 75 
1956625,2 72 
1956661,12 70 
1958190,05 80 
1958993,34 83 
1959767,26 64 774
1959985,47 62 206
1960288,61 150 
1960314,09 68 
1960767,02 92 
1960767,02 65 
1961818,31 103 
1961818,31 101 
1962327,77 100 
1962327,77 3
1962327,77 1955
1962327,77 11
1964324,64 25 
1964338,5 75 
1965741,34 72 
1965777,34 70 
1967302,93 80 
1968096,22 83 
1968603,62 64 507
1968865,11 256 
1968871,5 63 256
1969173,33 150 
1969190,42 68 
1969645,32 92 
1969645,32 65 
1970694,63 103 
1970694,63 101 
1971204,2 100 
1971204,2 3
1971204,2 1955
1971204,2 11
1973200,85 25 
1973215,64 75 
1974618,41 72 
1974653,69 70 
1976181,45 80 
1976985,7 83 
1977396,96 64 412
1977695,01 63 283
1977997,84 150 
1978013,52 68 
1978466,74 92 
1978466,74 65 
1979517,63 103 
1979517,63 101 
1980027,19 100 
1980027,19 3
1980027,19 1955
1980027,19 11
1982024,03 25 
1982037,45 75 
1983440,22 72 
1983476,66 70 
1985004,96 80 
1985795,39 83 
1986092,78 64 298
1986355,65 256 
1986359,72 63 259
1986661,72 150 
1986676,47 68 
1987130,11 92 
1987130,11 65 
1988180,68 103 
1988180,68 101 
1988690,12 100 
1988690,12 3
1988690,12 1955
1988690,12 11
1990687,04 25 
1990700,78 75 
1992103,32 72 
1992139,73 70 
1993668 80 
1994471,96 83 
1994771,46 64 300
1995096,26 63 305
1995398,6 152 
1995418,65 69 
1995873,14 93 
1996923,77 103 
1996923,77 101 
2000938,58 100 
2000938,58 3
2000938,58 1955
2000938,58 10
2002935,2 25 
2007147,05 75 
2007148,95 250 
2007159,21 101 
2009159,35 100 
2009159,35 3
2009159,35 1955
2009159,35 10
2009159,35 25 
2009172,47 75 
2009175,34 250 
2009185,17 101 
2011185,24 100 
2011185,24 3
2011185,24 1955
2011185,24 10
2011185,24 25 
2011198,46 75 
2012602,58 72 
2012637,95 70 
2014166,04 80 
2014983,3 83 
2015522,51 64 539
2015805,7 61 263
2016108,05 151 
2016131,01 69 
2016585,1 93 
2017635,2 103 
2017635,2 101 
2021649,81 100 
2021649,81 3
2021649,81 1955
2021649,81 10
2023646,75 25 
2024713,2 75 
2026116,56 72 
2026272,33 70 
2027857,01 80 
2028804,17 83 
2029446,5 64 642
2029460,64 256 
2029825,22 63 368
2030127,36 151 
2030151,72 69 
2030605,18 93 
2030926,29 256 
2030996,14 182 
2031065,01 181 
2031656,03 103 
2031656,03 101 
2035670,7 100 
2035670,7 3
2035670,7 1955
2035670,7 10
2037667,63 25 
2037681,19 75 
2039084,35 72 
2039240,26 70 
2040823,44 80 
2041745,65 83 
2042054,56 64 309
2042344,88 61 280
2042648,23 151 
2042666,87 69 
2043121,57 93 
2044170,83 103 
2044170,83 101 
2048185,49 100 
2048185,49 3
2048185,49 1955
2048185,49 10
2050182,3 25 
2050196,39 75 
2051598,87 72 
2051755,05 70 
2053333,81 80 
2054273,74 83 
2054358,49 64 85
2054655,26 256 
2054681,08 63 314
2054982,69 151 
2055008,21 69 
2055462,27 93 
2056512,39 103 
2056512,39 101 
2060527,18 100 
2060527,18 3
2060527,18 1955
2060527,18 11
2062524,06 25 
2062551,06 75 
2063953,88 72 
2064110 70 
2065692,08 80 
2066628,51 83 
2066989,94 64 362
2067275,5 256 
2067338,76 63 338
2067641,8 150 
2067656,28 68 
2068110,32 92 
2068110,32 65 
2069160,47 103 
2069160,47 101 
2069671,17 100 
2069671,17 3
2069671,17 1955
2069671,17 10
2071666,87 25 
2073853,61 75 
2075256,29 72 
2075411,94 70 
2076990,96 80 
2077917,18 83 
2078226,3 64 309
2078555,02 256 
2078561,75 63 325
2078864,64 151 
2078878,31 69 
2079331,21 93 
2080039,89 256 
2080382,49 103 
2080382,49 101 
2084397,15 100 
2084397,15 3
2084397,15 1955
2084397,15 11
2086393,99 25 
2086408,02 75 
2087811,23 72 
2087966,72 70 
2089547,51 80 
2090485,69 83 
2090948,16 64 463
2091174,57 63 209
2091476,85 150 
2091499,6 68 
2091951,74 92 
2091951,74 65 
2093003,93 103 
2093003,93 101 
2093513,42 100 
2093513,42 3
2093513,42 1955
2093513,42 10
2095510,27 25 
2095523,93 75 
2096926,7 72 
2097069,65 70 
2098652,05 80 
2099588,2 83 
2099994,27 64 406
2100195,78 62 182
2100499,62 150 
2100522,75 68 
2100977,53 92 
2100977,53 65 
2102026,97 103 
2102026,97 101 
2102536,34 100 
2102536,34 3
2102536,34 1955
2102536,34 11
2104533,2 25 
2104547,18 75 
2105950,71 72 
2106105,89 70 
2107688,21 80 
2108624,44 83 
2108859,74 64 236
2109134,2 256 
2109138,35 63 261
2109440,11 150 
2109465,52 68 
2109918,75 92 
2109918,75 65 
2110969,82 103 
2110969,82 101 
2111479,27 100 
2111479,27 3
2111479,27 1955
2111479,27 10
2113476,06 25 
2114369,26 75 
2115771,79 72 
2115915,14 70 
2117494,73 80 
2118433,73 83 
2118545,68 64 113
2118864,91 256 
2118868,79 63 316
2119172,59 153 
2119194,83 68 
2119647,38 92 
2119647,38 65 
2120699,12 103 
2120699,12 101 
2121208,71 100 
2121208,71 3
2121208,71 1955
2121208,71 10
2123205,34 25 
2123218,9 75 
2124621,19 72 
2124764,94 70 
2126354,93 80 
2127283,36 83 
2127529,64 64 246
2127764,54 63 215
2128065,72 151 
2128083,59 69 
2128538,13 93 
2128818,81 256 
2129588,78 103 
2129588,78 101 
2133603,6 100 
2133603,6 3
2133603,6 1955
2133603,6 11
2135600,24 25 
2135614,26 75 
2137017,32 72 
2137172,98 70 
2138757,04 80 
2139704,89 83 
2140119,34 64 415
2140344,1 62 213
2140646,35 151 
2140665,07 69 
2141119,31 93 
2142170,18 103 
2142170,18 101 
2146184,86 100 
2146184,86 3
2146184,86 1955
2146184,86 11
2148181,77 25 
2148195,69 75 
2149598,74 72 
2149754,42 70 
2151340,65 80 
2152273,24 83 
2152589,39 64 316
2152873,89 63 268
2153176,94 150 
2153194,06 68 
2153648,12 92 
2153648,12 65 
2154698,36 103 
2154698,36 101 
2155207,79 100 
2155207,79 3
2155207,79 1955
2155207,79 11
2157204,72 25 
2157219,33 75 
2158622,56 72 
2158777,38 70 
2160371,64 80 
2161295,95 83 
2161577,39 64 282
2161834,29 63 245
2162136,73 150 
2162150,42 68 
2162604,62 92 
2162604,62 65 
2163654,63 103 
2163654,63 101 
2164164,11 100 
2164164,11 3
2164164,11 1955
2164164,11 10
2166160,91 25 
2166174,52 75 
2167576,65 72 
2167720,33 70 
2169305,07 80 
2170238,93 83 
2170475,2 64 237
2170714,61 62 223
2171015,83 150 
2171040,02 68 
2171494,08 92 
2171494,08 65 
2172544,28 103 
2172544,28 101 
2173054,63 100 
2173054,63 3
2173054,63 1955
2173054,63 11
2175050,55 25 
2175064,43 75 
2176467,03 72 
2176623,61 70 
2178204,53 80 
2179141,9 83 
2179457,93 64 317
2179674,19 256 
2179685,58 63 210
2179987,49 150 
2180009,61 68 
2180463,33 92 
2180463,33 65 
2181513,9 103 
2181513,9 101 
2182023,52 100 
2182023,52 3
2182023,52 1955
2182023,52 10
2184020,23 25 
2184034,14 75 
2185436,93 72 
2185592,87 70 
2187175,13 80 
2188124,82 83 
2188186,98 64 63
2188404,42 62 200
2188705,89 150 
2188726,06 68 
2189179,07 92 
2189179,07 65 
2190230,27 103 
2190230,27 101 
2190739,85 100 
2190739,85 3
2190739,85 1955
2190739,85 11
2192736,65 25 
2192750,08 75 
2194152,33 72 
2194282,63 70 
2195851,57 80 
2196761,32 83 
2197113 64 352
2197374,93 63 241
2197677,65 150 
2197695,61 68 
2198148,22 92 
2198148,22 65 
2199199,89 103 
2199199,89 101 
2199709,34 100 
2199709,34 3
2199709,34 1955
2199709,34 10
2201706,26 25 
2201719,69 75 
2203122,41 72 
2203332,22 70 
2204875,07 80 
2205677,56 83 
2206196,96 64 520
2206423,22 62 213
2206725,4 150 
2206745,27 68 
2207199,65 92 
2207199,65 65 
2208249,47 103 
2208249,47 101 
2208758,94 100 
2208758,94 3
2208758,94 1955
2208758,94 10
2210756,93 25 
2210769,43 75 
2212172,06 72 
2212208,51 70 
2213836,39 80 
2214647,16 83 
2214716,9 64 70
2214913,75 62 187
2215216,79 150 
2215235 68 
2215689,14 92 
2215689,14 65 
2216739,31 103 
2216739,31 101 
2217248,77 100 
2217248,77 3
2217248,77 1955
2217248,77 10
2219245,55 25 
2219259,39 75 
2220661,92 72 
2220698,32 70 
2222226,23 80 
2223030,35 83 
2223402,77 64 373
2223665,48 63 249
2223966,82 151 
2223991,5 69 
2224443,81 93 
2225495,71 103 
2225495,71 101 
2229511,24 100 
2229511,24 3
2229511,24 1955
2229511,24 11
2231507,21 25 
2231520,88 75 
2232924,17 72 
2232959,95 70 
2234490,49 80 
2235292,09 83 
2235605,09 64 313
2235833,68 62 209
2236136,26 153 
2236160,82 68 
2236614,95 92 
2236614,95 65 
2237663,99 103 
2237663,99 101 
2238173,48 100 
2238173,48 3
2238173,48 1955
2238173,48 11
2240170,32 25 
2240183,75 75 
2241586,83 72 
2241622,99 70 
2243151,09 80 
2243955,01 83 
2244211,34 64 256
2244455,3 63 234
2244757,57 150 
2244782,9 68 
2245237,21 92 
2245237,21 65 
2246287,06 103 
2246287,06 101 
2246796,52 100 
2246796,52 3
2246796,52 1955
2246796,52 10
2248793,41 25 
2248807,62 75 
2250209,67 72 
2250246,08 70 
2251771,86 80 
2252578,08 83 
2253026,31 64 448
2253264,61 62 220
2253567,3 150 
2253592,59 68 
2254046,47 92 
2254046,47 65 
2255096,74 103 
2255096,74 101 
2255606,34 100 
2255606,34 3
2255606,34 1955
2255606,34 11
2257603,01 25 
2257617,04 75 
2259019,87 72 
2259055,76 70 
2260583,78 80 
2261401,08 83 
2261814,19 64 413
2262084,3 63 257
2262388,18 150 
2262402,25 68 
2262857,49 92 
2262857,49 65 
2263906,4 103 
2263906,4 101 
2264416,58 100 
2264416,58 3
2264416,58 1955
2264416,58 10
2266412,71 25 
2266426,62 75 
2267829,08 72 
2267865,43 70 
2269393,01 80 
2270197,49 83 
2270878,37 64 681
2271113,16 62 223
2271415,38 150 
2271438,48 68 
2271891,22 92 
2271891,22 65 
2272942,67 103 
2272942,67 101 
2273452,19 100 
2273452,19 3
2273452,19 1955
2273452,19 11
2275449 25 
2275464,44 75 
2276866,68 72 
2276901,74 70 
2278433,74 80 
2279247,05 83 
2279406,07 64 159
2279614,2 62 194
2279916,04 151 
2279940,76 69 
2280394,85 93 
2281445,82 103 
2281445,82 101 
2285460,5 100 
2285460,5 3
2285460,5 1955
2285460,5 10
2287457,36 25 
2287470,94 75 
2288874,34 72 
2288910,04 70 
2290437,87 80 
2291242,11 83 
2291622,53 64 380
2291874,38 62 233
2292175,77 150 
2292189,86 68 
2292642,64 92 
2292642,64 65 
2293694,08 103 
2293694,08 101 
2294203,52 100 
2294203,52 3
2294203,52 1955
2294203,52 10
2296213,62 25 
2296227,76 75 
2297630,13 72 
2297666,48 70 
2299198,19 80 
2300011,85 83 
2300430,68 64 420
2300763,16 63 312
2301064,79 151 
2301079,6 69 
2301532,98 93 
2302583,69 103 
2302583,69 101 
2306598,5 100 
2306598,5 3
2306598,5 1955
2306598,5 11
2308595,28 25 
2312407,39 75 
2313810,05 72 
2313979,84 70 
2315564,86 80 
2316498,24 83 
2316796,22 64 298
2317023,36 256 
2317044,62 63 240
2317346,8 150 
2317366,08 68 
2317820,33 92 
2317820,33 65 
2318870,36 103 
2318870,36 101 
2319379,79 100 
2319379,79 3
2319379,79 1955
2319379,79 11
2321376,61 25 
2324188,97 75 
2325591,08 72 
2325734,8 70 
2327310,72 80 
2328240,16 83 
2328365,81 64 126
2328632,6 62 246
2328934,62 151 
2328947,21 69 
2329400,93 93 
2330452,22 103 
2330452,22 101 
2334466,95 100 
2334466,95 3
2334466,95 1955
2334466,95 10
2336463,62 25 
2341941,67 75 
2343346,46 72 
2343487,48 70 
2345042,48 80 
2345966,07 83 
2346264,16 64 298
2346553,87 256 
2346566,3 63 294
2346869,47 151 
2346887,1 69 
2347340,73 93 
2348168,15 256 
2348391,42 103 
2348391,42 101 
2352406,18 100 
2352406,18 3
2352406,18 1955
2352406,18 11
2354402,9 25 
2354416,94 75 
2355819,01 72 
2355948,93 70 
2357512,16 80 
2358427,56 83 
2359139,82 64 713
2359432,77 256 
2359451,32 63 291
2359753,28 150 
2359775,85 68 
2360228,35 92 
2360228,35 65 
2361279,37 103 
2361279,37 101 
2361788,83 100 
2361788,83 3
2361788,83 1955
2361788,83 11
2363785,63 25 
2363799,19 75 
2365203,1 72 
2365238,44 70 
2366764,51 80 
2367570,5 83 
2367867,69 64 298
2368172,81 256 
2368194,76 63 318
2368497,23 150 
2368518,12 68 
2368972,09 92 
2368972,09 65 
2370022,45 103 
2370022,45 101 
2370532,07 100 
2370532,07 3
2370532,07 1955
2370532,07 10
2372528,67 25 
2372543,05 75 
2373946,2 72 
2373981,48 70 
2375507,81 80 
2376313,48 83 
2376823,74 64 511
2377243,85 61 411
2377545,73 153 
2377567,75 68 
2378020,69 92 
2378020,69 65 
2379071,99 103 
2379071,99 101 
2379582,66 100 
2379582,66 3
2379582,66 1955
2379582,66 10
2381578,39 25 
2381592,12 75 
2382995,25 72 
2383031,06 70 
2384559,21 80 
2385363,06 83 
2385632,1 64 269
2385832,79 61 191
2386134,98 151 
2386150,1 69 
2386604,51 93 
2387655,12 103 
2387655,12 101 
2391669,97 100 
2391669,97 3
2391669,97 1955
2391669,97 10
2393666,67 25 
2393680,36 75 
2395082,98 72 
2395119,46 70 
2396648,29 80 
2397464,7 83 
2398077,22 64 613
2398342,18 63 251
2398644,39 151 
2398665,63 69 
2399118,45 93 
2399421,7 256 
2400169,92 103 
2400169,92 101 
2404184,61 100 
2404184,61 3
2404184,61 1955
2404184,61 11
2406181,51 25 
2406195,35 75 
2407598,77 72 
2407634,22 70 
2409160,93 80 
2409966,23 83 
2410497,38 64 531
2410802,45 256 
2410826,13 63 314
2411127,96 150 
2411153,84 68 
2411606,33 92 
2411606,33 65 
2412658,07 103 
2412658,07 101 
2413167,66 100 
2413167,66 3
2413167,66 1955
2413167,66 10
2415164,52 25 
2415178,32 75 
2416581,59 72 
2416617,12 70 
2418143,88 80 
2418949,22 83 
2419146,18 64 197
2419372,38 61 210
2419675,29 151 
2419696,06 69 
2420150,58 93 
2421201,22 103 
2421201,22 101 
2425215,86 100 
2425215,86 3
2425215,86 1955
2425215,86 11
2427212,87 25 
2427226,24 75 
2428628,4 72 
2428665,47 70 
2430192,92 80 
2430997,49 83 
2431218,88 64 222
2431462,07 63 225
2431764,93 150 
2431785,29 68 
2432237,68 92 
2432237,68 65 
2433289,59 103 
2433289,59 101 
2433798,99 100 
2433798,99 3
2433798,99 1955
2433798,99 11
2435795,77 25 
2435809,58 75 
2437213,15 72 
2437248,61 70 
2438778,28 80 
2439593,9 83 
2439861,16 64 268
2440171,69 63 299
2440474,48 150 
2440488,33 68 
2440941,52 92 
2440941,52 65 
2441992,6 103 
2441992,6 101 
2442502,21 100 
2442502,21 3
2442502,21 1955
2442502,21 10
2444498,84 25 
2444513,4 75 
2445915,62 72 
2445951,64 70 
2447480,81 80 
2448297 83 
2449004,99 64 708
2449221,48 62 205
2449524,26 150 
2449537,96 68 
2449990,74 92 
2449990,74 65 
2451042,16 103 
2451042,16 101 
2451551,75 100 
2451551,75 3
2451551,75 1955
2451551,75 11
2453548,53 25 
2453562,63 75 
2454967,26 72 
2455001,23 70 
2456529,11 80 
2457333,23 83 
2457548,69 64 216
2457861,54 63 302
2458162,73 152 
2458188,64 69 
2458643,37 93 
2459691,95 103 
2459691,95 101 
2463706,75 100 
2463706,75 3
2463706,75 1955
2463706,75 11
2465703,39 25 
2466223,43 75 
2467626,32 72 
2467782,61 70 
2469358,01 80 
2470301,23 83 
2472165,18 64 1864
2472391,87 61 212
2472694,55 151 
2472714,98 69 
2473168,86 93 
2474219,3 103 
2474219,3 101 
2478233,92 100 
2478233,92 3
2478233,92 1955
2478233,92 10
2480230,69 25 
2490231,29 254 
2490239,27 101 
2492238,5 100 
2492238,5 3
2492238,5 1955
2492238,5 10
2492238,5 25 
2495877,84 75 
2495880,22 250 
2495889,98 101 
2497890,08 100 
2497890,08 3
2497890,08 1955
2497890,08 10
2497890,08 25 
2497904,91 75 
2499308,22 72 
2499462,8 70 
2501060,06 80 
2502008,07 83 
2502432,19 64 424
2502681,62 62 235
2502984,95 150 
2503009,23 68 
2503462,91 92 
2503462,91 65 
2504513,33 103 
2504513,33 101 
2505023,67 100 
2505023,67 3
2505023,67 1955
2505023,67 11
2507019,66 25 
2507033,2 75 
2508435,25 72 
2508592,34 70 
2510170,4 80 
2511097,61 83 
2511256,19 64 159
2511461,42 61 191
2511764,19 151 
2511778,88 69 
2512231,98 93 
2513283,04 103 
2513283,04 101 
2517297,69 100 
2517297,69 3
2517297,69 1955
2517297,69 10
2519294,49 25 
2519761,55 75 
2521163,64 72 
2521307,07 70 
2522889,7 80 
2523826,09 83 
2523960,3 64 134
2524251,74 63 280
2524553,62 153 
2524573,53 68 
2525026,21 92 
2525026,21 65 
2526077,73 103 
2526077,73 101 
2526587,17 100 
2526587,17 3
2526587,17 1955
2526587,17 10
2528583,98 25 
2528597,54 75 
2530000,99 72 
2530156,76 70 
2531736,6 80 
2532662,26 83 
2532800,42 64 138
2533111,83 256 
2533115,7 63 308
2533418,93 151 
2533436,44 69 
2533889,91 93 
2534940,71 103 
2534940,71 101 
2538955,52 100 
2538955,52 3
2538955,52 1955
2538955,52 10
2540952,19 25 
2540965,82 75 
2542368,64 72 
2542524,95 70 
2544113,89 80 
2545043,57 83 
2545632,16 64 589
2545881,45 62 238
2546184,54 150 
2546204,47 68 
2546658,23 92 
2546658,23 65 
2547708,79 103 
2547708,79 101 
2548218,33 100 
2548218,33 3
2548218,33 1955
2548218,33 11
2550215,01 25 
2550228,78 75 
2551631,66 72 
2551787,81 70 
2553372,79 80 
2554306,38 83 
2555389,86 64 1084
2555731,55 256 
2555739,03 63 340
2556041,73 150 
2556067,16 68 
2556522,3 92 
2556522,3 65 
2557571,34 103 
2557571,34 101 
2558081,64 100 
2558081,64 3
2558081,64 1955
2558081,64 10
2560077,6 25 
2565675,57 75 
2567077,8 72 
2567234,72 70 
2568808,24 80 
2569739,96 83 
2570346,08 64 606
2570671,09 63 305
2570973,37 151 
2570994,24 69 
2571448,01 93 
2571971,95 256 
2572498,63 103 
2572498,63 101 
2576513,12 100 
2576513,12 3
2576513,12 1955
2576513,12 11
2578510,07 25 
2578526,65 75 
2579930,12 72 
2580082,76 70 
2581643,65 80 
2582548,06 83 
2582785,94 64 238
2583060,66 63 260
2583363,56 150 
2583389,22 68 
2583844 92 
2583844 65 
2584893,35 103 
2584893,35 101 
2585402,82 100 
2585402,82 3
2585402,82 1955
2585402,82 11
2587399,67 25 
2594756,81 75 
2594851,7 250 
2594862,25 101 
2596862,43 100 
2596862,43 3
2596862,43 1955
2596862,43 11
2596862,43 25 
2596875,48 75 
2598277,84 72 
2598408,48 70 
2599970,33 80 
2600873,75 83 
2600969,95 64 97
2601240,98 63 261
2601542,83 150 
2601568,25 68 
2602020,85 92 
2602020,85 65 
2603072,48 103 
2603072,48 101 
2603582,55 100 
2603582,55 3
2603582,55 1955
2603582,55 10
2605578,92 25 
2605592,68 75 
2606994,87 72 
2607124,81 70 
2608685,5 80 
2609590,12 83 
2609694,27 64 104
2610052,99 63 343
2610355,25 151 
2610377,02 69 
2610830,89 93 
2611882,19 103 
2611882,19 101 
2615896,86 100 
2615896,86 3
2615896,86 1955
2615896,86 11
2617893,79 25 
2618373,74 75 
2619776,95 72 
2619812,95 70 
2621339,87 80 
2622132,19 83 
2622558,29 64 426
2622830,41 256 
2622836,02 63 265
2623139,46 150 
2623159,38 68 
2623613,34 92 
2623613,34 65 
2624663,55 103 
2624663,55 101 
2625173,69 100 
2625173,69 3
2625173,69 1955
2625173,69 10
2627169,89 25 
2633327,48 75 
2634730,33 72 
2634766,71 70 
2636296,4 80 
2637112,08 83 
2637597,14 64 485
2637851,19 61 233
2638153,93 151 
2638165,66 69 
2638619,22 93 
2639670,67 103 
2639670,67 101 
2643685,43 100 
2643685,43 3
2643685,43 1955
2643685,43 11
2645682,12 25 
2645695,85 75 
2647098,41 72 
2647134,9 70 
2648662,03 80 
2649453,71 83 
2649622,99 64 170
2649891,7 63 252
2650194,89 150 
2650214,71 68 
2650667,01 92 
2650667,01 65 
2651719,01 103 
2651719,01 101 
2652228,54 100 
2652228,54 3
2652228,54 1955
2652228,54 11
2654225,24 25 
2656064,75 75 
2656233,13 250 
2656236,93 101 
2658250,19 100 
2658250,19 3
2658250,19 1955
2658250,19 11
2658250,19 25 
2658263,26 75 
2659665,98 72 
2659703,01 70 
2661232,9 80 
2662048,36 83 
2662176,85 64 129
2662479,71 63 285
2662782,98 150 
2662796,25 68 
2663251,43 92 
2663251,43 65 
2664300,44 103 
2664300,44 101 
2664809,98 100 
2664809,98 3
2664809,98 1955
2664809,98 11
2666806,68 25 
2671298,45 75 
2671300,83 250 
2671324,09 101 
2673324,05 100 
2673324,05 3
2673324,05 1955
2673324,05 11
2673324,05 25 
2673337,31 75 
2674741,28 72 
2674776,83 70 
2676305,75 80 
2677108,87 83 
2677410,79 64 303
2677690,76 63 263
2677993,31 150 
2678016,6 68 
2678471,64 92 
2678471,64 65 
2679520,8 103 
2679520,8 101 
2680030,35 100 
2680030,35 3
2680030,35 1955
2680030,35 10
2682027,06 25 
2682041,11 75 
2683443,86 72 
2683479,88 70 
2685008,63 80 
2685825,2 83 
2691575,13 64 5750
2691840,82 62 245
2692143,32 152 
2692156,49 69 
2692609,95 93 
2693661,75 103 
2693661,75 101 
2697677,06 100 
2697677,06 3
2697677,06 1955
2697677,06 11
2699673,18 25 
2699686,63 75 
2701089,52 72 
2701125,85 70 
2702652,26 80 
2703444,57 83 
2704346,95 64 903
2704649,82 63 286
2704951,72 150 
2704966,02 68 
2705420,4 92 
2705420,4 65 
2706469,65 103 
2706469,65 101 
2706979,22 100 
2706979,22 3
2706979,22 1955
2706979,22 11
2708975,92 25 
2711295,24 75 
2711297,7 250 
2711307,35 101 
2713307,65 100 
2713307,65 3
2713307,65 1955
2713307,65 11
2713307,65 25 
2713322,41 75 
2714725,28 72 
2714893,5 70 
2716479,61 80 
2717412,12 83 
2717514,45 64 102
2717809,75 63 278
2718113,55 150 
2718133,29 68 
2718586,88 92 
2718586,88 65 
2719637,51 103 
2719637,51 101 
2720147,16 100 
2720147,16 3
2720147,16 1955
2720147,16 10
2722143,76 25 
2722223,96 75 
2723626,66 72 
2723849,82 70 
2725408,01 80 
2726342,12 83 
2726708,39 64 366
2726990,93 62 263
2727294,29 150 
2727316,09 68 
2727770,26 92 
2727770,26 65 
2728820,38 103 
2728820,38 101 
2729329,92 100 
2729329,92 3
2729329,92 1955
2729329,92 10
2731326,77 25 
2731340,83 75 
2732742,94 72 
2732872,75 70 
2734432,39 80 
2735244,7 83 
2735590,72 64 347
2735809,52 256 
2735819,22 61 215
2736121,33 151 
2736139,14 69 
2736593,3 93 
2737643,38 103 
2737643,38 101 
2741658,17 100 
2741658,17 3
2741658,17 1955
2741658,17 10
2743654,85 25 
2743668,48 75 
2745071,65 72 
2745214,25 70 
2746779,74 80 
2747692,9 83 
2747902,25 64 210
2747925,16 256 
2748219,4 63 300
2748522,16 151 
2748546,47 69 
2748998,95 93 
2750051,57 103 
2750051,57 101 
2754067,53 100 
2754067,53 3
2754067,53 1955
2754067,53 10
2756063,3 25 
2756076,61 75 
2756269,56 250 
2756275,36 101 
2758275,64 100 
2758275,64 3
2758275,64 1955
2758275,64 10
2758275,64 25 
2758288,44 75 
2759690,11 72 
2759821,52 70 
2761381,78 80 
2762286,91 83 
2763543,99 64 1258
2763870,8 61 319
2764173,05 151 
2764194,14 69 
2764647,39 93 
2765698,4 103 
2765698,4 101 
2769713,09 100 
2769713,09 3
2769713,09 1955
2769713,09 11
2771709,87 25 
2771723,43 75 
2773125,34 72 
2773256,01 70 
2774817,01 80 
2775734,6 83 
2776499,28 64 765
2776789,47 63 282
2777090,82 150 
2777108,93 68 
2777562,31 92 
2777562,31 65 
2778613,07 103 
2778613,07 101 
2779122,68 100 
2779122,68 3
2779122,68 1955
2779122,68 10
2781119,45 25 
2787610,24 75 
2789012,09 72 
2789049,43 70 
2790579,01 80 
2791381,61 83 
2792023,54 64 642
2792249,42 61 215
2792551,75 151 
2792568,22 69 
2793021,14 93 
2794073,36 103 
2794073,36 101 
2798088,14 100 
2798088,14 3
2798088,14 1955
2798088,14 10
2800084,78 25 
2806229,14 75 
2807631,12 72 
2807668,38 70 
2809198,81 80 
2810013,71 83 
2811073,59 64 1060
2811489,96 61 397
2811793,58 151 
2811814,47 69 
2812266,97 93 
2813318,96 103 
2813318,96 101 
2817333,33 100 
2817333,33 3
2817333,33 1955
2817333,33 10
2819330,24 25 
2820316,77 75 
2820344,62 250 
2820355,54 101 
2822355,68 100 
2822355,68 3
2822355,68 1955
2822355,68 10
2822355,68 25 
2825060,79 75 
2826462,78 72 
2826500,61 70 
2828030,89 80 
2828845,92 83 
2832040,04 64 3195
2832272,03 62 215
2832574,84 150 
2832592,56 68 
2833047,3 92 
2833047,3 65 
2834096,75 103 
2834096,75 101 
2834606,37 100 
2834606,37 3
2834606,37 1955
2834606,37 11
2836603,08 25 
2836616,73 75 
2836619,6 250 
2836628,72 101 
2838628,92 100 
2838628,92 3
2838628,92 1955
2838628,92 11
2838628,92 25 
2838642,61 75 
2840045,85 72 
2840081,64 70 
2841609,95 80 
2842413,62 83 
2842725,94 64 313
2842949,44 63 203
2843251,35 150 
2843268,18 68 
2843720,98 92 
2843720,98 65 
2844772,32 103 
2844772,32 101 
2845281,76 100 
2845281,76 3
2845281,76 1955
2845281,76 11
2847278,55 25 
2847292,87 75 
2848694,69 72 
2848731,35 70 
2850258,9 80 
2851076,76 83 
2851611,49 64 535
2851879,68 63 257
2852183,01 152 
2852196,91 69 
2852651,05 93 
2853701,92 103 
2853701,92 101 
2857716,64 100 
2857716,64 3
2857716,64 1955
2857716,64 10
2859713,52 25 
2863725,38 75 
2865128,61 72 
2865164,54 70 
2866693,02 80 
2867496,75 83 
2868679,42 64 1183
2868899,09 62 203
2869200,91 150 
2869217,39 68 
2869672,44 92 
2869672,44 65 
2870721,57 103 
2870721,57 101 
2871230,98 100 
2871230,98 3
2871230,98 1955
2871230,98 11
2873228,02 25 
2875640,43 75 
2877042,89 72 
2877199,64 70 
2878779,59 80 
2879704,94 83 
2879822,86 64 119
2879842,09 256 
2880169,86 63 332
2880472,99 150 
2880492,59 68 
2880946,25 92 
2880946,25 65 
2881996,9 103 
2881996,9 101 
2882506,42 100 
2882506,42 3
2882506,42 1955
2882506,42 11
2884503,12 25 
2884517,18 75 
2885920,24 72 
2886075,94 70 
2887636,76 80 
2888541,36 83 
2888786,71 64 245
2889028,2 63 221
2889329,75 150 
2889355,58 68 
2889808,53 92 
2889808,53 65 
2890859,88 103 
2890859,88 101 
2891370,04 100 
2891370,04 3
2891370,04 1955
2891370,04 11
2893366,18 25 
2894499,27 75 
2895900,82 72 
2896031,86 70 
2897599,81 80 
2898510,4 83 
2899107,9 64 598
2899319,32 62 196
2899622,19 151 
2899644,73 69 
2900098,74 93 
2901148,97 103 
2901148,97 101 
2905163,58 100 
2905163,58 3
2905163,58 1955
2905163,58 10
2907160,45 25 
2907174,66 75 
2908577,73 72 
2908706,54 70 
2910268,52 80 
2911171,76 83 
2911365,06 64 194
2911658,23 256 
2911662,7 63 278
2911966,7 151 
2911985,35 69 
2912438,09 93 
2913490,48 103 
2913490,48 101 
2917505,14 100 
2917505,14 3
2917505,14 1955
2917505,14 11
2919502,05 25 
2922101,14 75 
2922670,93 250 
2922686,38 101 
2924686,56 100 
2924686,56 3
2924686,56 1955
2924686,56 11
2924686,56 25 
2925805,77 75 
2927208,12 72 
2927245,46 70 
2928774,08 80 
2929590,82 83 
2929754,86 64 165
2929979,75 63 216
2930282,58 150 
2930298,67 68 
2930750,75 92 
2930750,75 65 
2931802,91 103 
2931802,91 101 
2932312,32 100 
2932312,32 3
2932312,32 1955
2932312,32 11
2934309,32 25 
2938587,69 75 
2939990,33 72 
2940026,86 70 
2941552,49 80 
2942358,9 83 
2943910,83 64 1553
2944230,13 63 299
2944532,39 152 
2944545,24 69 
2944999,3 93 
2945333,76 256 
2946050,31 103 
2946050,31 101 
2950064,97 100 
2950064,97 3
2950064,97 1955
2950064,97 10
2952061,89 25 
2957313,21 75 
2958716,2 72 
2958752,39 70 
2960279,74 80 
2961097,74 83 
2961840,7 64 744
2962068,52 62 211
2962370,31 150 
2962391,99 68 
2962843,77 92 
2962843,77 65 
2963896,26 103 
2963896,26 101 
2964405,77 100 
2964405,77 3
2964405,77 1955
2964405,77 10
2966402,64 25 
2966417,01 75 
2967821,28 72 
2967855,34 70 
2969382,07 80 
2970187,35 83 
2970500,79 64 314
2970698,26 62 178
2971000,9 150 
2971015,16 68 
2971468,23 92 
2971468,23 65 
2972519,35 103 
2972519,35 101 
2973028,8 100 
2973028,8 3
2973028,8 1955
2973028,8 11
2975025,95 25 
2979010,92 75 
2980413,56 72 
2980450,06 70 
2981978,87 80 
2982795,44 83 
2983182,57 64 387
2983448,84 61 254
2983751,73 151 
2983768,92 69 
2984224,16 93 
2985274,08 103 
2985274,08 101 
2989288,74 100 
2989288,74 3
2989288,74 1955
2989288,74 10
2991285,6 25 
2993165,08 75 
2994568,23 72 
2994604,25 70 
2996131,97 80 
2996949,54 83 
2997198,27 64 249
2997508 256 
2997607,11 63 391
2997909,27 151 
2997923,91 69 
2998353,04 256 
2998447,24 183 
2998618,41 182 
3002200,75 183 
3002649,99 93 
3002666,9 103 
3002666,9 101 
3006681,51 100 
3006681,51 3
3006681,51 1955
3006681,51 11
3008678,44 25 
3015382,46 75 
3015384,35 250 
3015394,62 101 
3017394,69 100 
3017394,69 3
3017394,69 1955
3017394,69 11
3017394,69 25 
3017408,07 75 
3018809,87 72 
3018967,54 70 
3020557,8 80 
3021499,4 83 
3021998,2 64 499
3022307,2 63 288
3022609,68 150 
3022633,64 68 
3023088,87 92 
3023088,87 65 
3024137,97 103 
3024137,97 101 
3024647,55 100 
3024647,55 3
3024647,55 1955
3024647,55 10
3026644,33 25 
3036053,87 75 
3037456,5 72 
3037679,73 70 
3039241,04 80 
3040185,05 83 
3040828,01 64 643
3041058,81 62 221
3041361,52 150 
3041386,01 68 
3041839,28 92 
3041839,28 65 
3042890,18 103 
3042890,18 101 
3043400,33 100 
3043400,33 3
3043400,33 1955
3043400,33 11
3045396,54 25 
3045423,62 75 
3046826,59 72 
3046956,01 70 
3048522,41 80 
3049447,83 83 
3049581,89 64 135
3049788,72 256 
3050336,84 61 743
3050640,01 151 
3050662,06 69 
3051114,84 93 
3052166,36 103 
3052166,36 101 
3056181 100 
3056181 3
3056181 1955
3056181 10
3058177,82 25 
3058191,84 75 
3059594,63 72 
3059723,93 70 
3061286,03 80 
3062202,66 83 
3062623,53 64 421
3062948 63 306
3063250,55 151 
3063270,16 69 
3063723,9 93 
3064774,53 103 
3064774,53 101 
3068789,26 100 
3068789,26 3
3068789,26 1955
3068789,26 11
3070785,94 25 
3071492,59 75 
3072895,58 72 
3073038,39 70 
3074599,64 80 
3075530,36 83 
3075725,48 64 195
3075997,57 63 254
3076302,24 150 
3076318,11 68 
3076770,7 92 
3076770,7 65 
3077822,39 103 
3077822,39 101 
3078331,86 100 
3078331,86 3
3078331,86 1955
3078331,86 10
3080328,69 25 
3086246,46 75 
3087648,84 72 
3087778,95 70 
3089346,41 80 
3090257,57 83 
3090340,08 64 83
3090577,89 62 228
3090880,52 150 
3090898,79 68 
3091352,95 92 
3091352,95 65 
3092402,99 103 
3092402,99 101 
3092912,43 100 
3092912,43 3
3092912,43 1955
3092912,43 11
3094909,41 25 
3094922,79 75 
3094925,46 250 
3094935 101 
3096935,23 100 
3096935,23 3
3096935,23 1955
3096935,23 11
3096935,23 25 
3096948,34 75 
3098351,55 72 
3098481,2 70 
3100043,49 80 
3100959,79 83 
3101507,57 64 548
3101777,06 63 258
3102080,32 150 
3102094,22 68 
3102547,86 92 
3102547,86 65 
3103598,39 103 
3103598,39 101 
3104107,86 100 
3104107,86 3
3104107,86 1955
3104107,86 10
3106104,75 25 
3106118,19 75 
3107519,82 72 
3107650,7 70 
3109212,77 80 
3110129,44 83 
3111887,24 64 1758
3112106,53 62 205
3112407,85 150 
3112423,21 68 
3112878,39 92 
3112878,39 65 
3113927,43 103 
3113927,43 101 
3114437,03 100 
3114437,03 3
3114437,03 1955
3114437,03 10
3116433,78 25 
3116447,28 75 
3117848,94 72 
3117979,75 70 
3119552,51 80 
3120458,5 83 
3120899,36 64 441
3121106,53 62 195
3121407,95 150 
3121433,54 68 
3121886,27 92 
3121886,27 65 
3122937,03 103 
3122937,03 101 
3123446,54 100 
3123446,54 3
3123446,54 1955
3123446,54 11
3125443,27 25 
3125457,29 75 
3126860,18 72 
3126989,35 70 
3128558,04 80 
3129481,29 83 
3131734,92 64 2254
3132016,52 63 269
3132319,63 150 
3132335 68 
3132788,95 92 
3132788,95 65 
3133839,14 103 
3133839,14 101 
3134349,15 100 
3134349,15 3
3134349,15 1955
3134349,15 10
3136345,56 25 
3136360,14 75 
3137763,51 72 
3137904,89 70 
3139468,95 80 
3140383,6 83 
3140582,77 64 200
3140846,56 63 250
3141148,62 153 
3141171,29 68 
3141626,07 92 
3141626,07 65 
3142675,49 103 
3142675,49 101 
3143185,04 100 
3143185,04 3
3143185,04 1955
3143185,04 11
3145181,73 25 
3149806,93 75 
3149808,85 250 
3149818,9 101 
3151819,11 100 
3151819,11 3
3151819,11 1955
3151819,11 11
3151819,11 25 
3154724,26 75 
3156127,43 72 
3156257,25 70 
3157818,06 80 
3158722,48 83 
3159130,64 64 409
3159426,47 62 277
3159729,22 151 
3159750,18 69 
3160204,33 93 
3161254,48 103 
3161254,48 101 
3165270,26 100 
3165270,26 3
3165270,26 1955
3165270,26 11
3167265,98 25 
3175476,1 75 
3176877,68 72 
3177008,65 70 
3178554,11 80 
3179354,23 83 
3180128,85 64 775
3180536,82 62 397
3180840,28 153 
3180861,44 68 
3181313,95 92 
3181313,95 65 
3182365,7 103 
3182365,7 101 
3182875,31 100 
3182875,31 3
3182875,31 1955
3182875,31 11
3184871,97 25 
3185525,28 75 
3186927,43 72 
3186964,59 70 
3188495,02 80 
3189296,62 83 
3189668,34 64 372
3189946,8 63 264
3190248,73 150 
3190270,96 68 
3190726,02 92 
3190726,02 65 
3191775,16 103 
3191775,16 101 
3192284,86 100 
3192284,86 3
3192284,86 1955
3192284,86 10
3194281,38 25 
3194295,11 75 
3195698,38 72 
3195734,26 70 
3197260,7 80 
3198066,29 83 
3199184,43 64 1118
3199426,75 62 228
3199728,69 150 
3199746,97 68 
3200201,08 92 
3200201,08 65 
3201251,23 103 
3201251,23 101 
3201760,79 100 
3201760,79 3
3201760,79 1955
3201760,79 10
3203757,46 25 
3203784,74 75 
3205187,51 72 
3205223,68 70 
3206751,09 80 
3207555,69 83 
3209498,77 64 1944
3209717,9 62 204
3210020,48 150 
3210036,07 68 
3210489,29 92 
3210489,29 65 
3211540,3 103 
3211540,3 101 
3212049,73 100 
3212049,73 3
3212049,73 1955
3212049,73 10
3214046,61 25 
3214060,1 75 
3215461,65 72 
3215499,36 70 
3217026,2 80 
3217818,01 83 
3217934,43 64 116
3218216,96 63 266
3218518,77 151 
3218539,14 69 
3218993,47 93 
3220043,52 103 
3220043,52 101 
3224058,07 100 
3224058,07 3
3224058,07 1955
3224058,07 10
3226054,88 25 
3226068,45 75 
3227469,94 72 
3227507,67 70 
3229035,45 80 
3229839,69 83 
3229974,17 64 135
3230206,94 61 221
3230510,55 151 
3230534,34 69 
3230987,53 93 
3232038,47 103 
3232038,47 101 
3236053,13 100 
3236053,13 3
3236053,13 1955
3236053,13 11
3238050,03 25 
3238063,66 75 
3239465,97 72 
3239502,75 70 
3241032,6 80 
3241835,3 83 
3242024,08 64 190
3242367,41 63 333
3242670,41 150 
3242689,14 68 
3243143,13 92 
3243143,13 65 
3244193,47 103 
3244193,47 101 
3244702,93 100 
3244702,93 3
3244702,93 1955
3244702,93 11
3246699,65 25 
3246713,33 75 
3248117,54 72 
3248152,5 70 
3249679,01 80 
3250484,54 83 
3250647,82 64 164
3250875,43 63 218
3251177,61 150 
3251192,35 68 
3251645,35 92 
3251645,35 65 
3252696,58 103 
3252696,58 101 
3253206,4 100 
3253206,4 3
3253206,4 1955
3253206,4 10
3255202,99 25 
3255776,18 75 
3257178,48 72 
3257215,35 70 
3258742,29 80 
3259534,3 83 
3259892,71 64 359
3260137,13 62 230
3260439,91 150 
3260455,26 68 
3260909,21 92 
3260909,21 65 
3261959,39 103 
3261959,39 101 
3262469,56 100 
3262469,56 3
3262469,56 1955
3262469,56 11
3264465,68 25 
3264479,2 75 
3265880,64 72 
3265918,46 70 
3267446,8 80 
3268264,44 83 
3269367,68 64 1105
3269656,06 63 273
3269958,79 150 
3269971,24 68 
3270424,5 92 
3270424,5 65 
3271475,42 103 
3271475,42 101 
3271502,72 102 
