39,73 100 
39,73 4
39,73 1945
39,73 11
2034,99 25 
6005,23 75 
6619,96 250 
6631,41 101 
8631,43 100 
8631,43 4
8631,43 1945
8631,43 11
8631,43 25 
11496,39 75 
12830,11 250 
12841,9 101 
14842 100 
14842 4
14842 1945
14842 11
14842 25 
24841,72 254 
24850,51 101 
26849,88 100 
26849,88 4
26849,88 1945
26849,88 11
26849,88 25 
27516,35 75 
28919,75 72 
29166,33 70 
30698,13 80 
31282,28 250 
31287,89 101 
33287,63 100 
33287,63 4
33287,63 1945
33287,63 11
33287,63 25 
33301,45 75 
34704,94 72 
34740,36 70 
36262,17 80 
37058,92 83 
37498,68 64 440
37761,93 63 248
38066,04 151 
38085,51 69 
38370,09 256 
38408,28 183 
40461,99 183 
40911,91 93 
40925,42 103 
40925,42 101 
44938,58 100 
44938,58 4
44938,58 1945
44938,58 10
46935,25 25 
46948,97 75 
48352,66 72 
48481,29 70 
50028,13 80 
50933,24 83 
51297,11 64 365
51550,99 63 244
51565,97 256 
51934,87 151 
51947,6 69 
52401,73 93 
52451,22 256 
53451,85 103 
53451,85 101 
57466,49 100 
57466,49 4
57466,49 1945
57466,49 11
59463,3 25 
59477,05 75 
60880,06 72 
61009,39 70 
62562,12 80 
63448,23 83 
64092,34 64 645
64299,18 61 198
64603,07 150 
64621,2 68 
65076,7 92 
65076,7 65 
66126,57 103 
66126,57 101 
66635,98 100 
66635,98 4
66635,98 1945
66635,98 10
68632,8 25 
68646,39 75 
70050,01 72 
70178,86 70 
71707,22 80 
72497,59 83 
74660,12 64 2163
74840,52 61 171
74852,81 256 
75170,53 151 
75190,35 69 
75643,27 93 
75999,55 256 
76695,47 103 
76695,47 101 
80710,09 100 
80710,09 4
80710,09 1945
80710,09 10
82706,92 25 
82720,84 75 
84124,02 72 
84159,7 70 
85684,44 80 
86478,36 83 
86999,76 64 521
87209,42 61 198
87512,74 151 
87531,88 69 
87985,59 93 
88064,89 256 
88679,21 181 
89036,99 103 
89036,99 101 
93051,57 100 
93051,57 4
93051,57 1945
93051,57 10
95048,5 25 
96114,86 75 
97518,22 72 
97554,08 70 
99079,57 80 
99872,77 83 
100215,67 64 343
100418,39 61 186
100721,6 151 
100739,7 69 
101176,04 256 
103110,33 183 
103830,89 181 
103923,85 181 
104450,59 182 
104531,72 182 
105582,38 183 
106377,62 181 
107013,45 181 
107280,72 182 
108841,33 183 
109660,73 181 
110110,4 93 
110121,46 103 
110121,46 101 
114136,35 100 
114136,35 4
114136,35 1945
114136,35 11
116133,11 25 
116146,67 75 
117550,3 72 
117585,72 70 
119108,43 80 
119904,4 83 
120338,48 64 434
120569,13 61 212
120871,74 150 
120892,07 68 
121345,86 92 
121345,86 65 
122396,33 103 
122396,33 101 
122905,8 100 
122905,8 4
122905,8 1945
122905,8 10
124902,69 25 
124916,38 75 
126319,77 72 
126355,39 70 
127876,71 80 
128674,04 83 
129141,31 64 468
129350,36 61 197
129654,64 151 
129675,68 69 
130129,77 93 
130569,04 256 
131179,31 103 
131179,31 101 
135193,95 100 
135193,95 4
135193,95 1945
135193,95 11
137190,87 25 
137204,33 75 
138607,03 72 
138643,53 70 
140167,43 80 
140962,24 83 
141207,24 64 246
141439,58 61 224
141742,46 152 
141762,52 69 
142215,82 93 
142788,33 256 
143267,61 103 
143267,61 101 
147282,21 100 
147282,21 4
147282,21 1945
147282,21 11
149279,24 25 
149292,62 75 
150694,87 72 
150731,86 70 
152254,78 80 
153050,48 83 
153336,15 64 286
153617,9 63 261
153919,72 151 
153944,03 69 
154398,51 93 
154601,68 256 
155449,15 103 
155449,15 101 
159464,53 100 
159464,53 4
159464,53 1945
159464,53 10
161460,67 25 
161474,36 75 
162877,78 72 
162913,43 70 
164433,81 80 
165232,06 83 
165803,37 64 572
166018,17 61 200
166321,77 151 
166338,88 69 
166679,83 256 
167309,88 181 
171590,47 181 
172202,66 181 
172650,43 181 
173099,33 93 
173108,43 103 
173108,43 101 
177123,14 100 
177123,14 4
177123,14 1945
177123,14 10
179119,99 25 
179133,46 75 
180536,03 72 
180666,04 70 
182217,22 80 
183117,89 83 
183479,02 64 361
183738,19 63 248
184040,26 151 
184065,66 69 
184520,34 93 
184833,48 256 
185569,9 103 
185569,9 101 
189584,53 100 
189584,53 4
189584,53 1945
189584,53 10
191581,42 25 
191595,06 75 
192997,66 72 
193127,47 70 
194655,19 80 
195446,11 83 
196200,28 64 755
196487,71 63 269
196790,44 151 
196806,12 69 
197260,05 93 
198311,22 103 
198311,22 101 
202326 100 
202326 4
202326 1945
202326 11
204322,82 25 
204336,35 75 
205739,74 72 
205775,5 70 
207299,02 80 
208094,11 83 
208740,52 64 647
208997,9 62 237
209302,35 151 
209320,89 69 
209775,15 93 
209860,64 256 
210825,98 103 
210825,98 101 
214841,44 100 
214841,44 4
214841,44 1945
214841,44 10
216837,47 25 
216851,33 75 
218254,6 72 
218290,19 70 
219810,84 80 
220608,94 83 
223044,14 64 2436
223347,01 62 287
223649,9 150 
223662,54 68 
224118,32 92 
224118,32 65 
224528,61 172 
225166,66 103 
225166,66 101 
225676,19 100 
225676,19 4
225676,19 1945
225676,19 11
227672,95 25 
227686,79 75 
229089,21 72 
229125,67 70 
230647,8 80 
231444,38 83 
231803,29 64 359
232007,32 61 190
232309,95 150 
232325,47 68 
232779,8 92 
232779,8 65 
233829,71 103 
233829,71 101 
234340,02 100 
234340,02 4
234340,02 1945
234340,02 10
236336 25 
236349,89 75 
237752,45 72 
237788,73 70 
239310,58 80 
240107,41 83 
240667,18 64 560
240858,66 61 178
241162,93 153 
241188,33 68 
241641,56 92 
241641,56 65 
242692,64 103 
242692,64 101 
243202,09 100 
243202,09 4
243202,09 1945
243202,09 11
245198,9 25 
245212,61 75 
246615,93 72 
246651,64 70 
247115,95 250 
247130,81 101 
249130,61 100 
249130,61 4
249130,61 1945
249130,61 11
249130,61 25 
249144,31 75 
250549,19 72 
250556,06 70 
251960,17 80 
252755,46 83 
253059,97 64 304
253257,28 61 183
253559,45 150 
253583,16 68 
254036,27 92 
254036,27 65 
255087,46 103 
255087,46 101 
255596,97 100 
255596,97 4
255596,97 1945
255596,97 11
257593,72 25 
257610,76 75 
259013,96 72 
259046,49 70 
260568,29 80 
261365,16 83 
261604,4 64 240
261857,35 61 239
262160,9 150 
262179,63 68 
262632,68 92 
262632,68 65 
263683,87 103 
263683,87 101 
264193,29 100 
264193,29 4
264193,29 1945
264193,29 11
266190,1 25 
266204,15 75 
267607,54 72 
267642,89 70 
269165,16 80 
269961,62 83 
270492,5 64 531
270677,07 61 170
270980,12 150 
271002,59 68 
271455,91 92 
271455,91 65 
272506,83 103 
272506,83 101 
273017,01 100 
273017,01 4
273017,01 1945
273017,01 10
275013,09 25 
275613,18 75 
277016,45 72 
277052,34 70 
278573,21 80 
279370,95 83 
280101,98 64 731
280287 61 170
280589,14 153 
280611,83 68 
281064,86 92 
281064,86 65 
282116,15 103 
282116,15 101 
282625,67 100 
282625,67 4
282625,67 1945
282625,67 10
284622,5 25 
284636,08 75 
286039,12 72 
286075,19 70 
287595,18 80 
288393,9 83 
289020,05 64 627
289227,16 61 194
289530,49 151 
289553,94 69 
290006,43 93 
290709,02 256 
291059,13 103 
291059,13 101 
295073,82 100 
295073,82 4
295073,82 1945
295073,82 10
297070,67 25 
297084,27 75 
298487,54 72 
298616,65 70 
300167,98 80 
301068,55 83 
301593,59 64 525
301796,67 61 182
302099,42 151 
302121,99 69 
302574,29 93 
303627,26 103 
303627,26 101 
307641,8 100 
307641,8 4
307641,8 1945
307641,8 11
309638,66 25 
309652,45 75 
311054,74 72 
311171,45 70 
312719,05 80 
313623,28 83 
313975,43 64 353
314166,99 61 170
314469,74 150 
314491,01 68 
314944,81 92 
314944,81 65 
315995,32 103 
315995,32 101 
316504,83 100 
316504,83 4
316504,83 1945
316504,83 10
318501,55 25 
318515,37 75 
319918,97 72 
320047,63 70 
321598,02 80 
322499,61 83 
322876,09 64 377
323085,92 61 200
323388,04 151 
323407,27 69 
323862,33 93 
324623,32 256 
324911,58 103 
324911,58 101 
328927,09 100 
328927,09 4
328927,09 1945
328927,09 11
330923,1 25 
330937,1 75 
332340,1 72 
332469,08 70 
334015,57 80 
334921,04 83 
335112,89 64 192
335346,13 256 
335355,95 61 222
335658,58 150 
335682,12 68 
336135,04 92 
336135,04 65 
337186,43 103 
337186,43 101 
337695,94 100 
337695,94 4
337695,94 1945
337695,94 11
339692,93 25 
339706,39 75 
341108,93 72 
341238,78 70 
342787,49 80 
343677,38 83 
344102,67 64 425
344297,72 61 181
344599,81 150 
344625,07 68 
345076,99 92 
345076,99 65 
346129,37 103 
346129,37 101 
346638,82 100 
346638,82 4
346638,82 1945
346638,82 10
348635,67 25 
348649,41 75 
350052,73 72 
350088,38 70 
351608,34 80 
352407,09 83 
353466,46 64 1060
353785,72 62 299
354088,71 150 
354101,09 68 
354553,94 92 
354553,94 65 
354958,12 172 
355605,4 103 
355605,4 101 
356114,88 100 
356114,88 4
356114,88 1945
356114,88 11
358111,81 25 
358125,31 75 
359528,51 72 
359564,46 70 
361087,43 80 
361883,11 83 
362900,64 64 1018
363106,23 61 198
363410,15 150 
363430,52 68 
363884,88 92 
363884,88 65 
364934,83 103 
364934,83 101 
365444,34 100 
365444,34 4
365444,34 1945
365444,34 11
367441,1 25 
367454,82 75 
368858,01 72 
368893,97 70 
370420,28 80 
371212,53 83 
371630,44 64 418
371867,31 61 228
372170,62 150 
372186,85 68 
372639,97 92 
372639,97 65 
373691,14 103 
373691,14 101 
374201,72 100 
374201,72 4
374201,72 1945
374201,72 11
376197,5 25 
376211,07 75 
377613,19 72 
377650,15 70 
379174,39 80 
379968,86 83 
380327,15 64 359
380595,55 61 254
380897,59 150 
380916,55 68 
381369,3 92 
381369,3 65 
382420,83 103 
382420,83 101 
382930,26 100 
382930,26 4
382930,26 1945
382930,26 10
384927,26 25 
384940,89 75 
386344,19 72 
386379,88 70 
387899,14 80 
388698,56 83 
389437,17 64 739
389667,03 62 210
389969,73 150 
389992,78 68 
390446,61 92 
390446,61 65 
390882,98 256 
391497,06 103 
391497,06 101 
392007,27 100 
392007,27 4
392007,27 1945
392007,27 10
394003,41 25 
394017,12 75 
395420,69 72 
395456,11 70 
396977,26 80 
397774,74 83 
398419,97 64 645
398626,63 62 186
398929,07 152 
398948,12 69 
399400,54 93 
400453,29 103 
400453,29 101 
404467,91 100 
404467,91 4
404467,91 1945
404467,91 10
406464,89 25 
406478,56 75 
407881,04 72 
407917,49 70 
409437,27 80 
410236,22 83 
411336,28 64 1101
411545,37 62 190
411848,62 150 
411862,75 68 
412219,57 256 
412922,31 172 
413206,59 172 
413654,59 92 
413654,59 65 
413674,46 103 
413674,46 101 
414183,88 100 
414183,88 4
414183,88 1945
414183,88 11
416180,75 25 
416713,99 75 
418117,2 72 
418153,33 70 
419675,78 80 
420471,89 83 
420829,64 64 358
421075,56 61 231
421377,66 150 
421392,98 68 
421846,35 92 
421846,35 65 
422897,21 103 
422897,21 101 
423406,67 100 
423406,67 4
423406,67 1945
423406,67 10
425403,56 25 
430734,83 75 
432137,87 72 
432174,01 70 
433694,1 80 
434492,78 83 
435191,77 64 699
435455,4 63 243
435758,87 151 
435773,69 69 
436226,64 93 
437277,86 103 
437277,86 101 
441292,56 100 
441292,56 4
441292,56 1945
441292,56 10
443289,44 25 
443303,11 75 
444706,05 72 
444835,43 70 
446382,51 80 
447273,99 83 
448241,12 64 968
448594,84 63 335
448897,98 151 
448914,05 69 
449367,68 93 
449499,1 256 
450419,02 103 
450419,02 101 
454433,81 100 
454433,81 4
454433,81 1945
454433,81 11
456430,59 25 
456444,28 75 
457847,65 72 
457883,27 70 
459403,75 80 
460201,99 83 
460559,89 64 358
460745,66 61 171
461047,09 150 
461069,66 68 
461524,51 92 
461524,51 65 
462573,94 103 
462573,94 101 
463084,27 100 
463084,27 4
463084,27 1945
463084,27 11
465080,39 25 
465094,11 75 
466497,48 72 
466532,98 70 
468055,83 80 
468851,67 83 
469025,69 64 174
469057,55 256 
469298,2 61 261
469600,46 150 
469626,04 68 
470078,09 92 
470078,09 65 
471130,36 103 
471130,36 101 
471639,85 100 
471639,85 4
471639,85 1945
471639,85 11
473636,82 25 
473650,43 75 
475052,8 72 
475089,38 70 
476609,75 80 
477408,1 83 
477561,7 64 154
477604,32 256 
477825,82 61 245
478128,76 150 
478142,51 68 
478595,47 92 
478595,47 65 
479646,8 103 
479646,8 101 
480157,11 100 
480157,11 4
480157,11 1945
480157,11 10
482153,29 25 
482166,82 75 
483569,46 72 
483605,82 70 
485126,32 80 
485924,49 83 
486379,89 64 455
486604,46 62 214
486907,77 150 
486925,53 68 
487379,35 92 
487379,35 65 
488429,78 103 
488429,78 101 
488939,2 100 
488939,2 4
488939,2 1945
488939,2 10
490936,13 25 
490949,72 75 
492352,58 72 
492388,79 70 
493909,74 80 
494707,48 83 
495132,79 64 425
495355,07 62 208
495657,37 150 
495681,88 68 
496135,55 92 
496135,55 65 
497186,13 103 
497186,13 101 
497695,61 100 
497695,61 4
497695,61 1945
497695,61 11
499692,42 25 
499708,97 75 
501111,93 72 
501145,14 70 
502665,34 80 
503463,83 83 
503838,78 64 375
504046,01 61 196
504348,78 150 
504371,58 68 
504824,25 92 
504824,25 65 
505875,81 103 
505875,81 101 
506385,24 100 
506385,24 4
506385,24 1945
506385,24 10
506385,24 79 
508382,75 25 
508395,84 75 
509798,13 72 
509834,84 70 
511355,28 80 
512153,55 83 
512787,55 64 634
512995,67 62 189
513298,02 150 
513314,48 68 
513767,28 92 
513767,28 65 
514818,75 103 
514818,75 101 
515328,16 100 
515328,16 4
515328,16 1945
515328,16 10
517325,22 25 
517338,54 75 
518740,18 72 
518777,82 70 
520296,28 80 
521096,48 83 
521695,47 64 599
521974,2 62 265
522276,71 150 
522297,36 68 
522749,69 92 
522749,69 65 
523801,66 103 
523801,66 101 
524311,1 100 
524311,1 4
524311,1 1945
524311,1 11
526308,07 25 
526321,69 75 
527724,91 72 
527760,68 70 
529283,33 80 
530079,33 83 
530388,45 64 310
530603,81 61 205
530905,63 152 
530919,53 69 
531374,2 93 
531912,79 256 
532206,44 181 
532424,71 103 
532424,71 101 
536439,38 100 
536439,38 4
536439,38 1945
536439,38 10
538436,16 25 
538449,69 75 
539851,22 72 
539888,94 70 
541410,33 80 
542207,67 83 
542652,86 64 445
542844,04 62 171
543146,16 150 
543168,62 68 
543568,98 256 
544220,11 172 
544536,17 172 
544984,98 92 
544984,98 65 
544992,91 103 
544992,91 101 
545502,3 100 
545502,3 4
545502,3 1945
545502,3 11
547499,09 25 
547872,45 75 
549274,56 72 
549404,95 70 
550952,05 80 
551856,9 83 
552094,18 64 238
552114,78 256 
552353,68 61 244
552655,24 150 
552671,35 68 
553124,06 92 
553124,06 65 
554175,59 103 
554175,59 101 
554685,02 100 
554685,02 4
554685,02 1945
554685,02 11
556681,92 25 
556695,43 75 
558097,35 72 
558227,9 70 
559776,52 80 
560679,85 83 
560930,28 64 251
561193,9 61 247
561496,77 150 
561520,99 68 
561975,21 92 
561975,21 65 
563025,22 103 
563025,22 101 
563534,68 100 
563534,68 4
563534,68 1945
563534,68 11
565531,63 25 
565571,77 75 
566975 72 
567104,22 70 
568657,43 80 
569449,51 83 
569885,88 64 436
570113,38 61 211
570416,3 150 
570437,18 68 
570890,72 92 
570890,72 65 
571941,49 103 
571941,49 101 
572451,73 100 
572451,73 4
572451,73 1945
572451,73 11
574447,73 25 
577593,37 75 
578995,14 72 
579125,87 70 
579256,17 250 
579271,77 101 
581271,58 100 
581271,58 4
581271,58 1945
581271,58 11
581271,58 25 
581285,71 75 
582688,75 72 
582697 70 
584099,5 80 
584896,39 83 
585086,8 64 190
585323,86 61 228
585627,4 150 
585644,14 68 
586096,06 92 
586096,06 65 
587148,48 103 
587148,48 101 
587657,9 100 
587657,9 4
587657,9 1945
587657,9 10
589654,8 25 
589668,7 75 
591072,21 72 
591108,55 70 
592628,79 80 
593426,16 83 
593839,48 64 414
594054,73 62 202
594357,1 150 
594373,85 68 
594827,34 92 
594827,34 65 
595878,16 103 
595878,16 101 
596388,44 100 
596388,44 4
596388,44 1945
596388,44 11
598384,44 25 
598397,95 75 
599801,22 72 
599837,2 70 
601358,16 80 
602155,83 83 
602539,59 64 384
602794,06 256 
602808,24 61 253
603111,33 150 
603130,15 68 
603583,79 92 
603583,79 65 
604634,5 103 
604634,5 101 
605144,97 100 
605144,97 4
605144,97 1945
605144,97 10
607141 25 
607154,57 75 
608557,57 72 
608593,49 70 
610112,29 80 
610912,21 83 
611461,53 64 550
611643,83 62 172
611947,09 150 
611966,45 68 
612419,48 92 
612419,48 65 
613470,76 103 
613470,76 101 
613980,23 100 
613980,23 4
613980,23 1945
613980,23 11
615977,08 25 
615990,77 75 
617393,44 72 
617429,8 70 
618955,49 80 
619748,5 83 
621135,5 64 1387
621160,27 256 
621403,48 61 256
621705,69 150 
621722,42 68 
622176,45 92 
622176,45 65 
623226,69 103 
623226,69 101 
623736,15 100 
623736,15 4
623736,15 1945
623736,15 10
625732,93 25 
626252,97 75 
627655,9 72 
627692,2 70 
629214,32 80 
630010,84 83 
630321,32 64 311
630603,42 62 273
630906,01 150 
630918,76 68 
631371,52 92 
631371,52 65 
632422,83 103 
632422,83 101 
632932,36 100 
632932,36 4
632932,36 1945
632932,36 10
634929,09 25 
634942,64 75 
636344,8 72 
636381,88 70 
637903,67 80 
638700,59 83 
639021,06 64 321
639232,43 62 199
639535,69 150 
639554,95 68 
640007,19 92 
640007,19 65 
641059,22 103 
641059,22 101 
641568,63 100 
641568,63 4
641568,63 1945
641568,63 11
643565,52 25 
644112,15 75 
645516,67 72 
645551,35 70 
647071,44 80 
647870,09 83 
648393,02 64 523
648632,69 256 
648636,83 61 234
648939,62 150 
648964,33 68 
649416,18 92 
649416,18 65 
650468,61 103 
650468,61 101 
650978,05 100 
650978,05 4
650978,05 1945
650978,05 11
652975,05 25 
652988,78 75 
654391,64 72 
654427,64 70 
655952,79 80 
656746,34 83 
657025,21 64 280
657048,11 256 
657333,19 61 294
657635,93 152 
657654 69 
658106,99 93 
659158,31 103 
659158,31 101 
663173,12 100 
663173,12 4
663173,12 1945
663173,12 10
665169,82 25 
675170,12 254 
675178,26 101 
677177,51 100 
677177,51 4
677177,51 1945
677177,51 10
677177,51 25 
687178,25 254 
687186,58 101 
689185,79 100 
689185,79 4
689185,79 1945
689185,79 10
689185,79 25 
689200,12 75 
690603,44 72 
690732,44 70 
692281,25 80 
693184,4 83 
693718,63 64 534
693952,64 62 222
694254,26 150 
694278,67 68 
694731,31 92 
694731,31 65 
695782,98 103 
695782,98 101 
696293,82 100 
696293,82 4
696293,82 1945
696293,82 11
698289,57 25 
698302,98 75 
699706,14 72 
699742 70 
701267,43 80 
702060,7 83 
702469,94 64 409
702497,61 256 
702793,2 61 307
703095,03 150 
703114,95 68 
703568,51 92 
703568,51 65 
704619,36 103 
704619,36 101 
705128,71 100 
705128,71 4
705128,71 1945
705128,71 10
707125,62 25 
707139,31 75 
708542,5 72 
708578,32 70 
710103,39 80 
710896,98 83 
711640,3 64 744
711893,67 62 237
712197,74 152 
712217,84 69 
712670,26 93 
713029,1 256 
713722,13 103 
713722,13 101 
717736,73 100 
717736,73 5
717736,73 1945
717736,73 11
717736,73 78 
717736,73 178 
719733,73 25 
723252,35 75 
724655,36 72 
724691,62 70 
726211,94 80 
727010,35 83 
727460,19 64 451
727711,63 256 
727719,44 61 243
728022,65 151 
728037,04 69 
728491,26 93 
729542,17 103 
729542,17 101 
733556,94 100 
733556,94 5
733556,94 1945
733556,94 10
735553,62 25 
736193,58 75 
737596,52 72 
737632,85 70 
739152,47 80 
739951,53 83 
740333,76 64 382
740591,46 62 241
740894,57 151 
740911,69 69 
741365,98 93 
742416,78 103 
742416,78 101 
746431,44 100 
746431,44 5
746431,44 1945
746431,44 11
748428,26 25 
748442,21 75 
749844,84 72 
749881,02 70 
751401,16 80 
752199,72 83 
753089,75 64 890
753322,03 256 
753388,07 61 283
753692,14 151 
753707,13 69 
754159,55 93 
755133,39 183 
755211,46 103 
755211,46 101 
759226,08 100 
759226,08 5
759226,08 1945
759226,08 11
761222,99 25 
763901,99 75 
765304,26 72 
765341,2 70 
766861,57 80 
767659,9 83 
768843,4 64 1184
769291,08 63 432
769594,77 151 
769607,17 69 
770060,51 93 
771111,48 103 
771111,48 101 
775126,05 100 
775126,05 5
775126,05 1945
775126,05 10
777122,95 25 
777549,73 75 
778952,07 72 
778990,07 70 
780511,1 80 
781307,51 83 
782783,31 64 1476
783110,91 63 311
783413,91 150 
783428,07 68 
783881,29 92 
783881,29 65 
784932,33 103 
784932,33 101 
785442,44 100 
785442,44 5
785442,44 1945
785442,44 11
787438,81 25 
787452,11 75 
788854,73 72 
788891,35 70 
790413,93 80 
791210,03 83 
792363,17 64 1154
792600,61 61 218
792902,19 151 
792916,56 69 
793370,73 93 
794421,68 103 
794421,68 101 
798436,36 100 
798436,36 5
798436,36 1945
798436,36 10
800433,3 25 
800446,69 75 
801848,35 72 
801979,26 70 
803526,62 80 
804431,17 83 
805009,16 64 579
805272,47 62 242
805575,96 151 
805591,21 69 
806044,46 93 
806344,53 256 
806597,38 182 
807096,39 103 
807096,39 101 
811111,06 100 
811111,06 5
811111,06 1945
811111,06 10
813107,88 25 
813124,36 75 
814526,78 72 
814654,01 70 
816208,5 80 
817092,5 83 
817916,33 64 824
818281,14 63 350
818584,9 150 
818600,06 68 
819054,01 92 
819054,01 65 
820104,27 103 
820104,27 101 
820614,4 100 
820614,4 5
820614,4 1945
820614,4 11
822610,57 25 
822624,22 75 
824026,26 72 
824063,33 70 
825584,75 80 
826382 83 
826927,04 64 546
827201,49 63 260
827504,63 151 
827528,81 69 
827982,73 93 
829033,87 103 
829033,87 101 
833048,52 100 
833048,52 5
833048,52 1945
833048,52 10
835045,44 25 
835059,01 75 
836461,96 72 
836498,14 70 
838022,12 80 
838816,76 83 
839690,73 64 874
840012,49 63 303
840315,72 150 
840337,55 68 
840790,52 92 
840790,52 65 
841841,83 103 
841841,83 101 
842351,4 100 
842351,4 5
842351,4 1945
842351,4 11
844348,14 25 
844961,39 75 
846364,13 72 
846400,64 70 
847920,47 80 
848719,28 83 
849048,33 64 330
849340,71 63 275
849643,26 151 
849666,13 69 
850119,76 93 
850700,85 256 
851171,29 103 
851171,29 101 
855185,91 100 
855185,91 5
855185,91 1945
855185,91 10
857182,74 25 
857196,51 75 
858598,22 72 
858635,51 70 
860155,35 80 
860954,19 83 
861552,89 64 599
861900,07 63 334
862202,71 150 
862221,76 68 
862675,97 92 
862675,97 65 
863726,01 103 
863726,01 101 
864235,43 100 
864235,43 5
864235,43 1945
864235,43 11
866232,5 25 
866246,21 75 
867648,71 72 
867685,03 70 
869204,25 80 
870003,69 83 
870718,19 64 715
871070,92 256 
871076,5 63 340
871379,37 151 
871403,69 69 
871857,76 93 
872908,84 103 
872908,84 101 
876923,48 100 
876923,48 5
876923,48 1945
876923,48 11
878920,34 25 
878934,15 75 
880336,54 72 
880373,06 70 
881893,01 80 
882691,84 83 
882970,62 64 279
883311,44 63 327
883614,42 151 
883638,63 69 
884092,72 93 
885143,74 103 
885143,74 101 
889158,38 100 
889158,38 5
889158,38 1945
889158,38 10
891155,23 25 
894300,73 75 
895703,87 72 
895739,95 70 
897259,39 80 
898058,62 83 
898898,92 64 840
899129,38 62 218
899432,38 153 
899446,13 68 
899899,81 92 
899899,81 65 
900950,43 103 
900950,43 101 
901459,88 100 
901459,88 5
901459,88 1945
901459,88 11
903456,74 25 
905336,12 75 
906738,94 72 
906775,36 70 
908295,38 80 
909094,04 83 
909149,99 64 56
909491,47 63 331
909794,39 151 
909815,69 69 
910269,49 93 
911319,44 103 
911319,44 101 
915334,7 100 
915334,7 5
915334,7 1945
915334,7 10
917330,92 25 
917344,77 75 
918747,41 72 
918876,99 70 
920424,85 80 
921315,58 83 
921843,74 64 528
922199,69 63 338
922501,08 150 
922516,48 68 
922970,18 92 
922970,18 65 
924020,79 103 
924020,79 101 
924530,21 100 
924530,21 5
924530,21 1945
924530,21 10
926527,12 25 
926540,55 75 
927943,12 72 
927979,78 70 
929500,66 80 
930298,46 83 
930868,58 64 570
931149,52 63 265
931451,31 150 
931472,83 68 
931926,75 92 
931926,75 65 
932977,06 103 
932977,06 101 
933487,29 100 
933487,29 5
933487,29 1945
933487,29 10
935483,25 25 
935496,92 75 
936899,71 72 
936936,04 70 
938457,08 80 
939254,71 83 
940081,59 64 827
940330,93 62 236
940635,48 153 
940656,19 68 
941108,55 92 
941108,55 65 
942159,83 103 
942159,83 101 
942669,3 100 
942669,3 5
942669,3 1945
942669,3 11
944666,24 25 
944679,63 75 
946081,66 72 
946118,91 70 
947642,17 80 
948437,55 83 
948849,57 64 412
949199,02 63 335
949502,83 151 
949517,78 69 
949971,54 93 
951022,8 103 
951022,8 101 
955037,67 100 
955037,67 5
955037,67 1945
955037,67 10
957034,38 25 
960033,2 75 
961435,01 72 
961472,43 70 
962992,98 80 
963791,14 83 
964764,99 64 974
964988,99 62 211
965291,29 151 
965311,02 69 
965764,82 93 
966816,28 103 
966816,28 101 
970830,83 100 
970830,83 5
970830,83 1945
970830,83 11
972827,63 25 
974240,59 75 
975643,98 72 
975679,87 70 
977203,09 80 
977998,52 83 
978714,68 64 716
979050,53 63 319
979354,97 151 
979371,89 69 
979824,56 93 
980557,5 256 
980876,98 103 
980876,98 101 
984891,63 100 
984891,63 5
984891,63 1945
984891,63 11
986888,41 25 
986902,27 75 
988305,03 72 
988341,16 70 
989862,18 80 
990659,88 83 
991122,71 64 463
991349,16 62 210
991651,41 150 
991674,2 68 
992126,65 92 
992126,65 65 
993178,47 103 
993178,47 101 
993688 100 
993688 5
993688 1945
993688 10
995684,78 25 
995698,36 75 
997101,93 72 
997137,5 70 
998657,18 80 
999456,23 83 
1000002,44 64 547
1000290,47 63 275
1000592,65 150 
1000617,16 68 
1001070,81 92 
1001070,81 65 
1002121,4 103 
1002121,4 101 
1002630,97 100 
1002630,97 5
1002630,97 1945
1002630,97 10
1004627,69 25 
1004641,44 75 
1006045,85 72 
1006080,4 70 
1007601,35 80 
1008399,11 83 
1008740,56 64 342
1009019,86 63 261
1009321,57 150 
1009346,85 68 
1009800,76 92 
1009800,76 65 
1010851,07 103 
1010851,07 101 
1011360,51 100 
1011360,51 5
1011360,51 1945
1011360,51 11
1013357,37 25 
1013370,89 75 
1014773,84 72 
1014810,1 70 
1016330,21 80 
1017128,79 83 
1017532,5 64 404
1017848,88 63 307
1018151,78 151 
1018168,94 69 
1018621,12 93 
1019674,08 103 
1019674,08 101 
1023688,96 100 
1023688,96 5
1023688,96 1945
1023688,96 10
1025685,72 25 
1026938,6 75 
1028340,41 72 
1028537,76 70 
1030066,18 80 
1030856,37 83 
1037302,3 64 6446
1037648,78 256 
1037654,56 63 335
1037958,96 150 
1037974,86 68 
1038427,97 92 
1038427,97 65 
1039479,09 103 
1039479,09 101 
1039988,57 100 
1039988,57 5
1039988,57 1945
1039988,57 11
1041985,55 25 
1041999,16 75 
1043401,27 72 
1043531,45 70 
1045081,33 80 
1045983,38 83 
1046472,36 64 489
1046679,45 62 190
1046982,12 150 
1046997,7 68 
1047450,81 92 
1047450,81 65 
1048501,99 103 
1048501,99 101 
1049012,49 100 
1049012,49 5
1049012,49 1945
1049012,49 11
1051008,29 25 
1052167,95 75 
1053570,9 72 
1053700,57 70 
1055230,83 80 
1056032,55 83 
1056271,58 64 239
1056478,37 62 193
1056781,03 150 
1056793,61 68 
1057247,63 92 
1057247,63 65 
1058297,89 103 
1058297,89 101 
1058807,35 100 
1058807,35 5
1058807,35 1945
1058807,35 10
1060804,36 25 
1061017,62 75 
1062419,38 72 
1062550,14 70 
1064098,76 80 
1065002,12 83 
1065880,07 64 879
1066319,2 63 425
1066621,06 152 
1066641,94 69 
1067094,35 93 
1068147,1 103 
1068147,1 101 
1072161,68 100 
1072161,68 5
1072161,68 1945
1072161,68 10
1074158,63 25 
1083235,11 75 
1084637,31 72 
1084767,47 70 
1086322,32 80 
1087206,18 83 
1097667,2 64 10462
1097957,52 63 276
1098259,23 150 
1098282,87 68 
1098736,7 92 
1098736,7 65 
1099787,19 103 
1099787,19 101 
1100296,66 100 
1100296,66 5
1100296,66 1945
1100296,66 11
1102293,53 25 
1102307,11 75 
1103710,48 72 
1103852,81 70 
1105404,89 80 
1106304,8 83 
1106577,7 64 273
1106787,69 62 190
1107089,09 150 
1107105,92 68 
1107559,68 92 
1107559,68 65 
1108610,16 103 
1108610,16 101 
1109119,58 100 
1109119,58 5
1109119,58 1945
1109119,58 10
1111116,62 25 
1111130,27 75 
1112532,79 72 
1112662,45 70 
1114209,38 80 
1115114,41 83 
1116165,67 64 1051
1116377,32 62 197
1116679,4 151 
1116700,96 69 
1117153,74 93 
1117437,59 256 
1118206,15 103 
1118206,15 101 
1122220,74 100 
1122220,74 5
1122220,74 1945
1122220,74 10
1124217,59 25 
1133080,75 75 
1134483,95 72 
1134613,31 70 
1136159,17 80 
1137051,89 83 
1137567,08 64 516
1137897,07 62 313
1138200,8 151 
1138225,41 69 
1138678,44 93 
1138898,12 256 
1139730,48 103 
1139730,48 101 
1143745,16 100 
1143745,16 5
1143745,16 1945
1143745,16 11
1145742,06 25 
1146235,33 75 
1147638,28 72 
1147767,84 70 
1149327,59 80 
1150233,07 83 
1150583 64 350
1150817,6 63 225
1151120,44 151 
1151139,91 69 
1151593,27 93 
1152090,82 256 
1152645,08 103 
1152645,08 101 
1156659,82 100 
1156659,82 5
1156659,82 1945
1156659,82 10
1158656,7 25 
1158670,24 75 
1160072,6 72 
1160202,62 70 
1161754,39 80 
1162654,62 83 
1163204,93 64 550
1163656,4 63 443
1163959,92 150 
1163975,46 68 
1164428,38 92 
1164428,38 65 
1165479,68 103 
1165479,68 101 
1165989,13 100 
1165989,13 5
1165989,13 1945
1165989,13 11
1167985,93 25 
1167999,72 75 
1169402,18 72 
1169531,99 70 
1171079,55 80 
1171971,06 83 
1172171,12 64 201
1172466,97 63 283
1172769,62 151 
1172784,22 69 
1173238,31 93 
1174289,33 103 
1174289,33 101 
1178303,98 100 
1178303,98 5
1178303,98 1945
1178303,98 11
1180300,93 25 
1180314,49 75 
1181717,29 72 
1181753,57 70 
1183273,39 80 
1184072,19 83 
1184663,19 64 592
1184916,42 256 
1184920,65 61 249
1185223,43 151 
1185246,5 69 
1185699,34 93 
1186443,05 256 
1186750,79 103 
1186750,79 101 
1190766,36 100 
1190766,36 5
1190766,36 1945
1190766,36 11
1192762,26 25 
1200039,5 75 
1201441,63 72 
1201478,65 70 
1202242,29 250 
1202250,96 101 
1204250,94 100 
1204250,94 5
1204250,94 1945
1204250,94 11
1204250,94 25 
1204264,49 75 
1205667,38 72 
1205676,22 70 
1207080,52 80 
1207875,57 83 
1208217,9 64 342
1208607,92 63 372
1208909,74 151 
1208929,02 69 
1209382,11 93 
1210434,21 103 
1210434,21 101 
1214448,81 100 
1214448,81 5
1214448,81 1945
1214448,81 10
1216445,85 25 
1217592,28 75 
1218995,03 72 
1219031,27 70 
1220554,22 80 
1221349,93 83 
1221863,87 64 514
1222166,09 62 284
1222469,67 151 
1222483,42 69 
1222936,55 93 
1223988,54 103 
1223988,54 101 
1228003,31 100 
1228003,31 5
1228003,31 1945
1228003,31 10
1230000,1 25 
1230919,81 75 
1232322,27 72 
1232359,01 70 
1233879,55 80 
1234677,69 83 
1235971,6 64 1294
1236347,54 63 364
1236650,8 150 
1236664,96 68 
1237118,76 92 
1237118,76 65 
1238169,23 103 
1238169,23 101 
1238678,84 100 
1238678,84 5
1238678,84 1945
1238678,84 10
1240675,81 25 
1241222,16 75 
1242624,53 72 
1242661,42 70 
1244184,21 80 
1244980,04 83 
1245418,61 64 439
1245677,29 63 245
1245979,61 150 
1245994,4 68 
1246448,83 92 
1246448,83 65 
1247498,69 103 
1247498,69 101 
1248008,12 100 
1248008,12 5
1248008,12 1945
1248008,12 11
1250005,05 25 
1250018,53 75 
1251420,34 72 
1251457,69 70 
1252980,61 80 
1253776,36 83 
1253947,53 64 171
1254225,56 61 263
1254528,37 151 
1254549,95 69 
1255003,6 93 
1255851,17 256 
1256055,07 103 
1256055,07 101 
1260069,72 100 
1260069,72 5
1260069,72 1945
1260069,72 11
1262066,59 25 
1262799,82 75 
1264202,33 72 
1264239 70 
1265759,66 80 
1266557,7 83 
1266941,39 64 384
1267225,26 63 268
1267527,63 151 
1267544,56 69 
1267997,5 93 
1269049,68 103 
1269049,68 101 
1273064,36 100 
1273064,36 5
1273064,36 1945
1273064,36 11
1275061,11 25 
1275074,93 75 
1276478,05 72 
1276607,18 70 
1278154,57 80 
1279045,87 83 
1279331,64 64 286
1279605,97 62 254
1279907,17 150 
1279926,83 68 
1280379,74 92 
1280379,74 65 
1281431,12 103 
1281431,12 101 
1281940,53 100 
1281940,53 5
1281940,53 1945
1281940,53 11
1283937,45 25 
1283950,94 75 
1285353,76 72 
1285390,18 70 
1286912,28 80 
1287708,82 83 
1288071,74 64 363
1288405,72 256 
1288409,55 63 328
1288712,81 153 
1288736,49 68 
1289190,59 92 
1289190,59 65 
1290240,76 103 
1290240,76 101 
1290750,27 100 
1290750,27 5
1290750,27 1945
1290750,27 10
1292747,03 25 
1292774,26 75 
1294177,16 72 
1294213,26 70 
1295734,69 80 
1296531,8 83 
1297033,89 64 502
1297425,24 63 374
1297727,26 150 
1297746,04 68 
1298199,66 92 
1298199,66 65 
1299250,32 103 
1299250,32 101 
1299759,77 100 
1299759,77 5
1299759,77 1945
1299759,77 10
1301756,72 25 
1301770,67 75 
1303174,27 72 
1303210,31 70 
1304730,58 80 
1305528,07 83 
1306071 64 543
1306486,76 63 399
1306790 150 
1306808,94 68 
1307261,75 92 
1307261,75 65 
1308313,23 103 
1308313,23 101 
1308823,38 100 
1308823,38 5
1308823,38 1945
1308823,38 10
1310819,52 25 
1310833,12 75 
1312236,53 72 
1312272,27 70 
1313793,43 80 
1314590,94 83 
1315215,14 64 625
1315615,18 63 385
1315917,09 150 
1315938,43 68 
1316392,26 92 
1316392,26 65 
1317442,8 103 
1317442,8 101 
1317952,17 100 
1317952,17 5
1317952,17 1945
1317952,17 10
1319948,98 25 
1319962,77 75 
1321365,84 72 
1321401,75 70 
1322922,56 80 
1323720,41 83 
1324222,85 64 502
1324515,27 63 276
1324817,65 150 
1324841,39 68 
1325294,62 92 
1325294,62 65 
1326345,68 103 
1326345,68 101 
1326855,15 100 
1326855,15 5
1326855,15 1945
1326855,15 10
1328852,04 25 
1328865,75 75 
1330268,06 72 
1330304,66 70 
1331827,69 80 
1332623,39 83 
1333126,3 64 503
1333475,87 63 333
1333777,34 150 
1333797,65 68 
1334250,11 92 
1334250,11 65 
1335301,91 103 
1335301,91 101 
1335811,34 100 
1335811,34 5
1335811,34 1945
1335811,34 10
1337808,17 25 
1337821,73 75 
1339225,15 72 
1339260,93 70 
1340784,06 80 
1341579,6 83 
1342278,6 64 699
1342624,94 63 326
1342927,99 150 
1342940,56 68 
1343393,54 92 
1343393,54 65 
1344444,74 103 
1344444,74 101 
1344954,32 100 
1344954,32 5
1344954,32 1945
1344954,32 11
1346951,19 25 
1346964,81 75 
1348367,3 72 
1348403,77 70 
1349927,71 80 
1350722,53 83 
1351210,61 64 488
1351424,57 62 196
1351726,74 152 
1351749,26 69 
1352202,89 93 
1353254,39 103 
1353254,39 101 
1357268,99 100 
1357268,99 5
1357268,99 1945
1357268,99 11
1359265,84 25 
1364783,82 75 
1366187,04 72 
1366222,99 70 
1367748,6 80 
1368541,64 83 
1368900,53 64 359
1369114,37 62 200
1369417,79 150 
1369436,04 68 
1369888,14 92 
1369888,14 65 
1370940,35 103 
1370940,35 101 
1371449,88 100 
1371449,88 5
1371449,88 1945
1371449,88 10
1373446,62 25 
1374419,72 75 
1375822,84 72 
1375858,96 70 
1377385,91 80 
1378177,64 83 
1378831,89 64 654
1379094,24 256 
1379103,67 63 260
1379406,62 150 
1379431,9 68 
1379885,07 92 
1379885,07 65 
1380936,15 103 
1380936,15 101 
1381445,58 100 
1381445,58 5
1381445,58 1945
1381445,58 11
1383442,49 25 
1383456,87 75 
1384859,44 72 
1384988,49 70 
1386545,02 80 
1387520,38 83 
1387845,95 64 325
1388165,64 256 
1388173,01 63 306
1388476,89 151 
1388493,84 69 
1388947,46 93 
1389999,01 103 
1389999,01 101 
1394013,7 100 
1394013,7 5
1394013,7 1945
1394013,7 11
1396010,51 25 
1397410,1 75 
1398813,71 72 
1398942,69 70 
1400473 80 
1401274,67 83 
1402289,49 64 1015
1402694,41 63 394
1402997,92 151 
1403021,12 69 
1403476,68 93 
1404526,27 103 
1404526,27 101 
1408540,92 100 
1408540,92 5
1408540,92 1945
1408540,92 11
1410538,73 25 
1410551,43 75 
1410711,66 250 
1410723,38 101 
1412723,59 100 
1412723,59 5
1412723,59 1945
1412723,59 11
1412723,59 25 
1416401,62 75 
1416536,18 250 
1416547,61 101 
1418547,7 100 
1418547,7 5
1418547,7 1945
1418547,7 11
1418547,7 25 
1419267,04 75 
1420670,09 72 
1420706,91 70 
1422230,92 80 
1423025,5 83 
1423621,41 64 596
1423953,78 256 
1424000,17 63 362
1424303,78 151 
1424318,95 69 
1424773,28 93 
1425824,06 103 
1425824,06 101 
1429839,77 100 
1429839,77 5
1429839,77 1945
1429839,77 10
1431835,53 25 
1431849,3 75 
1433251,83 72 
1433288,26 70 
1434812,53 80 
1435606,94 83 
1436013,26 64 407
1436324,03 63 291
1436627,55 150 
1436647,91 68 
1437100,71 92 
1437100,71 65 
1438152,19 103 
1438152,19 101 
1438661,7 100 
1438661,7 5
1438661,7 1945
1438661,7 11
1440658,57 25 
1440672,32 75 
1442074,47 72 
1442111,27 70 
1443634,26 80 
1444429,88 83 
1444732,87 64 303
1444934,3 62 185
1445236,95 150 
1445257,62 68 
1445710,17 92 
1445710,17 65 
1446761,93 103 
1446761,93 101 
1447271,47 100 
1447271,47 5
1447271,47 1945
1447271,47 10
1449268,16 25 
1449281,97 75 
1450684,72 72 
1450721,1 70 
1452240,49 80 
1453039,61 83 
1453722,9 64 683
1454004,12 63 272
1454306,15 150 
1454320,52 68 
1454774,09 92 
1454774,09 65 
1455824,82 103 
1455824,82 101 
1456334,23 100 
1456334,23 5
1456334,23 1945
1456334,23 10
1458331,16 25 
1458358,48 75 
1459760,77 72 
1459797,13 70 
1461319,29 80 
1462115,8 83 
1462636,83 64 521
1462964,78 63 316
1463267,23 150 
1463290,06 68 
1463743,09 92 
1463743,09 65 
1464794,36 103 
1464794,36 101 
1465303,8 100 
1465303,8 5
1465303,8 1945
1465303,8 10
1467300,72 25 
1467620,78 75 
1469023,44 72 
1469059,93 70 
1470580,25 80 
1471378,59 83 
1472456,96 64 1078
1472793,39 63 322
1473095,42 150 
1473112,69 68 
1473566,3 92 
1473566,3 65 
1474616,97 103 
1474616,97 101 
1475126,36 100 
1475126,36 5
1475126,36 1945
1475126,36 11
1477123,15 25 
1477136,75 75 
1478539,2 72 
1478575,98 70 
1480097,26 80 
1480894,67 83 
1481002,12 64 108
1481254,32 62 240
1481557,17 152 
1481574,93 69 
1482028,38 93 
1483080,05 103 
1483080,05 101 
1487094,67 100 
1487094,67 5
1487094,67 1945
1487094,67 11
1489091,63 25 
1489105,11 75 
1490507,43 72 
1490544,31 70 
1492069,09 80 
1492862,95 83 
1493640,8 64 778
1494084,04 63 436
1494387,26 151 
1494409,56 69 
1494864,13 93 
1495914,69 103 
1495914,69 101 
1499929,27 100 
1499929,27 5
1499929,27 1945
1499929,27 11
1501926,3 25 
1503099,23 75 
1504502,35 72 
1504631,75 70 
1506164,52 80 
1506963,8 83 
1507185,1 64 222
1507462,63 62 259
1507765,46 150 
1507778,44 68 
1508231,39 92 
1508231,39 65 
1509282,39 103 
1509282,39 101 
1509791,86 100 
1509791,86 5
1509791,86 1945
1509791,86 11
1511788,78 25 
1512575,23 75 
1513978,3 72 
1514014,44 70 
1515536,97 80 
1516333,12 83 
1518234,22 64 1902
1518482,83 62 231
1518785,29 150 
1518800,26 68 
1519254,13 92 
1519254,13 65 
1520304,48 103 
1520304,48 101 
1520813,87 100 
1520813,87 5
1520813,87 1945
1520813,87 10
1522810,99 25 
1522837,85 75 
1524240,71 72 
1524276,81 70 
1525798,36 80 
1526595,48 83 
1530327,91 64 3732
1530552,67 62 212
1530856,96 151 
1530875,19 69 
1531329,4 93 
1532379,41 103 
1532379,41 101 
1536394,72 100 
1536394,72 5
1536394,72 1945
1536394,72 11
1538390,86 25 
1542149,5 75 
1543552,68 72 
1543588,75 70 
1545111,88 80 
1545907,38 83 
1546123,83 64 216
1546514,67 63 381
1546816,96 151 
1546841,01 69 
1547294,39 93 
1548346,08 103 
1548346,08 101 
1552360,82 100 
1552360,82 5
1552360,82 1945
1552360,82 11
1554357,66 25 
1561408,18 75 
1562812,07 72 
1562847,33 70 
1564369,06 80 
1565038,47 250 
1565045,74 101 
1567045,81 100 
1567045,81 5
1567045,81 1945
1567045,81 11
1567045,81 25 
1567698,81 75 
1569101,23 72 
1569138,06 70 
1570662,63 80 
1571456,7 83 
1572235,92 64 779
1572542,23 256 
1572553,08 63 297
1572856,13 151 
1572870,11 69 
1573323,47 93 
1574173,43 256 
1574375,15 103 
1574375,15 101 
1578389,99 100 
1578389,99 5
1578389,99 1945
1578389,99 11
1580386,64 25 
1580400,35 75 
1581350,88 250 
1581358,62 101 
1583358,9 100 
1583358,9 5
1583358,9 1945
1583358,9 11
1583358,9 25 
1583371,7 75 
1584773,93 72 
1584811,49 70 
1586334,4 80 
1587130,17 83 
1587287,34 64 158
1587544,49 62 241
1587847,79 150 
1587864,57 68 
1588317,03 92 
1588317,03 65 
1589368,87 103 
1589368,87 101 
1589878,31 100 
1589878,31 5
1589878,31 1945
1589878,31 10
1591875,12 25 
1592448,46 75 
1593850,41 72 
1593887,67 70 
1595412,1 80 
1596206,33 83 
1596669,64 64 464
1596941,77 63 256
1597243,72 150 
1597260,79 68 
1597715,41 92 
1597715,41 65 
1598764,94 103 
1598764,94 101 
1599274,39 100 
1599274,39 5
1599274,39 1945
1599274,39 10
1601271,43 25 
1601284,74 75 
1602686,38 72 
1602723,99 70 
1604244,53 80 
1605042,62 83 
1605513,7 64 471
1605892,96 256 
1605932,17 63 410
1606235,84 150 
1606256,96 68 
1606710,58 92 
1606710,58 65 
1607761,2 103 
1607761,2 101 
1608270,73 100 
1608270,73 5
1608270,73 1945
1608270,73 10
1610267,47 25 
1610281,2 75 
1611684,29 72 
1611813,53 70 
1613370,81 80 
1614278,79 83 
1614878,91 64 600
1615172,59 63 281
1615474,99 150 
1615493,01 68 
1615947,39 92 
1615947,39 65 
1616997,32 103 
1616997,32 101 
1617506,74 100 
1617506,74 5
1617506,74 1945
1617506,74 10
1619503,59 25 
1619517,6 75 
1620920,59 72 
1621049,72 70 
1622605,79 80 
1623394,99 83 
1623787,04 64 393
1624081,25 63 274
1624383,16 150 
1624409,28 68 
1624862,2 92 
1624862,2 65 
1625913,58 103 
1625913,58 101 
1626423,02 100 
1626423,02 5
1626423,02 1945
1626423,02 10
1628419,9 25 
1634337,58 75 
1635739,79 72 
1635870,1 70 
1637428,48 80 
1638335,38 83 
1638854,62 64 519
1639242,13 63 374
1639544,48 152 
1639562,07 69 
1640015,33 93 
1641067,23 103 
1641067,23 101 
1645081,92 100 
1645081,92 5
1645081,92 1945
1645081,92 11
1647078,88 25 
1647095,84 75 
1648499 72 
1648624,75 70 
1650174,21 80 
1651076,7 83 
1651219,09 64 142
1651431,17 62 195
1651733,76 150 
1651757,84 68 
1652211,91 92 
1652211,91 65 
1653262,15 103 
1653262,15 101 
1653771,57 100 
1653771,57 5
1653771,57 1945
1653771,57 11
1655768,39 25 
1655782,26 75 
1657184,25 72 
1657314,49 70 
1658871,34 80 
1659779,75 83 
1660406,6 64 627
1660721,4 63 302
1661023,59 151 
1661046,4 69 
1661499,56 93 
1662158,42 256 
1662281,05 182 
1662551,6 103 
1662551,6 101 
1666566,93 100 
1666566,93 5
1666566,93 1945
1666566,93 10
1668563,09 25 
1669749,48 75 
1671151,96 72 
1671188,75 70 
1672709,71 80 
1673507,3 83 
1673844,45 64 338
1674170,76 63 317
1674475,33 150 
1674494,97 68 
1674949,15 92 
1674949,15 65 
1675999,26 103 
1675999,26 101 
1676508,76 100 
1676508,76 5
1676508,76 1945
1676508,76 10
1678505,56 25 
1678519,28 75 
1679922,71 72 
1680051,61 70 
1681613,01 80 
1682516,86 83 
1683160,09 64 644
1683550,64 63 381
1683852,83 152 
1683877,79 69 
1684331,3 93 
1685382,01 103 
1685382,01 101 
1689396,61 100 
1689396,61 5
1689396,61 1945
1689396,61 11
1691394,87 25 
1692619,86 75 
1694022,49 72 
1694152,39 70 
1695702,21 80 
1696604,32 83 
1698540,28 64 1937
1699262,79 63 713
1699565,14 151 
1699576,99 69 
1700031,19 93 
1701082,12 103 
1701082,12 101 
1705096,78 100 
1705096,78 5
1705096,78 1945
1705096,78 11
1707093,73 25 
1715383,64 75 
1716785,13 72 
1716822,87 70 
1718344,68 80 
1719141,53 83 
1720111,76 64 970
1720182,46 256 
1720628,08 63 500
1720931,44 151 
1720955,64 69 
1721409,81 93 
1722459,85 103 
1722459,85 101 
1726474,57 100 
1726474,57 5
1726474,57 1945
1726474,57 11
1728471,32 25 
1732843,02 75 
1734245,01 72 
1734282,24 70 
1735803,03 80 
1736600,92 83 
1737229,75 64 629
1737471,81 62 231
1737774,51 150 
1737788,6 68 
1738241,9 92 
1738241,9 65 
1739292,78 103 
1739292,78 101 
1739802,47 100 
1739802,47 5
1739802,47 1945
1739802,47 11
1741799,17 25 
1741812,97 75 
1743215,52 72 
1743251,8 70 
1744774,12 80 
1745570,47 83 
1746122,39 64 551
1746380,49 256 
1746433,22 61 290
1746735,83 151 
1746757,24 69 
1747210,15 93 
1747570,56 256 
1748262,36 103 
1748262,36 101 
1752277,12 100 
1752277,12 5
1752277,12 1945
1752277,12 11
1754273,8 25 
1759618,48 75 
1761020,95 72 
1761057,73 70 
1762581,28 80 
1763376,34 83 
1764771,23 64 1395
1765090,22 63 302
1765393,34 151 
1765416,14 69 
1765870,26 93 
1766557,67 256 
1766921,22 103 
1766921,22 101 
1770935,85 100 
1770935,85 5
1770935,85 1945
1770935,85 10
1772932,82 25 
1772946,25 75 
1774348,28 72 
1774385,46 70 
1775904,43 80 
1776704,11 83 
1789853,03 64 13149
1790159,49 256 
1790225,68 63 354
1790527,87 150 
1790553,07 68 
1791006,26 92 
1791006,26 65 
1792057,4 103 
1792057,4 101 
1792566,78 100 
1792566,78 5
1792566,78 1945
1792566,78 10
1794563,66 25 
1794577,37 75 
1795980,59 72 
1796109,68 70 
1797654,67 80 
1798628,24 83 
1799304,72 64 677
1799621,32 63 301
1799924,59 150 
1799949,17 68 
1800402,34 92 
1800402,34 65 
1801453,41 103 
1801453,41 101 
1801962,85 100 
1801962,85 5
1801962,85 1945
1801962,85 10
1803959,76 25 
1803973,21 75 
1805375,97 72 
1805412,45 70 
1806933,42 80 
1807837,78 83 
1808336,76 64 499
1808691,15 63 334
1808994,78 150 
1809012,78 68 
1809465,45 92 
1809465,45 65 
1810516,29 103 
1810516,29 101 
1811027,12 100 
1811027,12 5
1811027,12 1945
1811027,12 11
1813022,57 25 
1813036,28 75 
1814440,08 72 
1814475,31 70 
1815997,57 80 
1816793,97 83 
1817748,59 64 955
1818039,45 62 273
1818342,06 150 
1818355,08 68 
1818809,69 92 
1818809,69 65 
1819859,05 103 
1819859,05 101 
1820368,56 100 
1820368,56 5
1820368,56 1945
1820368,56 11
1822365,4 25 
1822379,18 75 
1823781,48 72 
1823818,11 70 
1825341,34 80 
1826136,83 83 
1826531,4 64 395
1826749,47 62 200
1827052,42 150 
1827071,11 68 
1827524,63 92 
1827524,63 65 
1828575,42 103 
1828575,42 101 
1829084,89 100 
1829084,89 5
1829084,89 1945
1829084,89 11
1831081,9 25 
1831934,87 75 
1833337,81 72 
1833374,06 70 
1834896,36 80 
1835692,74 83 
1835974,88 64 282
1836169,53 62 184
1836471,18 150 
1836493,85 68 
1836947,32 92 
1836947,32 65 
1837998,12 103 
1837998,12 101 
1838507,69 100 
1838507,69 5
1838507,69 1945
1838507,69 11
1840504,43 25 
1840518,15 75 
1841921,56 72 
1841957,23 70 
1843483,37 80 
1844275,86 83 
1844499,99 64 224
1844712,48 62 197
1845014,17 150 
1845036,93 68 
1845490,1 92 
1845490,1 65 
1846541,2 103 
1846541,2 101 
1847050,98 100 
1847050,98 5
1847050,98 1945
1847050,98 10
1849047,66 25 
1849061,14 75 
1850463,4 72 
1850500,25 70 
1852021,93 80 
1852818,9 83 
1853611,11 64 793
1853969,44 63 338
1854271,92 152 
1854285,51 69 
1854738,4 93 
1855790,7 103 
1855790,7 101 
1859805,35 100 
1859805,35 5
1859805,35 1945
1859805,35 10
1861802,12 25 
1863788,2 75 
1865191,56 72 
1865227,45 70 
1866752,33 80 
1867546,09 83 
1868710,68 64 1165
1869060,45 63 342
1869363,04 150 
1869386,75 68 
1869839,27 92 
1869839,27 65 
1870891 103 
1870891 101 
1871400,58 100 
1871400,58 5
1871400,58 1945
1871400,58 10
1873397,31 25 
1874237,23 75 
1875639,73 72 
1875676,47 70 
1877201,44 80 
1877995,03 83 
1878814,06 64 820
1879190,28 63 356
1879492,97 150 
1879515,82 68 
1879968,94 92 
1879968,94 65 
1881020,12 103 
1881020,12 101 
1881529,54 100 
1881529,54 5
1881529,54 1945
1881529,54 11
1883526,49 25 
1893526,85 254 
1893534,86 101 
1895534,96 100 
1895534,96 5
1895534,96 1945
1895534,96 11
1895534,96 25 
1905535,17 254 
1905543,18 101 
1907542,44 100 
1907542,44 5
1907542,44 1945
1907542,44 11
1907542,44 25 
1909022,57 75 
1910425,16 72 
1910568,46 70 
1912096,32 80 
1912900,42 83 
1913069,36 64 169
1913370,06 62 284
1913673,23 150 
1913688,25 68 
1914141,48 92 
1914141,48 65 
1915192,48 103 
1915192,48 101 
1915703,01 100 
1915703,01 5
1915703,01 1945
1915703,01 10
1917698,71 25 
1917712,27 75 
1919116,01 72 
1919151,47 70 
1920675,46 80 
1921470,16 83 
1921994,23 64 525
1922309,88 63 307
1922613,17 150 
1922631,11 68 
1923083,17 92 
1923083,17 65 
1924135,41 103 
1924135,41 101 
1924644,81 100 
1924644,81 5
1924644,81 1945
1924644,81 10
1926641,7 25 
1926655,2 75 
1928058,06 72 
1928094,42 70 
1929614,25 80 
1930413,08 83 
1931244,12 64 832
1931508,82 63 256
1931811,46 150 
1931827,32 68 
1932279,32 92 
1932279,32 65 
1933331,54 103 
1933331,54 101 
1933841,65 100 
1933841,65 5
1933841,65 1945
1933841,65 10
1935837,88 25 
1936917,58 75 
1938320,02 72 
1938356,77 70 
1939876,59 80 
1940675,51 83 
1941775,49 64 1100
1942098,07 63 304
1942401,46 150 
1942422,79 68 
1942876,7 92 
1942876,7 65 
1943927,12 103 
1943927,12 101 
1944437,42 100 
1944437,42 5
1944437,42 1945
1944437,42 11
1946433,55 25 
1946806,82 75 
1948209,46 72 
1948246,09 70 
1949768,12 80 
1950564,64 83 
1950848,67 64 284
1951148,75 62 291
1951450,52 150 
1951472,35 68 
1951924,38 92 
1951924,38 65 
1952976,64 103 
1952976,64 101 
1953486,26 100 
1953486,26 5
1953486,26 1945
1953486,26 11
1955482,96 25 
1955496,64 75 
1956900,11 72 
1956935,77 70 
1958458,37 80 
1959254,38 83 
1960244,49 64 990
1960547,96 62 294
1960851,97 150 
1960868,45 68 
1961322,73 92 
1961322,73 65 
1962372,72 103 
1962372,72 101 
1962882,28 100 
1962882,28 5
1962882,28 1945
1962882,28 10
1962882,28 79 
1964878,99 25 
1964892,76 75 
1966295,58 72 
1966331,74 70 
1967852,23 80 
1968650,45 83 
1969644,49 64 994
1969948,8 256 
1970062,08 63 400
1970365,95 150 
1970384,4 68 
1970839,02 92 
1970839,02 65 
1971888,74 103 
1971888,74 101 
1972399,44 100 
1972399,44 5
1972399,44 1945
1972399,44 11
1974395,1 25 
1974915,03 75 
1976318,99 72 
1976354,19 70 
1977876,32 80 
1978672,91 83 
1979052,77 64 380
1979348,34 62 276
1979652,01 150 
1979673,9 68 
1980126,63 92 
1980126,63 65 
1981178,17 103 
1981178,17 101 
1981687,66 100 
1981687,66 5
1981687,66 1945
1981687,66 10
1983684,61 25 
1984510,96 75 
1985913,41 72 
1985950,22 70 
1987471,83 80 
1987637,93 250 
1987655,5 101 
1989655,39 100 
1989655,39 5
1989655,39 1945
1989655,39 10
1989655,39 25 
1989669,06 75 
1991071,92 72 
1991108,03 70 
1992628,47 80 
1993426,74 83 
2008960,15 64 15534
2009408,25 63 429
2009711,96 150 
2009728,11 68 
2010181,12 92 
2010181,12 65 
2011232,25 103 
2011232,25 101 
2011741,7 100 
2011741,7 5
2011741,7 1945
2011741,7 11
2013738,54 25 
2013752,33 75 
2015155,69 72 
2015284,66 70 
2016837,27 80 
2017736,53 83 
2017860,06 64 124
2018127,56 62 258
2018431,1 150 
2018444,57 68 
2018898,38 92 
2018898,38 65 
2019948,63 103 
2019948,63 101 
2020458,09 100 
2020458,09 5
2020458,09 1945
2020458,09 11
2022454,98 25 
2022468,78 75 
2023871,14 72 
2024000,95 70 
2025555,44 80 
2026466,22 83 
2026968,46 64 503
2027228,9 62 243
2027530,29 152 
2027546,39 69 
2027999,67 93 
2029051,46 103 
2029051,46 101 
2033066,18 100 
2033066,18 5
2033066,18 1945
2033066,18 10
2035062,91 25 
2035077,69 75 
2036480,61 72 
2036608,99 70 
2038161,35 80 
2039060,94 83 
2040018,18 64 958
2040277,51 62 244
2040579,97 151 
2040595,12 69 
2041047,3 93 
2042099,34 103 
2042099,34 101 
2046113,98 100 
2046113,98 5
2046113,98 1945
2046113,98 10
2048110,84 25 
2050163,51 75 
2051565,27 72 
2051696,01 70 
2053228,37 80 
2054028,02 83 
2055203,36 64 1176
2055507,15 63 294
2055810,42 150 
2055828,68 68 
2056281,45 92 
2056281,45 65 
2057332,95 103 
2057332,95 101 
2057843,1 100 
2057843,1 5
2057843,1 1945
2057843,1 11
2059839,4 25 
2059853,04 75 
2061255,63 72 
2061292,01 70 
2062813,05 80 
2063717,26 83 
2064081,45 64 365
2064376,57 62 286
2064679,84 150 
2064705,02 68 
2065157,58 92 
2065157,58 65 
2066209,23 103 
2066209,23 101 
2066719,59 100 
2066719,59 6
2066719,59 1945
2066719,59 10
2066719,59 78 
2066719,59 178 
2068715,61 25 
2069488,73 75 
2070890,59 72 
2071021,26 70 
2072550,16 80 
2073353,28 83 
2074086,21 64 734
2074427,26 63 328
2074729,15 152 
2074753,22 69 
2075206,77 93 
2076258,59 103 
2076258,59 101 
2080273,02 100 
2080273,02 6
2080273,02 1945
2080273,02 10
2082269,9 25 
2092270,35 254 
2092278,36 101 
2094277,6 100 
2094277,6 6
2094277,6 1945
2094277,6 10
2094277,6 25 
2094291,71 75 
2095693,02 72 
2095730,92 70 
2097252,11 80 
2098049,57 83 
2098729,64 64 680
2099028,14 63 286
2099331,51 150 
2099343,91 68 
2099797,35 92 
2099797,35 65 
2100848,08 103 
2100848,08 101 
2101357,64 100 
2101357,64 6
2101357,64 1945
2101357,64 11
2103354,53 25 
2103368,23 75 
2104717,33 250 
2104726,24 101 
2106726,32 100 
2106726,32 6
2106726,32 1945
2106726,32 11
2106726,32 25 
2108391,89 75 
2109794,21 72 
2109831,72 70 
2111351,68 80 
2112150,33 83 
2112535,21 64 386
2112776,08 62 227
2113078,27 151 
2113097,34 69 
2113550,67 93 
2114602,34 103 
2114602,34 101 
2118616,98 100 
2118616,98 6
2118616,98 1945
2118616,98 10
2120613,87 25 
2130613,68 254 
2130622,27 101 
2132621,54 100 
2132621,54 6
2132621,54 1945
2132621,54 10
2132621,54 25 
2142621,92 254 
2142630,57 101 
2144629,95 100 
2144629,95 6
2144629,95 1945
2144629,95 10
2144629,95 25 
2154630,09 254 
2154638,91 101 
2156638,25 100 
2156638,25 6
2156638,25 1945
2156638,25 10
2156638,25 25 
2166638,32 254 
2166647,19 101 
2168646,41 100 
2168646,41 6
2168646,41 1945
2168646,41 10
2168646,41 25 
2176190,78 75 
2177592,54 72 
2177723,29 70 
2179279,12 80 
2180188,52 83 
2180640,04 64 452
2180986,1 63 332
2181289,15 150 
2181309,45 68 
2181762,1 92 
2181762,1 65 
2182813,8 103 
2182813,8 101 
2183323,27 100 
2183323,27 6
2183323,27 1945
2183323,27 11
2185320,11 25 
2185333,87 75 
2185336,72 250 
2185345,84 101 
2187345,85 100 
2187345,85 6
2187345,85 1945
2187345,85 11
2187345,85 25 
2187359,09 75 
2188761,8 72 
2188891,97 70 
2190422,8 80 
2191224,06 83 
2191650,03 64 427
2192185,49 62 522
2192488,39 151 
2192504,15 69 
2192956,26 93 
2194009,08 103 
2194009,08 101 
2198023,76 100 
2198023,76 6
2198023,76 1945
2198023,76 11
2200020,77 25 
2200034,21 75 
2201437,54 72 
2201473,42 70 
2203003,16 80 
2203805,31 83 
2204136,14 64 332
2204415,99 256 
2204449,51 61 298
2204752,08 150 
2204766,39 68 
2205221 92 
2205221 65 
2206270,61 103 
2206270,61 101 
2206780,7 100 
2206780,7 6
2206780,7 1945
2206780,7 11
2208777,01 25 
2208790,47 75 
2210192,39 72 
2210229,66 70 
2211751,36 80 
2212548,3 83 
2213025,57 64 478
2213256,55 61 215
2213559,03 150 
2213575,97 68 
2214030,4 92 
2214030,4 65 
2215080,27 103 
2215080,27 101 
2215589,69 100 
2215589,69 6
2215589,69 1945
2215589,69 10
2217586,66 25 
2218293,26 75 
2219696,41 72 
2219732,43 70 
2221254,07 80 
2222050,99 83 
2222765,12 64 715
2223004,84 61 221
2223306,73 151 
2223331,86 69 
2223786,37 93 
2224548,28 256 
2224708,57 181 
2224836,18 103 
2224836,18 101 
2228850,78 100 
2228850,78 6
2228850,78 1945
2228850,78 10
2230847,66 25 
2231154,44 75 
2232556,74 72 
2232593,61 70 
2234113,6 80 
2234912,34 83 
2235917,51 64 1006
2236255,48 63 317
2236557,13 150 
2236579,64 68 
2237033,32 92 
2237033,32 65 
2238083,95 103 
2238083,95 101 
2238594,54 100 
2238594,54 6
2238594,54 1945
2238594,54 11
2240590,31 25 
2241363,51 75 
2242767,02 72 
2242802,75 70 
2244323 80 
2245121,37 83 
2246817,27 64 1697
2247044,49 256 
2247075,07 61 249
2247378,72 150 
2247401,84 68 
2247855,36 92 
2247855,36 65 
2248906,09 103 
2248906,09 101 
2249415,55 100 
2249415,55 6
2249415,55 1945
2249415,55 11
2251412,51 25 
2251426,32 75 
2252829,86 72 
2252865,1 70 
2254387,91 80 
2255183,79 83 
2255553,77 64 370
2255785,91 61 216
2256088,84 150 
2256104,85 68 
2256558,66 92 
2256558,66 65 
2257609,12 103 
2257609,12 101 
2258118,55 100 
2258118,55 6
2258118,55 1945
2258118,55 10
2260115,45 25 
2261035,21 75 
2262437,4 72 
2262474,43 70 
2263996,25 80 
2264793,31 83 
2269107,16 64 4315
2269404,44 61 280
2269707,69 151 
2269725,79 69 
2270159,65 256 
2270327,01 181 
2284645,85 181 
2285093,32 93 
2285104,27 103 
2285104,27 101 
2289118,93 100 
2289118,93 6
2289118,93 1945
2289118,93 11
2291115,76 25 
2301115,55 254 
2301124,22 101 
2303123,51 100 
2303123,51 6
2303123,51 1945
2303123,51 11
2303123,51 25 
2303137,58 75 
2304539,94 72 
2304670,11 70 
2306218,19 80 
2307108,84 83 
2307262,28 64 154
2307514,02 256 
2307526,08 61 245
2307828,32 150 
2307843,21 68 
2308295,57 92 
2308295,57 65 
2309347,45 103 
2309347,45 101 
2309856,92 100 
2309856,92 6
2309856,92 1945
2309856,92 10
2311853,78 25 
2319944,02 75 
2321346,42 72 
2321383,16 70 
2322903,06 80 
2323701,81 83 
2324434,8 64 733
2324794,66 63 347
2325097,87 150 
2325115,94 68 
2325569,08 92 
2325569,08 65 
2326620,23 103 
2326620,23 101 
2327129,64 100 
2327129,64 6
2327129,64 1945
2327129,64 10
2329126,5 25 
2329739,77 75 
2331142,05 72 
2331179 70 
2332704,04 80 
2333497,67 83 
2335704,61 64 2207
2336173,63 256 
2336199,44 63 476
2336503,01 150 
2336524,54 68 
2336977,23 92 
2336977,23 65 
2338028,77 103 
2338028,77 101 
2338538,27 100 
2338538,27 6
2338538,27 1945
2338538,27 11
2340535,18 25 
2340735,25 75 
2342138,16 72 
2342174,42 70 
2343693,84 80 
2344493,06 83 
2344764,23 64 272
2345015,09 61 243
2345317,21 152 
2345334,14 69 
2345787,75 93 
2346838,44 103 
2346838,44 101 
2350853,32 100 
2350853,32 6
2350853,32 1945
2350853,32 11
2352849,91 25 
2362849,89 254 
2362858,42 101 
2364857,65 100 
2364857,65 6
2364857,65 1945
2364857,65 11
2364857,65 25 
2367030,91 75 
2367890,13 250 
2367896 101 
2369896,29 100 
2369896,29 6
2369896,29 1945
2369896,29 11
2369896,29 25 
2373787,45 75 
2375191,1 72 
2375227,23 70 
2376748,36 80 
2377545,92 83 
2378347,24 64 802
2378634,92 256 
2378659,59 63 301
2378963,04 151 
2378985,89 69 
2379438,43 93 
2380065,86 256 
2380122,98 182 
2380491 103 
2380491 101 
2384505,63 100 
2384505,63 6
2384505,63 1945
2384505,63 10
2386502,63 25 
2386516,96 75 
2387919,89 72 
2387955,25 70 
2389474,83 80 
2390273,92 83 
2391105,11 64 832
2391354,55 63 241
2391657,74 150 
2391674,75 68 
2392129,16 92 
2392129,16 65 
2393179,02 103 
2393179,02 101 
2393688,45 100 
2393688,45 6
2393688,45 1945
2393688,45 10
2395685,35 25 
2395699,1 75 
2397102,13 72 
2397138,1 70 
2398657,37 80 
2399456,73 83 
2400013,66 64 557
2400373,15 256 
2400385,31 63 356
2400687,05 150 
2400711,07 68 
2401165,03 92 
2401165,03 65 
2402215,33 103 
2402215,33 101 
2402725,37 100 
2402725,37 6
2402725,37 1945
2402725,37 10
2404721,7 25 
2404735,19 75 
2406139,01 72 
2406174,29 70 
2407704,41 80 
2408612,93 83 
2409121,31 64 509
2409313,53 62 181
2409615,04 151 
2409639,76 69 
2410092,16 93 
2411144,84 103 
2411144,84 101 
2415159,49 100 
2415159,49 6
2415159,49 1945
2415159,49 10
2417156,39 25 
2417809,6 75 
2419212,57 72 
2419342,13 70 
2420890,15 80 
2421780,8 83 
2423030,98 64 1250
2423293,35 63 247
2423595,49 150 
2423608,16 68 
2424061,11 92 
2424061,11 65 
2425112,32 103 
2425112,32 101 
2425621,87 100 
2425621,87 6
2425621,87 1945
2425621,87 11
2427618,68 25 
2428165,24 75 
2429567,18 72 
2429604,47 70 
2431123,91 80 
2431923,18 83 
2431991,5 64 69
2432232,75 256 
2432244,77 61 242
2432546,75 150 
2432564,33 68 
2433018,53 92 
2433018,53 65 
2434068,59 103 
2434068,59 101 
2434578,01 100 
2434578,01 6
2434578,01 1945
2434578,01 10
2436575,4 25 
2436588,55 75 
2437992,21 72 
2438027,59 70 
2439548,27 80 
2440346,27 83 
2440946,55 64 601
2441142,97 62 183
2441445,89 151 
2441467,35 69 
2441920,51 93 
2442441,2 256 
2442971,51 103 
2442971,51 101 
2446986,18 100 
2446986,18 6
2446986,18 1945
2446986,18 11
2448983 25 
2448996,52 75 
2450398,78 72 
2450435,74 70 
2451957,69 80 
2452754,46 83 
2453264,48 64 510
2453522,96 256 
2453554,11 61 281
2453856,42 150 
2453875,34 68 
2454327,61 92 
2454327,61 65 
2455379,69 103 
2455379,69 101 
2455889,1 100 
2455889,1 6
2455889,1 1945
2455889,1 11
2457886,12 25 
2457899,65 75 
2459302,15 72 
2459338,76 70 
2460861,65 80 
2461657,36 83 
2465476,61 64 3819
2465664,87 62 169
2465968,05 151 
2465989,57 69 
2466444,7 93 
2467494,6 103 
2467494,6 101 
2471509,4 100 
2471509,4 6
2471509,4 1945
2471509,4 10
2473506,16 25 
2483505,68 254 
2483514,61 101 
2485513,75 100 
2485513,75 6
2485513,75 1945
2485513,75 10
2485513,75 25 
2495514,1 254 
2495522,89 101 
2497522,11 100 
2497522,11 6
2497522,11 1945
2497522,11 10
2497522,11 25 
2498589,17 75 
2499993,34 72 
2500028,32 70 
2501548,58 80 
2502347 83 
2509072,15 64 6726
2509342,73 256 
2509350,58 61 260
2509653,66 153 
2509678,65 68 
2510131,79 92 
2510131,79 65 
2511182,96 103 
2511182,96 101 
2511692,98 100 
2511692,98 6
2511692,98 1945
2511692,98 11
2513689,34 25 
2513702,77 75 
2515104,98 72 
2515142 70 
2516664,12 80 
2517474,04 83 
2517922,16 64 449
2518092,42 256 
2518096,29 63 156
2518398,53 151 
2518420,87 69 
2518874,36 93 
2519925,97 103 
2519925,97 101 
2523940,7 100 
2523940,7 6
2523940,7 1945
2523940,7 10
2525937,57 25 
2535937,27 254 
2535945,95 101 
2537945,16 100 
2537945,16 6
2537945,16 1945
2537945,16 10
2537945,16 25 
2547945,81 254 
2547954,25 101 
2549953,53 100 
2549953,53 6
2549953,53 1945
2549953,53 10
2549953,53 25 
2559954,2 254 
2559962,58 101 
2561961,84 100 
2561961,84 6
2561961,84 1945
2561961,84 10
2561961,84 25 
2571962,88 254 
2571970,88 101 
2573970,17 100 
2573970,17 6
2573970,17 1945
2573970,17 10
2573970,17 25 
2583970,46 254 
2583979,18 101 
2585978,58 100 
2585978,58 6
2585978,58 1945
2585978,58 10
2585978,58 25 
2595979,38 254 
2595987,45 101 
2597986,77 100 
2597986,77 6
2597986,77 1945
2597986,77 10
2597986,77 25 
2607987,59 254 
2607995,76 101 
2609994,98 100 
2609994,98 6
2609994,98 1945
2609994,98 10
2609994,98 25 
2615326,95 75 
2616731,17 72 
2616859,45 70 
2618416,44 80 
2619311,38 83 
2619662,52 64 351
2619990,87 63 320
2620293,09 150 
2620312,36 68 
2620765,09 92 
2620765,09 65 
2621816,66 103 
2621816,66 101 
2622326,09 100 
2622326,09 6
2622326,09 1945
2622326,09 11
2624323,07 25 
2634322,83 254 
2634331,45 101 
2636330,72 100 
2636330,72 6
2636330,72 1945
2636330,72 11
2636330,72 25 
2646331,88 254 
2646339,75 101 
2648339,16 100 
2648339,16 6
2648339,16 1945
2648339,16 11
2648339,16 25 
2658339,59 254 
2658348,05 101 
2660347,46 100 
2660347,46 6
2660347,46 1945
2660347,46 11
2660347,46 25 
2670348,18 254 
2670356,35 101 
2672355,62 100 
2672355,62 6
2672355,62 1945
2672355,62 11
2672355,62 25 
2682356,56 254 
2682364,65 101 
2684363,93 100 
2684363,93 6
2684363,93 1945
2684363,93 11
2684363,93 25 
2694364,26 254 
2694372,97 101 
2696372,2 100 
2696372,2 6
2696372,2 1945
2696372,2 11
2696372,2 25 
2706372,84 254 
2706381,24 101 
2708380,64 100 
2708380,64 6
2708380,64 1945
2708380,64 11
2708380,64 25 
2718381,53 254 
2718389,56 101 
2720388,82 100 
2720388,82 6
2720388,82 1945
2720388,82 11
2720388,82 25 
2730388,9 254 
2730397,86 101 
2732397,07 100 
2732397,07 6
2732397,07 1945
2732397,07 11
2732397,07 25 
2742397,15 254 
2742406,17 101 
2744405,57 100 
2744405,57 6
2744405,57 1945
2744405,57 11
2744405,57 25 
2754406,3 254 
2754414,46 101 
2756413,69 100 
2756413,69 6
2756413,69 1945
2756413,69 11
2756413,69 25 
2766414,01 254 
2766422,78 101 
2768422,01 100 
2768422,01 6
2768422,01 1945
2768422,01 11
2768422,01 25 
2778422,92 254 
2778431,09 101 
2780430,37 100 
2780430,37 6
2780430,37 1945
2780430,37 11
2780430,37 25 
2790431,27 254 
2790439,42 101 
2792438,61 100 
2792438,61 6
2792438,61 1945
2792438,61 11
2792438,61 25 
2802439,69 254 
2802448,53 101 
2804446,92 100 
2804446,92 6
2804446,92 1945
2804446,92 11
2804446,92 25 
2814447,56 254 
2814456,07 101 
2816455,27 100 
2816455,27 6
2816455,27 1945
2816455,27 11
2816455,27 25 
2826455,63 254 
2826464,33 101 
2828463,53 100 
2828463,53 6
2828463,53 1945
2828463,53 11
2828463,53 25 
2838464,62 254 
2838472,62 101 
2840471,92 100 
2840471,92 6
2840471,92 1945
2840471,92 11
2840471,92 25 
2842365,2 75 
2843768,34 72 
2843897,75 70 
2845456,37 80 
2846362,97 83 
2846546,04 64 184
2846747,98 256 
2846781,43 61 219
2847084,25 150 
2847097,6 68 
2847550,79 92 
2847550,79 65 
2848601,72 103 
2848601,72 101 
2849111,88 100 
2849111,88 6
2849111,88 1945
2849111,88 11
2851107,97 25 
2858651,73 75 
2858653,95 250 
2858664,03 101 
2860664 100 
2860664 6
2860664 1945
2860664 11
2860664 25 
2860677,13 75 
2862079,64 72 
2862210,07 70 
2863740,7 80 
2864555,45 83 
2864763,39 64 208
2864997,91 256 
2865052,62 61 271
2865356,29 150 
2865369,86 68 
2865824,51 92 
2865824,51 65 
2866874,06 103 
2866874,06 101 
2867383,51 100 
2867383,51 6
2867383,51 1945
2867383,51 11
2869380,38 25 
2869394,03 75 
2870797,05 72 
2870833,08 70 
2872357,97 80 
2873258,37 83 
2873337,39 64 79
2873568,42 256 
2873596,32 61 245
2873899,91 152 
2873912,05 69 
2874366,69 93 
2875417,15 103 
2875417,15 101 
2879431,92 100 
2879431,92 6
2879431,92 1945
2879431,92 10
2881428,74 25 
2882708,36 75 
2884111,93 72 
2884240,81 70 
2885790,77 80 
2886692,75 83 
2887373,85 64 681
2887588,28 61 203
2887890,75 151 
2887906,27 69 
2888360,51 93 
2889375,68 256 
2889411,33 103 
2889411,33 101 
2893425,93 100 
2893425,93 6
2893425,93 1945
2893425,93 10
2895422,91 25 
2905423,35 254 
2905431,27 101 
2907430,54 100 
2907430,54 6
2907430,54 1945
2907430,54 10
2907430,54 25 
2917431,58 254 
2917439,56 101 
2919438,77 100 
2919438,77 6
2919438,77 1945
2919438,77 10
2919438,77 25 
2927596,22 75 
2928999,34 72 
2929128,67 70 
2930680,68 80 
2931580,63 83 
2934390,63 64 2810
2934637,28 62 232
2934939,93 151 
2934953,18 69 
2935407,54 93 
2936458,29 103 
2936458,29 101 
2940472,92 100 
2940472,92 6
2940472,92 1945
2940472,92 10
2942469,72 25 
2952470,15 254 
2952478,26 101 
2954477,5 100 
2954477,5 6
2954477,5 1945
2954477,5 10
2954477,5 25 
2964478,37 254 
2964486,68 101 
2966499,05 100 
2966499,05 6
2966499,05 1945
2966499,05 10
2966499,05 25 
2974363,27 75 
2975766,87 72 
2975895,84 70 
2977453,43 80 
2978347,76 83 
2978638,76 64 291
2978658,58 256 
2978968,16 63 315
2979271,7 150 
2979295,42 68 
2979749,36 92 
2979749,36 65 
2980799,71 103 
2980799,71 101 
2981309,13 100 
2981309,13 6
2981309,13 1945
2981309,13 10
2983306,21 25 
2983919,26 75 
2985321,72 72 
2985451,8 70 
2986984,33 80 
2987783,82 83 
2988309,9 64 526
2988578,04 63 249
2988881,41 150 
2988904,73 68 
2989358,66 92 
2989358,66 65 
2990409,02 103 
2990409,02 101 
2990918,44 100 
2990918,44 6
2990918,44 1945
2990918,44 10
2992915,28 25 
2992929,11 75 
2994331,31 72 
2994368,08 70 
2995889,15 80 
2996793,37 83 
3000259,76 64 3467
3000628,42 63 357
3000930,75 150 
3000953,02 68 
3001408,06 92 
3001408,06 65 
3002457,3 103 
3002457,3 101 
3002966,83 100 
3002966,83 6
3002966,83 1945
3002966,83 11
3004963,61 25 
3006149,95 75 
3006152,16 250 
3006162,25 101 
3008162,3 100 
3008162,3 6
3008162,3 1945
3008162,3 11
3008162,3 25 
3008175,68 75 
3009578,89 72 
3009708,33 70 
3011257,31 80 
3012147,15 83 
3012301,38 64 155
3012537,81 62 218
3012840,74 151 
3012853,86 69 
3013307,1 93 
3014359,02 103 
3014359,02 101 
3018373,82 100 
3018373,82 6
3018373,82 1945
3018373,82 11
3020370,44 25 
3030370,9 254 
3030378,95 101 
3032378,21 100 
3032378,21 6
3032378,21 1945
3032378,21 11
3032378,21 25 
3037630,12 75 
3037632,33 250 
3037642,46 101 
3039642,53 100 
3039642,53 6
3039642,53 1945
3039642,53 11
3039642,53 25 
3039655,65 75 
3041058,65 72 
3041095,2 70 
3042619,11 80 
3043413,92 83 
3044089,17 64 676
3044385,75 61 279
3044687 150 
3044708,14 68 
3045163,37 92 
3045163,37 65 
3046212,32 103 
3046212,32 101 
3046721,79 100 
3046721,79 6
3046721,79 1945
3046721,79 11
3048718,64 25 
3048732,29 75 
3050135,48 72 
3050171,4 70 
3051693,91 80 
3052490,01 83 
3052759,14 64 270
3053016,56 256 
3053085,01 61 316
3053388,64 150 
3053411,08 68 
3053863,62 92 
3053863,62 65 
3054915,37 103 
3054915,37 101 
3055426,06 100 
3055426,06 6
3055426,06 1945
3055426,06 10
3057421,84 25 
3057435,33 75 
3058838,61 72 
3058874,41 70 
3060394,73 80 
3061193,11 83 
3061745,34 64 553
3062055,67 63 290
3062357,5 150 
3062380,7 68 
3062833,44 92 
3062833,44 65 
3063884,92 103 
3063884,92 101 
3064394,48 100 
3064394,48 6
3064394,48 1945
3064394,48 10
3066391,39 25 
3076391,21 254 
3076399,69 101 
3078399,11 100 
3078399,11 6
3078399,11 1945
3078399,11 10
3078399,11 25 
3078639,67 75 
3078687,51 250 
3078691,9 101 
3080691,84 100 
3080691,84 6
3080691,84 1945
3080691,84 10
3080691,84 25 
3080705,06 75 
3082107,73 72 
3082144,62 70 
3083662,49 80 
3084463,48 83 
3088790,53 64 4328
3089025,24 61 218
3089327,77 151 
3089341,86 69 
3089794,83 93 
3090846,98 103 
3090846,98 101 
3094861,6 100 
3094861,6 6
3094861,6 1945
3094861,6 11
3096858,64 25 
3099550,92 75 
3100954,82 72 
3100990,08 70 
3102509,91 80 
3103308,79 83 
3103533,03 64 224
3103925,67 63 377
3104228,18 151 
3104243,19 69 
3104696,16 93 
3105747,41 103 
3105747,41 101 
3109762,04 100 
3109762,04 6
3109762,04 1945
3109762,04 11
3111759,04 25 
3114464,63 75 
3115867,49 72 
3116010,49 70 
3117565,27 80 
3118542,45 83 
3119122,53 64 580
3119375,78 61 234
3119678,91 150 
3119703,46 68 
3120156,26 92 
3120156,26 65 
3121207,59 103 
3121207,59 101 
3121717,08 100 
3121717,08 6
3121717,08 1945
3121717,08 10
3123713,98 25 
3123727,67 75 
3125130,18 72 
3125166,65 70 
3126687,59 80 
3127485,33 83 
3128790,3 64 1306
3129024,78 256 
3129103,87 61 299
3129407,19 151 
3129431,8 69 
3129885,37 93 
3130936,87 103 
3130936,87 101 
3134951,5 100 
3134951,5 6
3134951,5 1945
3134951,5 10
3136948,37 25 
3146948,28 254 
3146956,84 101 
3148956,1 100 
3148956,1 6
3148956,1 1945
3148956,1 10
3148956,1 25 
3158956,65 254 
3158965,15 101 
3160964,34 100 
3160964,34 6
3160964,34 1945
3160964,34 10
3160964,34 25 
3170964,67 254 
3170973,45 101 
3172972,8 100 
3172972,8 6
3172972,8 1945
3172972,8 10
3172972,8 25 
3172986,78 75 
3174388,86 72 
3174519,33 70 
3176052,97 80 
3176851,29 83 
3180780,25 64 3930
3180984,22 61 189
3181287,88 151 
3181303,49 69 
3181756,41 93 
3182808,51 103 
3182808,51 101 
3186823,14 100 
3186823,14 6
3186823,14 1945
3186823,14 11
3188820,02 25 
3198256,28 75 
3199659,15 72 
3199788,75 70 
3201342,36 80 
3202240,65 83 
3202645,55 64 405
3202885,89 61 232
3203188,48 150 
3203201,79 68 
3203656,11 92 
3203656,11 65 
3204705,99 103 
3204705,99 101 
3205215,45 100 
3205215,45 6
3205215,45 1945
3205215,45 11
3207212,42 25 
3207226,05 75 
3208629,12 72 
3208758,32 70 
3210315,2 80 
3211210,24 83 
3211583,43 64 374
3211783,89 256 
3211791,53 61 195
3212093,93 150 
3212117,95 68 
3212572,66 92 
3212572,66 65 
3213622,26 103 
3213622,26 101 
3214131,76 100 
3214131,76 6
3214131,76 1945
3214131,76 10
3216128,73 25 
3216142,17 75 
3217545,64 72 
3217674,57 70 
3219225,85 80 
3220126,55 83 
3222493,61 64 2367
3222785,89 63 274
3223088,69 152 
3223113,42 69 
3223566,38 93 
3224617,68 103 
3224617,68 101 
3228632,34 100 
3228632,34 6
3228632,34 1945
3228632,34 11
3230629,14 25 
3230642,89 75 
3232045,8 72 
3232175,19 70 
3233723,7 80 
3234627,14 83 
3235225,42 64 599
3235465,21 61 226
3235768,19 150 
3235788,11 68 
3236242,73 92 
3236242,73 65 
3237292,36 103 
3237292,36 101 
3237802,61 100 
3237802,61 6
3237802,61 1945
3237802,61 10
3239798,65 25 
3239812,39 75 
3241215,89 72 
3241251,41 70 
3242773,25 80 
3243570,03 83 
3244035,24 64 466
3244264,99 62 215
3244568,22 151 
3244584,39 69 
3245037,56 93 
3245761,68 256 
3246088,69 103 
3246088,69 101 
3250103,45 100 
3250103,45 6
3250103,45 1945
3250103,45 10
3252100,15 25 
3252113,77 75 
3253517,12 72 
3253646,18 70 
3255202,11 80 
3256111,48 83 
3269372,47 64 13261
3269584,01 62 199
3269886,14 153 
3269907,09 68 
3270359,46 92 
3270359,46 65 
3271411,41 103 
3271411,41 101 
3271920,9 100 
3271920,9 6
3271920,9 1945
3271920,9 10
3273917,92 25 
3273931,39 75 
3275334,25 72 
3275463,75 70 
3277020,93 80 
3277929,08 83 
3279156,23 64 1228
3279474,05 63 306
3279777,89 150 
3279796,41 68 
3280251,66 92 
3280251,66 65 
3281300,68 103 
3281300,68 101 
3281810,17 100 
3281810,17 6
3281810,17 1945
3281810,17 10
3283806,91 25 
3287552,95 75 
3288955,09 72 
3289084,69 70 
3290642,26 80 
3291536,63 83 
3291968,58 64 432
3292003,57 256 
3292294,67 63 305
3292597,31 150 
3292617,62 68 
3293070,97 92 
3293070,97 65 
3294121,87 103 
3294121,87 101 
3294631,36 100 
3294631,36 6
3294631,36 1945
3294631,36 11
3296628,29 25 
3297521,44 75 
3298923,93 72 
3299053,85 70 
3300599,24 80 
3301505,77 83 
3301978,13 64 473
3302223,41 61 225
3302525,1 150 
3302546,76 68 
3303000,5 92 
3303000,5 65 
3304051,08 103 
3304051,08 101 
3304560,61 100 
3304560,61 6
3304560,61 1945
3304560,61 11
3306557,53 25 
3306571,08 75 
3307974,62 72 
3308103,39 70 
3309659,14 80 
3310555,33 83 
3312972,37 64 2418
3313012,46 256 
3322233,29 61 9253
3322536,51 150 
3322551,82 68 
3323004,26 92 
3323004,26 65 
3324056,02 103 
3324056,02 101 
