32,32 100 
32,32 3
32,32 1948
32,32 10
2034,05 25 
2059,73 75 
3463,27 72 
3658,74 70 
5230,49 80 
6150,92 83 
6626,22 64 476
6920,21 256 
6959,71 63 315
7703,49 151 
7737,4 69 
7994,79 256 
9027,66 183 
9477,8 93 
9497,57 103 
9497,57 101 
13511,77 100 
13511,77 3
13511,77 1948
13511,77 10
15507,49 25 
15521,32 75 
16923,94 72 
17080,17 70 
18642,96 80 
19558,83 83 
20283,94 64 726
20530,45 61 225
20833,22 151 
20853,08 69 
21306,94 93 
21880,6 256 
22357,32 103 
22357,32 101 
26371,89 100 
26371,89 3
26371,89 1948
26371,89 11
28368,77 25 
28382,45 75 
29783,89 72 
29941,55 70 
31502,42 80 
32433,39 83 
33295,34 64 862
33580,61 62 268
33884,53 151 
33900,06 69 
34353,79 93 
35405,17 103 
35405,17 101 
39419,88 100 
39419,88 3
39419,88 1948
39419,88 11
41416,63 25 
41430,19 75 
42831,95 72 
42976,13 70 
44547,8 80 
45467,97 83 
45639,02 64 172
46061,27 256 
46071,68 63 417
46374,8 150 
46388,02 68 
46842,86 92 
46842,86 65 
47893,26 103 
47893,26 101 
48402,65 100 
48402,65 3
48402,65 1948
48402,65 10
50399,55 25 
50413,36 75 
51816,28 72 
51972,33 70 
53540,43 80 
54450,89 83 
54777,21 64 327
55032,15 62 235
55335,56 150 
55358,6 68 
55812,48 92 
55812,48 65 
56061,45 172 
56862,86 103 
56862,86 101 
57373,03 100 
57373,03 3
57373,03 1948
57373,03 10
59369,13 25 
59382,86 75 
60785,14 72 
60941,83 70 
62512,44 80 
63433,83 83 
63879,49 64 446
64090,75 61 191
64392,05 151 
64407,48 69 
64859,89 93 
65201,23 256 
65912,43 103 
65912,43 101 
69927,14 100 
69927,14 3
69927,14 1948
69927,14 11
71923,83 25 
71937,55 75 
73340,59 72 
73496,62 70 
75040,48 80 
75935,37 83 
76340,69 64 405
76579,41 62 218
76881,89 151 
76895,37 69 
77349,27 93 
77682,83 256 
78400,49 103 
78400,49 101 
82415,13 100 
82415,13 3
82415,13 1948
82415,13 11
84411,98 25 
84425,56 75 
85828,62 72 
85958,01 70 
87503,65 80 
88409,96 83 
88924,81 64 516
89159,13 62 217
89462,35 151 
89476,88 69 
89930,02 93 
90102,15 256 
90370,87 182 
90981,9 103 
90981,9 101 
94996,57 100 
94996,57 3
94996,57 1948
94996,57 10
96993,42 25 
97007,07 75 
98410,43 72 
98446,08 70 
99972,08 80 
100764,78 83 
101058,83 64 295
101308,87 62 238
101612,39 152 
101633,62 69 
102087,22 93 
103136,83 103 
103136,83 101 
107151,51 100 
107151,51 3
107151,51 1948
107151,51 11
109148,29 25 
109161,8 75 
110564,45 72 
110707,67 70 
112258,03 80 
113172,96 83 
115580,6 64 2408
115878,72 61 280
116181,25 151 
116198,92 69 
116651,77 93 
117704,05 103 
117704,05 101 
121719,36 100 
121719,36 3
121719,36 1948
121719,36 11
123715,55 25 
123729,2 75 
125130,96 72 
125261,57 70 
126809,98 80 
127726,86 83 
127996,14 64 270
128310,18 63 304
128612,46 150 
128634,53 68 
129087,57 92 
129087,57 65 
130138,86 103 
130138,86 101 
130648,29 100 
130648,29 3
130648,29 1948
130648,29 10
132645,28 25 
132659,02 75 
134061,73 72 
134097,85 70 
135622,18 80 
136416,73 83 
137029,28 64 613
137328,49 61 286
137630,71 151 
137643,27 69 
138096,94 93 
139148,44 103 
139148,44 101 
143163,19 100 
143163,19 3
143163,19 1948
143163,19 11
145160,99 25 
145173,39 75 
146575,51 72 
146612,66 70 
148141,32 80 
148931,35 83 
150605,73 64 1674
150898,68 63 275
151200,84 150 
151225,15 68 
151678,96 92 
151678,96 65 
152580,39 256 
152729,42 103 
152729,42 101 
153239,65 100 
153239,65 3
153239,65 1948
153239,65 10
155235,65 25 
155249,5 75 
156653,16 72 
156688,41 70 
158212,24 80 
159007,11 83 
159737,09 64 730
159959,06 62 206
160262,69 150 
160287,12 68 
160628,87 256 
161058,48 172 
161530,42 172 
161978,9 92 
161978,9 65 
161992,23 103 
161992,23 101 
162501,69 100 
162501,69 3
162501,69 1948
162501,69 11
164498,52 25 
164512,02 75 
165914,79 72 
165951,22 70 
167471,91 80 
168269,9 83 
168489,52 64 220
168729,35 63 220
169031,16 152 
169043,56 69 
169497,35 93 
170548,63 103 
170548,63 101 
174563,3 100 
174563,3 3
174563,3 1948
174563,3 11
176560,07 25 
180358,92 75 
181761,59 72 
181797,92 70 
183319,87 80 
184116,73 83 
184207,76 64 91
184499,35 63 276
184802,45 150 
184824,44 68 
185277,36 92 
185277,36 65 
186328,7 103 
186328,7 101 
186838,17 100 
186838,17 3
186838,17 1948
186838,17 10
188834,97 25 
188848,49 75 
190250,08 72 
190287,69 70 
191810,73 80 
192606,36 83 
192687,3 64 81
192899,61 62 200
193200,91 150 
193221,92 68 
193256,45 256 
194202,52 172 
194470,3 172 
194918,57 92 
194918,57 65 
194938,44 103 
194938,44 101 
195448,08 100 
195448,08 3
195448,08 1948
195448,08 11
197444,69 25 
197458,34 75 
198860,16 72 
198897,44 70 
200420,16 80 
201216,24 83 
201479,31 64 263
201717,75 63 222
202020,72 150 
202043,81 68 
202498,65 92 
202498,65 65 
203548,14 103 
203548,14 101 
204057,62 100 
204057,62 3
204057,62 1948
204057,62 10
206054,52 25 
206067,94 75 
207470,37 72 
207507,22 70 
209030,68 80 
209825,89 83 
210130,89 64 306
210368,24 62 223
210671,46 150 
210693,53 68 
211010,48 256 
211688,92 172 
212009,89 172 
212884,06 172 
213089,94 172 
213539,21 92 
213539,21 65 
213557,32 103 
213557,32 101 
214066,78 100 
214066,78 3
214066,78 1948
214066,78 10
216063,54 25 
216077,21 75 
217480 72 
217516,29 70 
219039,22 80 
219835,04 83 
219865,25 64 31
220137,7 63 263
220440,14 151 
220461,98 69 
224430,19 183 
224878,85 93 
224885,91 103 
224885,91 101 
228901,16 100 
228901,16 3
228901,16 1948
228901,16 10
230897,37 25 
230911,37 75 
232314,05 72 
232470,1 70 
234038,41 80 
234975,39 83 
235872,71 64 897
236087,12 62 206
236389,02 150 
236402,75 68 
236857,17 92 
236857,17 65 
237907,12 103 
237907,12 101 
238416,51 100 
238416,51 3
238416,51 1948
238416,51 11
240413,41 25 
240427,22 75 
241829,76 72 
241972,75 70 
243535,68 80 
244451,65 83 
244826,64 64 375
245138,36 63 301
245440,62 152 
245465,8 69 
245917,84 93 
246970,01 103 
246970,01 101 
250984,59 100 
250984,59 3
250984,59 1948
250984,59 10
252981,4 25 
252995,18 75 
254398,42 72 
254554,16 70 
256126,16 80 
257059,44 83 
257160,47 64 101
257377,43 62 198
257679,66 150 
257700,58 68 
257961,41 256 
258531,83 172 
258839,36 172 
259289,04 92 
259289,04 65 
259298,17 103 
259298,17 101 
259807,75 100 
259807,75 3
259807,75 1948
259807,75 10
261804,47 25 
261818,36 75 
263220,88 72 
263377,15 70 
264949,69 80 
265882,4 83 
266324,41 64 442
266646,93 256 
266656,14 63 321
266958,93 151 
266975,9 69 
267428,78 93 
268481 103 
268481 101 
272495,68 100 
272495,68 3
272495,68 1948
272495,68 10
274492,46 25 
274506,09 75 
275909,6 72 
276078,53 70 
277648,6 80 
278570,42 83 
278696,28 64 126
278956,7 62 240
279257,91 150 
279278,2 68 
279733,93 92 
279733,93 65 
280782,53 103 
280782,53 101 
281292,88 100 
281292,88 3
281292,88 1948
281292,88 11
283288,79 25 
283302,55 75 
284706,67 72 
284861,46 70 
286428,87 80 
287353,42 83 
287766,33 64 413
288078,96 63 300
288381,56 150 
288407,69 68 
288861,48 92 
288861,48 65 
289912,03 103 
289912,03 101 
290421,37 100 
290421,37 3
290421,37 1948
290421,37 11
292418,26 25 
292431,79 75 
293834,28 72 
293991 70 
295537,97 80 
296443,1 83 
296637,98 64 196
296937,37 63 281
297240,41 150 
297257,43 68 
297710,77 92 
297710,77 65 
298761,66 103 
298761,66 101 
299271,09 100 
299271,09 3
299271,09 1948
299271,09 10
301267,87 25 
301281,41 75 
302683,71 72 
302814,26 70 
304361,66 80 
305266,03 83 
305517,96 64 253
305716,99 62 185
306020,52 150 
306040,38 68 
306493,49 92 
306493,49 65 
306582,86 256 
307544,67 103 
307544,67 101 
308054,23 100 
308054,23 3
308054,23 1948
308054,23 11
310050,89 25 
310064,54 75 
311467,13 72 
311597,02 70 
313145,19 80 
314062,28 83 
314384,91 64 323
314676,17 63 281
314978,87 150 
314995,73 68 
315449,51 92 
315449,51 65 
316500,91 103 
316500,91 101 
317010,38 100 
317010,38 3
317010,38 1948
317010,38 11
319007,19 25 
319020,85 75 
320423,15 72 
320553,2 70 
322104,79 80 
323018,49 83 
323257,48 64 239
323556,34 63 285
323859,32 150 
323873,04 68 
324327,12 92 
324327,12 65 
325377,2 103 
325377,2 101 
325887,81 100 
325887,81 3
325887,81 1948
325887,81 10
325887,81 79 
327883,47 25 
327897,21 75 
329299,11 72 
329429,53 70 
330975,13 80 
331881,48 83 
332185,36 64 304
332456,32 62 255
332759,37 152 
332774,98 69 
333531,63 256 
336128,12 183 
337199,18 181 
338048,51 182 
338495,95 93 
338505,04 103 
338505,04 101 
342519,74 100 
342519,74 3
342519,74 1948
342519,74 10
344516,53 25 
344530,42 75 
345933,46 72 
346062,71 70 
347617,79 80 
348527,87 83 
350170,1 64 1643
350476,24 63 296
350778,98 151 
350795,68 69 
351250,43 93 
352299,26 103 
352299,26 101 
356314,7 100 
356314,7 3
356314,7 1948
356314,7 11
358310,67 25 
358324,45 75 
359727,17 72 
359856,76 70 
361406,74 80 
362308,91 83 
362545,71 64 237
362827,81 63 267
363129,95 150 
363149,78 68 
363602,75 92 
363602,75 65 
364654,09 103 
364654,09 101 
365163,53 100 
365163,53 3
365163,53 1948
365163,53 10
367160,39 25 
367174,1 75 
368575,89 72 
368706,45 70 
370255,66 80 
371158,35 83 
371441,29 64 283
371676,1 62 225
371978,03 150 
371999,42 68 
372453,82 92 
372453,82 65 
373503,71 103 
373503,71 101 
374013,08 100 
374013,08 3
374013,08 1948
374013,08 11
376009,94 25 
376024,4 75 
377427,05 72 
377556,05 70 
379100,88 80 
380007,98 83 
380396,86 64 390
380427,42 256 
380727,36 63 320
381029,59 150 
381048,97 68 
381502,38 92 
381502,38 65 
382553,38 103 
382553,38 101 
383063,52 100 
383063,52 3
383063,52 1948
383063,52 11
385059,5 25 
385073,27 75 
386476,25 72 
386605,59 70 
388134,4 80 
388937,57 83 
389378,73 64 441
389647,39 63 257
389949,08 150 
389965,31 68 
390419,93 92 
390419,93 65 
391469,56 103 
391469,56 101 
391979,09 100 
391979,09 3
391979,09 1948
391979,09 11
393975,99 25 
393989,33 75 
395391,28 72 
395428,56 70 
396950,71 80 
397747,29 83 
397878,53 64 131
398145,43 63 252
398448,53 150 
398468,33 68 
398920,75 92 
398920,75 65 
399972,66 103 
399972,66 101 
400482 100 
400482 3
400482 1948
400482 10
402478,91 25 
402492,42 75 
403894,4 72 
403931,74 70 
405455,44 80 
406250,32 83 
406632,63 64 382
406855,23 62 205
407157,42 150 
407171,42 68 
407492,91 256 
408285,96 172 
408697,04 172 
409144,98 92 
409144,98 65 
409155,49 103 
409155,49 101 
409665,01 100 
409665,01 3
409665,01 1948
409665,01 11
411662,07 25 
411675,3 75 
413077,6 72 
413114,52 70 
414637,49 80 
415433,2 83 
415569,36 64 136
415915,41 63 336
416218,14 150 
416234,31 68 
416688,19 92 
416688,19 65 
417320,07 256 
417738,55 103 
417738,55 101 
418248,04 100 
418248,04 3
418248,04 1948
418248,04 10
420244,81 25 
420258,32 75 
421659,83 72 
421697,56 70 
423218,75 80 
424016,27 83 
424298,46 64 282
424575,1 63 266
424878,13 151 
424896,42 69 
425349,22 93 
426401,59 103 
426401,59 101 
430416,86 100 
430416,86 3
430416,86 1948
430416,86 10
432413,13 25 
432426,56 75 
433828,33 72 
433865,79 70 
435387,27 80 
436184,57 83 
436348,48 64 164
436545,58 62 188
436847,1 150 
436864,82 68 
437261,46 256 
437617,39 172 
438067,34 92 
438067,34 65 
438369,9 103 
438369,9 101 
438879,3 100 
438879,3 3
438879,3 1948
438879,3 10
440876,14 25 
440889,97 75 
442293,22 72 
442328,98 70 
443849,01 80 
444647,67 83 
445398,03 64 751
445775,35 63 368
446078,17 151 
446100,9 69 
446555,5 93 
447606,08 103 
447606,08 101 
451620,68 100 
451620,68 3
451620,68 1948
451620,68 10
453617,55 25 
453631,04 75 
455034,75 72 
455070,27 70 
456591,34 80 
457388,93 83 
459213,29 64 1825
459685,01 61 457
459987,06 151 
460001,72 69 
460454,76 93 
461506,92 103 
461506,92 101 
465521,45 100 
465521,45 3
465521,45 1948
465521,45 11
467518,37 25 
467531,95 75 
468934,88 72 
468971,12 70 
470493,79 80 
471289,77 83 
480195,83 64 8907
480516,09 63 311
480818,22 152 
480834,63 69 
481287,63 93 
482338,2 103 
482338,2 101 
486352,93 100 
486352,93 3
486352,93 1948
486352,93 11
488349,62 25 
488363,82 75 
489767,25 72 
489922,39 70 
491470,76 80 
492374,29 83 
492660,55 64 286
492944,31 63 264
493247,42 150 
493268,62 68 
493722,11 92 
493722,11 65 
494772,98 103 
494772,98 101 
495282,45 100 
495282,45 3
495282,45 1948
495282,45 11
497279,42 25 
497292,94 75 
498696,36 72 
498825,48 70 
500352,47 80 
501157,3 83 
501689,36 64 532
502014,45 63 311
502318,22 150 
502331,61 68 
502784,97 92 
502784,97 65 
503835,88 103 
503835,88 101 
504345,27 100 
504345,27 3
504345,27 1948
504345,27 10
506342,24 25 
506356,62 75 
507758,86 72 
507794,88 70 
509320,24 80 
510113,67 83 
510287,43 64 174
510444,81 62 145
510746,88 150 
510768,06 68 
511220,26 92 
511220,26 65 
512272,35 103 
512272,35 101 
512781,88 100 
512781,88 3
512781,88 1948
512781,88 10
514791,88 25 
514805,45 75 
516207,78 72 
516244,67 70 
517768 80 
518563,52 83 
518741,2 64 178
518943,83 62 195
519247,39 150 
519271,14 68 
519724,26 92 
519724,26 65 
520775,46 103 
520775,46 101 
521284,94 100 
521284,94 3
521284,94 1948
521284,94 11
523295,01 25 
523308,89 75 
524710,84 72 
524747,82 70 
526269,3 80 
527066,45 83 
527489,25 64 423
527853,93 256 
527866,13 63 360
528167,81 150 
528187,37 68 
528640,94 92 
528640,94 65 
529691,77 103 
529691,77 101 
530201,1 100 
530201,1 3
530201,1 1948
530201,1 11
532198 25 
532211,84 75 
533614,13 72 
533650,71 70 
535173,03 80 
535969,42 83 
536255,1 64 286
536573,8 63 299
536874,81 150 
536890,47 68 
537343,83 92 
537343,83 65 
538394,75 103 
538394,75 101 
538905,02 100 
538905,02 3
538905,02 1948
538905,02 11
540901,09 25 
540914,81 75 
542317,76 72 
542353,79 70 
543876,98 80 
544672,42 83 
545114,85 64 443
545394,22 63 269
545697,22 150 
545713,41 68 
546166,82 92 
546166,82 65 
547217,71 103 
547217,71 101 
547727,25 100 
547727,25 3
547727,25 1948
547727,25 10
549724,05 25 
549737,5 75 
551139,42 72 
551176,72 70 
552698,83 80 
553495,39 83 
553710,74 64 215
553913,69 62 192
554216,38 150 
554229,91 68 
554681,92 92 
554681,92 65 
555734,14 103 
555734,14 101 
556243,58 100 
556243,58 6
556243,58 1948
556243,58 10
556243,58 78 
556243,58 178 
558240,51 25 
558253,95 75 
559656,36 72 
559693,17 70 
561214,12 80 
562011,92 83 
562286,89 64 276
562533,66 62 229
562836,59 151 
562853,03 69 
563305,61 93 
564357,22 103 
564357,22 101 
568371,81 100 
568371,81 6
568371,81 1948
568371,81 10
570368,63 25 
570382,42 75 
571785,64 72 
571821,53 70 
573345,02 80 
574140,12 83 
574800,4 64 660
574993,47 62 174
575296,19 151 
575313,57 69 
575767,29 93 
576818,66 103 
576818,66 101 
580833,31 100 
580833,31 6
580833,31 1948
580833,31 10
582830,1 25 
582843,92 75 
584247,11 72 
584282,88 70 
585802,01 80 
586601,62 83 
586744,65 64 143
586944,21 61 183
587247,4 151 
587269,48 69 
587723,38 93 
588773,68 103 
588773,68 101 
592788,2 100 
592788,2 6
592788,2 1948
592788,2 10
594785,22 25 
596744,52 75 
596786,53 250 
596796,91 101 
598810,26 100 
598810,26 6
598810,26 1948
598810,26 10
598810,26 25 
598823,42 75 
600226,74 72 
600382,85 70 
601950,17 80 
602874,78 83 
603182,68 64 308
603543,65 63 349
603847,99 150 
603862,56 68 
604316 92 
604316 65 
605366,74 103 
605366,74 101 
605876,89 100 
605876,89 6
605876,89 1948
605876,89 11
607872,99 25 
607886,7 75 
609289,02 72 
609445,73 70 
610992,91 80 
611897,66 83 
612168,2 64 271
612453,36 63 276
612756,2 153 
612778,66 68 
613232,95 92 
613232,95 65 
614282,98 103 
614282,98 101 
614792,4 100 
614792,4 6
614792,4 1948
614792,4 11
616789,27 25 
616802,86 75 
618205,3 72 
618335,35 70 
619865,74 80 
620667,29 83 
621032,47 64 365
621323,27 63 283
621625,67 151 
621640,88 69 
622094,77 93 
623145,95 103 
623145,95 101 
627160,78 100 
627160,78 6
627160,78 1948
627160,78 11
629157,48 25 
629171,05 75 
630573,09 72 
630610,2 70 
632130,67 80 
632928,85 83 
633169,98 64 242
633473,23 63 292
633775,44 151 
633795,72 69 
634250,03 93 
635300,88 103 
635300,88 101 
639315,39 100 
639315,39 6
639315,39 1948
639315,39 11
641312,33 25 
641325,89 75 
642728,69 72 
642765,07 70 
644284,43 80 
645083,76 83 
645577,57 64 494
645892,92 63 303
646196,19 151 
646217,17 69 
646669,96 93 
647722,35 103 
647722,35 101 
651737,99 100 
651737,99 6
651737,99 1948
651737,99 10
653733,86 25 
653747,58 75 
653749,98 250 
653759,56 101 
655759,63 100 
655759,63 6
655759,63 1948
655759,63 10
655759,63 25 
655773,8 75 
657176,84 72 
657212,41 70 
658731,87 80 
659531,04 83 
659729,75 64 199
660013,1 62 269
660315,94 151 
660331,32 69 
660784,97 93 
661836,41 103 
661836,41 101 
665851,13 100 
665851,13 6
665851,13 1948
665851,13 11
667847,84 25 
667861,49 75 
669264,84 72 
669300,69 70 
670826,35 80 
671619,31 83 
671784,32 64 165
672072,31 63 280
672374,71 151 
672392,95 69 
672846,33 93 
673898,08 103 
673898,08 101 
677912,7 100 
677912,7 6
677912,7 1948
677912,7 11
679909,54 25 
680629,41 75 
682031,4 72 
682068,62 70 
683590,13 80 
684387,31 83 
685187,37 64 800
685423,08 62 223
685726,66 153 
685748,12 68 
686201,6 92 
686201,6 65 
687252,47 103 
687252,47 101 
687761,88 100 
687761,88 6
687761,88 1948
687761,88 10
689758,67 25 
690491,94 75 
691894,58 72 
691931,18 70 
693454,44 80 
694250,01 83 
694749,92 64 501
694964,45 61 195
695267,51 151 
695291,69 69 
695745,27 93 
696795,18 103 
696795,18 101 
700809,77 100 
700809,77 6
700809,77 1948
700809,77 10
702806,65 25 
702820,33 75 
704223,6 72 
704259,42 70 
705783,13 80 
706578,03 83 
706755,29 64 178
706973,32 62 209
707275,41 151 
707299,1 69 
707752,27 93 
708803,44 103 
708803,44 101 
712818,56 100 
712818,56 6
712818,56 1948
712818,56 11
714815,03 25 
714828,58 75 
716231,21 72 
716267,69 70 
717790,1 80 
718586,35 83 
719852,68 64 1266
720102,27 62 237
720404,83 151 
720427,06 69 
720879,99 93 
721931,47 103 
721931,47 101 
725946 100 
725946 6
725946 1948
725946 10
727942,7 25 
727956,54 75 
729359,37 72 
729502,13 70 
731055,45 80 
731954,11 83 
733393,28 64 1440
733712,4 256 
733788,44 61 382
734091 151 
734113,77 69 
734566,36 93 
735618,92 103 
735618,92 101 
739633,66 100 
739633,66 6
739633,66 1948
739633,66 11
741630,45 25 
741643,94 75 
743046,58 72 
743083,15 70 
744606,62 80 
745401,86 83 
746141,22 64 740
746382,12 62 221
746685,22 151 
746709,32 69 
747163,01 93 
748213,61 103 
748213,61 101 
752228,3 100 
752228,3 6
752228,3 1948
752228,3 10
754225,05 25 
754238,6 75 
755641,71 72 
755771,16 70 
757318,72 80 
758223,15 83 
758414,28 64 192
758651,62 62 229
758953,84 151 
758970,94 69 
759424,58 93 
760475,14 103 
760475,14 101 
764489,8 100 
764489,8 6
764489,8 1948
764489,8 11
766486,63 25 
766500,43 75 
767903,04 72 
768032,7 70 
769579,03 80 
770484,61 83 
771348,61 64 864
771560,99 62 197
771863,46 151 
771884,62 69 
772337,64 93 
772424,11 256 
773389,77 103 
773389,77 101 
777405,1 100 
777405,1 6
777405,1 1948
777405,1 10
779401,93 25 
779414,76 75 
780817,08 72 
780947,3 70 
782496,1 80 
783399,32 83 
784023,2 64 624
784441,8 63 404
784744,22 150 
784760,11 68 
785214,37 92 
785214,37 65 
786264,37 103 
786264,37 101 
786773,72 100 
786773,72 6
786773,72 1948
786773,72 10
788770,66 25 
788784,42 75 
790187,86 72 
790316,73 70 
791875 80 
792781,99 83 
793064,04 64 283
793271,22 62 196
793573,53 153 
793596,36 68 
794049,24 92 
794049,24 65 
795100,67 103 
795100,67 101 
795610,25 100 
795610,25 6
795610,25 1948
795610,25 10
797606,9 25 
797620,77 75 
799022,95 72 
799152,99 70 
800703,09 80 
801605,25 83 
801911,51 64 306
802161,56 62 237
802463,24 151 
802485,13 69 
802938,66 93 
803990,32 103 
803990,32 101 
808004,85 100 
808004,85 6
808004,85 1948
808004,85 11
810001,93 25 
820001,88 254 
820010,5 101 
822022,75 100 
822022,75 6
822022,75 1948
822022,75 11
822022,75 25 
822036,92 75 
823439,84 72 
823569,48 70 
825114,04 80 
826021,4 83 
826529,49 64 508
826771,13 62 230
827072,99 151 
827088,25 69 
827540,8 93 
828593,34 103 
828593,34 101 
832608 100 
832608 6
832608 1948
832608 10
834604,78 25 
835911,16 75 
837313,98 72 
837443,63 70 
838993,2 80 
839882,25 83 
840131,22 64 249
840371,43 62 223
840672,89 151 
840696,64 69 
841149,93 93 
842149,77 256 
842200,95 103 
842200,95 101 
846215,53 100 
846215,53 6
846215,53 1948
846215,53 11
848212,47 25 
848226,64 75 
849629,23 72 
849758,64 70 
851288,87 80 
852090,5 83 
852391,36 64 301
852631,45 62 221
852934,51 151 
852957,37 69 
853410,68 93 
854462,51 103 
854462,51 101 
858477,18 100 
858477,18 6
858477,18 1948
858477,18 11
860473,94 25 
860487,79 75 
861891,2 72 
861926,77 70 
863450,78 80 
864245,39 83 
865223,58 64 978
865268,21 256 
865532,04 62 288
865834,71 151 
865858,65 69 
866312,61 93 
867363,79 103 
867363,79 101 
871378,53 100 
871378,53 6
871378,53 1948
871378,53 11
873375,25 25 
878200,14 75 
879602,93 72 
879639,29 70 
881160,86 80 
881958,01 83 
882665,03 64 708
882971,55 63 294
883272,95 151 
883291,35 69 
883745,29 93 
884796,51 103 
884796,51 101 
888811 100 
888811 6
888811 1948
888811 11
890808,15 25 
891981,05 75 
893384,83 72 
893420,2 70 
894943,45 80 
895738,94 83 
897242,41 64 1504
898019,99 61 762
898323,21 150 
898339,35 68 
898793,96 92 
898793,96 65 
899843,51 103 
899843,51 101 
900352,86 100 
900352,86 6
900352,86 1948
900352,86 10
902349,86 25 
902363,64 75 
903765,81 72 
903802,55 70 
905324,81 80 
906121,24 83 
906521,16 64 400
906741,55 62 207
907044,93 151 
907068,12 69 
907521,43 93 
908573,22 103 
908573,22 101 
912588,59 100 
912588,59 6
912588,59 1948
912588,59 11
914584,67 25 
917651,01 75 
919053,54 72 
919089,46 70 
920612,01 80 
921408,17 83 
921904,55 64 496
922129,33 61 215
922431,71 150 
922449,23 68 
922902,36 92 
922902,36 65 
923953,42 103 
923953,42 101 
924462,78 100 
924462,78 6
924462,78 1948
924462,78 10
926459,71 25 
926473,28 75 
927875,64 72 
927912,45 70 
929434,96 80 
930231,14 83 
930632 64 401
930859,09 62 215
931162,12 151 
931178,2 69 
931631,51 93 
932683,1 103 
932683,1 101 
936697,84 100 
936697,84 6
936697,84 1948
936697,84 10
938694,6 25 
938708,19 75 
940109,87 72 
940147,35 70 
941671,8 80 
942466 83 
942823,88 64 359
943059,32 256 
943134,68 61 295
943436,82 151 
943452,83 69 
943905,43 93 
944957,96 103 
944957,96 101 
948972,51 100 
948972,51 6
948972,51 1948
948972,51 11
950969,41 25 
950983 75 
952385,82 72 
952542,19 70 
954112,11 80 
955047,53 83 
955322,2 64 275
955600,23 256 
955613,58 61 273
955916,35 150 
955941,78 68 
956395,06 92 
956395,06 65 
957446,09 103 
957446,09 101 
957955,43 100 
957955,43 6
957955,43 1948
957955,43 11
959952,44 25 
959966,11 75 
961369,1 72 
961605,08 70 
963155,34 80 
964083,64 83 
964421,81 64 339
964670,08 62 240
964972,71 151 
964990,56 69 
965442,89 93 
966495,66 103 
966495,66 101 
970510,27 100 
970510,27 6
970510,27 1948
970510,27 10
972507,21 25 
972520,94 75 
973923,1 72 
974079,8 70 
975648,1 80 
976585,06 83 
977250,45 64 666
977498,89 61 235
977801,12 153 
977825,96 68 
978278,8 92 
978278,8 65 
979330,25 103 
979330,25 101 
979839,76 100 
979839,76 6
979839,76 1948
979839,76 10
981836,63 25 
981850,05 75 
983252,14 72 
983409,22 70 
984979,99 80 
985914,5 83 
986361,61 64 447
986620,51 62 240
986922,48 151 
986941,28 69 
987396,06 93 
988107,66 256 
988446,48 103 
988446,48 101 
992461,12 100 
992461,12 6
992461,12 1948
992461,12 11
994458,01 25 
1000602,26 75 
1002005,8 72 
1002161,38 70 
1003728,39 80 
1004653,35 83 
1004753,57 64 100
1004970,19 61 197
1005272,69 150 
1005294,42 68 
1005747,92 92 
1005747,92 65 
1006798,76 103 
1006798,76 101 
1007308,34 100 
1007308,34 6
1007308,34 1948
1007308,34 10
1009305,03 25 
1009318,82 75 
1010721,28 72 
1010864,52 70 
1012436,22 80 
1013369,67 83 
1013917,17 64 548
1014108,54 62 179
1014411,6 151 
1014423,28 69 
1014877 93 
1015928,5 103 
1015928,5 101 
1019942,96 100 
1019942,96 6
1019942,96 1948
1019942,96 11
1021939,86 25 
1021967,01 75 
1023369,21 72 
1023512,44 70 
1025084,04 80 
1025993 250 
1026004,05 101 
1028003,84 100 
1028003,84 6
1028003,84 1948
1028003,84 11
1028003,84 25 
1028017,77 75 
1029420,06 72 
1029563,41 70 
1031139,18 80 
1032068,49 83 
1032600,86 64 533
1032838,88 61 225
1033142,35 150 
1033162,76 68 
1033615,33 92 
1033615,33 65 
1034667,12 103 
1034667,12 101 
1035177,6 100 
1035177,6 6
1035177,6 1948
1035177,6 11
1037173,33 25 
1038053,26 75 
1039456,49 72 
1039612,38 70 
1041187,17 80 
1042117,72 83 
1042392,77 64 275
1042598,02 61 188
1042900,29 150 
1042918,78 68 
1043371,72 92 
1043371,72 65 
1044423,03 103 
1044423,03 101 
1044932,38 100 
1044932,38 6
1044932,38 1948
1044932,38 11
1046929,34 25 
1051940,78 75 
1053344,45 72 
1053499,92 70 
1055071,39 80 
1056005,2 83 
1056263,2 64 258
1056458,39 61 187
1056761,76 150 
1056779,67 68 
1057231,82 92 
1057231,82 65 
1058283,91 103 
1058283,91 101 
1058793,3 100 
1058793,3 6
1058793,3 1948
1058793,3 10
1060790,15 25 
1060804,14 75 
1062207,21 72 
1062362,87 70 
1063913,22 80 
1064828,12 83 
1065230,41 64 402
1065499,88 62 259
1065801,97 151 
1065814,97 69 
1066268,97 93 
1067320,11 103 
1067320,11 101 
1071334,8 100 
1071334,8 6
1071334,8 1948
1071334,8 11
1073331,6 25 
1078942,78 75 
1080345,27 72 
1080475,48 70 
1082028,71 80 
1082940,58 83 
1083505,15 64 565
1083717,68 61 204
1084018,96 152 
1084034,06 69 
1084487,74 93 
1085539,18 103 
1085539,18 101 
1089553,83 100 
1089553,83 6
1089553,83 1948
1089553,83 10
1091550,65 25 
1091897,35 75 
1093299,65 72 
1093429,86 70 
1094978,88 80 
1095895,13 83 
1096138,14 64 243
1096348,84 62 201
1096651,46 151 
1096669,54 69 
1097121,9 93 
1098173,9 103 
1098173,9 101 
1102188,56 100 
1102188,56 6
1102188,56 1948
1102188,56 10
1104198,64 25 
1104212,59 75 
1105615,47 72 
1105824,69 70 
1107362,21 80 
1108156,71 83 
1108929,69 64 773
1109157,74 62 215
1109458,81 151 
1109476,71 69 
1109928,96 93 
1110981,87 103 
1110981,87 101 
1114996,6 100 
1114996,6 6
1114996,6 1948
1114996,6 10
1116993,29 25 
1117006,99 75 
1118409,86 72 
1118539,41 70 
1120096,88 80 
1121004,65 83 
1128309,71 64 7305
1128739,16 61 418
1129041,85 151 
1129055,17 69 
1129507,04 93 
1130560,31 103 
1130560,31 101 
1134575,07 100 
1134575,07 6
1134575,07 1948
1134575,07 11
1136571,84 25 
1136585,54 75 
1137988,59 72 
1138131,17 70 
1139682,94 80 
1140596,42 83 
1140903,25 64 307
1141147,1 61 231
1141449,54 150 
1141464,15 68 
1141918,43 92 
1141918,43 65 
1142968,48 103 
1142968,48 101 
1143477,92 100 
1143477,92 6
1143477,92 1948
1143477,92 10
1145474,87 25 
1149806,48 75 
1151208,5 72 
1151338,99 70 
1152900,66 80 
1153804,26 83 
1154107,13 64 303
1154587,75 63 463
1154889,54 150 
1154911,8 68 
1155367,37 92 
1155367,37 65 
1156416,16 103 
1156416,16 101 
1156925,77 100 
1156925,77 6
1156925,77 1948
1156925,77 11
1158922,61 25 
1158936,47 75 
1160338,97 72 
1160468,49 70 
1162029,41 80 
1162933,74 83 
1163209,18 64 276
1163417,11 61 191
1163720,3 150 
1163734,91 68 
1164187,2 92 
1164187,2 65 
1165239,16 103 
1165239,16 101 
1165749,17 100 
1165749,17 6
1165749,17 1948
1165749,17 11
1167745,55 25 
1167758,93 75 
1169161,72 72 
1169291,45 70 
1170849,16 80 
1171756,72 83 
1172089,45 64 333
1172296,75 61 193
1172599,56 152 
1172624,53 69 
1173077,29 93 
1174128,85 103 
1174128,85 101 
1178143,35 100 
1178143,35 6
1178143,35 1948
1178143,35 10
1180140,28 25 
1180153,89 75 
1181557,88 72 
1181699,64 70 
1183255,79 80 
1184164,87 83 
1184638,89 64 475
1184866,52 62 209
1185169,58 151 
1185191,74 69 
1185646,56 93 
1186696,84 103 
1186696,84 101 
1190711,36 100 
1190711,36 6
1190711,36 1948
1190711,36 11
1192708,39 25 
1193454,91 75 
1194857,99 72 
1194987,37 70 
1196540,3 80 
1197452,64 83 
1197806,52 64 354
1198017,19 256 
1198045,67 61 220
1198346,92 150 
1198360,29 68 
1198814,94 92 
1198814,94 65 
1199864,72 103 
1199864,72 101 
1200374,03 100 
1200374,03 6
1200374,03 1948
1200374,03 10
1202370,93 25 
1202385,7 75 
1203788,56 72 
1203916,96 70 
1205449,2 80 
1206248,97 83 
1206498,8 64 251
1206697,12 62 182
1207000,17 151 
1207022,53 69 
1207475,17 93 
1207864,51 256 
1208527,71 103 
1208527,71 101 
1212542,38 100 
1212542,38 6
1212542,38 1948
1212542,38 11
1214539,2 25 
1224538,81 254 
1224547,66 101 
1226546,94 100 
1226546,94 6
1226546,94 1948
1226546,94 11
1226546,94 25 
1233544,79 75 
1234946,93 72 
1234984,02 70 
1236504,17 80 
1237302,65 83 
1237570,73 64 268
1237787,46 61 205
1238089,49 150 
1238103,72 68 
1238557,33 92 
1238557,33 65 
1239608,02 103 
1239608,02 101 
1240117,41 100 
1240117,41 6
1240117,41 1948
1240117,41 11
1242114,34 25 
1242128,18 75 
1243531,91 72 
1243567,06 70 
1245090,18 80 
1245885,72 83 
1246340,61 64 455
1246545,91 61 194
1246847,98 150 
1246860,33 68 
1247313,43 92 
1247313,43 65 
1248364,36 103 
1248364,36 101 
1248873,91 100 
1248873,91 6
1248873,91 1948
1248873,91 10
1250870,62 25 
1250884,44 75 
1252286,86 72 
1252323,41 70 
1253844,98 80 
1254642,08 83 
1255006,12 64 365
1255206,01 62 191
1255509,14 151 
1255522,28 69 
1255974,92 93 
1257027,41 103 
1257027,41 101 
1261042,04 100 
1261042,04 6
1261042,04 1948
1261042,04 10
1263038,95 25 
1271395,57 75 
1272798,6 72 
1272834,84 70 
1274357,23 80 
1275153,58 83 
1275428,37 64 275
1275635,82 62 190
1275939,55 151 
1275953,92 69 
1276407,45 93 
1276500,64 256 
1277458,86 103 
1277458,86 101 
1281473,64 100 
1281473,64 6
1281473,64 1948
1281473,64 11
1283470,37 25 
1283484,13 75 
1284887,07 72 
1284923,09 70 
1286446,44 80 
1287241,74 83 
1287391,63 64 150
1287665,57 61 264
1287967,41 150 
1287990,25 68 
1288444,45 92 
1288444,45 65 
1289493,83 103 
1289493,83 101 
1290003,92 100 
1290003,92 6
1290003,92 1948
1290003,92 10
1292000,06 25 
1292013,79 75 
1293415,94 72 
1293452,88 70 
1294974,93 80 
1295771,51 83 
1296162,38 64 391
1296586,12 63 415
1296887,97 150 
1296905,74 68 
1297359,3 92 
1297359,3 65 
1298410,09 103 
1298410,09 101 
1298920,31 100 
1298920,31 6
1298920,31 1948
1298920,31 10
1300916,32 25 
1300930,2 75 
1302334,06 72 
1302369,1 70 
1303891,81 80 
1304847,7 83 
1305377,8 64 531
1305675,63 63 281
1305978,97 150 
1305995,26 68 
1306449,08 92 
1306449,08 65 
1307499,63 103 
1307499,63 101 
1308009 100 
1308009 6
1308009 1948
1308009 11
1310005,91 25 
1310019,77 75 
1311422,46 72 
1311565,41 70 
1313117,01 80 
1314030,54 83 
1314397,33 64 367
1314665,56 61 249
1314967,73 150 
1314991,51 68 
1315446,33 92 
1315446,33 65 
1316495,86 103 
1316495,86 101 
1317005,34 100 
1317005,34 6
1317005,34 1948
1317005,34 10
1319002,12 25 
1319015,83 75 
1320417,98 72 
1320548,18 70 
1322106,28 80 
1323013,51 83 
1323201,45 64 188
1323435,93 62 223
1323739,19 153 
1323761,18 68 
1324215,38 92 
1324215,38 65 
1325265,53 103 
1325265,53 101 
1325774,92 100 
1325774,92 6
1325774,92 1948
1325774,92 10
1327771,76 25 
1337772,26 254 
1337780,27 101 
1339779,59 100 
1339779,59 6
1339779,59 1948
1339779,59 10
1339779,59 25 
1339793,87 75 
1341197,81 72 
1341326,13 70 
1342879,03 80 
1343791,4 83 
1343983,93 64 193
1344255,4 63 251
1344558,43 150 
1344579,14 68 
1345032,61 92 
1345032,61 65 
1346083,48 103 
1346083,48 101 
1346593 100 
1346593 6
1346593 1948
1346593 11
1348589,81 25 
1348603,42 75 
1350005,92 72 
1350135,79 70 
1351666,77 80 
1352467,79 83 
1352881,24 64 414
1353137,42 61 243
1353440,5 150 
1353455,41 68 
1353908,92 92 
1353908,92 65 
1354959,77 103 
1354959,77 101 
1355469,16 100 
1355469,16 6
1355469,16 1948
1355469,16 11
1357466 25 
1357479,72 75 
1358882,33 72 
1358918,78 70 
1360438,98 80 
1361237,49 83 
1361642,73 64 405
1361874,66 61 211
1362176,38 150 
1362198,42 68 
1362651,54 92 
1362651,54 65 
1363702,77 103 
1363702,77 101 
1364212,29 100 
1364212,29 6
1364212,29 1948
1364212,29 11
1366209,02 25 
1366222,66 75 
1367625,09 72 
1367661,77 70 
1369112,96 250 
1369127,2 101 
1371126,96 100 
1371126,96 6
1371126,96 1948
1371126,96 11
1371126,96 25 
1371460,42 75 
1372862,68 72 
1372872,37 70 
1374275,37 80 
1375071,65 83 
1375606,7 64 535
1375824,78 61 207
1376127,36 150 
1376152,69 68 
1376607,57 92 
1376607,57 65 
1377656,94 103 
1377656,94 101 
1378166,27 100 
1378166,27 6
1378166,27 1948
1378166,27 10
1380163,4 25 
1380179,96 75 
1381582,45 72 
1381615,99 70 
1383138,21 80 
1383934,63 83 
1384374,64 64 440
1384594,44 62 207
1384897,27 151 
1384921,45 69 
1385373,84 93 
1385607,57 256 
1386426,62 103 
1386426,62 101 
1390441,28 100 
1390441,28 6
1390441,28 1948
1390441,28 10
1392438,02 25 
1392451,89 75 
1393854,37 72 
1393890,81 70 
1395412,61 80 
1396209,54 83 
1397292,66 64 1083
1397655,1 63 353
1397958,65 150 
1397983,71 68 
1398438,36 92 
1398438,36 65 
1399487,8 103 
1399487,8 101 
1399997,21 100 
1399997,21 6
1399997,21 1948
1399997,21 11
1401994,09 25 
1402007,65 75 
1403410 72 
1403446,85 70 
1404969,35 80 
1405765,49 83 
1406550,48 64 785
1406814,9 61 250
1407117,91 150 
1407139,61 68 
1407592,95 92 
1407592,95 65 
1408643,96 103 
1408643,96 101 
1409154,66 100 
1409154,66 6
1409154,66 1948
1409154,66 10
1411150,2 25 
1411163,97 75 
1412566,83 72 
1412603,05 70 
1414124,66 80 
1414921,73 83 
1415230,11 64 309
1415534,18 63 293
1415836,89 150 
1415856,04 68 
1416309,22 92 
1416309,22 65 
1417360,33 103 
1417360,33 101 
1417869,66 100 
1417869,66 6
1417869,66 1948
1417869,66 11
1419866,56 25 
1419880,42 75 
1421283,05 72 
1421319,38 70 
1422843,02 80 
1423638 83 
1423990,04 64 353
1424204,48 256 
1424215,78 61 205
1424517,26 150 
1424532,49 68 
1424985,91 92 
1424985,91 65 
1426036,7 103 
1426036,7 101 
1426546,24 100 
1426546,24 6
1426546,24 1948
1426546,24 10
1428543,07 25 
1428556,49 75 
1429958,17 72 
1429995,69 70 
1431516,05 80 
1432314,41 83 
1432692,36 64 378
1432994,7 63 294
1433296,53 150 
1433315,34 68 
1433768,3 92 
1433768,3 65 
1434819,68 103 
1434819,68 101 
1435329,16 100 
1435329,16 6
1435329,16 1948
1435329,16 10
1437326,09 25 
1437342,92 75 
1438745,9 72 
1438778,74 70 
1440300,92 80 
1441097,4 83 
1442050,37 64 953
1442364,48 61 294
1442668,71 151 
1442684 69 
1443137,42 93 
1444189,11 103 
1444189,11 101 
1448203,81 100 
1448203,81 6
1448203,81 1948
1448203,81 10
1450200,59 25 
1451480,22 75 
1452883,7 72 
1453039,39 70 
1454612,34 80 
1455544,69 83 
1458181,86 64 2638
1458534,9 63 339
1458837,34 150 
1458851,46 68 
1459307,24 92 
1459307,24 65 
1460355,67 103 
1460355,67 101 
1460865,14 100 
1460865,14 6
1460865,14 1948
1460865,14 11
1462862,04 25 
1463582 75 
1464985,25 72 
1465114,41 70 
1466664,96 80 
1467579,64 83 
1467883,72 64 304
1468184,05 61 285
1468486,27 150 
1468500,69 68 
1468954,56 92 
1468954,56 65 
1470004,96 103 
1470004,96 101 
1470514,54 100 
1470514,54 6
1470514,54 1948
1470514,54 11
1472511,29 25 
1472525,09 75 
1473928,01 72 
1474057,33 70 
1475614 80 
1476522,55 83 
1477013,65 64 491
1477263,65 61 235
1477565,23 150 
1477590,21 68 
1478044,38 92 
1478044,38 65 
1479094,49 103 
1479094,49 101 
1479604,13 100 
1479604,13 6
1479604,13 1948
1479604,13 11
1481600,87 25 
1481628,07 75 
1483030,24 72 
1483173,49 70 
1484706,01 80 
1485505,5 83 
1485896,28 64 391
1486155,69 61 250
1486457,77 150 
1486479,75 68 
1486933,08 92 
1486933,08 65 
1487984,1 103 
1487984,1 101 
1488493,59 100 
1488493,59 6
1488493,59 1948
1488493,59 11
1488493,59 79 
1490490,41 25 
1490503,9 75 
1491906,82 72 
1491943,13 70 
1493468,09 80 
1494261,82 83 
1494647,71 64 386
1494864,32 61 203
1495166,79 150 
1495182,92 68 
1495634,86 92 
1495634,86 65 
1496687,11 103 
1496687,11 101 
1497196,47 100 
1497196,47 6
1497196,47 1948
1497196,47 10
1499193,37 25 
1499207,27 75 
1500609,79 72 
1500646,18 70 
1502168,86 80 
1502964,81 83 
1503169,1 64 205
1503553,01 63 375
1503855,65 152 
1503871,75 69 
1504326,31 93 
1505376,86 103 
1505376,86 101 
1509392,3 100 
1509392,3 6
1509392,3 1948
1509392,3 10
1511388,43 25 
1511402,11 75 
1512805,03 72 
1512841,24 70 
1514363,22 80 
1515159,74 83 
1515646,8 64 488
1515972,8 256 
1516009,94 63 344
1516312,42 150 
1516333,94 68 
1516786,35 92 
1516786,35 65 
1517838,3 103 
1517838,3 101 
1518348,48 100 
1518348,48 6
1518348,48 1948
1518348,48 11
1520344,67 25 
1520358,2 75 
1521760,19 72 
1521797,34 70 
1523320,06 80 
1524116 83 
1524504,93 64 390
1524804,72 61 289
1525107,71 152 
1525129,49 69 
1525584,34 93 
1526634,59 103 
1526634,59 101 
1530649,26 100 
1530649,26 6
1530649,26 1948
1530649,26 11
1532646,16 25 
1532659,62 75 
1534063,7 72 
1534098,9 70 
1535621,95 80 
1536417,48 83 
1538456,87 64 2040
1538813,57 63 344
1539116,26 151 
1539137,73 69 
1539590,34 93 
1540642,18 103 
1540642,18 101 
1544656,75 100 
1544656,75 6
1544656,75 1948
1544656,75 10
1546653,64 25 
1554330,59 75 
1555733,32 72 
1555769,76 70 
1557291,49 80 
1558088,41 83 
1559126,7 64 1038
1559433,34 63 292
1559734,97 150 
1559755,8 68 
1560210,23 92 
1560210,23 65 
1561260,19 103 
1561260,19 101 
1561769,6 100 
1561769,6 1
1561769,6 1948
1561769,6 10
1561769,6 78 
1561769,6 178 
1563766,34 25 
1563779,93 75 
1565183 72 
1565219,14 70 
1566741,83 80 
1567537,8 83 
1568428,44 64 891
1568722,57 256 
1568731,72 61 287
1569034,17 150 
1569058,54 68 
1569512,45 92 
1569512,45 65 
1570562,89 103 
1570562,89 101 
1571072,43 100 
1571072,43 1
1571072,43 1948
1571072,43 11
1573069,11 25 
1573097,27 75 
1574499,02 72 
1574535,22 70 
1576056,09 80 
1576853,95 83 
1577156,16 64 303
1577402,3 61 229
1577705,65 151 
1577720,88 69 
1578174,55 93 
1578516,17 256 
1579225,96 103 
1579225,96 101 
1583240,8 100 
1583240,8 1
1583240,8 1948
1583240,8 11
1585237,57 25 
1588422,98 75 
1589826,11 72 
1589982,12 70 
1591558,06 80 
1592487,4 83 
1596181,9 64 3695
1596452,25 61 260
1596754,12 151 
1596766,28 69 
1597220,1 93 
1598271,31 103 
1598271,31 101 
1602285,98 100 
1602285,98 1
1602285,98 1948
1602285,98 10
1604282,88 25 
1605376,49 75 
1606779,79 72 
1606935,02 70 
1608488,03 80 
1609400,32 83 
1609952,2 64 552
1610252,86 63 280
1610556,17 151 
1610573,69 69 
1611026,43 93 
1612078,87 103 
1612078,87 101 
1616093,52 100 
1616093,52 1
1616093,52 1948
1616093,52 10
1618090,37 25 
1618104,09 75 
1619506,26 72 
1619636,39 70 
1621168,84 80 
1621968,35 83 
1638183,42 64 16215
1638512,15 256 
1638516,2 61 315
1638818,91 150 
1638842,71 68 
1639294,84 92 
1639294,84 65 
1640347,02 103 
1640347,02 101 
1640856,96 100 
1640856,96 1
1640856,96 1948
1640856,96 11
1642853,35 25 
1642866,94 75 
1644269,25 72 
1644306,03 70 
1645828,78 80 
1646624,71 83 
1647033,43 64 409
1647274,04 61 223
1647576,83 151 
1647598,24 69 
1648052,02 93 
1649103,4 103 
1649103,4 101 
1653118,71 100 
1653118,71 1
1653118,71 1948
1653118,71 11
1655114,9 25 
1655128,47 75 
1656531,67 72 
1656567,57 70 
1658089,68 80 
1658886,25 83 
1659847,46 64 961
1660083,66 61 224
1660386,6 151 
1660406,97 69 
1660860,66 93 
1661911,36 103 
1661911,36 101 
1665925,85 100 
1665925,85 1
1665925,85 1948
1665925,85 10
1667922,91 25 
1673428,13 75 
1674831,85 72 
1674866,61 70 
1676389,2 80 
1677185,29 83 
1678086,82 64 902
1678370,99 256 
1678383,39 61 279
1678685,97 150 
1678705,97 68 
1679159,37 92 
1679159,37 65 
1680210,34 103 
1680210,34 101 
1680719,83 100 
1680719,83 1
1680719,83 1948
1680719,83 10
1682716,74 25 
1682731,36 75 
1684134,38 72 
1684169,49 70 
1685691,6 80 
1686488,01 83 
1687010,93 64 524
1687303,81 63 283
1687606,19 151 
1687621,47 69 
1688076,82 93 
1689126,61 103 
1689126,61 101 
1693141,26 100 
1693141,26 1
1693141,26 1948
1693141,26 10
1695138,05 25 
1705137,89 254 
1705146,59 101 
1707145,95 100 
1707145,95 1
1707145,95 1948
1707145,95 10
1707145,95 25 
1717146,53 254 
1717154,89 101 
1719154,24 100 
1719154,24 1
1719154,24 1948
1719154,24 10
1719154,24 25 
1729057,46 75 
1730459,84 72 
1730616,64 70 
1732193,07 80 
1733121,85 83 
1733404,66 64 283
1733641,98 61 228
1733944,57 152 
1733962,04 69 
1734416,45 93 
1735467,23 103 
1735467,23 101 
1739481,75 100 
1739481,75 1
1739481,75 1948
1739481,75 11
1741478,81 25 
1742745,07 75 
1744148,65 72 
1744304,2 70 
1745884,44 80 
1746809,49 83 
1747025,95 64 217
1747270,64 61 235
1747571,76 151 
1747597,23 69 
1748051,59 93 
1749101,53 103 
1749101,53 101 
1753116,82 100 
1753116,82 1
1753116,82 1948
1753116,82 11
1755113,13 25 
1756379,34 75 
1757782,45 72 
1757938,69 70 
1759521,06 80 
1760443,76 83 
1760693,88 64 251
1761000,95 61 291
1761303,57 151 
1761323,98 69 
1761778,02 93 
1762829,13 103 
1762829,13 101 
1766843,8 100 
1766843,8 1
1766843,8 1948
1766843,8 10
1768840,76 25 
1769680,47 75 
1771083,03 72 
1771239,64 70 
1772815,25 80 
1773744,88 83 
1774404,02 64 660
1774690,45 256 
1774701,17 63 277
1775003,64 151 
1775024,9 69 
1775477,18 93 
1776530,07 103 
1776530,07 101 
1780544,64 100 
1780544,64 1
1780544,64 1948
1780544,64 11
1782541,54 25 
1782555,09 75 
1782557,28 250 
1782567,3 101 
1784567,45 100 
1784567,45 1
1784567,45 1948
1784567,45 11
1784567,45 25 
1784580,96 75 
1785984,14 72 
1786126,73 70 
1787704,86 80 
1788631,99 83 
1789309,37 64 678
1789681,62 61 357
1789983,52 151 
1790005,27 69 
1790458,11 93 
1791510,47 103 
1791510,47 101 
1795524,96 100 
1795524,96 1
1795524,96 1948
1795524,96 10
1797522,04 25 
1798375,13 75 
1799777,97 72 
1799907,68 70 
1801460,99 80 
1802372,88 83 
1803047,25 64 675
1803340,29 256 
1803345,95 63 281
1803649,86 151 
1803667,2 69 
1804121,17 93 
1805171,4 103 
1805171,4 101 
1809186,08 100 
1809186,08 1
1809186,08 1948
1809186,08 11
1811183,03 25 
1821183,47 254 
1821191,38 101 
1823190,62 100 
1823190,62 1
1823190,62 1948
1823190,62 11
1823190,62 25 
1833191 254 
1833199,66 101 
1835198,98 100 
1835198,98 1
1835198,98 1948
1835198,98 11
1835198,98 25 
1835546,19 75 
1836948,48 72 
1837078,76 70 
1838636,53 80 
1839543,99 83 
1839865,06 64 322
1840169,19 61 292
1840471,41 151 
1840490,89 69 
1840945,13 93 
1841996,01 103 
1841996,01 101 
1846011,58 100 
1846011,58 1
1846011,58 1948
1846011,58 10
1848007,54 25 
1849393,76 75 
1850797,66 72 
1851006,25 70 
1852535,97 80 
1853338,22 83 
1853620,77 64 282
1853929,51 63 298
1854230,8 151 
1854245,06 69 
1854699,41 93 
1855750,24 103 
1855750,24 101 
1859764,82 100 
1859764,82 1
1859764,82 1948
1859764,82 11
1861761,71 25 
1861775,35 75 
1863178,07 72 
1863307,74 70 
1864866,23 80 
1865773,05 83 
1866332,35 64 560
1866661,2 61 315
1866964,12 151 
1866987,29 69 
1867440,12 93 
1868491,56 103 
1868491,56 101 
1872506,26 100 
1872506,26 1
1872506,26 1948
1872506,26 11
1874503,06 25 
1874516,64 75 
1875919,43 72 
1876049,09 70 
1877608,41 80 
1878425,67 250 
1878434,09 101 
1880434,02 100 
1880434,02 1
1880434,02 1948
1880434,02 11
1880434,02 25 
1880860,63 75 
1882263,52 72 
1882393,17 70 
1883952,92 80 
1884858,38 83 
1885299,12 64 441
1885689,12 63 378
1885991,97 151 
1886005,94 69 
1886459,08 93 
1887510,27 103 
1887510,27 101 
1891524,83 100 
1891524,83 1
1891524,83 1948
1891524,83 10
1893521,95 25 
1895334,5 75 
1896736,22 72 
1896880,38 70 
1898438,93 80 
1899345,65 83 
1899968,18 64 623
1900329,46 63 344
1900632,47 151 
1900652,34 69 
1901105,78 93 
1902157,5 103 
1902157,5 101 
1906172,18 100 
1906172,18 1
1906172,18 1948
1906172,18 10
1908169,12 25 
1911274,52 75 
1912677,32 72 
1912807,12 70 
1914362,84 80 
1915272,31 83 
1915994,08 64 722
1916308,5 63 303
1916612,41 151 
1916632,32 69 
1917085,69 93 
1918137,48 103 
1918137,48 101 
1922152,15 100 
1922152,15 1
1922152,15 1948
1922152,15 10
1924149,06 25 
1934149,44 254 
1934157,45 101 
1936156,67 100 
1936156,67 1
1936156,67 1948
1936156,67 10
1936156,67 25 
1946156,78 254 
1946165,81 101 
1948165 100 
1948165 1
1948165 1948
1948165 10
1948165 25 
1958166,04 254 
1958174,04 101 
1960173,4 100 
1960173,4 1
1960173,4 1948
1960173,4 10
1960173,4 25 
1968637,23 75 
1970039,08 72 
1970169,74 70 
1971726,98 80 
1972634,98 83 
1973003,28 64 369
1973378,49 63 357
1973681,07 151 
1973701,77 69 
1974156,81 93 
1975206,91 103 
1975206,91 101 
1979221,62 100 
1979221,62 1
1979221,62 1948
1979221,62 11
1981218,38 25 
1991218,38 254 
1991226,88 101 
1993226,17 100 
1993226,17 1
1993226,17 1948
1993226,17 11
1993226,17 25 
2003226,91 254 
2003235,28 101 
2005234,53 100 
2005234,53 1
2005234,53 1948
2005234,53 11
2005234,53 25 
2015235,43 254 
2015243,5 101 
2017242,89 100 
2017242,89 1
2017242,89 1948
2017242,89 11
2017242,89 25 
2027243,19 254 
2027251,82 101 
2029251,22 100 
2029251,22 1
2029251,22 1948
2029251,22 11
2029251,22 25 
2039252,25 254 
2039260,14 101 
2041259,38 100 
2041259,38 1
2041259,38 1948
2041259,38 11
2041259,38 25 
2051260,29 254 
2051268,45 101 
2053267,84 100 
2053267,84 1
2053267,84 1948
2053267,84 11
2053267,84 25 
2063268,72 254 
2063276,77 101 
2065275,96 100 
2065275,96 1
2065275,96 1948
2065275,96 11
2065275,96 25 
2075276,89 254 
2075285,07 101 
2077284,32 100 
2077284,32 1
2077284,32 1948
2077284,32 11
2077284,32 25 
2087284,94 254 
2087293,38 101 
2089292,71 100 
2089292,71 1
2089292,71 1948
2089292,71 11
2089292,71 25 
2099293,93 254 
2099301,69 101 
2101300,94 100 
2101300,94 1
2101300,94 1948
2101300,94 11
2101300,94 25 
2102221,35 75 
2103623,22 72 
2103780,49 70 
2105330,91 80 
2106245,76 83 
2106667,71 64 422
2106936,51 256 
2107063,67 63 378
2107367,06 151 
2107379,4 69 
2107833,94 93 
2107957,42 256 
2107984,75 183 
2108884,41 103 
2108884,41 101 
2112899,02 100 
2112899,02 1
2112899,02 1948
2112899,02 11
2114895,87 25 
2114909,36 75 
2116311,44 72 
2116455,14 70 
2118014,87 80 
2118920,48 83 
2119573,64 64 653
2119806,95 61 221
2120110,07 153 
2120134,73 68 
2120587,08 92 
2120587,08 65 
2121638,99 103 
2121638,99 101 
2122148,48 100 
2122148,48 1
2122148,48 1948
2122148,48 10
2124145,28 25 
2125038,41 75 
2126440,72 72 
2126477,63 70 
2128001,39 80 
2128796,34 83 
2130283,31 64 1487
2130476,94 61 175
2130779,75 150 
2130796,91 68 
2131251,46 92 
2131251,46 65 
2132301,18 103 
2132301,18 101 
2132810,72 100 
2132810,72 1
2132810,72 1948
2132810,72 11
2134807,52 25 
2134980,96 75 
2136383,92 72 
2136420,14 70 
2137942 80 
2138738,82 83 
2138974,6 64 236
2139277,94 61 287
2139580,48 151 
2139605,74 69 
2140058,75 93 
2141110,87 103 
2141110,87 101 
2145126,19 100 
2145126,19 1
2145126,19 1948
2145126,19 10
2147122,53 25 
2148855,15 75 
2150258,8 72 
2150294,4 70 
2151815,43 80 
2152613,05 83 
2153056,88 64 445
2153276,1 62 210
2153578,76 151 
2153599,87 69 
2154055,31 93 
2155105 103 
2155105 101 
2159119,68 100 
2159119,68 1
2159119,68 1948
2159119,68 10
2161116,59 25 
2171116,16 254 
2171124,96 101 
2173124,24 100 
2173124,24 1
2173124,24 1948
2173124,24 10
2173124,24 25 
2183125,09 254 
2183133,3 101 
2185132,55 100 
2185132,55 1
2185132,55 1948
2185132,55 10
2185132,55 25 
2195133,28 254 
2195141,59 101 
2197140,97 100 
2197140,97 1
2197140,97 1948
2197140,97 10
2197140,97 25 
2207141,05 254 
2207149,87 101 
2209149,13 100 
2209149,13 1
2209149,13 1948
2209149,13 10
2209149,13 25 
2219149,19 254 
2219158,18 101 
2221157,59 100 
2221157,59 1
2221157,59 1948
2221157,59 10
2221157,59 25 
2222011,22 75 
2223414,48 72 
2223583,69 70 
2225132,25 80 
2226035,67 83 
2226605,91 64 571
2226855,73 61 234
2227157,71 150 
2227183,3 68 
2227637,52 92 
2227637,52 65 
2228687,54 103 
2228687,54 101 
2229197,07 100 
2229197,07 1
2229197,07 1948
2229197,07 10
2231193,86 25 
2234392,76 75 
2235795,84 72 
2235925,21 70 
2237482,47 80 
2238390,48 83 
2239405,9 64 1016
2239645,26 61 229
2239948,31 150 
2239964,53 68 
2240417,87 92 
2240417,87 65 
2241468,86 103 
2241468,86 101 
2241978,2 100 
2241978,2 1
2241978,2 1948
2241978,2 11
2243975,95 25 
2243989,65 75 
2245392,84 72 
2245534,51 70 
2247084,72 80 
2247999,8 83 
2248528 64 529
2248786 62 240
2249088,45 150 
2249107,34 68 
2249560,54 92 
2249560,54 65 
2250611,7 103 
2250611,7 101 
2251121,04 100 
2251121,04 1
2251121,04 1948
2251121,04 11
2253117,94 25 
2253131,6 75 
2254534,22 72 
2254743,97 70 
2256283,23 80 
2257075,99 83 
2257934,69 64 859
2258135,34 62 180
2258436,94 150 
2258450,18 68 
2258903,41 92 
2258903,41 65 
2259954,45 103 
2259954,45 101 
2260463,88 100 
2260463,88 1
2260463,88 1948
2260463,88 11
2262473,97 25 
2262487,77 75 
2263891,14 72 
2263926,8 70 
2265554,92 80 
2266458,72 83 
2267165,67 64 707
2267424,42 61 246
2267725,86 151 
2267738,78 69 
2268195,01 93 
2269106,76 256 
2269243,93 103 
2269243,93 101 
2273258,49 100 
2273258,49 1
2273258,49 1948
2273258,49 10
2275255,33 25 
2285255,73 254 
2285264,02 101 
2287276,36 100 
2287276,36 1
2287276,36 1948
2287276,36 10
2287276,36 25 
2289209,73 75 
2290612,72 72 
2290742,55 70 
2292301,07 80 
2293207,56 83 
2293606,9 64 400
2293634,27 256 
2293926,36 61 306
2294228,75 150 
2294248,45 68 
2294701,26 92 
2294701,26 65 
2295752,81 103 
2295752,81 101 
2296262,39 100 
2296262,39 1
2296262,39 1948
2296262,39 11
2298259,07 25 
2298272,78 75 
2299675,21 72 
2299805,12 70 
2301363,03 80 
2302270,43 83 
2302855,39 64 585
2303214,73 61 344
2303518,17 153 
2303537,99 68 
2303991,38 92 
2303991,38 65 
2305042,25 103 
2305042,25 101 
2305551,72 100 
2305551,72 1
2305551,72 1948
2305551,72 11
2307548,57 25 
2307562,18 75 
2308964,68 72 
2309094,6 70 
2310650,33 80 
2311559,88 83 
2311995,27 64 436
2312383,97 61 372
2312686,71 151 
2312706,59 69 
2313160,02 93 
2314211,81 103 
2314211,81 101 
2318226,45 100 
2318226,45 1
2318226,45 1948
2318226,45 10
2320223,25 25 
2320237,11 75 
2321641,27 72 
2321782,63 70 
2323318,59 80 
2324114,57 83 
2324534,84 64 421
2324766,05 62 212
2325068,91 151 
2325088,98 69 
2325541,39 93 
2326593,26 103 
2326593,26 101 
2330610 100 
2330610 1
2330610 1948
2330610 11
2332604,75 25 
2335003,89 75 
2336406,31 72 
2336443,15 70 
2337966,97 80 
2338775,15 83 
2383788,22 64 45013
2384084,59 61 275
2384387,15 151 
2384409,95 69 
2384864,56 93 
2385915,12 103 
2385915,12 101 
2389929,77 100 
2389929,77 1
2389929,77 1948
2389929,77 10
2391926,73 25 
2397564,44 75 
2398966,46 72 
2399003,61 70 
2400527,18 80 
2401322,3 83 
2402649,88 64 1328
2402933,25 61 265
2403234,77 150 
2403256,29 68 
2403708,99 92 
2403708,99 65 
2404760,58 103 
2404760,58 101 
2405269,91 100 
2405269,91 1
2405269,91 1948
2405269,91 10
2407266,83 25 
2407280,55 75 
2408683,52 72 
2408719,53 70 
2410241,18 80 
2411038,33 83 
2411230,26 64 192
2411443,24 61 192
2411745,56 150 
2411759,31 68 
2412212,48 92 
2412212,48 65 
2413263,65 103 
2413263,65 101 
2413773,08 100 
2413773,08 1
2413773,08 1948
2413773,08 10
2415769,86 25 
2415783,66 75 
2417186,93 72 
2417222,68 70 
2418744,06 80 
2419541,39 83 
2419827,37 64 286
2420072,64 62 225
2420374,2 151 
2420395 69 
2420849,75 93 
2421874,78 256 
2421900,04 103 
2421900,04 101 
2425914,7 100 
2425914,7 1
2425914,7 1948
2425914,7 10
2427911,54 25 
2427925,18 75 
2429327,57 72 
2429484,24 70 
2431044,25 80 
2431949,52 83 
2432353,43 64 404
2432594,37 62 232
2432897,44 151 
2432909,72 69 
2433362,99 93 
2434414,8 103 
2434414,8 101 
2438429,52 100 
2438429,52 1
2438429,52 1948
2438429,52 11
2440426,29 25 
2440972,89 75 
2442375,65 72 
2442505,41 70 
2444057,26 80 
2444970,82 83 
2445157,16 64 187
2445373,25 61 203
2445676,53 151 
2445691,06 69 
2446145,47 93 
2447196,12 103 
2447196,12 101 
2451210,71 100 
2451210,71 1
2451210,71 1948
2451210,71 10
2453207,7 25 
2463207,62 254 
2463216,08 101 
2465215,34 100 
2465215,34 1
2465215,34 1948
2465215,34 10
2465215,34 25 
2465455,99 75 
2465459,09 250 
2465468,18 101 
2467468,31 100 
2467468,31 1
2467468,31 1948
2467468,31 10
2467468,31 25 
2467481,62 75 
2468884,42 72 
2469014,37 70 
2470566,57 80 
2471479,62 83 
2473447,1 64 1968
2473762,18 62 297
2474065,58 151 
2474079,98 69 
2474533,53 93 
2475584,25 103 
2475584,25 101 
2479598,93 100 
2479598,93 1
2479598,93 1948
2479598,93 11
2481595,83 25 
2482568,82 75 
2483972,22 72 
2484101,33 70 
2485662,01 80 
2486580,04 83 
2486940,74 64 361
2487172,61 61 219
2487475,66 153 
2487501,12 68 
2487952,82 92 
2487952,82 65 
2489005,3 103 
2489005,3 101 
2489514,64 100 
2489514,64 1
2489514,64 1948
2489514,64 11
2491511,65 25 
2491525,3 75 
2492926,94 72 
2493057,62 70 
2494621,15 80 
2495536,22 83 
2495747,07 64 211
2496011,91 256 
2496022,32 61 260
2496325,4 151 
2496349,79 69 
2496802,28 93 
2496985,93 256 
2497710,89 181 
2497854,94 103 
2497854,94 101 
2501869,72 100 
2501869,72 1
2501869,72 1948
2501869,72 11
2503866,34 25 
2503880,01 75 
2505282,44 72 
2505412,43 70 
2506973,62 80 
2507877,7 83 
2508532,67 64 655
2508782,29 61 238
2509085,68 151 
2509104,43 69 
2509557,09 93 
2510609,64 103 
2510609,64 101 
2514625,25 100 
2514625,25 1
2514625,25 1948
2514625,25 11
2516621 25 
2516634,63 75 
2518037,2 72 
2518167,27 70 
2519732,11 80 
2520645,7 83 
2522152,92 64 1508
2522852,16 62 688
2523154,81 150 
2523179,46 68 
2523632,47 92 
2523632,47 65 
2524683,7 103 
2524683,7 101 
2525193,94 100 
2525193,94 1
2525193,94 1948
2525193,94 11
2527190,02 25 
2527203,78 75 
2528606,35 72 
2528749,57 70 
2530282,91 80 
2531081,37 83 
2531584,06 64 503
2531832,46 256 
2531836,8 61 236
2532140,03 151 
2532162,33 69 
2532615,08 93 
2533666,63 103 
2533666,63 101 
2537681,24 100 
2537681,24 1
2537681,24 1948
2537681,24 10
2539678,04 25 
2539691,61 75 
2541094,13 72 
2541130,82 70 
2542654,26 80 
2543449,62 83 
2544222 64 773
2544501,55 62 266
2544804,14 151 
2544822,87 69 
2545276,25 93 
2545303,14 256 
2546327,97 103 
2546327,97 101 
2550342,65 100 
2550342,65 1
2550342,65 1948
2550342,65 11
2552339,5 25 
2553085,99 75 
2554487,76 72 
2554525,21 70 
2556047,83 80 
2556843,93 83 
2557288,08 64 445
2557581,72 61 285
2557883,49 151 
2557897,42 69 
2558350,07 93 
2558717,3 256 
2559402,53 103 
2559402,53 101 
2563417,19 100 
2563417,19 1
2563417,19 1948
2563417,19 10
2565414,1 25 
2575413,74 254 
2575422,47 101 
2577421,73 100 
2577421,73 1
2577421,73 1948
2577421,73 10
2577421,73 25 
2587422,54 254 
2587430,84 101 
2589430,03 100 
2589430,03 1
2589430,03 1948
2589430,03 10
2589430,03 25 
2599431,09 254 
2599439,1 101 
2601438,49 100 
2601438,49 1
2601438,49 1948
2601438,49 10
2601438,49 25 
2609369,11 75 
2610771,06 72 
2610808,38 70 
2612329,76 80 
2613127 83 
2613690 64 564
2614200,75 62 501
2614502,25 151 
2614513,89 69 
2614968,04 93 
2615190,1 256 
2616018,83 103 
2616018,83 101 
2620033,43 100 
2620033,43 1
2620033,43 1948
2620033,43 10
2622030,38 25 
2622603,57 75 
2622605,44 250 
2622615,85 101 
2624615,92 100 
2624615,92 1
2624615,92 1948
2624615,92 10
2624615,92 25 
2624628,91 75 
2624631,27 250 
2624641,66 101 
2626641,72 100 
2626641,72 1
2626641,72 1948
2626641,72 10
2626641,72 25 
2626655,13 75 
2628056,8 72 
2628094,45 70 
2629615,56 80 
2630613,03 83 
2630721,29 64 109
2631070,68 62 338
2631373,42 151 
2631386,71 69 
2631840,12 93 
2632078,33 256 
2632891,8 103 
2632891,8 101 
2636906,51 100 
2636906,51 1
2636906,51 1948
2636906,51 11
2638903,37 25 
2648272,91 75 
2649677,35 72 
2649712,06 70 
2651236,08 80 
2652030,78 83 
2652338,69 64 308
2652590,17 61 240
2652891,91 151 
2652912,04 69 
2653366,39 93 
2653847,5 256 
2654416,08 103 
2654416,08 101 
2658430,8 100 
2658430,8 1
2658430,8 1948
2658430,8 10
2660427,67 25 
2670427,19 254 
2670436,05 101 
2672448,59 100 
2672448,59 1
2672448,59 1948
2672448,59 10
2672448,59 25 
2672462,74 75 
2673865,36 72 
2673901,95 70 
2675424,85 80 
2676220,63 83 
2676864,54 64 644
2677161,6 62 288
2677463,17 151 
2677487,42 69 
2677942,6 93 
2678992,5 103 
2678992,5 101 
2683007,98 100 
2683007,98 1
2683007,98 1948
2683007,98 11
2685004,11 25 
2685017,68 75 
2686419,95 72 
2686456,74 70 
2687981,28 80 
2688775,37 83 
2689310,43 64 535
2689600,46 61 279
2689903,41 151 
2689923,05 69 
2690377,57 93 
2691427,33 103 
2691427,33 101 
2695442 100 
2695442 1
2695442 1948
2695442 10
2697438,83 25 
2699824,62 75 
2701227,88 72 
2701263,82 70 
2702786,19 80 
2703582,52 83 
2703885,89 64 304
2704190,48 63 288
2704493,15 153 
2704516,85 68 
2704970,15 92 
2704970,15 65 
2706021,17 103 
2706021,17 101 
2706531,35 100 
2706531,35 1
2706531,35 1948
2706531,35 10
2708527,55 25 
2708540,97 75 
2709943,71 72 
2709980,2 70 
2711503,01 80 
2712298,91 83 
2712441,81 64 144
2712780,77 63 323
2713082,1 151 
2713099,11 69 
2713553,1 93 
2714604,27 103 
2714604,27 101 
2718619,08 100 
2718619,08 1
2718619,08 1948
2718619,08 11
2720615,8 25 
2721682,2 75 
2723085,77 72 
2723121,35 70 
2724642,24 80 
2725440,08 83 
2725894,11 64 455
2726190,1 63 284
2726492,94 151 
2726506,8 69 
2726960,58 93 
2728011,98 103 
2728011,98 101 
2732026,56 100 
2732026,56 1
2732026,56 1948
2732026,56 11
2734023,61 25 
2735822,94 75 
2737225,68 72 
2737382,07 70 
2738958,06 80 
2739887,45 83 
2741932,48 64 2045
2742180,6 256 
2742191,18 61 238
2742494,39 151 
2742513,44 69 
2742967,24 93 
2743656,48 256 
2744018,63 103 
2744018,63 101 
2748033,21 100 
2748033,21 1
2748033,21 1948
2748033,21 11
2750030,12 25 
2754295,18 75 
2755698,36 72 
2755854,35 70 
2757434,35 80 
2758372,91 83 
2758964,45 64 592
2759339,9 256 
2759350,26 63 378
2759653,04 151 
2759666,26 69 
2760119,97 93 
2761171,43 103 
2761171,43 101 
2765186,16 100 
2765186,16 1
2765186,16 1948
2765186,16 10
2767182,87 25 
2768249,33 75 
2769652,19 72 
2769808,51 70 
2771387,07 80 
2772327,14 83 
2772879,36 64 553
2773139,67 63 239
2773442,04 151 
2773460,51 69 
2773913,22 93 
2774965,68 103 
2774965,68 101 
2778980,39 100 
2778980,39 1
2778980,39 1948
2778980,39 10
2780977,32 25 
2790976,94 254 
2790985,68 101 
2792984,97 100 
2792984,97 1
2792984,97 1948
2792984,97 10
2792984,97 25 
2794851,53 75 
2796253,64 72 
2796410,69 70 
2797984,56 80 
2798902,63 83 
2800233,65 64 1331
2800518,45 63 270
2800821,2 151 
2800835,73 69 
2801290,32 93 
2802340,88 103 
2802340,88 101 
2806355,59 100 
2806355,59 1
2806355,59 1948
2806355,59 11
2808352,35 25 
2808725,77 75 
2810129,63 72 
2810284,93 70 
2811856,56 80 
2812776,85 83 
2814275,13 64 1499
2814548,93 61 253
2814851,65 153 
2814870,72 68 
2815323,21 92 
2815323,21 65 
2816375 103 
2816375 101 
2816884,51 100 
2816884,51 1
2816884,51 1948
2816884,51 11
2818881,34 25 
2818895 75 
2820296,92 72 
2820440,73 70 
2822022,38 80 
2822959,26 83 
2823367 64 408
2823629,77 256 
2823633,59 61 248
2823935,87 151 
2823960,32 69 
2824413,52 93 
2825464,55 103 
2825464,55 101 
2829479,15 100 
2829479,15 1
2829479,15 1948
2829479,15 10
2831476,09 25 
2831489,84 75 
2832892,54 72 
2833048,74 70 
2834638,41 80 
2835567,33 83 
2838492,38 64 2925
2838818,45 63 306
2839120,05 151 
2839140,54 69 
2839595,53 93 
2840301,72 256 
2840644,87 103 
2840644,87 101 
2844659,57 100 
2844659,57 1
2844659,57 1948
2844659,57 10
2846656,38 25 
2846670,07 75 
2848072,85 72 
2848215,77 70 
2849793,47 80 
2850721,17 83 
2851389,94 64 669
2851638,77 62 239
2851942,23 151 
2851961,03 69 
2852414,55 93 
2853294,05 256 
2853466,15 103 
2853466,15 101 
2857481,46 100 
2857481,46 1
2857481,46 1948
2857481,46 10
2859477,62 25 
2859491,16 75 
2860893,07 72 
2861050,39 70 
2862627,89 80 
2863555,63 83 
2864301,93 64 747
2864918,93 63 604
2865220,95 151 
2865235,56 69 
2865689,29 93 
2866740,7 103 
2866740,7 101 
2870755,18 100 
2870755,18 1
2870755,18 1948
2870755,18 11
2872752,16 25 
2876204,17 75 
2876206,46 250 
2876216,35 101 
2878216,61 100 
2878216,61 1
2878216,61 1948
2878216,61 11
2878216,61 25 
2878230,06 75 
2879632,88 72 
2879762,49 70 
2881134,69 250 
2881148,33 101 
2883160,98 100 
2883160,98 1
2883160,98 1948
2883160,98 11
2883160,98 25 
2883654,37 75 
2885057,13 72 
2885066,3 70 
2886469,35 80 
2887385,69 83 
2887821,94 64 437
2888119,47 61 281
2888422,05 151 
2888439,06 69 
2888892,08 93 
2889944,22 103 
2889944,22 101 
2893958,8 100 
2893958,8 1
2893958,8 1948
2893958,8 11
2895955,89 25 
2905955,76 254 
2905964,2 101 
2907963,63 100 
2907963,63 1
2907963,63 1948
2907963,63 11
2907963,63 25 
2908483,98 75 
2909887,4 72 
2910016,49 70 
2911575,12 80 
2912481,77 83 
2915037,8 64 2557
2915278,13 61 225
2915580,08 153 
2915601,87 68 
2916055,05 92 
2916055,05 65 
2917106,19 103 
2917106,19 101 
2917615,8 100 
2917615,8 1
2917615,8 1948
2917615,8 11
2919612,51 25 
2919626,14 75 
2921029,85 72 
2921171,95 70 
2922735,34 80 
2923650,45 83 
2923873,33 64 223
2924158,05 61 268
2924460,28 151 
2924478,15 69 
2924930,44 93 
2925179,89 256 
2925982,47 103 
2925982,47 101 
2929997,21 100 
2929997,21 1
2929997,21 1948
2929997,21 11
2931993,97 25 
2932007,71 75 
2933410,72 72 
2933540,17 70 
2935090,39 80 
2936005,37 83 
2936327,19 64 322
2936597,5 61 259
2936898,95 151 
2936912,13 69 
2937363,83 93 
2938417,41 103 
2938417,41 101 
2942431,99 100 
2942431,99 1
2942431,99 1948
2942431,99 10
2944428,73 25 
2945615,22 75 
2947018,18 72 
2947147,63 70 
2948703,37 80 
2949612,94 83 
2950081,24 64 469
2950517,75 63 425
2950821,08 151 
2950839,66 69 
2951293,83 93 
2952344,87 103 
2952344,87 101 
2956359,36 100 
2956359,36 1
2956359,36 1948
2956359,36 11
2958356,23 25 
2958369,89 75 
2959773,09 72 
2959809,04 70 
2961331,58 80 
2962127,69 83 
2962530,77 64 403
2962548,7 256 
2962900,87 61 361
2963204,64 151 
2963221,11 69 
2963674,53 93 
2963948,91 256 
2964726,37 103 
2964726,37 101 
2968741 100 
2968741 1
2968741 1948
2968741 10
2970737,73 25 
2970751,27 75 
2972153,71 72 
2972283,86 70 
2973841,61 80 
2974749,09 83 
2976045,18 64 1297
2976356,76 63 301
2976659,13 151 
2976682,13 69 
2977135,35 93 
2978187,3 103 
2978187,3 101 
2982202,02 100 
2982202,02 1
2982202,02 1948
2982202,02 10
2984198,75 25 
2984212,28 75 
2985614,6 72 
2985744,9 70 
2987284,8 80 
2987441,34 250 
2987450,09 101 
2989449,98 100 
2989449,98 1
2989449,98 1948
2989449,98 10
2989449,98 25 
2989463,83 75 
2990866,44 72 
2990902,67 70 
2992424,21 80 
2993221,35 83 
2993436,79 64 216
2993737,38 63 290
2994038,98 151 
2994062,43 69 
2994517,4 93 
2995566,72 103 
2995566,72 101 
2999581,42 100 
2999581,42 1
2999581,42 1948
2999581,42 10
3001578,13 25 
3001591,7 75 
3002995,33 72 
3003030,91 70 
3004555,83 80 
3005349,58 83 
3006406,49 64 1057
3006667,93 62 253
3006970,89 151 
3006989,51 69 
3007442,65 93 
3008494,61 103 
3008494,61 101 
3012510,3 100 
3012510,3 1
3012510,3 1948
3012510,3 11
3014506,08 25 
3014519,67 75 
3015922,01 72 
3015958,85 70 
3017483,13 80 
3018277,5 83 
3019134,79 64 857
3019476,66 61 333
3019779,17 151 
3019797,46 69 
3020249,93 93 
3021302,63 103 
3021302,63 101 
3025317,22 100 
3025317,22 1
3025317,22 1948
3025317,22 11
3027314,14 25 
3029260,17 75 
3030662,89 72 
3030699,33 70 
3032219,11 80 
3033018,05 83 
3033576,2 64 559
3033806,15 61 215
3034107,78 151 
3034125,69 69 
3034578,95 93 
3035629,95 103 
3035629,95 101 
3039644,69 100 
3039644,69 1
3039644,69 1948
3039644,69 11
3041641,37 25 
3041655,21 75 
3043058,34 72 
3043094,22 70 
3044616,22 80 
3045412,82 83 
3045821,97 64 410
3046526,3 63 687
3046828,65 151 
3046853,74 69 
3047307,53 93 
3047599,31 256 
3048357,96 103 
3048357,96 101 
3052372,54 100 
3052372,54 1
3052372,54 1948
3052372,54 11
3054369,39 25 
3054382,95 75 
3055786,13 72 
3055822,26 70 
3057345,82 80 
3058140,82 83 
3058814,03 64 674
3059156,45 61 323
3059458,14 151 
3059474,26 69 
3059927,05 93 
3060256,36 256 
3060979,32 103 
3060979,32 101 
3064994,07 100 
3064994,07 1
3064994,07 1948
3064994,07 10
3066990,92 25 
3067004,64 75 
3068407,37 72 
3068443,56 70 
3069965,08 80 
3070762,22 83 
3070866,38 64 104
3071265,83 63 384
3071568,29 151 
3071589,11 69 
3072043,62 93 
3072827,6 256 
3073094,27 103 
3073094,27 101 
3077110,36 100 
3077110,36 1
3077110,36 1948
3077110,36 11
3079118,97 25 
3079132,76 75 
3080535,67 72 
3080571,81 70 
3082094,77 80 
3082890,51 83 
3083465,57 64 575
3083767,54 62 291
3084069,07 150 
3084091,42 68 
3084545,3 92 
3084545,3 65 
3085595,69 103 
3085595,69 101 
3086105,19 100 
3086105,19 1
3086105,19 1948
3086105,19 10
3088101,97 25 
3088115,79 75 
3089518,37 72 
3089674,68 70 
3091242,25 80 
3092166,6 83 
3092374,25 64 208
3092695,79 63 303
3092998,13 151 
3093020,12 69 
3093472,97 93 
3094525,41 103 
3094525,41 101 
3098540,02 100 
3098540,02 1
3098540,02 1948
3098540,02 10
3100536,88 25 
3106321,19 75 
3107722,99 72 
3107867,1 70 
3109436,11 80 
3110372,3 83 
3110755,39 64 383
3111105,65 63 333
3111408,03 151 
3111425,77 69 
3111879,07 93 
3112930,96 103 
3112930,96 101 
3116946,52 100 
3116946,52 1
3116946,52 1948
3116946,52 10
3118942,52 25 
3120661,86 75 
3122065,49 72 
3122221,05 70 
3123794,96 80 
3124739,73 83 
3126372,86 64 1634
3126605,31 62 213
3126906,79 153 
3126926,83 68 
3127381,34 92 
3127381,34 65 
3128431,12 103 
3128431,12 101 
3128940,64 100 
3128940,64 1
3128940,64 1948
3128940,64 10
3130937,37 25 
3130951,29 75 
3132353,93 72 
3132510,12 70 
3134089,17 80 
3135015,36 83 
3135444,84 64 430
3135805,6 63 350
3136109,57 151 
3136122,3 69 
3136576,27 93 
3137627,28 103 
3137627,28 101 
3141642,7 100 
3141642,7 1
3141642,7 1948
3141642,7 10
3143638,74 25 
3153638,79 254 
3153647,22 101 
3155646,42 100 
3155646,42 1
3155646,42 1948
3155646,42 10
3155646,42 25 
3157019,99 75 
3158422,56 72 
3158579,18 70 
3160117,86 80 
3160911,2 83 
3161164,51 64 253
3161416,27 62 239
3161718,04 151 
3161738,05 69 
3162192,23 93 
3163243,23 103 
3163243,23 101 
3167257,82 100 
3167257,82 1
3167257,82 1948
3167257,82 11
3169254,65 25 
3169268,44 75 
3170671,75 72 
3170800,71 70 
3172361,84 80 
3173265,98 83 
3173796,26 64 531
3174135,03 62 323
3174438,68 150 
3174453,65 68 
3174907,12 92 
3174907,12 65 
3175957,88 103 
3175957,88 101 
3176467,29 100 
3176467,29 1
3176467,29 1948
3176467,29 11
3178464,27 25 
3178477,68 75 
3179879,87 72 
3180010,45 70 
3181569,23 80 
3182475,47 83 
3183042,45 64 567
3183454,52 63 393
3183755,77 151 
3183768,97 69 
3184222,1 93 
3185274 103 
3185274 101 
3189289,69 100 
3189289,69 1
3189289,69 1948
3189289,69 11
3191285,48 25 
3191298,98 75 
3192701 72 
3192831,54 70 
3194367,51 80 
3195163,54 83 
3195660,38 64 497
3196044,7 256 
3196061,72 63 392
3196364,27 151 
3196376,99 69 
3196831,54 93 
3197882,14 103 
3197882,14 101 
3201897,67 100 
3201897,67 1
3201897,67 1948
3201897,67 10
3203893,63 25 
3203907,06 75 
3205308,95 72 
3205346,31 70 
3206866,89 80 
3207664,96 83 
3212521,97 64 4858
3212865,51 61 323
3213168,23 150 
3213184,13 68 
3213637,07 92 
3213637,07 65 
3214688,35 103 
3214688,35 101 
3215198,49 100 
3215198,49 1
3215198,49 1948
3215198,49 11
3217194,63 25 
3217208,34 75 
3218610,34 72 
3218647,35 70 
3220169,4 80 
3220966,07 83 
3221108,76 64 143
3221455,69 63 330
3221757,29 153 
3221780,54 68 
3222235,01 92 
3222235,01 65 
3223284,75 103 
3223284,75 101 
3223794,25 100 
3223794,25 1
3223794,25 1948
3223794,25 10
3225791,04 25 
3225804,55 75 
3227207,12 72 
3227243,75 70 
3228766,16 80 
3229562,44 83 
3229912,18 64 350
3230143,78 63 222
3230447,43 151 
3230469,29 69 
3230923,55 93 
3231974,47 103 
3231974,47 101 
3235989,02 100 
3235989,02 1
3235989,02 1948
3235989,02 10
3237985,96 25 
3239172,39 75 
3240575,14 72 
3240611,56 70 
3242135,72 80 
3242930,21 83 
3244111,34 64 1181
3244138,42 256 
3244434,53 62 305
3244736,31 151 
3244757,58 69 
3245211,68 93 
3246261,83 103 
3246261,83 101 
3250276,41 100 
3250276,41 1
3250276,41 1948
3250276,41 10
3252273,31 25 
3252300,41 75 
3253703,41 72 
3253739,35 70 
3255261,99 80 
3256058,06 83 
3257179,13 64 1122
3257514,04 62 324
3257816,65 151 
3257832,98 69 
3258286,48 93 
3259336,34 103 
3259336,34 101 
3263351,08 100 
3263351,08 1
3263351,08 1948
3263351,08 11
3265348,01 25 
3275348,15 254 
3275356,3 101 
3277355,62 100 
3277355,62 1
3277355,62 1948
3277355,62 11
3277355,62 25 
3277369,73 75 
3278773,91 72 
3278808,86 70 
3280329,66 80 
3281127,54 83 
3281816,94 64 690
3282153,52 61 320
3282456,43 151 
3282474,22 69 
3282926,78 93 
3283812,14 256 
3283979,37 103 
3283979,37 101 
3287994,69 100 
3287994,69 1
3287994,69 1948
3287994,69 10
3289991 25 
3290004,56 75 
3291407,87 72 
3291443,59 70 
3292965,17 80 
3293895,55 83 
3294884,6 64 989
3295222,97 63 328
3295526,65 151 
3295548,72 69 
3296000,94 93 
3297053,92 103 
3297053,92 101 
3301068,45 100 
3301068,45 1
3301068,45 1948
3301068,45 10
3303065,69 25 
3308356,72 75 
3309759,87 72 
3309889,32 70 
3311449,32 80 
3312367,83 83 
3313446,62 64 1079
3313693,29 62 233
3313994,94 151 
3314007,72 69 
3314460,57 93 
3315105,33 256 
3315512,9 103 
3315512,9 101 
3319527,41 100 
3319527,41 1
3319527,41 1948
3319527,41 11
3321524,26 25 
3321551,41 75 
3322954,8 72 
3322990,45 70 
3324515,18 80 
3325309,06 83 
3329074,4 64 3766
3329453,07 63 359
3329755,2 151 
3329774,47 69 
3330227,04 93 
3331113,32 256 
3331279,57 103 
3331279,57 101 
3335294,16 100 
3335294,16 1
3335294,16 1948
3335294,16 10
3337291,06 25 
3337304,75 75 
3338707,11 72 
3338743,78 70 
3340266,43 80 
3341062,51 83 
3341416,87 64 355
3341723,35 63 288
3342026,55 151 
3342049,28 69 
3342502,87 93 
3343232,53 256 
3343554,42 103 
3343554,42 101 
3347569,16 100 
3347569,16 1
3347569,16 1948
3347569,16 11
3349565,91 25 
3349579,43 75 
3350983,57 72 
3351018,69 70 
3352542,16 80 
3353337,34 83 
3354036,39 64 699
3354412,77 63 357
3354715,94 151 
3354737,32 69 
3355191,88 93 
3356242,56 103 
3356242,56 101 
3360257,05 100 
3360257,05 1
3360257,05 1948
3360257,05 11
3362253,88 25 
3362267,73 75 
3363670,06 72 
3363706,67 70 
3365228,26 80 
3366025,49 83 
3366523,8 64 499
3366842,46 61 311
3367144,66 153 
3367159,61 68 
3367612,94 92 
3367612,94 65 
3368663,93 103 
3368663,93 101 
3369173,49 100 
3369173,49 1
3369173,49 1948
3369173,49 10
3371170,33 25 
3371183,92 75 
3372585,79 72 
3372623 70 
3374143,21 80 
3374941,61 83 
3375298,67 64 357
3375512,35 62 198
3375814,54 151 
3375836,02 69 
3376289,43 93 
3376626,67 256 
3377340,3 103 
3377340,3 101 
3381354,92 100 
3381354,92 1
3381354,92 1948
3381354,92 11
3383351,78 25 
3383365,42 75 
3384767,33 72 
3384804,54 70 
3386327,47 80 
3387123,18 83 
3387460,54 64 337
3387722,71 61 253
3388024,93 151 
3388043,35 69 
3388497,02 93 
3389548,53 103 
3389548,53 101 
3393563,15 100 
3393563,15 1
3393563,15 1948
3393563,15 11
3395560,06 25 
3395576,86 75 
3396979,49 72 
3397012,78 70 
3398534,36 80 
3399331,42 83 
3399785,46 64 454
3400232,36 61 435
3400533,75 151 
3400558,15 69 
3401013,84 93 
3401535,65 256 
3402063,32 103 
3402063,32 101 
3406078,73 100 
3406078,73 1
3406078,73 1948
3406078,73 10
3408074,72 25 
3408088,54 75 
3409491 72 
3409527,51 70 
3409650,72 250 
3409660,12 101 
3411660,03 100 
3411660,03 1
3411660,03 1948
3411660,03 10
3411660,03 25 
3415391,88 75 
3416794,42 72 
3416803,8 70 
3418206,59 80 
3419016,51 83 
3419405,41 64 389
3419762,9 63 347
3420065,07 151 
3420083,35 69 
3420536,01 93 
3421588,44 103 
3421588,44 101 
3425605,07 100 
3425605,07 1
3425605,07 1948
3425605,07 11
3427600,01 25 
3427613,75 75 
3429016,45 72 
3429172,61 70 
3430744,05 80 
3431664,56 83 
3431929,45 64 265
3432182,32 61 238
3432484,15 151 
3432504,75 69 
3432959,28 93 
3434009,96 103 
3434009,96 101 
3438024,74 100 
3438024,74 1
3438024,74 1948
3438024,74 11
3440021,39 25 
3440035,17 75 
3441437,94 72 
3441580,75 70 
3443152,25 80 
3444086,05 83 
3445425,16 64 1340
3445711,32 62 266
3446014,54 150 
3446033,3 68 
3446487,18 92 
3446487,18 65 
3447537,59 103 
3447537,59 101 
3448047,11 100 
3448047,11 1
3448047,11 1948
3448047,11 10
3450043,91 25 
3450057,39 75 
3451459,48 72 
3451589,97 70 
3453145,56 80 
3454055,18 83 
3454587,22 64 532
3454963,28 62 362
3455267,79 151 
3455282,75 69 
3455735,79 93 
3456787,07 103 
3456787,07 101 
3460802,77 100 
3460802,77 1
3460802,77 1948
3460802,77 11
3462798,5 25 
3462812,07 75 
3464214,19 72 
3464344,56 70 
3465896,77 80 
3466809,9 83 
3467235,09 64 426
3467531,35 61 282
3467833,57 151 
3467850,95 69 
3468302,84 93 
3469355,13 103 
3469355,13 101 
3473369,81 100 
3473369,81 1
3473369,81 1948
3473369,81 10
3475366,59 25 
3475380,43 75 
3476783 72 
3476912,85 70 
3478451,01 80 
3479244,64 83 
3479722,75 64 478
3479991,28 62 254
3480293,19 153 
3480312,25 68 
3480766,04 92 
3480766,04 65 
3481816,61 103 
3481816,61 101 
3482325,98 100 
3482325,98 1
3482325,98 1948
3482325,98 10
3484322,82 25 
3484336,69 75 
3485739,74 72 
3485775,62 70 
3487301,38 80 
3488094,28 83 
3490366,34 64 2272
3490662,1 63 276
3490963,89 151 
3490987,79 69 
3491440,94 93 
3492275,58 256 
3492492,12 103 
3492492,12 101 
3496506,76 100 
3496506,76 1
3496506,76 1948
3496506,76 11
3498503,68 25 
3502556,34 75 
3503959,66 72 
3503994,68 70 
3505519,67 80 
3506313,36 83 
3506708,44 64 395
3506951,14 256 
3506958,66 61 232
3507261,59 151 
3507273,84 69 
3507727,8 93 
3508778,67 103 
3508778,67 101 
3512793,21 100 
3512793,21 1
3512793,21 1948
3512793,21 11
3514790,17 25 
3515603,32 75 
3517006,25 72 
3517042,51 70 
3518565,65 80 
3518859,64 250 
3518867,76 101 
3520867,58 100 
3520867,58 1
3520867,58 1948
3520867,58 11
3520867,58 25 
3521147,64 75 
3522550,01 72 
3522586,91 70 
3524107,56 80 
3524905,53 83 
3525249,79 64 345
3525490,88 61 226
3525792,79 151 
3525813,24 69 
3526266,23 93 
3527317,56 103 
3527317,56 101 
3531332,15 100 
3531332,15 1
3531332,15 1948
3531332,15 10
3533329,04 25 
3534009,02 75 
3535412,18 72 
3535448,28 70 
3536670,49 250 
3536686,94 101 
3538686,72 100 
3538686,72 1
3538686,72 1948
3538686,72 10
3538686,72 25 
3548687,18 254 
3548695,25 101 
3550694,6 100 
3550694,6 1
3550694,6 1948
3550694,6 10
3550694,6 25 
3552401,23 75 
3553804,44 72 
3553813,13 70 
3555215,92 80 
3556012,53 83 
3556415,53 64 403
3556700,24 61 275
3557002,85 150 
3557026,87 68 
3557481,26 92 
3557481,26 65 
3558531,14 103 
3558531,14 101 
3559040,73 100 
3559040,73 1
3559040,73 1948
3559040,73 10
3561037,44 25 
3561054,52 75 
3562457,3 72 
3562490,26 70 
3564013,38 80 
3564808,87 83 
3565254,16 64 446
3565520,78 61 246
3565822,91 150 
3565836,48 68 
3566290,1 92 
3566290,1 65 
3567340,82 103 
3567340,82 101 
3567850,98 100 
3567850,98 1
3567850,98 1948
3567850,98 10
3569847,03 25 
3569860,6 75 
3570541,63 250 
3570552,5 101 
3572552,61 100 
3572552,61 1
3572552,61 1948
3572552,61 10
3572552,61 25 
3574618,11 75 
3576020,59 72 
3576057,92 70 
3577580,39 80 
3578509,82 83 
3580998,84 64 2490
3581038,27 256 
3581310,88 61 296
3581613,8 150 
3581629,9 68 
3582081,78 92 
3582081,78 65 
3583134,2 103 
3583134,2 101 
3583643,63 100 
3583643,63 1
3583643,63 1948
3583643,63 10
3585640,47 25 
3585654,38 75 
3587057,52 72 
3587213,18 70 
3588791,71 80 
3589718,45 83 
3590031,22 64 313
3590260,32 61 209
3590563,53 150 
3590586,17 68 
3591039,17 92 
3591039,17 65 
3592090,46 103 
3592090,46 101 
3592599,99 100 
3592599,99 1
3592599,99 1948
3592599,99 10
3594596,87 25 
3594610,46 75 
3596013,2 72 
3596169,47 70 
3597753,8 80 
3598688,03 83 
3599019,02 64 332
3599042,38 256 
3599450,05 61 416
3599753,26 150 
3599769,03 68 
3600222,62 92 
3600222,62 65 
3601273,27 103 
3601273,27 101 
3601782,79 100 
3601782,79 1
3601782,79 1948
3601782,79 11
3603779,51 25 
3603793,08 75 
3605196,19 72 
3605352,28 70 
3606927,96 80 
3607857,56 83 
3608092,83 64 236
3608319,88 62 210
3608622,57 150 
3608645,27 68 
3609098,19 92 
3609098,19 65 
3610149,56 103 
3610149,56 101 
3610659,25 100 
3610659,25 1
3610659,25 1948
3610659,25 10
3612655,92 25 
3612669,42 75 
3614072,37 72 
3614228,53 70 
3615808,91 80 
3616733,79 83 
3617312,7 64 579
3617629,56 63 296
3617931,05 151 
3617947,24 69 
3618401,21 93 
3619452,34 103 
3619452,34 101 
3623467,03 100 
3623467,03 1
3623467,03 1948
3623467,03 11
3625463,77 25 
3625477,57 75 
3626880,28 72 
3627036,5 70 
3628614,14 80 
3629541,78 83 
3630012,92 64 472
3630342,2 63 321
3630644,14 151 
3630661,97 69 
3631116,15 93 
3631564,19 256 
3632167,07 103 
3632167,07 101 
3636181,61 100 
3636181,61 1
3636181,61 1948
3636181,61 10
3638178,56 25 
3638192,07 75 
3639594,69 72 
3639751,23 70 
3641300,88 80 
3642203,16 83 
3642646,57 64 443
3642959,96 63 304
3643263,33 151 
3643283,27 69 
3643737,88 93 
3644788,42 103 
3644788,42 101 
3648803,93 100 
3648803,93 1
3648803,93 1948
3648803,93 11
3650800,01 25 
3650814,09 75 
3652216,05 72 
3652345,9 70 
3653878,9 80 
3654677,95 83 
3655400,75 64 723
3656138,98 63 729
3656441,34 151 
3656464,45 69 
3656918,11 93 
3657969,56 103 
3657969,56 101 
3661984,27 100 
3661984,27 1
3661984,27 1948
3661984,27 11
3663980,98 25 
3663994,6 75 
3665397 72 
3665433,81 70 
3666955 80 
3667752,46 83 
3668138,19 64 386
3668489 61 337
3668791,33 151 
3668805,97 69 
3669259,34 93 
3670311,04 103 
3670311,04 101 
3674325,64 100 
3674325,64 1
3674325,64 1948
3674325,64 11
3676322,53 25 
3680014,81 75 
3680017,17 250 
3680026,74 101 
3682026,89 100 
3682026,89 1
3682026,89 1948
3682026,89 11
3682026,89 25 
3682040,04 75 
3683442,72 72 
3683479,54 70 
3684999,93 80 
3685798,23 83 
3686556,32 64 758
3686888,99 61 318
3687192,58 153 
3687212,46 68 
3687665,54 92 
3687665,54 65 
3688716,68 103 
3688716,68 101 
3689226,79 100 
3689226,79 1
3689226,79 1948
3689226,79 10
3691223,08 25 
3691236,55 75 
3692639,34 72 
3692675,69 70 
3694197,85 80 
3694994,38 83 
3695132,32 64 138
3695380,09 62 239
3695683,28 151 
3695702,2 69 
3696155,52 93 
3697206,53 103 
3697206,53 101 
3701221,2 100 
3701221,2 1
3701221,2 1948
3701221,2 11
3703217,95 25 
3703231,77 75 
3704634,65 72 
3704670,69 70 
3706192,03 80 
3706989,36 83 
3707624,61 64 635
3707918,27 61 276
3708221,46 151 
3708242,79 69 
3708696,33 93 
3709747,91 103 
3709747,91 101 
3713762,61 100 
3713762,61 1
3713762,61 1948
3713762,61 10
3715759,31 25 
3715772,9 75 
3717174,98 72 
3717212,13 70 
3718732,94 80 
3719530,78 83 
3719803,72 64 273
3720018,49 62 195
3720321,38 153 
3720345,27 68 
3720799,48 92 
3720799,48 65 
3721849,48 103 
3721849,48 101 
3722359,07 100 
3722359,07 1
3722359,07 1948
3722359,07 11
3724355,8 25 
3729793,69 75 
3731196,14 72 
3731232,94 70 
3732754,89 80 
3733551,58 83 
3735103,65 64 1552
3735738,02 61 614
3736041,36 151 
3736058,6 69 
3736512,33 93 
3737562,97 103 
3737562,97 101 
3741577,55 100 
3741577,55 1
3741577,55 1948
3741577,55 11
3743574,35 25 
3743588,19 75 
3744990,56 72 
3745027,21 70 
3746548,03 80 
3747345,89 83 
3749229,01 64 1884
3749448,34 62 210
3749749,86 150 
3749772,89 68 
3750225,12 92 
3750225,12 65 
3751277,18 103 
3751277,18 101 
3751786,76 100 
3751786,76 1
3751786,76 1948
3751786,76 11
3753783,43 25 
3753797,13 75 
3755200,57 72 
3755356,18 70 
3756927,88 80 
3757861,44 83 
3758148,31 64 287
3758428,57 63 261
3758730,49 151 
3758755,78 69 
3759209,02 93 
3760260,08 103 
3760260,08 101 
3764274,81 100 
3764274,81 1
3764274,81 1948
3764274,81 10
3766271,56 25 
3770443,56 75 
3771846,68 72 
3772002,5 70 
3773578,61 80 
3774507,82 83 
3775392,94 64 886
3775598,53 62 185
3775902,29 151 
3775921,23 69 
3776374,01 93 
3777426,26 103 
3777426,26 101 
3781440,83 100 
3781440,83 1
3781440,83 1948
3781440,83 10
3783437,67 25 
3783451,53 75 
3784854,62 72 
3785010,4 70 
3786579,96 80 
3787502,34 83 
3788631,1 64 1129
3788878,4 62 230
3789181,53 151 
3789196,5 69 
3789650,22 93 
3790700,69 103 
3790700,69 101 
3794715,48 100 
3794715,48 1
3794715,48 1948
3794715,48 11
3796712,27 25 
3797365,47 75 
3798769,3 72 
3798924,58 70 
3800499,89 80 
3801429,83 83 
3801714,74 64 285
3801927,87 61 205
3802231,55 151 
3802244,51 69 
3802697,53 93 
3803748,56 103 
3803748,56 101 
3807763,17 100 
3807763,17 1
3807763,17 1948
3807763,17 10
3809760,17 25 
3812492,4 75 
3813895,26 72 
3814051,58 70 
3815607,86 80 
3816516,86 83 
3817342,31 64 826
3817667,55 63 311
3817969,18 151 
3817984,34 69 
3818439,04 93 
3819488,63 103 
3819488,63 101 
3823504,33 100 
3823504,33 1
3823504,33 1948
3823504,33 11
3825500,22 25 
3826633,34 75 
3828036,92 72 
3828165,82 70 
3829724,79 80 
3830630,94 83 
3833641,18 64 3011
3834108,13 63 452
3834411,04 153 
3834430,77 68 
3834884,42 92 
3834884,42 65 
3835935,08 103 
3835935,08 101 
3836444,7 100 
3836444,7 1
3836444,7 1948
3836444,7 11
3838454,69 25 
3838468,47 75 
3839871,65 72 
3840000,78 70 
3841550,51 80 
3842466,07 83 
3843367,82 64 903
3843947,35 63 562
3844248,85 151 
3844265,88 69 
3844719,83 93 
3845771 103 
3845771 101 
3849785,59 100 
3849785,59 1
3849785,59 1948
3849785,59 11
3851782,62 25 
3852502,37 75 
3853905,34 72 
3854034,97 70 
3855591,68 80 
3856500,21 83 
3856852,66 64 352
3857148,14 61 275
3857451,29 151 
3857473,63 69 
3857926,09 93 
3858978,79 103 
3858978,79 101 
3862993,38 100 
3862993,38 1
3862993,38 1948
3862993,38 10
3864990,28 25 
3865003,77 75 
3866407,52 72 
3866549,75 70 
3868084,24 80 
3868881,63 83 
3870549,51 64 1668
3870897,69 63 337
3871199,73 151 
3871215,48 69 
3871668,63 93 
3872719,72 103 
3872719,72 101 
3876734,35 100 
3876734,35 1
3876734,35 1948
3876734,35 11
3878731,33 25 
3888730,83 254 
3888739,66 101 
3890739,07 100 
3890739,07 1
3890739,07 1948
3890739,07 11
3890739,07 25 
3898829,68 75 
3900232,64 72 
3900268,83 70 
3901791,66 80 
3902587,59 83 
3903195,45 64 608
3903496,67 256 
3903542,61 61 329
3903845,2 151 
3903867,62 69 
3904320,49 93 
3905372,69 103 
3905372,69 101 
3909387,26 100 
3909387,26 1
3909387,26 1948
3909387,26 10
3911384,26 25 
3921384,53 254 
3921392,66 101 
3923391,86 100 
3923391,86 1
3923391,86 1948
3923391,86 10
3923391,86 25 
3933392,79 254 
3933400,97 101 
3935400,21 100 
3935400,21 1
3935400,21 1948
3935400,21 10
3935400,21 25 
3935415,2 75 
3936818,39 72 
3936853,6 70 
3938374,59 80 
3939172,2 83 
3939557,17 64 385
3939875,83 63 305
3940178,14 151 
3940199,09 69 
3940652,5 93 
3941704,19 103 
3941704,19 101 
3945718,77 100 
3945718,77 1
3945718,77 1948
3945718,77 11
3947715,69 25 
3947729,36 75 
3949131,25 72 
3949168,45 70 
3950689,38 80 
3951487,08 83 
3951949,07 64 463
3952296,81 63 331
3952599,28 151 
3952621,46 69 
3953075,57 93 
3954125,73 103 
3954125,73 101 
3958140,37 100 
3958140,37 1
3958140,37 1948
3958140,37 10
3960137,14 25 
3962149,82 75 
3963553,5 72 
3963589,01 70 
3965109,86 80 
3965907,72 83 
3966135,17 64 228
3966417,7 62 270
3966719,11 151 
3966734,58 69 
3967188,84 93 
3968239,73 103 
3968239,73 101 
3972254,51 100 
3972254,51 1
3972254,51 1948
3972254,51 10
3974251,32 25 
3974265,04 75 
3975668,08 72 
3975823,96 70 
3977401,09 80 
3978329,18 83 
3979182,29 64 853
3979506,18 62 311
3979808,79 151 
3979823,41 69 
3980275,78 93 
3981327,61 103 
3981327,61 101 
3985342,31 100 
3985342,31 1
3985342,31 1948
3985342,31 10
3987339,08 25 
3988165,6 75 
3989568,84 72 
3989724,79 70 
3991279,92 80 
3992190,04 83 
3992598,37 64 409
3992896,21 61 280
3993199,84 150 
3993217,7 68 
3993670,37 92 
3993670,37 65 
3994721,99 103 
3994721,99 101 
3994749,3 102 
