0 100 
0 2
0 1556
0 11
1993 25 
2843 75 
3444 72 
3444 70 
4199 80 
4332 83 
5385 64 
5628 256 
5758 62 
5893 153 
5893 68 
5893 65
5975 92 
6594 90 
7420 103 
7420 101 
7930 100 
7930 2
7930 1556
7930 10
9931 25 
9977 75 
10579 72 
10579 70 
11249 80 
11369 83 
11584 64 
11969 63 
12116 151 
12116 69 
12196 93 
13648 103 
13648 101 
14555 100 
14555 2
14555 1556
14555 10
16554 25 
16600 75 
16903 73 
17409 72 
17409 70 
18060 80 
18180 83 
18366 64 
18686 61 
18819 150 
18819 68 
18819 65
18910 92 
19350 90 
20351 103 
20351 101 
20857 100 
20857 2
20857 1556
20857 11
22858 25 
22919 75 
23519 72 
23519 70 
24230 80 
24297 83 
24417 64 
24619 256 
24684 62 
24763 151 
24763 69 
24847 93 
26298 103 
26298 101 
27201 100 
27201 2
27201 1556
27201 11
29204 25 
29253 75 
29856 72 
29856 70 
30494 80 
30588 83 
30935 64 
31494 62 
31601 151 
31601 69 
31681 93 
32172 91 
33135 103 
33135 101 
34041 100 
34041 2
34041 1556
34041 11
36041 25 
36099 75 
36700 72 
36700 70 
37318 80 
37411 83 
38518 64 
38784 63 
38864 150 
38864 68 
38864 65
38947 92 
40396 103 
40396 101 
40903 100 
40903 2
40903 1556
40903 10
42903 25 
42950 75 
43554 72 
43554 70 
44195 80 
44302 83 
44462 64 
44623 256 
44729 61 
44848 150 
44848 68 
44848 65
44931 92 
46380 103 
46380 101 
46889 100 
46889 2
46889 1556
46889 10
48888 25 
48934 75 
49538 72 
49538 70 
50179 80 
50273 83 
50433 64 
50608 61 
50726 150 
50726 68 
50726 65
50809 92 
51270 90 
52257 103 
52257 101 
52764 100 
52764 2
52764 1556
52764 10
54764 25 
54812 75 
55416 72 
55416 70 
56070 80 
56177 83 
56430 64 
56565 256 
56630 61 
56696 150 
56696 68 
56696 65
56785 92 
58231 103 
58231 101 
58734 100 
58734 2
58734 1556
58734 11
60736 25 
60781 75 
61384 72 
61384 70 
61908 80 
61974 83 
62267 64 
62483 256 
62547 63 
62614 150 
62614 68 
62614 65
62702 92 
64143 103 
64143 101 
64654 100 
64654 2
64654 1556
64654 10
66654 25 
66704 75 
67307 72 
67307 70 
67852 80 
67918 83 
68118 64 
68320 256 
68385 61 
68451 150 
68451 68 
68451 65
68534 92 
69094 90 
69982 103 
69982 101 
70491 100 
70491 2
70491 1556
70491 10
72491 25 
72536 75 
73142 72 
73142 70 
73663 80 
73729 83 
74356 64 
74558 61 
74635 152 
74635 69 
74716 93 
76167 103 
76167 101 
77073 100 
77073 2
77073 1556
77073 11
79076 25 
79735 75 
80339 72 
80339 70 
80859 80 
80926 83 
81367 64 
81499 63 
81569 150 
81569 68 
81569 65
81653 92 
83098 103 
83098 101 
83604 100 
83604 2
83604 1556
83604 11
85605 25 
85655 75 
86260 72 
86260 70 
86777 80 
86843 83 
86977 64 
87110 256 
87179 63 
87243 150 
87243 68 
87243 65
87325 92 
88774 103 
88774 101 
89281 100 
89281 2
89281 1556
89281 10
91281 25 
91328 75 
91935 72 
91935 70 
92454 80 
92521 83 
92655 64 
92857 61 
92921 150 
92921 68 
92921 65
93005 92 
93574 90 
94455 103 
94455 101 
94972 100 
94972 2
94972 1556
94972 11
96974 25 
97023 75 
97630 72 
97630 70 
98145 80 
98212 83 
98279 64 
98482 256 
98545 63 
98612 150 
98612 68 
98612 65
98695 92 
100144 103 
100144 101 
100649 100 
100649 2
100649 1556
100649 10
102651 25 
102697 75 
103303 72 
103303 70 
103810 80 
103876 83 
104076 64 
104212 256 
104276 61 
104343 150 
104343 68 
104343 65
104424 92 
105568 90 
105877 103 
105877 101 
106380 100 
106380 2
106380 1556
106380 11
108382 25 
108434 75 
108531 73 
109092 72 
109092 70 
109634 80 
109700 250 
110369 76 
110433 83 
110567 64 
110836 63 
110900 150 
110900 68 
110900 65
110982 92 
112433 103 
112433 101 
112937 100 
112937 2
112937 1556
112937 11
114940 25 
114985 75 
115592 72 
115592 70 
116111 80 
116178 83 
116311 64 
116460 62 
116524 150 
116524 68 
116524 65
116623 92 
118071 103 
118071 101 
118577 100 
118577 2
118577 1556
118577 10
120578 25 
120636 75 
121242 72 
121242 70 
121748 80 
121815 83 
121948 64 
122151 61 
122228 150 
122228 68 
122228 65
122312 92 
123755 103 
123755 101 
124266 100 
124266 2
124266 1556
124266 10
126268 25 
126314 75 
126918 72 
126918 70 
127426 80 
127493 83 
127786 64 
127988 61 
128066 150 
128066 68 
128066 65
128154 92 
128727 90 
129598 103 
129598 101 
130103 100 
130103 1
130103 1556
130103 11
130103 78 
132105 25 
132150 75 
132757 72 
132757 70 
133304 80 
133370 250 
133906 76 
133970 83 
134303 64 
134507 63 
134583 151 
134583 69 
134665 93 
135199 91 
136113 103 
136113 101 
137022 100 
137022 1
137022 1556
137022 11
139023 25 
139067 75 
139671 72 
139671 70 
140194 80 
140261 83 
140794 64 
141608 256 
141673 62 
141740 152 
141740 69 
141823 93 
142132 91 
143211 91 
143274 103 
143274 101 
144198 100 
144198 1
144198 1556
144198 11
146196 25 
146252 75 
146856 72 
146856 70 
147378 80 
147444 83 
148311 64 
149113 256 
149177 61 
149243 151 
149243 69 
149316 93 
149715 91 
150775 103 
150775 101 
151682 100 
151682 1
151682 1556
151682 11
153682 25 
153728 75 
154330 72 
154330 70 
154854 80 
154921 83 
156853 64 
159388 61 
159452 151 
159452 69 
159529 93 
160204 91 
160408 91 
160985 103 
160985 101 
161890 100 
161890 1
161890 1556
161890 10
163892 25 
163942 75 
164549 72 
164549 70 
165077 80 
165143 83 
165276 64 
165479 61 
165556 150 
165556 68 
165556 65
165642 92 
167083 103 
167083 101 
167594 100 
167594 1
167594 1556
167594 10
169596 25 
169645 75 
170250 72 
170250 70 
170767 80 
170834 83 
171034 64 
171171 256 
171234 61 
171301 150 
171301 68 
171301 65
171388 92 
172830 103 
172830 101 
173338 100 
173338 1
173338 1556
173338 11
175339 25 
175390 75 
175476 73 
176034 72 
176034 70 
176552 80 
176618 83 
176752 64 
176967 256 
177031 63 
177098 151 
177098 69 
177180 93 
178628 103 
178628 101 
179538 100 
179538 1
179538 1556
179538 10
181537 25 
181588 75 
182193 72 
182193 70 
182709 80 
182776 83 
182975 64 
183191 256 
183255 61 
183322 150 
183322 68 
183322 65
183406 92 
184850 103 
184850 101 
185366 100 
185366 1
185366 1556
185366 10
187364 25 
187407 75 
187499 73 
188052 72 
188052 70 
188573 80 
188640 83 
188773 64 
188976 256 
189040 61 
189106 150 
189106 68 
189106 65
189193 92 
190635 103 
190635 101 
191151 100 
191151 1
191151 1556
191151 11
193148 25 
193205 75 
193810 72 
193810 70 
194344 80 
194411 83 
194730 64 
194932 256 
194997 63 
195077 151 
195077 69 
195160 93 
196605 103 
196605 101 
197516 100 
197516 1
197516 1556
197516 10
199517 25 
199702 75 
199899 73 
200401 72 
200401 70 
200914 80 
200981 250 
204859 76 
204926 83 
205126 64 
205329 256 
205406 61 
205472 150 
205472 68 
205472 65
205556 92 
207004 103 
207004 101 
207513 100 
207513 1
207513 1556
207513 11
209512 25 
209882 75 
211142 73 
211646 72 
211646 70 
212176 80 
212243 83 
214109 64 
214310 62 
214389 150 
214389 68 
214389 65
214473 92 
215922 103 
215922 101 
216428 100 
216428 1
216428 1556
216428 10
218428 25 
218769 75 
219375 72 
219375 70 
219893 80 
219960 83 
220146 64 
220416 256 
220480 61 
220546 150 
220546 68 
220546 65
220629 92 
222077 103 
222077 101 
222584 100 
222584 1
222584 1556
222584 10
224586 25 
224636 75 
225242 72 
225242 70 
225744 80 
225810 83 
225944 64 
226077 256 
226147 61 
226210 152 
226210 69 
226294 93 
227065 91 
227455 91 
227739 103 
227739 101 
228650 100 
228650 1
228650 1556
228650 11
230648 25 
230695 75 
231303 72 
231303 70 
231821 80 
231888 83 
232542 64 
232677 256 
232741 62 
232807 150 
232807 68 
232807 65
232886 92 
234340 103 
234340 101 
234845 100 
234845 1
234845 1556
234845 11
236848 25 
237140 75 
237751 72 
237751 70 
238285 80 
238352 83 
238592 64 
238727 62 
238792 150 
238792 68 
238792 65
238875 92 
240319 103 
240319 101 
240830 100 
240830 1
240830 1556
240830 10
242830 25 
242882 75 
243484 72 
243484 70 
244016 80 
244083 83 
244482 64 
244684 61 
244762 150 
244762 68 
244762 65
244844 92 
246294 103 
246294 101 
246800 100 
246800 1
246800 1556
246800 10
248802 25 
248848 75 
249449 72 
249449 70 
249960 80 
250027 83 
251759 64 
252161 61 
252239 150 
252239 68 
252239 65
252323 92 
253768 103 
253768 101 
254280 100 
254280 1
254280 1556
254280 11
256278 25 
256338 75 
256940 72 
256940 70 
257930 250 
258303 71 
258490 80 
258610 83 
258930 64 
259186 256 
259316 62 
259449 150 
259449 68 
259449 65
259533 92 
260984 103 
260984 101 
261489 100 
261489 1
261489 1556
261489 11
263488 25 
263535 75 
264140 72 
264140 70 
264754 80 
264887 83 
264954 64 
265143 256 
265207 62 
265273 150 
265273 68 
265273 65
265357 92 
266806 103 
266806 101 
267311 100 
267311 1
267311 1556
267311 10
269317 25 
269377 75 
269979 72 
269979 70 
270671 80 
270738 83 
270804 64 
271074 256 
271138 61 
271218 152 
271218 69 
271301 93 
271823 91 
272748 103 
272748 101 
273655 100 
273655 1
273655 1556
273655 11
275658 25 
275705 75 
276308 72 
276308 70 
276975 80 
277082 250 
277695 76 
277761 83 
277961 64 
278230 62 
278295 150 
278295 68 
278295 65
278378 92 
279823 103 
279823 101 
280337 100 
280337 1
280337 1556
280337 10
282336 25 
282380 75 
282986 72 
282986 70 
283626 80 
283692 83 
283785 64 
284041 61 
284145 150 
284145 68 
284145 65
284229 92 
285674 103 
285674 101 
286185 100 
286185 6
286185 1556
286185 11
286185 78 
288184 25 
288273 75 
288877 72 
288877 70 
289503 80 
289596 83 
289756 64 
289945 62 
290023 151 
290023 69 
290095 93 
291553 103 
291553 101 
292463 100 
292463 6
292463 1556
292463 11
294461 25 
294508 75 
295110 72 
295110 70 
295700 80 
295767 83 
296313 64 
296928 61 
297046 150 
297046 68 
297046 65
297129 92 
297536 90 
298577 103 
298577 101 
299084 100 
299084 6
299084 1556
299084 10
301086 25 
301150 75 
301752 72 
301752 70 
302379 80 
302497 83 
302657 76 
303470 64 
303804 63 
303910 150 
303910 68 
303910 65
303990 92 
305438 103 
305438 101 
305951 100 
305951 6
305951 1556
305951 10
307949 25 
308000 75 
308604 72 
308604 70 
309255 80 
309348 83 
309508 64 
309751 63 
309854 150 
309854 68 
309854 65
309939 92 
311384 103 
311384 101 
311894 100 
311894 6
311894 1556
311894 11
313894 25 
313939 75 
314546 72 
314546 70 
315132 80 
315225 83 
316118 64 
316293 61 
316398 150 
316398 68 
316398 65
316476 92 
317923 90 
317932 103 
317932 101 
318437 100 
318437 6
318437 1556
318437 10
320438 25 
320489 75 
320671 73 
321241 72 
321241 70 
321902 80 
323049 250 
323877 76 
323982 83 
324048 64 
324317 62 
324421 150 
324421 68 
324421 65
324505 92 
325950 103 
325950 101 
326461 100 
326461 6
326461 1556
326461 11
328461 25 
328507 75 
329109 72 
329109 70 
329753 80 
329819 83 
330552 64 
330941 61 
331045 150 
331045 68 
331045 65
331131 92 
331591 90 
332575 103 
332575 101 
333086 100 
333086 6
333086 1556
333086 11
335085 25 
335135 75 
335742 72 
335742 70 
336390 80 
336456 83 
337296 64 
337578 61 
337643 150 
337643 68 
337643 65
337716 92 
339176 103 
339176 101 
339682 100 
339682 6
339682 1556
339682 10
341683 25 
341727 75 
342333 72 
342333 70 
342947 80 
343013 83 
343481 64 
343761 63 
343826 150 
343826 68 
343826 65
343908 92 
345361 103 
345361 101 
345878 100 
345878 6
345878 1556
345878 11
347878 25 
348030 75 
348244 73 
348745 72 
348745 70 
349251 80 
349317 83 
349757 64 
350026 256 
350090 61 
350157 150 
350157 68 
350157 65
350243 92 
351690 103 
351690 101 
352196 100 
352196 6
352196 1556
352196 10
354198 25 
354425 75 
355028 72 
355028 70 
355541 80 
355608 83 
356142 64 
356408 63 
356489 150 
356489 68 
356489 65
356561 92 
358018 103 
358018 101 
358525 100 
358525 6
358525 1556
358525 10
360527 25 
360590 75 
361192 72 
361192 70 
361712 80 
361779 83 
361912 64 
362114 256 
362178 63 
362245 150 
362245 68 
362245 65
362333 92 
363775 103 
363775 101 
364285 100 
364285 6
364285 1556
364285 11
366283 25 
366330 75 
366938 72 
366938 70 
367443 80 
367510 83 
367896 64 
368232 61 
368296 150 
368296 68 
368296 65
368378 92 
369829 103 
369829 101 
370333 100 
370333 6
370333 1556
370333 11
372335 25 
372381 75 
372988 72 
372988 70 
373507 80 
373574 83 
373947 64 
374149 61 
374213 150 
374213 68 
374213 65
374296 92 
375747 103 
375747 101 
376252 100 
376252 6
376252 1556
376252 10
378252 25 
378303 75 
378905 72 
378905 70 
379425 80 
379491 83 
380117 64 
380454 63 
380531 150 
380531 68 
380531 65
380614 92 
382064 103 
382064 101 
382571 100 
382571 6
382571 1556
382571 10
384569 25 
384616 75 
385097 73 
385601 72 
385601 70 
386142 80 
386541 250 
387528 76 
387594 83 
387794 64 
388063 256 
388127 61 
388194 153 
388194 68 
388194 65
388275 92 
389728 103 
389728 101 
390232 100 
390232 6
390232 1556
390232 10
392233 25 
392284 75 
392497 73 
393103 72 
393103 70 
393618 80 
393685 83 
393951 64 
394287 256 
394351 61 
394418 151 
394418 69 
394501 93 
395948 103 
395948 101 
396856 100 
396856 6
396856 1556
396856 10
398858 25 
398915 75 
399521 72 
399521 70 
402348 71 
402601 80 
402668 83 
403681 64 
403950 256 
404014 62 
404080 151 
404080 69 
404161 93 
404578 91 
405615 103 
405615 101 
406519 100 
406519 6
406519 1556
406519 11
408521 25 
408570 75 
411533 73 
412474 73 
412977 72 
412977 70 
413503 80 
413570 83 
414076 64 
414478 256 
414543 61 
414623 150 
414623 68 
414623 65
414707 92 
416155 103 
416155 101 
416660 100 
416660 6
416660 1556
416660 11
418663 25 
418820 75 
419424 72 
419424 70 
419940 80 
420007 83 
420380 64 
420716 256 
420780 61 
420847 150 
420847 68 
420847 65
420930 92 
422276 90 
422383 103 
422383 101 
422898 100 
422898 6
422898 1556
422898 10
424899 25 
424963 75 
425571 72 
425571 70 
426084 80 
426151 83 
426524 64 
426727 256 
426791 63 
426857 150 
426857 68 
426857 65
426942 92 
428391 103 
428391 101 
428896 100 
428896 5
428896 1556
428896 11
428896 78 
430897 25 
430943 75 
431544 72 
431544 70 
432068 80 
432135 83 
432388 64 
432658 256 
432721 61 
432788 151 
432788 69 
432870 93 
434096 91 
434320 103 
434320 101 
435228 100 
435228 5
435228 1556
435228 11
437227 25 
437274 75 
437880 72 
437880 70 
438399 80 
438466 83 
438892 64 
439095 256 
439159 61 
439225 151 
439225 69 
439302 93 
439911 91 
440757 103 
440757 101 
441665 100 
441665 5
441665 1556
441665 10
443665 25 
443710 75 
444317 72 
444317 70 
444956 80 
445063 83 
446582 64 
447049 62 
447129 151 
447129 69 
447206 93 
447613 91 
448613 91 
448662 103 
448662 101 
449568 100 
449568 5
449568 1556
449568 10
451568 25 
451613 75 
452217 72 
452217 70 
452740 80 
452806 83 
454339 64 
455008 256 
455072 62 
455138 153 
455138 68 
455138 65
455224 92 
455703 90 
456671 103 
456671 101 
457178 100 
457178 5
457178 1556
457178 11
459177 25 
459229 75 
459835 72 
459835 70 
460336 80 
460403 83 
460669 64 
460873 63 
460936 151 
460936 69 
461017 93 
461794 91 
462470 103 
462470 101 
463379 100 
463379 5
463379 1556
463379 10
465377 25 
465434 75 
466037 72 
466037 70 
466547 80 
466614 83 
467360 64 
467626 62 
467693 151 
467693 69 
467772 93 
468367 91 
468909 91 
469205 91 
469232 103 
469232 101 
470146 100 
470146 5
470146 1556
470146 10
472147 25 
472192 75 
472793 72 
472793 70 
473317 80 
473384 83 
474623 64 
474893 256 
474957 61 
475023 151 
475023 69 
475105 93 
476145 91 
476557 103 
476557 101 
477461 100 
477461 5
477461 1556
477461 11
479464 25 
479509 75 
480115 72 
480115 70 
480621 80 
480687 83 
481407 64 
481740 256 
481809 61 
481887 151 
481887 69 
481968 93 
482540 91 
483029 91 
483421 103 
483421 101 
484330 100 
484330 5
484330 1556
484330 10
486330 25 
486389 75 
486994 72 
486994 70 
487525 80 
487591 83 
488844 64 
489966 256 
490030 63 
490097 150 
490097 68 
490097 65
490174 92 
491628 103 
491628 101 
492134 100 
492134 5
492134 1556
492134 10
494134 25 
494407 75 
495008 72 
495008 70 
495521 80 
495588 83 
495828 64 
496030 256 
496108 63 
496174 150 
496174 68 
496174 65
496257 92 
497706 103 
497706 101 
498212 100 
498212 5
498212 1556
498212 11
500213 25 
500436 75 
501036 72 
501036 70 
501545 80 
501612 83 
501945 64 
502412 256 
502482 61 
502558 151 
502558 69 
502640 93 
503140 91 
504087 103 
504087 101 
504998 100 
504998 5
504998 1556
504998 11
506997 25 
507042 75 
507649 72 
507649 70 
508169 80 
508236 83 
510701 64 
511623 62 
511688 150 
511688 68 
511688 65
511774 92 
512211 90 
513216 103 
513216 101 
513727 100 
513727 5
513727 1556
513727 11
515728 25 
515772 75 
516379 72 
516379 70 
516899 80 
516965 83 
517165 64 
517367 62 
517432 150 
517432 68 
517432 65
517516 92 
518960 103 
518960 101 
519471 100 
519471 5
519471 1556
519471 10
521471 25 
521927 75 
522529 72 
522529 70 
523029 80 
523096 83 
523229 64 
523500 63 
523576 152 
523576 69 
523656 93 
524357 91 
524700 91 
525104 103 
525104 101 
526017 100 
526017 5
526017 1556
526017 11
528016 25 
528066 75 
528668 72 
528668 70 
529187 80 
529253 83 
529506 64 
529773 62 
529840 150 
529840 68 
529840 65
529924 92 
531373 103 
531373 101 
531877 100 
531877 5
531877 1556
531877 10
533879 25 
533925 75 
534527 72 
534527 70 
535051 80 
535117 83 
535317 64 
535521 256 
535584 63 
535664 150 
535664 68 
535664 65
535745 92 
537198 103 
537198 101 
537704 100 
537704 5
537704 1556
537704 10
539703 25 
539984 75 
541430 73 
541938 72 
541938 70 
542461 80 
542528 83 
542728 64 
542941 256 
543010 63 
543087 150 
543087 68 
543087 65
543171 92 
544620 103 
544620 101 
545127 100 
545127 5
545127 1556
545127 11
547127 25 
547192 75 
547797 72 
547797 70 
548445 80 
548592 83 
548725 64 
548927 62 
549005 150 
549005 68 
549005 65
549089 92 
550539 103 
550539 101 
551043 100 
551043 5
551043 1556
551043 10
553043 25 
553095 75 
553696 72 
553696 70 
554229 80 
554296 83 
554362 64 
554631 63 
554696 150 
554696 68 
554696 65
554780 92 
556229 103 
556229 101 
556736 100 
556736 5
556736 1556
556736 10
558734 25 
558842 75 
559449 72 
559449 70 
559960 80 
560027 83 
560160 64 
560442 63 
560520 150 
560520 68 
560520 65
560602 92 
562051 103 
562051 101 
562559 100 
562559 5
562559 1556
562559 11
564560 25 
564965 75 
565567 72 
565567 70 
566091 80 
566157 83 
566291 64 
566492 256 
566557 62 
566624 152 
566624 69 
566705 93 
567305 91 
567739 91 
568158 103 
568158 101 
569063 100 
569063 5
569063 1556
569063 11
571063 25 
571111 75 
571713 72 
571713 70 
572235 80 
572301 83 
573101 64 
574356 61 
574421 151 
574421 69 
574503 93 
575039 91 
575953 103 
575953 101 
576860 100 
576860 5
576860 1556
576860 11
578861 25 
578905 75 
579612 73 
580117 72 
580117 70 
580645 80 
580711 83 
581258 64 
581993 62 
582071 150 
582071 68 
582071 65
582155 92 
582623 90 
583604 103 
583604 101 
584110 100 
584110 5
584110 1556
584110 11
586110 25 
586161 75 
586768 72 
586768 70 
587268 80 
587335 83 
587535 64 
587737 62 
587815 150 
587815 68 
587815 65
587899 92 
589349 103 
589349 101 
589852 100 
589852 5
589852 1556
589852 10
591854 25 
591899 75 
592503 72 
592503 70 
593013 80 
593079 83 
593266 64 
593536 63 
593612 150 
593612 68 
593612 65
593697 92 
595144 103 
595144 101 
595651 100 
595651 5
595651 1556
595651 10
597652 25 
597699 75 
598304 72 
598304 70 
598810 80 
598877 83 
599143 64 
599345 256 
599410 63 
599477 150 
599477 68 
599477 65
599560 92 
601009 103 
601009 101 
601515 100 
601515 5
601515 1556
601515 10
603516 25 
603562 75 
604166 72 
604166 70 
604687 80 
604754 83 
604821 64 
605090 63 
605154 150 
605154 68 
605154 65
605239 92 
606688 103 
606688 101 
607194 100 
607194 4
607194 1556
607194 11
607194 78 
609194 25 
609239 75 
609843 72 
609843 70 
610365 80 
610432 83 
610685 64 
613020 62 
613097 151 
613097 69 
613179 93 
613887 91 
614628 103 
614628 101 
615535 100 
615535 4
615535 1556
615535 11
617536 25 
617581 75 
618185 72 
618185 70 
618708 80 
618775 83 
620747 64 
622082 256 
622147 61 
622213 150 
622213 68 
622213 65
622296 92 
622707 90 
623745 103 
623745 101 
624253 100 
624253 4
624253 1556
624253 11
626252 25 
626303 75 
626912 72 
626912 70 
627424 80 
627491 83 
627624 64 
627891 61 
627971 152 
627971 69 
628051 93 
628689 91 
629504 103 
629504 101 
630409 100 
630409 4
630409 1556
630409 11
632411 25 
632455 75 
633059 72 
633059 70 
633582 80 
633648 83 
634555 64 
635024 256 
635623 61 
635701 150 
635701 68 
635701 65
635784 92 
636263 90 
637229 103 
637229 101 
637741 100 
637741 4
637741 1556
637741 10
639741 25 
639791 75 
640396 72 
640396 70 
640925 80 
640992 83 
641192 64 
641393 256 
641458 63 
641525 151 
641525 69 
641606 93 
642350 91 
643054 103 
643054 101 
643964 100 
643964 4
643964 1556
643964 10
645966 25 
646014 75 
646616 72 
646616 70 
647136 80 
647203 83 
647962 64 
650363 61 
650428 151 
650428 69 
650500 93 
651012 91 
651115 91 
651962 103 
651962 101 
652865 100 
652865 4
652865 1556
652865 10
654867 25 
654912 75 
655516 72 
655516 70 
656052 80 
656119 83 
656825 64 
658158 61 
658225 151 
658225 69 
659599 91 
659620 93 
659757 103 
659757 101 
660662 100 
660662 4
660662 1556
660662 11
662664 25 
662714 75 
663321 72 
663321 70 
663822 80 
663889 83 
664195 64 
665197 61 
665261 150 
665261 68 
665261 65
665345 92 
666791 103 
666791 101 
667301 100 
667301 4
667301 1556
667301 10
669301 25 
669348 75 
669954 72 
669954 70 
670486 80 
670552 83 
670806 64 
671074 256 
671139 63 
671206 151 
671206 69 
671307 93 
671844 91 
672434 91 
672737 103 
672737 101 
673644 100 
673644 4
673644 1556
673644 11
675644 25 
675690 75 
676292 72 
676292 70 
676790 80 
676856 83 
677296 64 
677699 256 
677763 61 
677830 150 
677830 68 
677830 65
677913 92 
679358 103 
679358 101 
679869 100 
679869 4
679869 1556
679869 11
681869 25 
681915 75 
682519 72 
682519 70 
683040 80 
683107 83 
683240 64 
683443 61 
683520 150 
683520 68 
683520 65
683608 92 
685050 103 
685050 101 
685558 100 
685558 4
685558 1556
685558 10
687559 25 
688140 75 
688747 72 
688747 70 
689278 80 
689344 83 
689651 64 
689920 256 
689984 63 
690051 151 
690051 69 
690132 93 
691583 103 
691583 101 
692490 100 
692490 4
692490 1556
692490 10
694491 25 
694537 75 
695140 72 
695140 70 
695648 80 
695715 83 
700779 64 
702180 256 
705246 252 
706457 62 
706537 150 
706537 68 
706537 65
706620 92 
708069 103 
708069 101 
708576 100 
708576 4
708576 1556
708576 11
710576 25 
710623 75 
711225 72 
711225 70 
711722 80 
711788 83 
712041 64 
712310 256 
712375 61 
712441 150 
712441 68 
712441 65
712523 92 
713975 103 
713975 101 
714480 100 
714480 4
714480 1556
714480 10
716480 25 
716531 75 
717135 72 
717135 70 
717652 80 
717719 83 
717919 64 
718121 256 
718199 61 
718265 151 
718265 69 
718347 93 
718926 91 
719004 91 
719211 91 
719799 103 
719799 101 
720703 100 
720703 4
720703 1556
720703 11
722706 25 
722751 75 
723357 72 
723357 70 
723863 80 
723930 83 
724183 64 
724783 61 
724849 150 
724849 68 
724849 65
724939 92 
726378 103 
726378 101 
726889 100 
726889 4
726889 1556
726889 11
728887 25 
729446 75 
729771 73 
730271 72 
730271 70 
730820 80 
731020 250 
731620 76 
731686 83 
731753 64 
732022 61 
732086 150 
732086 68 
732086 65
732168 92 
732745 90 
733617 103 
733617 101 
734124 100 
734124 4
734124 1556
734124 10
736124 25 
736443 75 
737047 72 
737047 70 
737564 80 
737630 83 
738044 64 
738312 256 
738377 63 
738444 153 
738444 68 
738444 65
738526 92 
739971 103 
739971 101 
740481 100 
740481 4
740481 1556
740481 11
742482 25 
744052 75 
744281 73 
744557 73 
745058 72 
745058 70 
745587 80 
745654 83 
748905 64 
749107 256 
749172 61 
749239 150 
749239 68 
749239 65
749312 92 
750771 103 
750771 101 
751279 100 
751279 4
751279 1556
751279 11
753278 25 
753323 75 
753927 72 
753927 70 
754423 80 
754490 83 
754690 64 
754959 61 
755036 150 
755036 68 
755036 65
755118 92 
755715 90 
756564 103 
756564 101 
757076 100 
757076 4
757076 1556
757076 11
759074 25 
759122 75 
759723 72 
759723 70 
760221 80 
760287 83 
760421 64 
760689 256 
760754 61 
760821 150 
760821 68 
760821 65
760905 92 
762353 103 
762353 101 
762858 100 
762858 4
762858 1556
762858 11
764859 25 
764918 75 
765519 72 
765519 70 
766031 80 
766231 250 
769084 76 
769150 83 
769351 64 
769552 256 
769683 61 
769750 152 
769750 69 
769834 93 
770368 91 
770456 91 
771095 91 
771259 91 
771278 103 
771278 101 
772190 100 
772190 4
772190 1556
772190 10
774190 25 
774235 75 
774839 72 
774839 70 
775361 80 
775427 83 
776787 76 
776920 64 
777189 63 
777267 151 
777267 69 
777350 93 
777965 91 
778795 103 
778795 101 
779707 100 
779707 4
779707 1556
779707 10
781706 25 
781756 75 
782362 72 
782362 70 
782891 80 
782958 83 
783532 64 
784547 256 
784610 62 
784677 150 
784677 68 
784677 65
784765 92 
785202 90 
786207 103 
786207 101 
786714 100 
786714 4
786714 1556
786714 10
788717 25 
788766 75 
789368 72 
789368 70 
789875 80 
789941 83 
790141 64 
790274 256 
790343 62 
790421 150 
790421 68 
790421 65
790505 92 
791949 103 
791949 101 
792459 100 
792459 4
792459 1556
792459 10
794460 25 
794506 75 
795111 72 
795111 70 
795645 80 
795712 83 
795845 64 
796048 62 
796125 150 
796125 68 
796125 65
796209 92 
797654 103 
797654 101 
798165 100 
798165 4
798165 1556
798165 10
800163 25 
800211 75 
800818 72 
800818 70 
801351 80 
801416 83 
801483 64 
801699 256 
801763 62 
801829 150 
801829 68 
801829 65
801903 92 
803363 103 
803363 101 
803870 100 
803870 4
803870 1556
803870 11
805868 25 
805918 75 
806523 72 
806523 70 
807040 80 
807107 83 
807307 64 
807642 61 
807720 150 
807720 68 
807720 65
807800 92 
808400 90 
809253 103 
809253 101 
809760 100 
809760 4
809760 1556
809760 10
811759 25 
811806 75 
812412 72 
812412 70 
812918 80 
812985 83 
813318 64 
813453 256 
813518 62 
813584 150 
813584 68 
813584 65
813668 92 
815114 103 
815114 101 
815623 100 
815623 4
815623 1556
815623 10
817623 25 
817674 75 
818278 72 
818278 70 
818835 80 
818902 250 
819435 76 
819502 83 
819822 64 
819957 256 
820022 62 
820088 150 
820088 68 
820088 65
820167 92 
821618 103 
821618 101 
822127 100 
822127 4
822127 1556
822127 11
824128 25 
824174 75 
824784 72 
824784 70 
825299 80 
825366 83 
825619 64 
825901 256 
825966 61 
826032 150 
826032 68 
826032 65
826115 92 
827567 103 
827567 101 
828071 100 
828071 4
828071 1556
828071 10
830073 25 
830117 75 
830724 72 
830724 70 
831243 80 
831310 83 
831510 64 
831712 62 
831790 150 
831790 68 
831790 65
831873 92 
833322 103 
833322 101 
833829 100 
833829 3
833829 1556
833829 11
833829 78 
835828 25 
835874 75 
836480 72 
836480 70 
837014 80 
837081 83 
837214 64 
837483 61 
837561 151 
837561 69 
837642 93 
838260 91 
838329 91 
839092 103 
839092 101 
839999 100 
839999 3
839999 1556
839999 11
841999 25 
842052 75 
842657 72 
842657 70 
843158 80 
843225 83 
843718 64 
844520 61 
844585 151 
844585 69 
844666 93 
846115 103 
846115 101 
847022 100 
847022 3
847022 1556
847022 11
849024 25 
859064 254 
860876 75 
861295 73 
861799 72 
861799 70 
862470 80 
862537 83 
863176 76 
863310 64 
864244 256 
864309 61 
864376 151 
864376 69 
864455 93 
864981 91 
865452 91 
865907 103 
865907 101 
866816 100 
866816 3
866816 1556
866816 10
868815 25 
868861 75 
869463 72 
869463 70 
869960 80 
870027 83 
870360 64 
870626 62 
870693 150 
870693 68 
870693 65
870777 92 
872227 103 
872227 101 
872734 100 
872734 3
872734 1556
872734 11
874731 25 
874778 75 
875379 72 
875379 70 
875904 80 
875971 83 
876384 64 
877652 256 
877717 61 
877783 151 
877783 69 
877862 93 
878311 91 
878863 91 
879247 91 
879312 103 
879312 101 
880223 100 
880223 3
880223 1556
880223 10
882222 25 
882517 75 
883123 72 
883123 70 
883648 80 
883714 83 
883954 64 
884157 256 
884221 62 
884287 152 
884287 69 
884370 93 
885042 91 
885815 103 
885815 101 
886726 100 
886726 3
886726 1556
886726 10
888726 25 
888772 75 
889379 72 
889379 70 
889898 80 
889965 83 
891364 64 
892097 255 
894949 256 
898415 62 
898482 150 
898482 68 
898482 65
898562 92 
900014 103 
900014 101 
900519 100 
900519 3
900519 1556
900519 10
902520 25 
902565 75 
903167 72 
903167 70 
903706 80 
903772 83 
903906 64 
904108 62 
904185 150 
904185 68 
904185 65
904271 92 
905716 103 
905716 101 
906225 100 
906225 3
906225 1556
906225 11
908225 25 
908799 75 
909107 73 
909673 72 
909673 70 
910183 80 
910249 83 
910449 64 
910851 61 
910916 153 
910916 68 
910916 65
910999 92 
912445 103 
912445 101 
912954 100 
912954 3
912954 1556
912954 11
914955 25 
915081 75 
915399 73 
915645 73 
916181 72 
916181 70 
916713 80 
916780 83 
916913 64 
917128 256 
917193 61 
917260 151 
917260 69 
917345 93 
918793 103 
918793 101 
919697 100 
919697 3
919697 1556
919697 11
921699 25 
921744 75 
922348 72 
922348 70 
922857 80 
922924 83 
923430 64 
925232 256 
925310 62 
925376 151 
925376 69 
925453 93 
925908 91 
926906 103 
926906 101 
927814 100 
927814 3
927814 1556
927814 10
929815 25 
929861 75 
930464 72 
930464 70 
931001 80 
931067 83 
931440 64 
931642 256 
931707 62 
931774 150 
931774 68 
931774 65
931856 92 
933306 103 
933306 101 
933811 100 
933811 3
933811 1556
933811 11
935812 25 
936383 75 
936990 72 
936990 70 
937518 80 
937584 83 
938091 76 
938411 64 
938944 63 
939010 150 
939010 68 
939010 65
939095 92 
940541 103 
940541 101 
941048 100 
941048 3
941048 1556
941048 10
943049 25 
943097 75 
943700 72 
943700 70 
944222 80 
944288 83 
944488 64 
944690 256 
944755 62 
944821 150 
944821 68 
944821 65
944902 92 
946353 103 
946353 101 
946859 100 
946859 3
946859 1556
946859 10
948861 25 
948911 75 
949515 72 
949515 70 
950032 80 
950099 83 
950166 64 
950369 62 
950446 150 
950446 68 
950446 65
950529 92 
951975 103 
951975 101 
952484 100 
952484 3
952484 1556
952484 11
954484 25 
954532 75 
955138 72 
955138 70 
955643 80 
955710 83 
955910 64 
956111 256 
956176 63 
956256 150 
956256 68 
956256 65
956340 92 
957786 103 
957786 101 
958297 100 
958297 3
958297 1556
958297 10
960297 25 
960417 75 
961983 73 
962485 72 
962485 70 
963147 80 
963240 83 
963547 64 
963721 256 
963826 62 
963920 150 
963920 68 
963920 65
964001 92 
965447 103 
965447 101 
965957 100 
965957 3
965957 1556
965957 10
967958 25 
968018 75 
968625 72 
968625 70 
969292 80 
969384 83 
969544 64 
970250 256 
970346 62 
970410 150 
970410 68 
970410 65
970489 92 
971940 103 
971940 101 
972450 100 
972450 3
972450 1556
972450 11
974451 25 
974502 75 
975105 72 
975105 70 
975715 80 
975781 83 
976048 64 
976396 256 
976461 63 
976528 150 
976528 68 
976528 65
976615 92 
978063 103 
978063 101 
978580 100 
978580 3
978580 1556
978580 10
980580 25 
980626 75 
981232 72 
981232 70 
981765 80 
981832 83 
982032 64 
982234 62 
982299 150 
982299 68 
982299 65
982381 92 
983826 103 
983826 101 
984338 100 
984338 3
984338 1556
984338 10
986339 25 
986383 75 
986985 72 
986985 70 
987497 80 
987563 83 
987856 64 
988126 256 
988190 62 
988256 152 
988256 69 
988339 93 
989790 103 
989790 101 
990696 100 
990696 3
990696 1556
990696 11
992695 25 
992741 75 
993346 72 
993346 70 
993853 80 
993920 83 
994707 76 
994840 64 
995176 63 
995240 150 
995240 68 
995240 65
995319 92 
996770 103 
996770 101 
997277 100 
997277 3
997277 1556
997277 10
999279 25 
1003119 75 
1003521 73 
1004069 72 
1004069 70 
1004582 80 
1004649 83 
1005688 64 
1006437 62 
1006501 150 
1006501 68 
1006501 65
1006578 92 
1008030 103 
1008030 101 
1008540 100 
1008540 3
1008540 1556
1008540 11
1010540 25 
1010815 75 
1011419 72 
1011419 70 
1011939 80 
1012006 83 
1012699 64 
1012969 256 
1013032 63 
1013099 150 
1013099 68 
1013099 65
1013183 92 
1014626 103 
1014626 101 
1015136 100 
1015136 3
1015136 1556
1015136 11
1017137 25 
1017191 75 
1017495 73 
1017998 72 
1017998 70 
1018496 80 
1018563 83 
1019083 64 
1019285 256 
1019349 63 
1019416 150 
1019416 68 
1019416 65
1019500 92 
1020944 103 
1020944 101 
1021455 100 
1021455 2
1021455 1556
1021455 11
1021455 78 
1023454 25 
1023501 75 
1024106 72 
1024106 70 
1024640 80 
1024707 83 
1025360 64 
1025629 256 
1025693 63 
1025760 150 
1025760 68 
1025760 65
1025845 92 
1027287 103 
1027287 101 
1027800 100 
1027800 2
1027800 1556
1027800 10
1029798 25 
1030350 75 
1030957 72 
1030957 70 
1031504 80 
1031571 83 
1032304 64 
1032773 256 
1032906 62 
1032970 151 
1032970 69 
1033053 93 
1033656 91 
1034502 103 
1034502 101 
1035409 100 
1035409 2
1035409 1556
1035409 11
1037410 25 
1038661 75 
1039267 72 
1039267 70 
1039767 80 
1039834 250 
1040037 76 
1040100 83 
1040687 64 
1040953 256 
1043099 61 
1043166 151 
1043166 69 
1043248 93 
1043748 91 
1044696 103 
1044696 101 
1045603 100 
1045603 2
1045603 1556
1045603 11
1047605 25 
1057642 254 
1080585 75 
1081192 72 
1081192 70 
1081882 80 
1081949 83 
1084468 64 
1084670 256 
1088773 63 
1088853 150 
1088853 68 
1088853 65
1088938 92 
1090381 103 
1090381 101 
1090891 100 
1090891 2
1090891 1556
1090891 11
1092893 25 
1093410 75 
1093563 73 
1094126 72 
1094126 70 
1094663 80 
1094730 83 
1095290 64 
1095692 255 
1095836 256 
1102274 61 
1102340 151 
1102340 69 
1102423 93 
1102901 91 
1103028 91 
1103875 103 
1103875 101 
1104780 100 
1104780 2
1104780 1556
1104780 11
1106780 25 
1106826 75 
1107432 72 
1107432 70 
1107938 80 
1108004 83 
1108244 64 
1108513 63 
1108577 150 
1108577 68 
1108577 65
1108665 92 
1110109 103 
1110109 101 
1110617 100 
1110617 2
1110617 1556
1110617 10
1112616 25 
1112663 75 
1113267 72 
1113267 70 
1113789 80 
1113855 83 
1114175 64 
1115177 256 
1115241 61 
1115308 150 
1115308 68 
1115308 65
1115391 92 
1116001 90 
1116836 103 
1116836 101 
1117347 100 
1117347 2
1117347 1556
1117347 10
1119348 25 
1119392 75 
1119997 72 
1119997 70 
1120519 80 
1120586 83 
1120719 64 
1120922 256 
1120999 61 
1121065 150 
1121065 68 
1121065 65
1121154 92 
1122598 103 
1122598 101 
1123110 100 
1123110 2
1123110 1556
1123110 10
1125107 25 
1125168 75 
1125775 72 
1125775 70 
1126290 80 
1126357 83 
1126556 64 
1126759 61 
1126836 150 
1126836 68 
1126836 65
1126920 92 
1128368 103 
1128368 101 
1128874 100 
1128874 2
1128874 1556
1128874 11
1130876 25 
1131865 75 
1132468 72 
1132468 70 
1133007 80 
1133074 83 
1133274 64 
1133489 256 
1133553 63 
1133620 150 
1133620 68 
1133620 65
1133702 92 
1135148 103 
1135148 101 
1135660 100 
1135660 2
1135660 1556
1135660 10
1137660 25 
1138004 75 
1138608 72 
1138608 70 
1139111 80 
1139178 83 
1139604 64 
1139871 61 
1139937 152 
1139937 69 
1140021 93 
1140610 91 
1141467 103 
1141467 101 
1142377 100 
1142377 2
1142377 1556
1142377 11
1144376 25 
1144421 75 
1145029 72 
1145029 70 
1145535 80 
1145602 83 
1145921 64 
1146123 256 
1146188 63 
1146255 150 
1146255 68 
1146255 65
1146338 92 
1147787 103 
1147787 101 
1148292 100 
1148292 2
1148292 1556
1148292 11
1150295 25 
1150353 75 
1150959 72 
1150959 70 
1151466 80 
1151532 83 
1151719 64 
1151920 256 
1151986 63 
1152052 150 
1152052 68 
1152052 65
1152134 92 
1153586 103 
1153586 101 
1154093 100 
1154093 2
1154093 1556
1154093 10
1156095 25 
1156306 75 
1156910 72 
1156910 70 
1157423 80 
1157490 83 
1157903 64 
1158239 256 
1158303 61 
1158369 150 
1158369 68 
1158369 65
1158447 92 
1159901 103 
1159901 101 
1160408 100 
1160408 2
1160408 1556
1160408 11
1162409 25 
1162685 75 
1163288 72 
1163288 70 
1163820 80 
1163887 83 
1164020 64 
1164223 256 
1164287 63 
1164353 150 
1164353 68 
1164353 65
1164437 92 
1165883 103 
1165883 101 
1166393 100 
1166393 2
1166393 1556
1166393 10
1168392 25 
1168438 75 
1169042 72 
1169042 70 
1169551 80 
1169618 83 
1170364 64 
1170567 256 
1170631 63 
1170698 151 
1170698 69 
1170773 93 
1171343 91 
1171909 91 
1172231 103 
1172231 101 
1173137 100 
1173137 2
1173137 1556
1173137 10
1175137 25 
1175734 75 
1176334 72 
1176334 70 
1176841 80 
1176908 83 
1177388 64 
1177656 256 
1177721 61 
1177788 152 
1177788 69 
1177870 93 
1178426 91 
1179320 103 
1179320 101 
1180227 100 
1180227 2
1180227 1556
1180227 11
1182228 25 
1190806 75 
1191414 72 
1191414 70 
1192049 80 
1192115 83 
1192888 64 
1201631 252 
1235470 61 
1235536 151 
1235536 69 
1235619 93 
1236123 91 
1236743 91 
1237069 103 
1237069 101 
1237975 100 
1237975 2
1237975 1556
1237975 10
1239974 25 
1240021 75 
1240624 72 
1240624 70 
1241134 80 
1241200 83 
1241494 64 
1241694 256 
1241762 63 
1241827 151 
1241827 69 
1241909 93 
1243357 103 
1243357 101 
1244265 100 
1244265 2
1244265 1556
1244265 11
1246266 25 
1246325 75 
1246928 72 
1246928 70 
1247438 80 
1247504 83 
1247918 64 
1248719 61 
1248784 151 
1248784 69 
1248862 93 
1249333 91 
1249903 91 
1250317 103 
1250317 101 
1251223 100 
1251223 2
1251223 1556
1251223 10
1253224 25 
1253273 75 
1253638 73 
1254186 72 
1254186 70 
1254701 80 
1254768 83 
1255341 64 
1255423 256 
1256487 62 
1256554 151 
1256554 69 
1256636 93 
1257578 91 
1258084 103 
1258084 101 
1258993 100 
1258993 2
1258993 1556
1258993 11
1260994 25 
1261039 75 
1261644 72 
1261644 70 
1262151 80 
1262218 83 
1262739 64 
1264406 256 
1264470 61 
1264537 151 
1264537 69 
1264620 93 
1265624 91 
1266068 103 
1266068 101 
1266978 100 
1266978 2
1266978 1556
1266978 11
1268977 25 
1269022 75 
1269628 72 
1269628 70 
1270135 80 
1270201 83 
1280930 252 
1282000 62 
1282076 153 
1282076 68 
1282076 65
1282161 92 
1283448 90 
1283609 103 
1283609 101 
1284116 100 
1284116 2
1284116 1556
1284116 10
1286115 25 
1286161 75 
1286763 72 
1286763 70 
1287261 80 
1287327 83 
1287687 64 
1287889 256 
1287954 63 
1288020 151 
1288020 69 
1288103 93 
1288834 91 
1289552 103 
1289552 101 
1290460 100 
1290460 2
1290460 1556
1290460 10
1292459 25 
1302498 254 
1308206 75 
1308811 72 
1308811 70 
1309505 80 
1309611 83 
1336200 252 
1336468 256 
1336534 61 
1336599 150 
1336599 68 
1336599 65
1336681 92 
1337173 90 
1338129 103 
1338129 101 
1338640 100 
1338640 2
1338640 1556
1338640 10
1340639 25 
1340685 75 
1341287 72 
1341287 70 
1341797 80 
1341864 83 
1342158 64 
1342426 256 
1342490 61 
1342557 150 
1342557 68 
1342557 65
1342638 92 
1344087 103 
1344087 101 
1344595 100 
1344595 2
1344595 1556
1344595 11
1346595 25 
1346642 75 
1347249 72 
1347249 70 
1347755 80 
1347821 83 
1348061 64 
1348264 256 
1348328 63 
1348394 150 
1348394 68 
1348394 65
1348477 92 
1349922 103 
1349922 101 
1350433 100 
1350433 2
1350433 1556
1350433 10
1352433 25 
1352485 75 
1353091 72 
1353091 70 
1353605 80 
1353672 83 
1353859 64 
1354129 63 
1354205 151 
1354205 69 
1354288 93 
1355740 103 
1355740 101 
1356643 100 
1356643 2
1356643 1556
1356643 10
1358646 25 
1358926 75 
1359529 72 
1359529 70 
1360083 80 
1360149 250 
1360416 76 
1360483 83 
1361162 64 
1361498 61 
1361562 150 
1361562 68 
1361562 65
1361645 92 
1362562 90 
1363091 103 
1363091 101 
1363600 100 
1363600 2
1363600 1556
1363600 11
1365602 25 
1366133 75 
1366734 72 
1366734 70 
1367253 80 
1367320 83 
1367453 64 
1368321 256 
1369985 61 
1370052 151 
1370052 69 
1370133 93 
1371584 103 
1371584 101 
1372492 100 
1372492 2
1372492 1556
1372492 11
1374492 25 
1375186 75 
1375678 73 
1376177 72 
1376177 70 
1377129 250 
1445606 71 
1446006 71 
1446206 80 
1446272 83 
1450071 252 
1450472 61 
1450550 151 
1450550 69 
1450626 93 
1451159 91 
1452087 103 
1452087 101 
1453008 100 
1453008 2
1453008 1556
1453008 10
1455007 25 
1455067 75 
1455670 72 
1455670 70 
1456175 80 
1456241 83 
1456708 64 
1457576 61 
1457654 150 
1457654 68 
1457654 65
1457738 92 
1458211 90 
1459186 103 
1459186 101 
1459693 100 
1459693 2
1459693 1556
1459693 11
1461694 25 
1461739 75 
1462343 72 
1462343 70 
1462865 80 
1462932 83 
1463132 64 
1463333 63 
1463413 150 
1463413 68 
1463413 65
1463485 92 
1464941 103 
1464941 101 
1465449 100 
1465449 2
1465449 1556
1465449 11
1467450 25 
1467497 75 
1468099 72 
1468099 70 
1468623 80 
1468689 83 
1473541 64 
1473810 62 
1473874 151 
1473874 69 
1473957 93 
1474486 91 
1474619 91 
1475206 91 
1475405 103 
1475405 101 
1476312 100 
1476312 2
1476312 1556
1476312 10
1478314 25 
1478697 75 
1479304 72 
1479304 70 
1479805 80 
1479871 83 
1482670 64 
1482752 256 
1489440 252 
1496104 62 
1496184 151 
1496184 69 
1496266 93 
1497714 103 
1497714 101 
1498622 100 
1498622 2
1498622 1556
1498622 11
1500624 25 
1501126 75 
1502086 73 
1502653 73 
1503159 72 
1503159 70 
1503688 80 
1503754 83 
1504487 64 
1505087 61 
1505167 153 
1505167 68 
1505167 65
1505252 92 
1505701 90 
1506697 103 
1506697 101 
1507207 100 
1507207 2
1507207 1556
1507207 10
1509207 25 
1510208 75 
1510815 72 
1510815 70 
1511458 80 
1511591 83 
1511777 64 
1512046 256 
1512111 63 
1512244 151 
1512244 69 
1512325 93 
1512928 91 
1513661 91 
1513782 103 
1513782 101 
1514695 100 
1514695 2
1514695 1556
1514695 11
1516696 25 
1526734 254 
1578936 75 
1580182 73 
1580731 73 
1581232 72 
1581232 70 
1581907 80 
1582027 83 
1595128 252 
1595397 61 
1595475 151 
1595475 69 
1595557 93 
1596112 91 
1597007 103 
1597007 101 
1597914 100 
1597914 2
1597914 1556
1597914 10
1599914 25 
1599966 75 
1600570 72 
1600570 70 
1601219 80 
1601326 83 
1601619 64 
1601954 256 
1602059 63 
1602125 151 
1602125 69 
1602207 93 
1602750 91 
1603296 91 
1603663 103 
1603663 101 
1604576 100 
1604576 2
1604576 1556
1604576 11
1606578 25 
1607024 75 
1607631 72 
1607631 70 
1608256 80 
1608363 83 
1608856 64 
1609725 256 
1609789 61 
1609895 151 
1609895 69 
1609978 93 
1610470 91 
1610652 91 
1611016 91 
1611216 91 
1611425 103 
1611425 101 
1612333 100 
1612333 2
1612333 1556
1612333 10
1614334 25 
1614380 75 
1614984 72 
1614984 70 
1615573 80 
1615639 83 
1616119 64 
1616588 256 
1616652 61 
1616719 150 
1616719 68 
1616719 65
1616804 92 
1618248 103 
1618248 101 
1618756 100 
1618756 2
1618756 1556
1618756 11
1620759 25 
1620805 75 
1621406 72 
1621406 70 
1621917 80 
1621983 83 
1622890 64 
1624557 256 
1625462 62 
1625529 151 
1625529 69 
1625612 93 
1626286 91 
1627058 103 
1627058 101 
1627972 100 
1627972 2
1627972 1556
1627972 11
1629971 25 
1630031 75 
1630635 72 
1630635 70 
1631166 80 
1631233 83 
1632019 64 
1632755 61 
1632832 151 
1632832 69 
1632913 93 
1633403 91 
1633953 91 
1634340 91 
1634363 103 
1634363 101 
1635271 100 
1635271 2
1635271 1556
1635271 11
1637271 25 
1637316 75 
1637918 72 
1637918 70 
1638430 80 
1638496 83 
1638976 64 
1639458 256 
1639523 61 
1639589 153 
1639589 68 
1639589 65
1639673 92 
1640115 90 
1641120 103 
1641120 101 
1641628 100 
1641628 2
1641628 1556
1641628 10
1643629 25 
1643674 75 
1644277 72 
1644277 70 
1644788 80 
1644854 83 
1645293 64 
1646828 62 
1647095 151 
1647095 69 
1647175 93 
1647666 91 
1648345 91 
1648622 103 
1648622 101 
1649532 100 
1649532 2
1649532 1556
1649532 10
1651532 25 
1651579 75 
1652181 72 
1652181 70 
1652717 80 
1652783 83 
1653651 64 
1654252 256 
1654329 61 
1654396 150 
1654396 68 
1654396 65
1654477 92 
1655930 103 
1655930 101 
1656439 100 
1656439 2
1656439 1556
1656439 10
1658437 25 
1658481 75 
1659087 72 
1659087 70 
1659594 80 
1659661 83 
1660140 64 
1660476 256 
1660540 61 
1660607 150 
1660607 68 
1660607 65
1660696 92 
1662136 103 
1662136 101 
1662650 100 
1662650 2
1662650 1556
1662650 11
1664648 25 
1674700 254 
1702645 75 
1724831 73 
1725437 72 
1725437 70 
1726125 80 
1726245 83 
1727271 64 
1732576 256 
1735681 252 
1737334 62 
1737440 151 
1737440 69 
1737523 93 
1738972 103 
1738972 101 
1739879 100 
1739879 2
1739879 1556
1739879 10
1741879 25 
1741926 75 
1742536 72 
1742536 70 
1743158 80 
1743225 83 
1746410 64 
1746598 256 
1746677 61 
1746743 150 
1746743 68 
1746743 65
1746825 92 
1747274 90 
1748276 103 
1748276 101 
1748782 100 
1748782 2
1748782 1556
1748782 10
1750781 25 
1750828 75 
1751429 72 
1751429 70 
1752061 80 
1752154 83 
1752221 64 
1752477 256 
1752582 61 
1752687 150 
1752687 68 
1752687 65
1752772 92 
1753346 90 
1754150 90 
1754223 103 
1754223 101 
1754739 100 
1754739 2
1754739 1556
1754739 11
1756739 25 
1756785 75 
1757391 72 
1757391 70 
1758005 80 
1758098 83 
1758338 64 
1758553 256 
1758618 63 
1758725 150 
1758725 68 
1758725 65
1758807 92 
1760257 103 
1760257 101 
1760763 100 
1760763 2
1760763 1556
1760763 11
1762765 25 
1762810 75 
1763417 72 
1763417 70 
1764029 80 
1764122 83 
1764189 64 
1764444 63 
1764549 150 
1764549 68 
1764549 65
1764632 92 
1766080 103 
1766080 101 
1766589 100 
1766589 2
1766589 1556
1766589 10
1768589 25 
1768633 75 
1769238 72 
1769238 70 
1769853 80 
1769920 83 
1770120 64 
1770655 256 
1770733 61 
1770813 150 
1770813 68 
1770813 65
1770897 92 
1771607 90 
1772347 103 
1772347 101 
1772853 100 
1772853 2
1772853 1556
1772853 10
1774851 25 
1774898 75 
1775501 72 
1775501 70 
1776024 80 
1776090 83 
1776450 64 
1776652 256 
1776730 61 
1776797 150 
1776797 68 
1776797 65
1776880 92 
1778326 103 
1778326 101 
1778836 100 
1778836 2
1778836 1556
1778836 11
1780836 25 
1780887 75 
1781495 72 
1781495 70 
1782021 80 
1782088 83 
1782608 76 
1782928 64 
1783197 256 
1783261 63 
1783327 150 
1783327 68 
1783327 65
1783406 92 
1784859 103 
1784859 101 
1785372 100 
1785372 2
1785372 1556
1785372 10
1787370 25 
1787426 75 
1788032 72 
1788032 70 
1788578 80 
1788645 83 
1788912 64 
1790366 61 
1790431 150 
1790431 68 
1790431 65
1790505 92 
1790984 90 
1791965 103 
1791965 101 
1792471 100 
1792471 2
1792471 1556
1792471 10
1794469 25 
1796398 75 
1797841 73 
1798342 72 
1798342 70 
1798841 80 
1798907 83 
1799334 64 
1808450 252 
1867425 61 
1867491 152 
1867491 69 
1867574 93 
1868100 91 
1869023 103 
1869023 101 
1869931 100 
1869931 2
1869931 1556
1869931 11
1871932 25 
1871992 75 
1872593 72 
1872593 70 
1873289 80 
1873422 83 
1873795 64 
1874131 63 
1874208 150 
1874208 68 
1874208 65
1874291 92 
1875740 103 
1875740 101 
1876247 100 
1876247 2
1876247 1556
1876247 10
1878249 25 
1878299 75 
1878906 72 
1878906 70 
1879579 80 
1879646 83 
1880126 64 
1880515 256 
1880619 61 
1880686 150 
1880686 68 
1880686 65
1880767 92 
1881239 90 
1882217 103 
1882217 101 
1882726 100 
1882726 2
1882726 1556
1882726 11
1884725 25 
1885186 75 
1885786 72 
1885786 70 
1886403 80 
1886496 83 
1886643 64 
1886818 256 
1886923 63 
1886989 150 
1886989 68 
1886989 65
1887071 92 
1888012 90 
1888521 103 
1888521 101 
1889029 100 
1889029 2
1889029 1556
1889029 11
1891028 25 
1891075 75 
1891681 72 
1891681 70 
1892337 80 
1892440 83 
1892507 64 
1892695 256 
1892760 63 
1892867 150 
1892867 68 
1892867 65
1892945 92 
1894399 103 
1894399 101 
1894911 100 
1894911 2
1894911 1556
1894911 11
1896910 25 
1897020 75 
1897623 72 
1897623 70 
1898211 80 
1898305 83 
1898398 64 
1898601 256 
1898704 63 
1898811 150 
1898811 68 
1898811 65
1898894 92 
1900343 103 
1900343 101 
1900850 100 
1900850 2
1900850 1556
1900850 10
1902851 25 
1902910 75 
1903515 72 
1903515 70 
1904129 80 
1904222 83 
1905115 64 
1905331 256 
1909620 61 
1909686 150 
1909686 68 
1909686 65
1909769 92 
1910186 90 
1910766 90 
1911220 103 
1911220 101 
1911725 100 
1911725 6
1911725 1556
1911725 10
1911725 78 
1913726 25 
1913772 75 
1914379 72 
1914379 70 
1914884 80 
1914951 83 
1915377 64 
1915579 256 
1915644 61 
1915711 151 
1915711 69 
1915792 93 
1916090 91 
1916283 91 
1916830 91 
1917249 103 
1917249 101 
1918165 100 
1918165 6
1918165 1556
1918165 10
1920164 25 
1920208 75 
1920814 72 
1920814 70 
1921321 80 
1921388 83 
1923707 64 
1923976 256 
1924040 63 
1924107 152 
1924107 69 
1924189 93 
1924796 91 
1925640 103 
1925640 101 
1926544 100 
1926544 6
1926544 1556
1926544 11
1928545 25 
1928695 75 
1929295 72 
1929295 70 
1929798 80 
1929864 83 
1930131 64 
1931812 256 
1931877 61 
1931957 150 
1931957 68 
1931957 65
1932041 92 
1932449 90 
1933482 90 
1933491 103 
1933491 101 
1933994 100 
1933994 6
1933994 1556
1933994 11
1935997 25 
1936055 75 
1936657 72 
1936657 70 
1937181 80 
1937248 83 
1937381 64 
1937597 256 
1937674 63 
1937741 151 
1937741 69 
1937819 93 
1938498 91 
1939275 103 
1939275 101 
1940179 100 
1940179 6
1940179 1556
1940179 11
1942180 25 
1943549 75 
1944154 72 
1944154 70 
1944671 80 
1944738 83 
1945191 64 
1945858 61 
1945924 150 
1945924 68 
1945924 65
1946007 92 
1947454 103 
1947454 101 
1947962 100 
1947962 6
1947962 1556
1947962 11
1949963 25 
1950128 75 
1950734 72 
1950734 70 
1951242 80 
1951775 250 
1952441 76 
1952508 83 
1952708 64 
1952908 256 
1952977 61 
1953054 150 
1953054 68 
1953054 65
1953137 92 
1954588 103 
1954588 101 
1955094 100 
1955094 6
1955094 1556
1955094 10
1957094 25 
1958110 75 
1958717 72 
1958717 70 
1959238 80 
1959305 83 
1959878 64 
1960078 256 
1960146 63 
1960225 150 
1960225 68 
1960225 65
1960307 92 
1961757 103 
1961757 101 
1962262 100 
1962262 6
1962262 1556
1962262 10
1964265 25 
1964692 75 
1974303 254 
1975284 73 
1975407 73 
1975911 72 
1975911 70 
1976431 80 
1976498 83 
1976964 64 
1977579 256 
1977657 61 
1977724 151 
1977724 69 
1977807 93 
1978396 91 
1978745 91 
1979258 103 
1979258 101 
1980161 100 
1980161 6
1980161 1556
1980161 10
1982163 25 
1982249 75 
1983317 73 
1984282 73 
1985234 73 
1985849 73 
1986354 72 
1986354 70 
1993517 250 
2028195 71 
2028449 80 
2028515 83 
2031194 252 
2031463 61 
2031527 151 
2031527 69 
2031610 93 
2033058 103 
2033058 101 
2033966 100 
2033966 6
2033966 1556
2033966 10
2035967 25 
2036012 75 
2036617 72 
2036617 70 
2037152 80 
2037218 83 
2037285 64 
2037554 256 
2037618 63 
2037698 150 
2037698 68 
2037698 65
2037785 92 
2039229 103 
2039229 101 
2039736 100 
2039736 6
2039736 1556
2039736 10
2041738 25 
2041783 75 
2042391 72 
2042391 70 
2042896 80 
2042962 83 
2043149 64 
2043352 256 
2043416 63 
2043496 152 
2043496 69 
2043579 93 
2044123 91 
2044611 91 
2044927 91 
2045032 103 
2045032 101 
2045949 100 
2045949 6
2045949 1556
2045949 10
2047948 25 
2047994 75 
2048596 72 
2048596 70 
2049093 80 
2049160 83 
2049586 64 
2050254 61 
2050319 151 
2050319 69 
2050912 91 
2050933 93 
2051726 91 
2051854 103 
2051854 101 
2052757 100 
2052757 6
2052757 1556
2052757 10
2054759 25 
2056955 75 
2057564 72 
2057564 70 
2058116 80 
2058183 83 
2058649 64 
2059251 61 
2059315 151 
2059315 69 
2060428 91 
2060448 93 
2060848 103 
2060848 101 
2061755 100 
2061755 6
2061755 1556
2061755 11
2063755 25 
2063801 75 
2064404 72 
2064404 70 
2064913 80 
2064980 83 
2066019 64 
2066552 63 
2066619 151 
2066619 69 
2066702 93 
2068152 103 
2068152 101 
2069058 100 
2069058 6
2069058 1556
2069058 11
2071057 25 
2071108 75 
2071710 72 
2071710 70 
2072230 80 
2072296 83 
2073096 64 
2073429 62 
2073496 151 
2073496 69 
2073579 93 
2074343 91 
2075026 103 
2075026 101 
2075934 100 
2075934 6
2075934 1556
2075934 11
2077934 25 
2077980 75 
2078586 72 
2078586 70 
2079094 80 
2079160 83 
2079853 64 
2080121 256 
2080187 61 
2080253 150 
2080253 68 
2080253 65
2080328 92 
2080750 90 
2081784 103 
2081784 101 
2082292 100 
2082292 6
2082292 1556
2082292 11
2084293 25 
2084351 75 
2084952 72 
2084952 70 
2085451 80 
2085517 83 
2085784 64 
2086119 61 
2086184 150 
2086184 68 
2086184 65
2086269 92 
2086985 90 
2087714 103 
2087714 101 
2088226 100 
2088226 6
2088226 1556
2088226 11
2090224 25 
2090282 75 
2090890 72 
2090890 70 
2091395 80 
2091462 83 
2091595 64 
2091863 256 
2091928 61 
2091995 150 
2091995 68 
2091995 65
2092085 92 
2093524 103 
2093524 101 
2094034 100 
2094034 6
2094034 1556
2094034 11
2096034 25 
2096080 75 
2096682 72 
2096682 70 
2097206 80 
2097272 83 
2097566 64 
2097835 61 
2097913 150 
2097913 68 
2097913 65
2097994 92 
2098885 90 
2099445 103 
2099445 101 
2099952 100 
2099952 6
2099952 1556
2099952 10
2101952 25 
2104441 75 
2105043 72 
2105043 70 
2105695 80 
2105762 83 
2108867 76 
2109520 76 
2110720 76 
2111133 64 
2111335 256 
2115251 252 
2138974 62 
2144442 151 
2144442 69 
2144533 93 
2145982 103 
2145982 101 
2146891 100 
2146891 6
2146891 1556
2146891 11
2148890 25 
2148937 75 
2149540 72 
2149540 70 
2150050 80 
2150116 83 
2156460 64 
2156663 256 
2156727 61 
2156807 150 
2156807 68 
2156807 65
2156891 92 
2157490 90 
2158230 90 
2158342 103 
2158342 101 
2158859 100 
2158859 6
2158859 1556
2158859 11
2160858 25 
2160905 75 
2161510 72 
2161510 70 
2161965 250 
2162538 71 
2162711 80 
2162778 83 
2164723 64 
2164925 256 
2164990 61 
2165057 150 
2165057 68 
2165057 65
2165140 92 
2166397 90 
2166587 103 
2166587 101 
2167096 100 
2167096 6
2167096 1556
2167096 10
2169096 25 
2169142 75 
2169745 72 
2169745 70 
2170254 80 
2170321 83 
2171174 64 
2171507 63 
2171587 150 
2171587 68 
2171587 65
2171669 92 
2172941 90 
2173124 103 
2173124 101 
2173639 100 
2173639 6
2173639 1556
2173639 10
2175639 25 
2175753 75 
2176357 72 
2176357 70 
2176891 80 
2176958 83 
2177251 64 
2177454 256 
2177531 63 
2177598 150 
2177598 68 
2177598 65
2177680 92 
2179129 103 
2179129 101 
2179637 100 
2179637 6
2179637 1556
2179637 11
2181638 25 
2181683 75 
2182289 72 
2182289 70 
2182796 80 
2182862 83 
2183422 64 
2183691 256 
2183755 61 
2183835 150 
2183835 68 
2183835 65
2183917 92 
2184589 90 
2185100 90 
2185367 103 
2185367 101 
2185875 100 
2185875 6
2185875 1556
2185875 10
2187874 25 
2187921 75 
2188524 72 
2188524 70 
2189033 80 
2189100 83 
2189367 64 
2189582 256 
2189646 61 
2189714 151 
2189714 69 
2189794 93 
2191243 103 
2191243 101 
2192151 100 
2192151 6
2192151 1556
2192151 11
2194152 25 
2194197 75 
2194800 72 
2194800 70 
2195310 80 
2195377 83 
2196163 64 
2197365 61 
2197429 152 
2197429 69 
2197513 93 
2198079 91 
2198619 91 
2198958 103 
2198958 101 
2199869 100 
2199869 6
2199869 1556
2199869 10
2201871 25 
2201928 75 
2202095 73 
2202696 72 
2202696 70 
2203227 80 
2203293 83 
2217074 252 
2222407 256 
2222472 61 
2222538 151 
2222538 69 
2222616 93 
2224070 103 
2224070 101 
2224977 100 
2224977 6
2224977 1556
2224977 10
2226979 25 
2227024 75 
2227631 72 
2227631 70 
2228163 80 
2228229 83 
2228576 64 
2228846 256 
2228909 61 
2228976 151 
2228976 69 
2229059 93 
2229861 91 
2230506 103 
2230506 101 
2231416 100 
2231416 6
2231416 1556
2231416 11
2233416 25 
2233520 75 
2233805 73 
2234308 72 
2234308 70 
2234853 80 
2234920 83 
2234986 64 
2236586 61 
2236666 150 
2236666 68 
2236666 65
2236750 92 
2238199 103 
2238199 101 
2238705 100 
2238705 6
2238705 1556
2238705 11
2240704 25 
2240753 75 
2241354 72 
2241354 70 
2241877 80 
2241944 83 
2242343 64 
2242610 61 
2242690 150 
2242690 68 
2242690 65
2242771 92 
2244220 103 
2244220 101 
2244728 100 
2244728 6
2244728 1556
2244728 10
2246728 25 
2248234 75 
2248839 72 
2248839 70 
2249340 80 
2249407 83 
2249820 64 
2250090 61 
2250167 151 
2250167 69 
2250247 93 
2251699 103 
2251699 101 
2252605 100 
2252605 6
2252605 1556
2252605 11
2254606 25 
2254652 75 
2255256 72 
2255256 70 
2255805 80 
2255872 250 
2256073 76 
2260616 76 
2260682 83 
2262428 64 
2262761 63 
2262828 151 
2262828 69 
2262911 93 
2263113 91 
2264361 103 
2264361 101 
2265266 100 
2265266 6
2265266 1556
2265266 11
2267267 25 
2277305 254 
2284845 75 
2285452 72 
2285452 70 
2285725 71 
2286831 250 
2318017 71 
2318337 80 
2318404 83 
2323175 252 
2323392 256 
2323455 61 
2323522 152 
2323522 69 
2323606 93 
2324042 91 
2324558 91 
2325053 103 
2325053 101 
2325961 100 
2325961 6
2325961 1556
2325961 10
2327961 25 
2328006 75 
2328612 72 
2328612 70 
2329146 80 
2329213 83 
2329479 64 
2329814 256 
2329879 61 
2329946 151 
2329946 69 
2330022 93 
2330461 91 
2330878 91 
2330985 91 
2331417 91 
2331484 103 
2331484 101 
2332398 100 
2332398 6
2332398 1556
2332398 11
2334398 25 
2336129 75 
2336733 72 
2336733 70 
2337236 80 
2337302 83 
2337756 64 
2338024 63 
2338102 151 
2338102 69 
2338714 91 
2338735 93 
2338959 91 
2339631 103 
2339631 101 
2340541 100 
2340541 6
2340541 1556
2340541 10
2342541 25 
2342587 75 
2343189 72 
2343189 70 
2343700 80 
2343766 83 
2344180 64 
2345114 61 
2345179 151 
2345179 69 
2345258 93 
2345745 91 
2346180 91 
2346566 91 
2346711 103 
2346711 101 
2347618 100 
2347618 6
2347618 1556
2347618 10
2349621 25 
2349677 75 
2350285 72 
2350285 70 
2350790 80 
2350857 83 
2351976 64 
2352179 62 
2352256 151 
2352256 69 
2352341 93 
2353171 91 
2353277 91 
2353788 103 
2353788 101 
2354694 100 
2354694 6
2354694 1556
2354694 10
2356694 25 
2356741 75 
2357346 72 
2357346 70 
2357800 250 
2362345 71 
2362545 80 
2362612 83 
2381204 252 
2381486 61 
2381563 151 
2381563 69 
2381645 93 
2383096 103 
2383096 101 
2384003 100 
2384003 6
2384003 1556
2384003 11
2386002 25 
2386049 75 
2386654 72 
2386654 70 
2387161 80 
2387228 83 
2388934 64 
2389417 256 
2389480 63 
2389547 151 
2389547 69 
2389627 93 
2390161 91 
2390635 91 
2391077 103 
2391077 101 
2391986 100 
2391986 6
2391986 1556
2391986 11
2393986 25 
2394031 75 
2394635 72 
2394635 70 
2395158 80 
2395224 83 
2395851 64 
2396666 256 
2396730 61 
2396797 150 
2396797 68 
2396797 65
2396879 92 
2398292 90 
2398330 103 
2398330 101 
2398834 100 
2398834 6
2398834 1556
2398834 10
2400836 25 
2400881 75 
2401488 72 
2401488 70 
2402008 80 
2402075 83 
2402688 64 
2402957 63 
2403034 150 
2403034 68 
2403034 65
2403121 92 
2403905 90 
2404564 103 
2404564 101 
2405073 100 
2405073 6
2405073 1556
2405073 10
2407072 25 
2407119 75 
2407722 72 
2407722 70 
2408365 80 
2408499 83 
2408805 64 
2409047 256 
2409112 63 
2409220 150 
2409220 68 
2409220 65
2409301 92 
2410753 103 
2410753 101 
2411257 100 
2411257 6
2411257 1556
2411257 10
2413259 25 
2413304 75 
2413908 72 
2413908 70 
2414536 80 
2414603 83 
2414896 64 
2415391 63 
2415456 150 
2415456 68 
2415456 65
2415541 92 
2416988 103 
2416988 101 
2417495 100 
2417495 6
2417495 1556
2417495 11
2419496 25 
2419546 75 
2420151 72 
2420151 70 
2420667 80 
2420733 83 
2421386 64 
2421721 256 
2421786 61 
2421853 152 
2421853 69 
2421936 93 
2422479 91 
2423386 103 
2423386 101 
2424293 100 
2424293 6
2424293 1556
2424293 10
2426292 25 
2426337 75 
2426944 72 
2426944 70 
2427477 80 
2427544 83 
2427997 64 
2428266 63 
2428344 150 
2428344 68 
2428344 65
2428429 92 
2429281 90 
2429878 103 
2429878 101 
2430382 100 
2430382 6
2430382 1556
2430382 11
2432384 25 
2432441 75 
2433043 72 
2433043 70 
2433554 80 
2433621 83 
2433954 64 
2434221 63 
2434287 151 
2434287 69 
2434370 93 
2434902 91 
2435821 103 
2435821 101 
2436725 100 
2436725 6
2436725 1556
2436725 11
2438727 25 
2438772 75 
2439372 72 
2439372 70 
2439899 80 
2439965 83 
2441631 64 
2442047 61 
2442124 150 
2442124 68 
2442124 65
2442212 92 
2442584 90 
2442945 90 
2443656 103 
2443656 101 
2444163 100 
2444163 6
2444163 1556
2444163 10
2446164 25 
2446208 75 
2446810 72 
2446810 70 
2447349 80 
2447415 83 
2448135 64 
2448404 63 
2448481 150 
2448481 68 
2448481 65
2448567 92 
2450012 103 
2450012 101 
2450525 100 
2450525 6
2450525 1556
2450525 10
2452524 25 
2452585 75 
2453187 72 
2453187 70 
2453706 80 
2453772 83 
2454332 64 
2454534 256 
2454599 61 
2454679 151 
2454679 69 
2454761 93 
2455326 91 
2455443 91 
2455789 91 
2456211 103 
2456211 101 
2457119 100 
2457119 6
2457119 1556
2457119 11
2459119 25 
2459163 75 
2459769 72 
2459769 70 
2460290 80 
2460356 83 
2460889 64 
2461158 256 
2461223 61 
2461289 150 
2461289 68 
2461289 65
2461372 92 
2462822 90 
2462822 103 
2462822 101 
2463340 100 
2463340 6
2463340 1556
2463340 10
2465343 25 
2465388 75 
2465993 72 
2465993 70 
2466500 80 
2466567 83 
2466767 64 
2466970 61 
2467047 151 
2467047 69 
2467130 93 
2468581 103 
2468581 101 
2469487 100 
2469487 6
2469487 1556
2469487 11
2471486 25 
2471538 75 
2472144 72 
2472144 70 
2472671 80 
2472738 83 
2473271 64 
2473673 61 
2473751 150 
2473751 68 
2473751 65
2473835 92 
2475280 103 
2475280 101 
2475788 100 
2475788 6
2475788 1556
2475788 10
2477789 25 
2477835 75 
2478440 72 
2478440 70 
2478948 80 
2479015 83 
2479495 64 
2479697 256 
2479761 63 
2479841 150 
2479841 68 
2479841 65
2479922 92 
2481372 103 
2481372 101 
2481886 100 
2481886 6
2481886 1556
2481886 11
2483887 25 
2483940 75 
2484547 72 
2484547 70 
2485066 80 
2485132 83 
2486332 64 
2486614 61 
2486692 152 
2486692 69 
2486777 93 
2487353 91 
2487497 91 
2488222 103 
2488222 101 
2489132 100 
2489132 6
2489132 1556
2489132 11
2491131 25 
2491182 75 
2491786 72 
2491786 70 
2492289 80 
2492356 83 
2492676 64 
2492946 61 
2493022 150 
2493022 68 
2493022 65
2493105 92 
2494561 103 
2494561 101 
2495074 100 
2495074 6
2495074 1556
2495074 10
2497076 25 
2497121 75 
2500175 73 
2500682 72 
2500682 70 
2501192 80 
2501259 83 
2501592 64 
2505125 256 
2510801 252 
2533871 61 
2533938 151 
2533938 69 
2534022 93 
2534536 91 
2535472 103 
2535472 101 
2536377 100 
2536377 6
2536377 1556
2536377 11
2538377 25 
2538423 75 
2539028 72 
2539028 70 
2539589 80 
2539682 83 
2540189 64 
2540788 61 
2540895 150 
2540895 68 
2540895 65
2540978 92 
2542000 90 
2542424 103 
2542424 101 
2542938 100 
2542938 6
2542938 1556
2542938 10
2544938 25 
2544994 75 
2545595 72 
2545595 70 
2546226 80 
2546319 83 
2546666 64 
2546882 256 
2546986 63 
2547066 150 
2547066 68 
2547066 65
2547148 92 
2548598 103 
2548598 101 
2549105 100 
2549105 6
2549105 1556
2549105 10
2551104 25 
2551152 75 
2551756 72 
2551756 70 
2552397 80 
2552503 83 
2552703 64 
2552972 63 
2553050 150 
2553050 68 
2553050 65
2553134 92 
2554583 103 
2554583 101 
2555090 100 
2555090 6
2555090 1556
2555090 10
2557089 25 
2557135 75 
2557741 72 
2557741 70 
2558261 80 
2558327 83 
2558834 64 
2559049 256 
2559114 63 
2559194 150 
2559194 68 
2559194 65
2559278 92 
2560724 103 
2560724 101 
2561232 100 
2561232 6
2561232 1556
2561232 11
2563234 25 
2563279 75 
2563881 72 
2563881 70 
2564431 80 
2564498 83 
2565058 64 
2565724 256 
2565793 62 
2565858 151 
2565858 69 
2565939 93 
2566519 91 
2567386 103 
2567386 101 
2568297 100 
2568297 6
2568297 1556
2568297 11
2570299 25 
2570343 75 
2570946 72 
2570946 70 
2571495 80 
2571562 83 
2572255 64 
2572521 62 
2572601 151 
2572601 69 
2573281 91 
2573301 93 
2574130 103 
2574130 101 
2575045 100 
2575045 6
2575045 1556
2575045 10
2577043 25 
2577088 75 
2577693 72 
2577693 70 
2578212 80 
2578279 83 
2578759 64 
2579428 61 
2579506 153 
2579506 68 
2579506 65
2579590 92 
2581034 103 
2581034 101 
2581543 100 
2581543 6
2581543 1556
2581543 11
2583543 25 
2583589 75 
2584196 72 
2584196 70 
2584729 80 
2584796 83 
2585049 64 
2585264 256 
2585332 63 
2585409 151 
2585409 69 
2585498 93 
2586845 91 
2586940 103 
2586940 101 
2587847 100 
2587847 6
2587847 1556
2587847 10
2589848 25 
2589893 75 
2590495 72 
2590495 70 
2591007 80 
2591073 83 
2591407 64 
2591808 256 
2591873 61 
2591940 151 
2591940 69 
2592025 93 
2592610 91 
2593471 103 
2593471 101 
2594385 100 
2594385 6
2594385 1556
2594385 11
2596384 25 
2596561 75 
2596883 73 
2597484 72 
2597484 70 
2598044 80 
2598110 83 
2598310 64 
2600459 256 
2601591 61 
2601656 150 
2601656 68 
2601656 65
2601734 92 
2602164 90 
2603185 103 
2603185 101 
2603694 100 
2603694 6
2603694 1556
2603694 11
2605695 25 
2605742 75 
2606345 72 
2606345 70 
2606907 80 
2606973 83 
2607173 64 
2607388 256 
2607453 63 
2607520 151 
2607520 69 
2607603 93 
2608501 91 
2608711 91 
2609050 103 
2609050 101 
2609959 100 
2609959 6
2609959 1556
2609959 10
2611960 25 
2612004 75 
2612609 72 
2612609 70 
2612811 250 
2614956 71 
2615343 80 
2615410 83 
2616662 64 
2616932 61 
2617009 151 
2617009 69 
2617091 93 
2617603 91 
2618300 91 
2618539 103 
2618539 101 
2619447 100 
2619447 6
2619447 1556
2619447 11
2621448 25 
2624627 75 
2625230 72 
2625230 70 
2625752 80 
2625818 83 
2626605 64 
2626807 256 
2627005 61 
2627071 150 
2627071 68 
2627071 65
2627155 92 
2627615 90 
2628444 90 
2628604 103 
2628604 101 
2629110 100 
2629110 6
2629110 1556
2629110 10
2631111 25 
2631156 75 
2631757 72 
2631757 70 
2632269 80 
2632336 83 
2632602 64 
2632804 256 
2632869 63 
2632949 150 
2632949 68 
2632949 65
2633032 92 
2634480 103 
2634480 101 
2634988 100 
2634988 6
2634988 1556
2634988 10
2636987 25 
2637036 75 
2637638 72 
2637638 70 
2638160 80 
2638226 83 
2638426 64 
2638642 256 
2638706 63 
2638773 150 
2638773 68 
2638773 65
2638855 92 
2640304 103 
2640304 101 
2640812 100 
2640812 6
2640812 1556
2640812 10
2642812 25 
2642859 75 
2643465 72 
2643465 70 
2643971 80 
2644037 83 
2644237 64 
2644440 256 
2644504 63 
2644570 150 
2644570 68 
2644570 65
2644652 92 
2646105 103 
2646105 101 
2646610 100 
2646610 6
2646610 1556
2646610 10
2648609 25 
2658647 254 
2678381 75 
2678697 73 
2679072 73 
2679578 72 
2679578 70 
2680208 80 
2680275 83 
2680821 64 
2681077 256 
2681208 63 
2681275 152 
2681275 69 
2681356 93 
2681886 91 
2682805 103 
2682805 101 
2683715 100 
2683715 6
2683715 1556
2683715 11
2685714 25 
2685761 75 
2686366 72 
2686366 70 
2687045 80 
2687165 83 
2687685 64 
2687885 61 
2687965 150 
2687965 68 
2687965 65
2688050 92 
2688644 90 
2689132 90 
2689497 103 
2689497 101 
2690004 100 
2690004 6
2690004 1556
2690004 11
2692005 25 
2692052 75 
2692656 72 
2692656 70 
2693323 80 
2693416 83 
2693603 64 
2693791 61 
2693896 150 
2693896 68 
2693896 65
2693976 92 
2695141 90 
2695427 103 
2695427 101 
2695936 100 
2695936 6
2695936 1556
2695936 11
2697934 25 
2697982 75 
2698586 72 
2698586 70 
2699187 80 
2699254 83 
2699680 64 
2699880 61 
2699960 150 
2699960 68 
2699960 65
2700051 92 
2701365 90 
2701493 103 
2701493 101 
2701997 100 
2701997 6
2701997 1556
2701997 11
2704000 25 
2704045 75 
2706692 73 
2714042 254 
2714588 73 
2714792 73 
2725669 73 
2744784 73 
2745288 72 
2745288 70 
2745794 80 
2745860 83 
2747486 64 
2755429 252 
2759561 61 
2759641 150 
2759641 68 
2759641 65
2759728 92 
2761172 103 
2761172 101 
2761680 100 
2761680 6
2761680 1556
2761680 11
2763681 25 
2763731 75 
2764337 72 
2764337 70 
2764865 80 
2764932 83 
2765265 64 
2765602 62 
2765678 151 
2765678 69 
2765759 93 
2767215 103 
2767215 101 
2768129 100 
2768129 6
2768129 1556
2768129 10
2770130 25 
2770178 75 
2770784 72 
2770784 70 
2771303 80 
2771369 83 
2771662 64 
2771865 256 
2771929 63 
2771996 150 
2771996 68 
2771996 65
2772085 92 
2773528 103 
2773528 101 
2774034 100 
2774034 6
2774034 1556
2774034 11
2776035 25 
2776081 75 
2776685 72 
2776685 70 
2777193 80 
2777260 83 
2777686 64 
2778088 63 
2778153 151 
2778153 69 
2778235 93 
2779687 103 
2779687 101 
2780593 100 
2780593 6
2780593 1556
2780593 10
2782593 25 
2784691 75 
2785292 72 
2785292 70 
2785816 80 
2785883 83 
2786309 64 
2786645 256 
2786776 61 
2786843 151 
2786843 69 
2786925 93 
2787372 91 
2788086 91 
2788375 103 
2788375 101 
2789281 100 
2789281 6
2789281 1556
2789281 11
2791281 25 
2791632 75 
2792237 72 
2792237 70 
2792747 80 
2792813 83 
2793213 64 
2793748 256 
2793813 61 
2793880 150 
2793880 68 
2793880 65
2793955 92 
2794371 90 
2794723 90 
2795084 90 
2795416 90 
2795416 103 
2795416 101 
2795933 100 
2795933 6
2795933 1556
2795933 10
2797931 25 
2803990 75 
2804601 72 
2804601 70 
2805328 80 
2805435 83 
2805808 64 
2806144 61 
2806222 151 
2806222 69 
2806302 93 
2806763 91 
2807215 91 
2807659 91 
2807750 103 
2807750 101 
2808661 100 
2808661 6
2808661 1556
2808661 11
2810660 25 
2810706 75 
2811313 72 
2811313 70 
2811845 80 
2811912 83 
2812246 64 
2812515 61 
2812591 152 
2812591 69 
2812676 93 
2814122 103 
2814122 101 
2815029 100 
2815029 6
2815029 1556
2815029 10
2817031 25 
2817089 75 
2817693 72 
2817693 70 
2818242 80 
2818309 83 
2818935 64 
2819884 61 
2819962 151 
2819962 69 
2820034 93 
2821306 91 
2821496 103 
2821496 101 
2822412 100 
2822412 6
2822412 1556
2822412 10
2824414 25 
2824460 75 
2825071 72 
2825071 70 
2825586 80 
2825653 83 
2826412 64 
2827612 61 
2827678 151 
2827678 69 
2827761 93 
2829212 103 
2829212 101 
2830120 100 
2830120 6
2830120 1556
2830120 11
2832118 25 
2832163 75 
2832765 72 
2832765 70 
2833303 80 
2833369 83 
2833836 64 
2834385 256 
2834462 61 
2834529 150 
2834529 68 
2834529 65
2834616 92 
2835043 90 
2835834 90 
2836064 103 
2836064 101 
2836582 100 
2836582 6
2836582 1556
2836582 11
2838580 25 
2838627 75 
2839235 72 
2839235 70 
2839753 80 
2839820 83 
2840113 64 
2840316 61 
2840393 150 
2840393 68 
2840393 65
2840482 92 
2841925 103 
2841925 101 
2842431 100 
2842431 6
2842431 1556
2842431 10
2844431 25 
2844478 75 
2845090 72 
2845090 70 
2845631 80 
2845697 83 
2846337 64 
2846607 63 
2846683 150 
2846683 68 
2846683 65
2846771 92 
2848215 103 
2848215 101 
2848722 100 
2848722 6
2848722 1556
2848722 10
2850722 25 
2855815 75 
2856420 72 
2856420 70 
2856932 80 
2856999 83 
2857799 64 
2857948 256 
2858012 61 
2858079 151 
2858079 69 
2858161 93 
2859609 103 
2859609 101 
2860518 100 
2860518 6
2860518 1556
2860518 10
2862519 25 
2862564 75 
2863167 72 
2863167 70 
2863676 80 
2863743 83 
2864116 64 
2864784 256 
2864849 63 
2864916 150 
2864916 68 
2864916 65
2865005 92 
2866448 103 
2866448 101 
2866952 100 
2866952 6
2866952 1556
2866952 11
2868954 25 
2869000 75 
2869607 72 
2869607 70 
2870127 80 
2870193 83 
2870433 64 
2870902 256 
2870966 61 
2871033 150 
2871033 68 
2871033 65
2871117 92 
2871666 90 
2872367 90 
2872541 90 
2872565 103 
2872565 101 
2873071 100 
2873071 6
2873071 1556
2873071 10
2875073 25 
2875122 75 
2875725 72 
2875725 70 
2876244 80 
2876311 83 
2876817 64 
2877019 256 
2877084 63 
2877152 150 
2877152 68 
2877152 65
2877239 92 
2878680 103 
2878680 101 
2879188 100 
2879188 6
2879188 1556
2879188 11
2881190 25 
2881236 75 
2881840 72 
2881840 70 
2882348 80 
2882415 83 
2882895 64 
2883097 256 
2883161 61 
2883228 150 
2883228 68 
2883228 65
2883309 92 
2884302 90 
2884760 103 
2884760 101 
2885267 100 
2885267 6
2885267 1556
2885267 10
2887267 25 
2889203 75 
2889807 72 
2889807 70 
2890331 80 
2890398 83 
2890745 64 
2891013 63 
2891078 152 
2891078 69 
2891157 93 
2891793 91 
2892613 103 
2892613 101 
2893530 100 
2893530 6
2893530 1556
2893530 11
2895531 25 
2895576 75 
2896178 72 
2896178 70 
2896702 80 
2896769 83 
2897035 64 
2897304 61 
2897368 150 
2897368 68 
2897368 65
2897451 92 
2898896 103 
2898896 101 
2899407 100 
2899407 6
2899407 1556
2899407 11
2901408 25 
2901453 75 
2902056 72 
2902056 70 
2902566 80 
2902633 83 
2902766 64 
2902983 256 
2903059 61 
2903126 150 
2903126 68 
2903126 65
2903210 92 
2904282 90 
2904654 103 
2904654 101 
2905166 100 
2905166 6
2905166 1556
2905166 10
2907165 25 
2907211 75 
2907819 72 
2907819 70 
2908524 80 
2908590 83 
2908937 64 
2909337 256 
2909472 63 
2909537 150 
2909537 68 
2909537 65
2909625 92 
2911074 103 
2911074 101 
2911588 100 
2911588 6
2911588 1556
2911588 10
2913590 25 
2913636 75 
2914240 72 
2914240 70 
2914894 80 
2915014 83 
2915587 64 
2916163 256 
2916227 63 
2916294 150 
2916294 68 
2916294 65
2916379 92 
2917826 103 
2917826 101 
2918331 100 
2918331 6
2918331 1556
2918331 11
2920331 25 
2920379 75 
2920981 72 
2920981 70 
2921638 80 
2921771 250 
2922558 76 
2922678 83 
2922811 64 
2923027 256 
2923157 61 
2923224 152 
2923224 69 
2923305 93 
2923861 91 
2924345 91 
2924587 91 
2924755 103 
2924755 101 
2925662 100 
2925662 6
2925662 1556
2925662 10
2927663 25 
2927709 75 
2928313 72 
2928313 70 
2928981 80 
2929048 83 
2929488 64 
2929810 256 
2929874 63 
2929941 150 
2929941 68 
2929941 65
2930022 92 
2931251 90 
2931474 103 
2931474 101 
2931981 100 
2931981 6
2931981 1556
2931981 10
2933981 25 
2934027 75 
2934629 72 
2934629 70 
2935272 80 
2935392 83 
2935606 64 
2935861 256 
2936005 63 
2936138 150 
2936138 68 
2936138 65
2936219 92 
2937672 103 
2937672 101 
2938179 100 
2938179 6
2938179 1556
2938179 11
2940176 25 
2940224 75 
2940828 72 
2940828 70 
2941496 80 
2941589 83 
2942029 64 
2942298 61 
2942402 150 
2942402 68 
2942402 65
2942483 92 
2943013 90 
2943714 90 
2943934 103 
2943934 101 
2944440 100 
2944440 1
2944440 1556
2944440 11
2944440 78 
2946441 25 
2946487 75 
2947093 72 
2947093 70 
2947707 80 
2947800 83 
2948306 64 
2948482 61 
2948586 151 
2948586 69 
2948663 93 
2949296 91 
2950117 103 
2950117 101 
2951025 100 
2951025 1
2951025 1556
2951025 10
2953025 25 
2953075 75 
2953683 72 
2953683 70 
2954384 80 
2954477 83 
2954877 64 
2955052 256 
2955157 63 
2955223 151 
2955223 69 
2955306 93 
2955876 91 
2956743 91 
2956752 103 
2956752 101 
2957663 100 
2957663 1
2957663 1556
2957663 11
2959662 25 
2959708 75 
2960310 72 
2960310 70 
2960970 80 
2961061 83 
2961474 64 
2961874 61 
2961941 151 
2961941 69 
2962023 93 
2962496 91 
2963200 91 
2963461 91 
2963470 103 
2963470 101 
2964379 100 
2964379 1
2964379 1556
2964379 11
2966379 25 
2966425 75 
2967030 72 
2967030 70 
2967685 80 
2967778 83 
2969737 64 
2970006 256 
2970070 61 
2970177 151 
2970177 69 
2970262 93 
2971708 103 
2971708 101 
2972618 100 
2972618 1
2972618 1556
2972618 11
2974616 25 
2975052 75 
2975655 72 
2975655 70 
2976294 80 
2976361 83 
2976721 64 
2977230 256 
2977334 63 
2977401 153 
2977401 68 
2977401 65
2977479 92 
2978930 103 
2978930 101 
2979441 100 
2979441 1
2979441 1556
2979441 10
2981439 25 
2981485 75 
2982086 72 
2982086 70 
2982705 80 
2982798 83 
2983478 64 
2983920 256 
2983984 63 
2984051 151 
2984051 69 
2984133 93 
2984674 91 
2985090 91 
2985583 103 
2985583 101 
2986490 100 
2986490 1
2986490 1556
2986490 11
2988490 25 
2989920 75 
2990521 72 
2990521 70 
2991181 80 
2991248 83 
2991954 64 
2993609 62 
2993687 150 
2993687 68 
2993687 65
2993768 92 
2994211 90 
2995120 90 
2995220 103 
2995220 101 
2995724 100 
2995724 1
2995724 1556
2995724 10
2997727 25 
2997772 75 
2998374 72 
2998374 70 
2998885 80 
2998951 83 
2999245 64 
2999460 256 
2999538 63 
2999604 151 
2999604 69 
2999687 93 
3000449 91 
3001135 103 
3001135 101 
3002048 100 
3002048 1
3002048 1556
3002048 10
3004046 25 
3004102 75 
3004709 72 
3004709 70 
3005215 80 
3005282 83 
3005868 64 
3006468 62 
3006548 151 
3006548 69 
3006630 93 
3007033 91 
3008079 103 
3008079 101 
3008987 100 
3008987 1
3008987 1556
3008987 11
3010986 25 
3014410 75 
3015016 72 
3015016 70 
3015584 80 
3015651 83 
3016131 64 
3016332 256 
3016397 61 
3016464 151 
3016464 69 
3016543 93 
3016953 91 
3017995 103 
3017995 101 
3018901 100 
3018901 1
3018901 1556
3018901 10
3020903 25 
3020948 75 
3021553 72 
3021553 70 
3022061 80 
3022128 83 
3022968 64 
3023303 256 
3023368 63 
3023434 151 
3023434 69 
3023515 93 
3024008 91 
3024967 103 
3024967 101 
3025873 100 
3025873 1
3025873 1556
3025873 11
3027874 25 
3027919 75 
3028525 72 
3028525 70 
3029045 80 
3029112 83 
3029525 64 
3030394 61 
3030458 151 
3030458 69 
3030540 93 
3031058 91 
3031495 91 
3031869 91 
3031992 103 
3031992 101 
3032901 100 
3032901 1
3032901 1556
3032901 11
3034898 25 
3034944 75 
3035552 72 
3035552 70 
3036095 80 
3036162 83 
3036295 64 
3045691 252 
3049758 61 
3049837 151 
3049837 69 
3049919 93 
3051370 103 
3051370 101 
3052276 100 
3052276 1
3052276 1556
3052276 10
3054275 25 
3064314 254 
3080610 75 
3081215 72 
3081215 70 
3081729 80 
3081796 83 
3088833 64 
3091352 252 
3099350 256 
3103013 61 
3103080 150 
3103080 68 
3103080 65
3103162 92 
3103594 90 
3104351 90 
3104614 103 
3104614 101 
3105123 100 
3105123 1
3105123 1556
3105123 11
3107122 25 
3107178 75 
3107781 72 
3107781 70 
3108291 80 
3108358 83 
3109504 64 
3110239 61 
3110317 151 
3110317 69 
3111389 91 
3111410 93 
3111843 91 
3111843 103 
3111843 101 
3112757 100 
3112757 1
3112757 1556
3112757 11
3114755 25 
3114802 75 
3115404 72 
3115404 70 
3115901 80 
3115968 83 
3116168 64 
3116703 256 
3116767 63 
3116834 151 
3116834 69 
3116916 93 
3117383 91 
3118367 103 
3118367 101 
3119274 100 
3119274 1
3119274 1556
3119274 11
3121276 25 
3121448 75 
3122057 72 
3122057 70 
3122565 80 
3122631 83 
3122965 64 
3123233 256 
3123298 61 
3123365 151 
3123365 69 
3123446 93 
3123867 91 
3124270 91 
3124897 103 
3124897 101 
3125802 100 
3125802 1
3125802 1556
3125802 10
3127802 25 
3127850 75 
3128451 72 
3128451 70 
3128975 80 
3129042 83 
3129389 64 
3130323 61 
3130401 150 
3130401 68 
3130401 65
3131158 90 
3131189 92 
3131761 90 
3131933 103 
3131933 101 
3132442 100 
3132442 1
3132442 1556
3132442 11
3134441 25 
3134486 75 
3135093 72 
3135093 70 
3135613 80 
3135679 83 
3135946 64 
3137148 256 
3137212 63 
3137292 151 
3137292 69 
3137372 93 
3138823 103 
3138823 101 
3139732 100 
3139732 1
3139732 1556
3139732 10
3141732 25 
3141777 75 
3142380 72 
3142380 70 
3142889 80 
3142956 83 
3143729 64 
3144465 256 
3144529 61 
3144595 152 
3144595 69 
3144677 93 
3145107 91 
3145678 91 
3146130 103 
3146130 101 
3147049 100 
3147049 1
3147049 1556
3147049 10
3149047 25 
3149098 75 
3149705 72 
3149705 70 
3150206 80 
3150273 83 
3150793 64 
3151661 62 
3152672 151 
3152672 69 
3152745 93 
3153227 91 
3153989 91 
3154201 103 
3154201 101 
3155110 100 
3155110 1
3155110 1556
3155110 10
3157111 25 
3157157 75 
3157762 72 
3157762 70 
3158296 80 
3158363 83 
3159149 64 
3159482 61 
3159549 150 
3159549 68 
3159549 65
3159631 92 
3160875 90 
3161078 103 
3161078 101 
3161589 100 
3161589 1
3161589 1556
3161589 11
3163589 25 
3163634 75 
3164237 72 
3164237 70 
3164747 80 
3164813 83 
3165227 64 
3165775 63 
3165840 151 
3165840 69 
3165921 93 
3166710 91 
3167257 91 
3167369 103 
3167369 101 
3168279 100 
3168279 1
3168279 1556
3168279 10
3170278 25 
3170324 75 
3170927 72 
3170927 70 
3171437 80 
3171504 83 
3172010 64 
3172413 256 
3172477 61 
3172543 150 
3172543 68 
3172543 65
3172623 92 
3173685 90 
3174072 103 
3174072 101 
3174581 100 
3174581 1
3174581 1556
3174581 11
3176582 25 
3176629 75 
3177235 72 
3177235 70 
3177768 80 
3177834 83 
3178208 64 
3178676 256 
3178741 63 
3178807 153 
3178807 68 
3178807 65
3178890 92 
3180340 103 
3180340 101 
3180846 100 
3180846 1
3180846 1556
3180846 11
3182846 25 
3182906 75 
3183514 72 
3183514 70 
3184058 80 
3184125 83 
3184871 64 
3186140 256 
3186471 63 
3186537 151 
3186537 69 
3186620 93 
3188066 103 
3188066 101 
3188975 100 
3188975 1
3188975 1556
3188975 10
3190976 25 
3191028 75 
3191632 72 
3191632 70 
3192362 80 
3192495 83 
3193134 64 
3193470 256 
3193534 61 
3193601 150 
3193601 68 
3193601 65
3193680 92 
3194030 90 
3195133 103 
3195133 101 
3195640 100 
3195640 1
3195640 1556
3195640 10
3197641 25 
3197699 75 
3198304 72 
3198304 70 
3198972 80 
3199119 83 
3199985 64 
3200281 256 
3200411 61 
3200478 150 
3200478 68 
3200478 65
3200562 92 
3201441 90 
3201957 90 
3202006 103 
3202006 101 
3202516 100 
3202516 1
3202516 1556
3202516 11
3204516 25 
3204563 75 
3205168 72 
3205168 70 
3205863 80 
3205982 83 
3206649 64 
3206852 63 
3206929 151 
3206929 69 
3207012 93 
3208463 103 
3208463 101 
3209366 100 
3209366 1
3209366 1556
3209366 10
3211367 25 
3216189 75 
3216791 72 
3216791 70 
3217431 80 
3217577 83 
3217990 64 
3220270 61 
3220416 150 
3220416 68 
3220416 65
3220500 92 
3220947 90 
3221589 90 
3221951 90 
3221951 103 
3221951 101 
3222467 100 
3222467 1
3222467 1556
3222467 11
3224468 25 
3224515 75 
3225117 72 
3225117 70 
3225814 80 
3225960 83 
3226693 64 
3226935 256 
3227000 62 
3227067 150 
3227067 68 
3227067 65
3227151 92 
3228594 103 
3228594 101 
3229107 100 
3229107 1
3229107 1556
3229107 11
3231107 25 
3231158 75 
3231765 72 
3231765 70 
3232438 80 
3232558 250 
3235010 76 
3235143 83 
3235410 64 
3235558 256 
3235623 61 
3235743 151 
3235743 69 
3235830 93 
3236286 91 
3236811 91 
3237274 103 
3237274 101 
3238181 100 
3238181 1
3238181 1556
3238181 10
3240182 25 
3250220 254 
3256207 75 
3256813 72 
3256813 70 
3257627 71 
3257893 80 
3257960 83 
3258480 64 
3258802 256 
3258866 61 
3258946 150 
3258946 68 
3258946 65
3259030 92 
3259389 90 
3260027 90 
3260299 90 
3260477 103 
3260477 101 
3260984 100 
3260984 1
3260984 1556
3260984 10
3262986 25 
3263031 75 
3263637 72 
3263637 70 
3264144 80 
3264211 83 
3264677 64 
3265013 63 
3265090 151 
3265090 69 
3265177 93 
3266622 103 
3266622 101 
3267529 100 
3267529 1
3267529 1556
3267529 11
3269529 25 
3279580 254 
3285216 75 
3285816 72 
3285816 70 
3286334 80 
3286401 83 
3287067 64 
3287337 256 
3287401 61 
3287467 151 
3287467 69 
3287556 93 
3287975 91 
3288708 91 
3289001 103 
3289001 101 
3289918 100 
3289918 1
3289918 1556
3289918 10
3291919 25 
3291966 75 
3292569 72 
3292569 70 
3293105 80 
3293172 83 
3293531 64 
3293864 61 
3293931 150 
3293931 68 
3293931 65
3294009 92 
3294842 90 
3295303 90 
3295463 103 
3295463 101 
3295971 100 
3295971 1
3295971 1556
3295971 10
3297971 25 
3298015 75 
3298623 72 
3298623 70 
3299129 80 
3299196 83 
3299582 64 
3299785 62 
3299862 151 
3299862 69 
3299946 93 
3300426 91 
3301392 103 
3301392 101 
3302302 100 
3302302 1
3302302 1556
3302302 11
3304302 25 
3304353 75 
3304531 73 
3305134 72 
3305134 70 
3305673 80 
3305739 83 
3306166 64 
3306435 61 
3306512 151 
3306512 69 
3306595 93 
3307110 91 
3307796 91 
3308046 103 
3308046 101 
3308952 100 
3308952 1
3308952 1556
3308952 11
3310952 25 
3311056 75 
3311662 72 
3311662 70 
3312177 80 
3312243 83 
3313070 64 
3313405 61 
3313470 151 
3313470 69 
3313550 93 
3315001 103 
3315001 101 
3315909 100 
3315909 1
3315909 1556
3315909 10
3317908 25 
3327947 254 
3353501 75 
3354105 72 
3354105 70 
3354559 250 
3363275 71 
3363475 80 
3363541 83 
3364727 252 
3364903 256 
3365007 61 
3365074 150 
3365074 68 
3365074 65
3365157 92 
3365503 90 
3366116 90 
3366488 90 
3366611 103 
3366611 101 
3367131 100 
3367131 1
3367131 1556
3367131 11
3369130 25 
3369186 75 
3369790 72 
3369790 70 
3370325 80 
3370392 83 
3370658 64 
3370925 63 
3370991 151 
3370991 69 
3371072 93 
3372172 91 
3372524 103 
3372524 101 
3373430 100 
3373430 1
3373430 1556
3373430 11
3375431 25 
3375476 75 
3376087 72 
3376087 70 
3376629 80 
3376696 83 
3376962 64 
3377298 61 
3377362 151 
3377362 69 
3377444 93 
3377894 91 
3378541 91 
3378691 91 
3378896 103 
3378896 101 
3379800 100 
3379800 1
3379800 1556
3379800 10
3381802 25 
3381847 75 
3382449 72 
3382449 70 
3382960 80 
3383026 83 
3383519 64 
3383922 256 
3383986 61 
3384052 150 
3384052 68 
3384052 65
3384136 92 
3385093 90 
3385585 103 
3385585 101 
3386093 100 
3386093 1
3386093 1556
3386093 10
3388091 25 
3391893 75 
3392496 72 
3392496 70 
3392995 80 
3393062 83 
3393195 64 
3393397 256 
3393462 61 
3393528 152 
3393528 69 
3393609 93 
3394037 91 
3395061 103 
3395061 101 
3395967 100 
3395967 1
3395967 1556
3395967 10
3397968 25 
3398013 75 
3398619 72 
3398619 70 
3399126 80 
3399193 83 
3399539 64 
3399875 256 
3399939 61 
3400019 150 
3400019 68 
3400019 65
3400101 92 
3401093 90 
3401551 103 
3401551 101 
3402064 100 
3402064 1
3402064 1556
3402064 10
3404061 25 
3414109 254 
3419018 75 
3419216 73 
3419718 72 
3419718 70 
3420237 80 
3420304 83 
3420958 64 
3421092 256 
3421157 61 
3421223 152 
3421223 69 
3421310 93 
3421664 91 
3422165 91 
3422531 91 
3422757 103 
3422757 101 
3423661 100 
3423661 1
3423661 1556
3423661 10
3425661 25 
3425708 75 
3426311 72 
3426311 70 
3426861 80 
3426927 83 
3427247 64 
3427514 256 
3427582 61 
3427660 150 
3427660 68 
3427660 65
3427745 92 
3428764 90 
3429195 103 
3429195 101 
3429699 100 
3429699 1
3429699 1556
3429699 11
3431699 25 
3434223 75 
3434482 73 
3435935 73 
3436437 72 
3436437 70 
3436950 80 
3437016 83 
3437336 64 
3437538 256 
3437603 63 
3437670 151 
3437670 69 
3437752 93 
3439203 103 
3439203 101 
3440107 100 
3440107 1
3440107 1556
3440107 11
3442109 25 
3442154 75 
3442759 72 
3442759 70 
3443280 80 
3443347 83 
3443747 64 
3444150 61 
3444227 151 
3444227 69 
3444308 93 
3444785 91 
3445383 91 
3445764 103 
3445764 101 
3446678 100 
3446678 1
3446678 1556
3446678 11
3448678 25 
3455259 75 
3455610 73 
3456117 72 
3456117 70 
3456648 80 
3456715 83 
3456914 64 
3457117 256 
3457181 61 
3457248 151 
3457248 69 
3457325 93 
3458777 103 
3458777 101 
3459688 100 
3459688 1
3459688 1556
3459688 10
3461687 25 
3466143 75 
3471729 254 
3493700 73 
3494208 72 
3494208 70 
3494872 80 
3495031 83 
3495511 64 
3495727 61 
3495791 150 
3495791 68 
3495791 65
3495874 92 
3496238 90 
3497049 90 
3497322 103 
3497322 101 
3497835 100 
3497835 1
3497835 1556
3497835 11
3499833 25 
3499889 75 
3500490 72 
3500490 70 
3501175 80 
3501282 83 
3501962 64 
3510678 252 
3513413 256 
3515545 61 
3515622 151 
3515622 69 
3515707 93 
3516241 91 
3516583 91 
3517153 103 
3517153 101 
3518062 100 
3518062 1
3518062 1556
3518062 10
3520061 25 
3520108 75 
3520714 72 
3520714 70 
3521220 80 
3521287 83 
3524978 64 
3525181 256 
3525245 61 
3525312 150 
3525312 68 
3525312 65
3525395 92 
3526848 103 
3526848 101 
3527363 100 
3527363 1
3527363 1556
3527363 11
3529365 25 
3529410 75 
3530012 72 
3530012 70 
3530523 80 
3530589 83 
3531922 64 
3532255 61 
3532336 151 
3532336 69 
3532419 93 
3533868 103 
3533868 101 
3534773 100 
3534773 1
3534773 1556
3534773 10
3536775 25 
3536821 75 
3537425 72 
3537425 70 
3537973 80 
3538040 83 
3538279 64 
3538482 256 
3538546 61 
3538613 150 
3538613 68 
3538613 65
3538695 92 
3539362 90 
3539947 90 
3540141 103 
3540141 101 
3540657 100 
3540657 1
3540657 1556
3540657 10
3542656 25 
3542712 75 
3543316 72 
3543316 70 
3543824 80 
3543890 83 
3544317 64 
3544585 256 
3544650 61 
3544730 150 
3544730 68 
3544730 65
3544815 92 
3546098 90 
3546265 103 
3546265 101 
3546768 100 
3546768 1
3546768 1556
3546768 11
3548770 25 
3548815 75 
3549416 72 
3549416 70 
3549928 80 
3549995 83 
3550434 64 
3550637 256 
3550701 63 
3550767 151 
3550767 69 
3550848 93 
3552302 103 
3552302 101 
3553211 100 
3553211 1
3553211 1556
3553211 10
3555210 25 
3555267 75 
3555869 72 
3555869 70 
3556378 80 
3556445 83 
3557258 64 
3557461 61 
3557525 150 
3557525 68 
3557525 65
3557605 92 
3557992 90 
3559057 103 
3559057 101 
3559564 100 
3559564 1
3559564 1556
3559564 11
3561563 25 
3561609 75 
3562211 72 
3562211 70 
3562749 80 
3562816 83 
3563069 64 
3563270 256 
3563335 61 
3563402 151 
3563402 69 
3563486 93 
3564015 91 
3564313 91 
3564934 103 
3564934 101 
3565844 100 
3565844 1
3565844 1556
3565844 10
3567843 25 
3567887 75 
3568494 72 
3568494 70 
3569000 80 
3569066 83 
3569439 64 
3569641 256 
3569706 61 
3569773 150 
3569773 68 
3569773 65
3569856 92 
3570702 90 
3571156 90 
3571303 103 
3571303 101 
3571351 102 
