0 100 
0 5
0 1517
0 10
1995 25 
2077 75 
4769 73 
5069 72 
5069 70 
6158 80 
6371 83 
6571 64 
6973 256 
7371 62 
7571 151 
7571 69 
7639 93 
9102 103 
9102 101 
9910 100 
9910 5
9910 1517
9910 11
11910 25 
11989 75 
12391 72 
12391 70 
13155 80 
13289 83 
13648 64 
14024 256 
14141 62 
14275 150 
14275 68 
14275 65
14368 92 
14910 90 
15807 103 
15807 101 
16327 100 
16327 5
16327 1517
16327 11
18328 25 
18412 75 
18815 72 
18815 70 
19393 80 
19513 83 
19966 64 
20207 256 
20339 62 
20472 150 
20472 68 
20472 65
20540 92 
21194 90 
22011 103 
22011 101 
22525 100 
22525 5
22525 1517
22525 10
24525 25 
24601 75 
25007 72 
25007 70 
25603 80 
25723 83 
26083 64 
26338 256 
26470 61 
26603 151 
26603 69 
26673 93 
27056 91 
28133 103 
28133 101 
28942 100 
28942 5
28942 1517
28942 10
30942 25 
31022 75 
31427 72 
31427 70 
32027 80 
32147 83 
32747 64 
33122 256 
33253 62 
33387 153 
33387 68 
33387 65
33457 92 
33959 90 
34915 103 
34915 101 
35428 100 
35428 5
35428 1517
35428 10
37427 25 
37515 75 
37919 72 
37919 70 
38518 80 
38638 83 
38878 64 
39119 62 
39251 151 
39251 69 
39318 93 
39713 91 
40782 103 
40782 101 
41589 100 
41589 5
41589 1517
41589 11
43591 25 
43675 75 
44076 72 
44076 70 
44662 80 
44782 83 
44902 64 
45156 256 
45275 62 
45408 150 
45408 68 
45408 65
45480 92 
46511 90 
46945 103 
46945 101 
47460 100 
47460 5
47460 1517
47460 11
49462 25 
49546 75 
49948 72 
49948 70 
50526 80 
50646 83 
50886 64 
51007 256 
51126 62 
51259 150 
51259 68 
51259 65
51340 92 
52806 103 
52806 101 
53309 100 
53309 5
53309 1517
53309 10
55311 25 
55388 75 
55794 72 
55794 70 
56377 80 
56497 83 
56737 64 
56978 61 
57110 151 
57110 69 
57178 93 
57792 91 
58168 91 
58630 91 
58645 103 
58645 101 
59462 100 
59462 5
59462 1517
59462 11
61461 25 
61541 75 
61946 72 
61946 70 
62507 80 
62628 83 
62867 64 
63002 256 
63121 62 
63242 150 
63242 68 
63242 65
63309 92 
64771 103 
64771 101 
65279 100 
65279 5
65279 1517
65279 10
67279 25 
67366 75 
67772 72 
67772 70 
68345 80 
68465 83 
69744 64 
69986 256 
70224 63 
70357 150 
70357 68 
70357 65
70430 92 
71889 103 
71889 101 
72397 100 
72397 5
72397 1517
72397 11
74397 25 
74470 75 
74872 72 
74872 70 
75435 80 
75555 83 
75795 64 
75917 256 
76048 62 
76169 150 
76169 68 
76169 65
76245 92 
77287 90 
77700 103 
77700 101 
78208 100 
78208 5
78208 1517
78208 11
80207 25 
80279 75 
80682 72 
80682 70 
81286 80 
81406 83 
81646 64 
81781 256 
82019 62 
82139 150 
82139 68 
82139 65
82212 92 
83225 90 
83673 103 
83673 101 
84178 100 
84178 5
84178 1517
84178 11
86179 25 
86263 75 
86666 72 
86666 70 
87230 80 
87350 83 
87590 64 
87712 256 
87843 62 
87977 150 
87977 68 
87977 65
88047 92 
89155 90 
89509 103 
89509 101 
90019 100 
90019 5
90019 1517
90019 10
92017 25 
92087 75 
92491 72 
92491 70 
93096 80 
93214 83 
93334 64 
93576 256 
93694 63 
93827 150 
93827 68 
93827 65
93896 92 
95355 103 
95355 101 
95867 100 
95867 5
95867 1517
95867 11
97867 25 
97952 75 
98357 72 
98357 70 
98945 80 
99065 83 
99305 64 
99440 256 
99572 62 
99692 150 
99692 68 
99692 65
99765 92 
101226 103 
101226 101 
101731 100 
101731 5
101731 1517
101731 11
103730 25 
103803 75 
104204 72 
104204 70 
104783 80 
104903 83 
105023 64 
105269 256 
105396 62 
105516 150 
105516 68 
105516 65
105586 92 
107046 103 
107046 101 
107555 100 
107555 5
107555 1517
107555 10
109555 25 
109711 75 
110117 72 
110117 70 
110727 80 
110847 83 
111553 64 
111795 256 
111913 63 
112033 150 
112033 68 
112033 65
112100 92 
113563 103 
113563 101 
114078 100 
114078 5
114078 1517
114078 10
116077 25 
116164 75 
116565 72 
116565 70 
117617 80 
117804 83 
118297 64 
118725 63 
118937 150 
118937 68 
118937 65
119006 92 
120468 103 
120468 101 
120977 100 
120977 5
120977 1517
120977 10
122976 25 
124670 75 
125074 72 
125074 70 
125881 80 
126001 83 
130399 64 
130534 256 
130758 63 
130958 152 
130958 69 
131025 93 
132491 103 
132491 101 
133296 100 
133296 5
133296 1517
133296 11
135301 25 
135381 75 
135784 72 
135784 70 
136569 80 
136782 250 
137369 76 
137569 83 
137755 64 
137957 256 
138277 62 
138983 150 
138983 68 
138983 65
139049 92 
139660 90 
140514 103 
140514 101 
141022 100 
141022 5
141022 1517
141022 10
143021 25 
143093 75 
143500 72 
143500 70 
144259 80 
144379 83 
144846 64 
145101 256 
145219 63 
145352 150 
145352 68 
145352 65
145421 92 
146886 103 
146886 101 
147404 100 
147404 5
147404 1517
147404 10
149405 25 
149479 75 
149885 72 
149885 70 
150457 80 
150577 83 
151163 64 
151418 256 
151550 63 
151670 150 
151670 68 
151670 65
151748 92 
153198 103 
153198 101 
153709 100 
153709 5
153709 1517
153709 10
155708 25 
155794 75 
156201 72 
156201 70 
156774 80 
156894 83 
157121 64 
157362 256 
157480 63 
157614 150 
157614 68 
157614 65
157683 92 
159145 103 
159145 101 
159651 100 
159651 1
159651 1517
159651 11
159651 78 
161654 25 
161834 75 
162238 72 
162238 70 
162825 80 
162945 83 
163185 64 
163426 256 
163558 62 
163678 150 
163678 68 
163678 65
163747 92 
165207 103 
165207 101 
165722 100 
165722 1
165722 1517
165722 11
167721 25 
167802 75 
168208 72 
168208 70 
168783 80 
168902 83 
169142 64 
169383 256 
169515 62 
169649 150 
169649 68 
169649 65
169719 92 
170343 90 
171181 103 
171181 101 
171687 100 
171687 1
171687 1517
171687 11
173689 25 
173777 75 
174181 72 
174181 70 
174753 80 
174873 83 
175233 64 
175354 256 
175473 62 
175593 152 
175593 69 
175663 93 
176995 91 
177125 103 
177125 101 
177931 100 
177931 1
177931 1517
177931 11
179931 25 
180011 75 
180416 72 
180416 70 
180990 80 
181110 83 
182776 64 
183018 256 
183136 63 
183269 151 
183269 69 
183337 93 
184802 103 
184802 101 
185608 100 
185608 1
185608 1517
185608 10
187608 25 
187687 75 
188089 72 
188089 70 
188694 80 
188814 83 
190680 64 
191281 256 
191412 61 
191546 150 
191546 68 
191546 65
191615 92 
192021 90 
193080 103 
193080 101 
193585 100 
193585 1
193585 1517
193585 10
195585 25 
195671 75 
196072 72 
196072 70 
196650 80 
196770 83 
197130 64 
197266 256 
197397 61 
197530 150 
197530 68 
197530 65
197602 92 
198787 90 
199061 103 
199061 101 
199570 100 
199570 1
199570 1517
199570 11
201568 25 
201659 75 
202060 72 
202060 70 
202648 80 
202768 83 
204407 64 
204648 256 
204780 63 
204900 151 
204900 69 
204972 93 
206432 103 
206432 101 
207239 100 
207239 1
207239 1517
207239 10
209241 25 
209324 75 
209730 72 
209730 70 
210298 80 
210418 83 
211259 64 
211499 256 
211618 62 
211750 151 
211750 69 
211823 93 
213285 103 
213285 101 
214090 100 
214090 1
214090 1517
214090 11
216089 25 
216172 75 
216577 72 
216577 70 
217162 80 
217281 83 
221093 64 
221588 256 
221720 61 
221840 153 
221840 68 
221840 65
221912 92 
222333 90 
223372 103 
223372 101 
223878 100 
223878 1
223878 1517
223878 10
225883 25 
226240 75 
226645 72 
226645 70 
227237 80 
227357 83 
228303 64 
228545 61 
228663 150 
228663 68 
228663 65
228733 92 
229256 90 
230193 103 
230193 101 
230701 100 
230701 1
230701 1517
230701 10
232703 25 
232792 75 
233196 72 
233196 70 
233808 80 
233928 83 
234048 64 
234303 256 
234434 61 
234554 150 
234554 68 
234554 65
234626 92 
235839 90 
236086 103 
236086 101 
236592 100 
236592 1
236592 1517
236592 11
238594 25 
238673 75 
239077 72 
239077 70 
239685 80 
239805 83 
242124 64 
242619 256 
242751 62 
242871 150 
242871 68 
242871 65
242943 92 
243344 90 
244399 103 
244399 101 
244909 100 
244909 1
244909 1517
244909 11
246909 25 
246983 75 
247384 72 
247384 70 
248268 80 
248455 83 
249868 64 
250282 256 
250401 61 
250614 151 
250614 69 
250686 93 
251066 91 
252153 103 
252153 101 
252967 100 
252967 1
252967 1517
252967 10
254967 25 
255047 75 
255452 72 
255452 70 
259517 71 
259719 80 
259917 83 
261036 64 
261344 256 
261556 62 
261676 151 
261676 69 
261742 93 
263207 103 
263207 101 
264014 100 
264014 1
264014 1517
264014 11
266014 25 
266094 75 
266495 72 
266495 70 
267247 80 
267433 83 
270219 64 
270634 256 
270752 61 
270965 151 
270965 69 
271036 93 
271437 91 
271991 91 
272441 91 
272494 103 
272494 101 
273304 100 
273304 1
273304 1517
273304 10
275304 25 
275383 75 
275792 72 
275792 70 
276483 80 
276603 83 
277776 64 
278377 61 
278509 150 
278509 68 
278509 65
278579 92 
278979 90 
279003 90 
280041 103 
280041 101 
280549 100 
280549 1
280549 1517
280549 11
282551 25 
282633 75 
283034 72 
283034 70 
283640 80 
283760 83 
284120 64 
284496 256 
284613 61 
284746 151 
284746 69 
284817 93 
285753 91 
286092 91 
286277 103 
286277 101 
287083 100 
287083 1
287083 1517
287083 10
289084 25 
289166 75 
289573 72 
289573 70 
290157 80 
290277 83 
291570 64 
292185 256 
293502 61 
293623 150 
293623 68 
293623 65
293692 92 
294174 90 
295153 103 
295153 101 
295665 100 
295665 1
295665 1517
295665 10
297663 25 
297746 75 
298152 72 
298152 70 
298740 80 
298860 83 
299460 64 
299822 256 
299953 61 
300086 150 
300086 68 
300086 65
300156 92 
300577 90 
301615 103 
301615 101 
302124 100 
302124 1
302124 1517
302124 10
304125 25 
304461 75 
304633 73 
304936 72 
304936 70 
305511 80 
305630 83 
305870 64 
306125 256 
306244 61 
306377 150 
306377 68 
306377 65
306446 92 
306889 90 
307911 103 
307911 101 
308417 100 
308417 1
308417 1517
308417 11
310417 25 
310752 75 
311154 72 
311154 70 
311721 80 
311854 83 
312894 64 
313375 256 
313614 63 
313747 151 
313747 69 
313815 93 
314396 91 
315278 103 
315278 101 
316085 100 
316085 1
316085 1517
316085 11
318084 25 
318164 75 
318569 72 
318569 70 
319145 80 
319265 83 
321317 64 
322292 256 
322423 62 
322544 150 
322544 68 
322544 65
322615 92 
323073 90 
323278 90 
324074 103 
324074 101 
324583 100 
324583 1
324583 1517
324583 11
326583 25 
326663 75 
327064 72 
327064 70 
327635 80 
327754 83 
328447 64 
328942 256 
329300 62 
329420 150 
329420 68 
329420 65
329493 92 
329960 90 
330954 103 
330954 101 
331461 100 
331461 1
331461 1517
331461 10
333459 25 
333538 75 
333941 72 
333941 70 
334525 80 
334645 83 
335231 64 
335486 256 
335604 61 
335738 150 
335738 68 
335738 65
335807 92 
336235 90 
337269 103 
337269 101 
337777 100 
337777 1
337777 1517
337777 11
339778 25 
339862 75 
340266 72 
340266 70 
340842 80 
340962 83 
341868 64 
342112 62 
342228 152 
342228 69 
342295 93 
342811 91 
343164 91 
343760 103 
343760 101 
344567 100 
344567 1
344567 1517
344567 10
346566 25 
346650 75 
347052 72 
347052 70 
347666 80 
347786 83 
348865 64 
349467 256 
349598 62 
349732 151 
349732 69 
349800 93 
351262 103 
351262 101 
352070 100 
352070 1
352070 1517
352070 11
354071 25 
354149 75 
354550 72 
354550 70 
355116 80 
355236 83 
356955 64 
357915 61 
358048 151 
358048 69 
358115 93 
358554 91 
359582 103 
359582 101 
360391 100 
360391 1
360391 1517
360391 10
362389 25 
363676 75 
364082 72 
364082 70 
364672 80 
364792 83 
365592 64 
365957 256 
366085 61 
366218 150 
366218 68 
366218 65
366287 92 
367751 103 
367751 101 
368258 100 
368258 1
368258 1517
368258 11
370257 25 
370923 75 
371328 72 
371328 70 
371924 80 
372042 83 
373788 64 
374149 256 
374388 63 
374508 151 
374508 69 
374576 93 
376027 103 
376027 101 
376849 100 
376849 1
376849 1517
376849 10
378847 25 
378925 75 
379331 72 
379331 70 
380372 80 
380572 83 
380878 64 
381269 256 
381465 61 
381585 152 
381585 69 
381654 93 
382054 91 
382911 91 
383117 103 
383117 101 
383924 100 
383924 1
383924 1517
383924 10
385925 25 
386255 75 
386739 73 
387046 72 
387046 70 
388155 71 
388569 80 
388768 83 
390874 64 
391782 256 
391980 61 
392180 150 
392180 68 
392180 65
392249 92 
392863 90 
393710 103 
393710 101 
394218 100 
394218 1
394218 1517
394218 10
396221 25 
396981 75 
397386 72 
397386 70 
398178 80 
398364 83 
399071 64 
399459 256 
399657 61 
399857 150 
399857 68 
399857 65
399926 92 
400392 90 
401388 103 
401388 101 
401899 100 
401899 1
401899 1517
401899 11
403899 25 
404000 75 
404404 72 
404404 70 
405201 71 
405601 80 
405721 83 
407600 64 
408002 256 
408200 62 
408333 150 
408333 68 
408333 65
408404 92 
408940 90 
409864 103 
409864 101 
410373 100 
410373 1
410373 1517
410373 10
412373 25 
412612 75 
413015 72 
413015 70 
413838 80 
414038 83 
414624 64 
415025 256 
415237 61 
415437 150 
415437 68 
415437 65
415506 92 
416074 90 
416971 103 
416971 101 
417476 100 
417476 1
417476 1517
417476 11
419477 25 
419561 75 
419966 72 
419966 70 
420755 80 
420955 83 
422327 64 
422742 256 
422860 62 
423087 150 
423087 68 
423087 65
423159 92 
423551 90 
424619 103 
424619 101 
425127 100 
425127 1
425127 1517
425127 11
427130 25 
427216 75 
427618 72 
427618 70 
428418 80 
428605 83 
429484 64 
430965 256 
431084 61 
431204 151 
431204 69 
431268 93 
431659 91 
432738 103 
432738 101 
433542 100 
433542 1
433542 1517
433542 11
435544 25 
435621 75 
436028 72 
436028 70 
436615 80 
436735 83 
439920 64 
440175 256 
440293 62 
440413 150 
440413 68 
440413 65
440482 92 
441016 90 
441270 90 
441947 103 
441947 101 
442453 100 
442453 1
442453 1517
442453 10
444453 25 
444543 75 
444945 72 
444945 70 
445544 80 
445677 83 
446037 64 
446399 256 
446637 61 
446770 150 
446770 68 
446770 65
446846 92 
447230 90 
448300 103 
448300 101 
448808 100 
448808 1
448808 1517
448808 11
450810 25 
450899 75 
451307 72 
451307 70 
451902 80 
452021 83 
452834 64 
453076 256 
453208 62 
453328 150 
453328 68 
453328 65
453398 92 
454857 103 
454857 101 
455371 100 
455371 1
455371 1517
455371 10
457370 25 
457962 75 
458446 73 
458776 72 
458776 70 
459378 80 
459498 83 
459858 64 
460099 256 
460218 61 
460338 150 
460338 68 
460338 65
460408 92 
460873 90 
461870 103 
461870 101 
462375 100 
462375 1
462375 1517
462375 11
464376 25 
464462 75 
464868 72 
464868 70 
465442 80 
465562 83 
466029 64 
466164 256 
466282 62 
466404 150 
466404 68 
466404 65
466472 92 
467931 103 
467931 101 
468442 100 
468442 1
468442 1517
468442 10
470442 25 
470527 75 
470929 72 
470929 70 
471520 80 
471640 83 
471880 64 
472254 61 
472386 150 
472386 68 
472386 65
472457 92 
472942 90 
473914 103 
473914 101 
474426 100 
474426 1
474426 1517
474426 11
476425 25 
476909 75 
477196 73 
477522 72 
477522 70 
478117 80 
478237 83 
478570 64 
478703 256 
478825 62 
478943 150 
478943 68 
478943 65
479012 92 
480473 103 
480473 101 
480982 100 
480982 1
480982 1517
480982 10
482982 25 
483059 75 
483500 73 
483804 72 
483804 70 
484408 80 
484541 83 
484661 64 
484902 256 
485021 61 
485141 150 
485141 68 
485141 65
485209 92 
485707 90 
486671 103 
486671 101 
487182 100 
487182 1
487182 1517
487182 11
489181 25 
489270 75 
489675 72 
489675 70 
490259 80 
490378 83 
490858 64 
491104 256 
491231 62 
491351 152 
491351 69 
491420 93 
492885 103 
492885 101 
493706 100 
493706 1
493706 1517
493706 10
495704 25 
495789 75 
496194 72 
496194 70 
496776 80 
496896 83 
497828 64 
498310 256 
498442 61 
498562 150 
498562 68 
498562 65
498631 92 
499045 90 
500092 103 
500092 101 
500600 100 
500600 2
500600 1517
500600 11
500600 78 
502602 25 
503075 75 
503476 72 
503476 70 
504093 80 
504212 83 
505025 64 
505280 256 
505399 62 
505532 151 
505532 69 
505600 93 
507064 103 
507064 101 
507870 100 
507870 2
507870 1517
507870 10
509871 25 
509954 75 
510356 72 
510356 70 
510956 80 
511076 83 
512009 64 
512251 256 
512609 63 
512742 151 
512742 69 
512805 93 
514271 103 
514271 101 
515080 100 
515080 2
515080 1517
515080 11
517080 25 
517589 75 
517990 72 
517990 70 
518566 80 
518686 83 
520539 64 
521272 256 
521394 61 
521512 151 
521512 69 
521577 93 
522127 91 
522810 91 
523045 103 
523045 101 
523850 100 
523850 2
523850 1517
523850 11
525851 25 
527488 75 
527688 73 
528094 72 
528094 70 
528949 80 
529135 83 
530148 64 
531309 62 
531521 151 
531521 69 
531589 93 
533052 103 
533052 101 
533859 100 
533859 2
533859 1517
533859 10
535861 25 
536232 75 
536375 73 
536705 72 
536705 70 
537518 80 
537705 83 
538411 64 
539051 256 
539173 61 
539371 150 
539371 68 
539371 65
539442 92 
539947 90 
540899 103 
540899 101 
541409 100 
541409 2
541409 1517
541409 10
543410 25 
544014 75 
544420 72 
544420 70 
545208 80 
545395 83 
545715 64 
546103 256 
546301 61 
546501 150 
546501 68 
546501 65
546570 92 
547036 90 
548038 103 
548038 101 
548560 100 
548560 2
548560 1517
548560 10
550557 25 
551019 75 
551219 73 
551528 72 
551528 70 
552339 80 
552525 83 
553298 64 
554246 256 
554644 61 
554844 152 
554844 69 
554912 93 
556375 103 
556375 101 
557184 100 
557184 2
557184 1517
557184 11
559183 25 
559262 75 
559666 72 
559666 70 
560442 80 
560642 83 
561601 64 
561989 256 
562108 63 
563241 150 
563241 68 
563241 65
563309 92 
563937 90 
564772 103 
564772 101 
565279 100 
565279 2
565279 1517
565279 10
567281 25 
567356 75 
567764 72 
567764 70 
569451 250 
570024 71 
570144 80 
570264 83 
570957 64 
571679 256 
572170 63 
572303 151 
572303 69 
572371 93 
573834 103 
573834 101 
574644 100 
574644 2
574644 1517
574644 11
576643 25 
583958 75 
584850 73 
585155 72 
585155 70 
585764 250 
586684 71 
587031 80 
587150 83 
587630 76 
590349 64 
591190 256 
591322 61 
591442 151 
591442 69 
591510 93 
592972 103 
592972 101 
593781 100 
593781 2
593781 1517
593781 11
595781 25 
595860 75 
596263 72 
596263 70 
596640 250 
596761 71 
597119 80 
597239 83 
598665 76 
599254 64 
599853 256 
600585 63 
600718 150 
600718 68 
600718 65
600783 92 
602249 103 
602249 101 
602763 100 
602763 2
602763 1517
602763 10
604761 25 
604847 75 
605247 72 
605247 70 
605836 80 
605956 83 
606795 64 
607157 256 
607275 61 
607408 150 
607408 68 
607408 65
607480 92 
608080 90 
608941 103 
608941 101 
609449 100 
609449 2
609449 1517
609449 11
611448 25 
611537 75 
611819 73 
612125 72 
612125 70 
612739 80 
612859 83 
613713 64 
613967 256 
614099 63 
614219 152 
614219 69 
614288 93 
615752 103 
615752 101 
616559 100 
616559 2
616559 1517
616559 10
618558 25 
618637 75 
619041 72 
619041 70 
619617 80 
619737 83 
621629 64 
621870 256 
622229 63 
622362 151 
622362 69 
622434 93 
623375 91 
623821 91 
623896 103 
623896 101 
624700 100 
624700 2
624700 1517
624700 11
626701 25 
629733 75 
629856 73 
630262 72 
630262 70 
630852 80 
630972 83 
632038 64 
632639 256 
632891 61 
633024 151 
633024 69 
633097 93 
634557 103 
634557 101 
635368 100 
635368 2
635368 1517
635368 11
637367 25 
637809 75 
638215 72 
638215 70 
638808 80 
638928 83 
640927 64 
641529 256 
641661 61 
641781 151 
641781 69 
641848 93 
643310 103 
643310 101 
644119 100 
644119 2
644119 1517
644119 10
646120 25 
646793 75 
647194 72 
647194 70 
647765 80 
647885 83 
648578 64 
648952 256 
649071 61 
649191 150 
649191 68 
649191 65
649261 92 
649783 90 
650719 103 
650719 101 
651229 100 
651229 2
651229 1517
651229 10
653230 25 
653615 75 
653782 73 
654182 72 
654182 70 
654788 80 
654908 83 
655148 64 
655390 62 
655521 150 
655521 68 
655521 65
655597 92 
657049 103 
657049 101 
657561 100 
657561 2
657561 1517
657561 11
659561 25 
661331 75 
661735 72 
661735 70 
662332 80 
662452 83 
663278 64 
663773 256 
664131 63 
664264 150 
664264 68 
664264 65
664334 92 
665793 103 
665793 101 
666302 100 
666302 2
666302 1517
666302 10
668304 25 
668375 75 
668780 72 
668780 70 
669689 80 
669902 83 
670595 64 
671130 256 
671328 61 
671530 150 
671530 68 
671530 65
671598 92 
672038 90 
673060 103 
673060 101 
673566 100 
673566 2
673566 1517
673566 10
675567 25 
676126 75 
676528 72 
676528 70 
677299 80 
677499 83 
677712 64 
677847 256 
677965 61 
678098 150 
678098 68 
678098 65
678174 92 
678917 90 
679628 103 
679628 101 
680137 100 
680137 2
680137 1517
680137 10
682137 25 
682708 75 
683112 72 
683112 70 
683709 80 
683829 83 
683949 64 
684191 61 
684309 150 
684309 68 
684309 65
684379 92 
684989 90 
685842 103 
685842 101 
686348 100 
686348 2
686348 1517
686348 11
688347 25 
688433 75 
688840 72 
688840 70 
689440 80 
689573 83 
690160 64 
690535 256 
690653 63 
690773 150 
690773 68 
690773 65
690842 92 
692302 103 
692302 101 
692812 100 
692812 2
692812 1517
692812 11
694811 25 
694898 75 
695301 72 
695301 70 
695877 80 
695997 83 
696344 64 
696585 256 
696704 63 
696839 150 
696839 68 
696839 65
696903 92 
698365 103 
698365 101 
698877 100 
698877 2
698877 1517
698877 11
700875 25 
700948 75 
701348 72 
701348 70 
701942 80 
702061 83 
702541 64 
702663 256 
702781 63 
702914 150 
702914 68 
702914 65
702986 92 
704444 103 
704444 101 
704951 100 
704951 2
704951 1517
704951 10
706955 25 
707039 75 
707439 72 
707439 70 
708032 80 
708152 83 
708405 64 
708661 256 
708779 61 
708912 150 
708912 68 
708912 65
708983 92 
710445 103 
710445 101 
710952 100 
710952 2
710952 1517
710952 10
712950 25 
713263 75 
713372 73 
713704 72 
713704 70 
714310 80 
714429 83 
714669 64 
714924 256 
715043 61 
715176 150 
715176 68 
715176 65
715246 92 
715746 90 
715911 90 
716709 103 
716709 101 
717216 100 
717216 2
717216 1517
717216 10
719214 25 
719305 75 
719423 73 
719744 72 
719744 70 
720334 80 
720454 83 
720693 64 
720947 256 
721082 61 
721213 150 
721213 68 
721213 65
721284 92 
722746 103 
722746 101 
723251 100 
723251 2
723251 1517
723251 11
725254 25 
725603 75 
727364 73 
727680 72 
727680 70 
728277 80 
728397 83 
729090 64 
729349 256 
729476 63 
729610 150 
729610 68 
729610 65
729681 92 
731140 103 
731140 101 
731649 100 
731649 2
731649 1517
731649 11
733648 25 
733734 75 
734135 72 
734135 70 
734754 80 
734874 83 
735234 64 
735369 256 
735488 63 
735622 152 
735622 69 
735702 93 
736653 91 
737165 103 
737165 101 
737971 100 
737971 4
737971 1517
737971 11
737971 78 
739974 25 
741020 75 
741133 73 
741447 72 
741447 70 
742058 80 
742178 83 
743777 64 
745458 256 
745576 61 
745709 150 
745709 68 
745709 65
745777 92 
746253 90 
747243 103 
747243 101 
747749 100 
747749 4
747749 1517
747749 11
749750 25 
749838 75 
750243 72 
750243 70 
750827 80 
750947 83 
751187 64 
751429 256 
751547 61 
751680 150 
751680 68 
751680 65
751750 92 
752318 90 
753215 103 
753215 101 
753733 100 
753733 4
753733 1517
753733 10
755733 25 
756338 75 
756616 73 
756922 72 
756922 70 
757518 80 
757638 83 
758357 64 
758599 256 
758717 61 
758850 151 
758850 69 
758925 93 
760256 91 
760384 103 
760384 101 
761189 100 
761189 4
761189 1517
761189 10
763190 25 
764161 75 
764564 72 
764564 70 
765154 80 
765274 83 
765994 64 
766849 256 
766980 61 
767100 151 
767100 69 
767168 93 
767592 91 
768631 103 
768631 101 
769440 100 
769440 4
769440 1517
769440 10
771440 25 
772090 75 
772495 72 
772495 70 
773111 80 
773231 83 
774644 64 
775005 256 
775124 61 
775257 151 
775257 69 
775328 93 
776084 91 
776784 103 
776784 101 
777597 100 
777597 4
777597 1517
777597 11
779597 25 
779675 75 
780080 72 
780080 70 
780935 71 
781334 80 
781521 83 
782814 64 
783402 256 
783533 61 
783733 152 
783733 69 
783803 93 
784262 91 
785265 103 
785265 101 
786071 100 
786071 4
786071 1517
786071 11
788072 25 
789113 75 
789518 72 
789518 70 
790307 80 
790504 83 
804324 252 
804873 256 
805071 63 
805204 151 
805204 69 
805268 93 
806535 91 
806735 103 
806735 101 
807543 100 
807543 4
807543 1517
807543 10
809543 25 
810959 75 
811362 72 
811362 70 
812121 80 
812241 83 
814507 76 
814920 64 
815760 61 
815959 151 
815959 69 
816027 93 
817345 91 
817487 103 
817487 101 
818298 100 
818298 4
818298 1517
818298 10
820299 25 
821617 75 
822197 73 
822500 72 
822500 70 
823290 80 
823490 83 
824211 64 
827503 256 
827701 61 
827901 151 
827901 69 
827969 93 
828536 91 
829431 103 
829431 101 
830239 100 
830239 4
830239 1517
830239 11
832240 25 
832670 75 
832891 73 
833226 72 
833226 70 
834005 80 
834205 83 
837803 64 
838565 256 
838696 61 
838896 150 
838896 68 
838896 65
838970 92 
840431 103 
840431 101 
840949 100 
840949 4
840949 1517
840949 11
842950 25 
843039 75 
843446 72 
843446 70 
844241 80 
844441 83 
844947 64 
845348 61 
845480 150 
845480 68 
845480 65
845551 92 
846189 90 
847013 103 
847013 101 
847518 100 
847518 4
847518 1517
847518 11
849519 25 
849591 75 
850000 72 
850000 70 
850838 80 
851025 83 
852118 64 
852334 256 
852531 61 
852664 150 
852664 68 
852664 65
852735 92 
853245 90 
854201 103 
854201 101 
854716 100 
854716 4
854716 1517
854716 10
856717 25 
857263 75 
857664 72 
857664 70 
858435 80 
858635 83 
859314 64 
859516 256 
859714 61 
859834 151 
859834 69 
859904 93 
861368 103 
861368 101 
862174 100 
862174 4
862174 1517
862174 11
864174 25 
864252 75 
864653 72 
864653 70 
865445 80 
865632 83 
866645 64 
867033 256 
867231 61 
867431 150 
867431 68 
867431 65
867500 92 
867915 90 
868966 103 
868966 101 
869484 100 
869484 4
869484 1517
869484 10
871483 25 
871560 75 
871962 72 
871962 70 
873175 250 
873895 71 
874095 80 
874308 83 
875081 64 
875576 62 
875707 151 
875707 69 
875775 93 
877241 103 
877241 101 
878048 100 
878048 4
878048 1517
878048 11
880047 25 
883184 75 
884334 73 
890123 254 
892057 73 
893795 73 
894098 72 
894098 70 
894686 80 
894806 83 
895979 64 
896342 62 
896472 151 
896472 69 
896539 93 
897279 91 
898005 103 
898005 101 
898809 100 
898809 4
898809 1517
898809 10
900811 25 
900896 75 
910886 254 
911816 73 
912123 72 
912123 70 
912732 71 
912973 80 
913091 83 
917583 64 
917958 256 
918089 61 
918223 151 
918223 69 
918289 93 
918905 91 
919754 103 
919754 101 
920561 100 
920561 4
920561 1517
920561 10
922561 25 
922640 75 
923043 72 
923043 70 
923634 80 
923754 83 
924700 64 
925181 256 
925299 63 
925433 151 
925433 69 
925501 93 
926961 103 
926961 101 
927772 100 
927772 4
927772 1517
927772 10
929772 25 
930205 75 
930606 72 
930606 70 
931204 80 
931324 83 
932403 64 
932645 256 
932776 62 
932896 152 
932896 69 
932967 93 
934429 103 
934429 101 
935235 100 
935235 4
935235 1517
935235 11
937235 25 
937314 75 
937721 72 
937721 70 
938334 80 
938454 83 
939294 64 
939669 256 
939800 61 
939933 150 
939933 68 
939933 65
940003 92 
940520 90 
941464 103 
941464 101 
941975 100 
941975 4
941975 1517
941975 10
943972 25 
944315 75 
944722 72 
944722 70 
945318 80 
945558 250 
947252 76 
947384 83 
947623 64 
947866 256 
947997 61 
948117 151 
948117 69 
948186 93 
949053 91 
949118 91 
949651 103 
949651 101 
950454 100 
950454 4
950454 1517
950454 10
952456 25 
952540 75 
952944 72 
952944 70 
953514 80 
953634 83 
954834 64 
955195 256 
955313 61 
955447 153 
955447 68 
955447 65
955521 92 
956034 90 
956974 103 
956974 101 
957485 100 
957485 4
957485 1517
957485 11
959487 25 
959571 75 
959976 72 
959976 70 
960591 80 
960711 83 
962724 64 
963445 256 
963563 61 
963696 150 
963696 68 
963696 65
963767 92 
964259 90 
965179 90 
965227 103 
965227 101 
965737 100 
965737 4
965737 1517
965737 10
967735 25 
969133 75 
969541 72 
969541 70 
970134 80 
970254 83 
970627 64 
970869 256 
971000 61 
971133 151 
971133 69 
971202 93 
971888 91 
972661 103 
972661 101 
973471 100 
973471 4
973471 1517
973471 11
975474 25 
975997 75 
976397 72 
976397 70 
977264 80 
977451 83 
978170 64 
978385 256 
978583 61 
978717 150 
978717 68 
978717 65
978786 92 
980245 103 
980245 101 
980756 100 
980756 4
980756 1517
980756 10
982757 25 
982846 75 
983252 72 
983252 70 
983981 80 
984168 83 
984354 64 
984556 256 
984754 61 
984887 151 
984887 69 
984958 93 
986206 91 
986248 91 
986415 103 
986415 101 
987231 100 
987231 4
987231 1517
987231 11
989230 25 
989307 75 
989707 72 
989707 70 
990445 80 
990632 83 
991725 64 
991926 256 
992124 61 
992324 150 
992324 68 
992324 65
992394 92 
993855 103 
993855 101 
994365 100 
994365 4
994365 1517
994365 11
996363 25 
996438 75 
1006432 254 
1008734 73 
1009040 72 
1009040 70 
1009850 80 
1009970 83 
1015794 76 
1020339 252 
1020599 256 
1020725 61 
1020859 150 
1020859 68 
1020859 65
1020931 92 
1022392 103 
1022392 101 
1022897 100 
1022897 4
1022897 1517
1022897 11
1024898 25 
1034975 254 
1041489 75 
1041835 73 
1041943 73 
1042328 72 
1042328 70 
1042916 80 
1043036 83 
1043636 64 
1044010 61 
1044142 150 
1044142 68 
1044142 65
1044211 92 
1044682 90 
1045672 103 
1045672 101 
1046180 100 
1046180 4
1046180 1517
1046180 10
1048180 25 
1048702 75 
1048979 73 
1049283 72 
1049283 70 
1049860 80 
1049980 83 
1050579 64 
1050954 256 
1051073 61 
1051206 151 
1051206 69 
1051273 93 
1052738 103 
1052738 101 
1053546 100 
1053546 4
1053546 1517
1053546 11
1055544 25 
1055623 75 
1056026 72 
1056026 70 
1056604 80 
1056724 83 
1057443 64 
1057685 61 
1057816 150 
1057816 68 
1057816 65
1057887 92 
1058406 90 
1059347 103 
1059347 101 
1059856 100 
1059856 4
1059856 1517
1059856 11
1061855 25 
1063719 75 
1064120 72 
1064120 70 
1064707 80 
1064827 83 
1065187 64 
1065428 61 
1065560 150 
1065560 68 
1065560 65
1065632 92 
1066192 90 
1066945 90 
1067094 103 
1067094 101 
1067600 100 
1067600 4
1067600 1517
1067600 10
1069598 25 
1069675 75 
1070078 72 
1070078 70 
1070651 80 
1070771 83 
1071131 64 
1071266 62 
1071397 151 
1071397 69 
1071465 93 
1072793 91 
1072928 103 
1072928 101 
1073736 100 
1073736 4
1073736 1517
1073736 10
1075737 25 
1085811 254 
1089911 75 
1090314 72 
1090314 70 
1090922 80 
1091042 83 
1093894 64 
1094136 256 
1094267 62 
1094401 150 
1094401 68 
1094401 65
1094470 92 
1094932 90 
1095930 103 
1095930 101 
1096439 100 
1096439 4
1096439 1517
1096439 11
1098441 25 
1098530 75 
1098937 72 
1098937 70 
1099519 80 
1099639 83 
1100225 64 
1100360 256 
1100478 61 
1100598 150 
1100598 68 
1100598 65
1100669 92 
1102127 103 
1102127 101 
1102640 100 
1102640 4
1102640 1517
1102640 11
1104640 25 
1104722 75 
1105127 72 
1105127 70 
1105716 80 
1105836 83 
1108328 64 
1108570 256 
1108701 62 
1108835 153 
1108835 68 
1108835 65
1108902 92 
1109336 90 
1110365 103 
1110365 101 
1110873 100 
1110873 4
1110873 1517
1110873 10
1112875 25 
1112959 75 
1113301 73 
1113633 72 
1113633 70 
1114512 80 
1114725 83 
1115805 64 
1116006 256 
1116205 61 
1116338 151 
1116338 69 
1116405 93 
1116998 91 
1117602 91 
1117870 103 
1117870 101 
1118677 100 
1118677 4
1118677 1517
1118677 10
1120678 25 
1128669 75 
1129070 72 
1129070 70 
1129826 80 
1129946 83 
1140301 252 
1140796 256 
1141290 61 
1141421 150 
1141421 68 
1141421 65
1141495 92 
1142950 103 
1142950 101 
1143459 100 
1143459 4
1143459 1517
1143459 11
1145460 25 
1145546 75 
1145949 72 
1145949 70 
1146565 80 
1146685 83 
1147538 64 
1147779 256 
1147898 62 
1148031 151 
1148031 69 
1148100 93 
1148895 91 
1149564 103 
1149564 101 
1150370 100 
1150370 4
1150370 1517
1150370 10
1152371 25 
1152449 75 
1152851 72 
1152851 70 
1153442 80 
1153562 83 
1154269 64 
1154510 256 
1154642 62 
1154775 150 
1154775 68 
1154775 65
1154845 92 
1156305 103 
1156305 101 
1156816 100 
1156816 4
1156816 1517
1156816 10
1158815 25 
1158886 75 
1159293 72 
1159293 70 
1159893 80 
1160013 83 
1160359 64 
1160627 62 
1160759 150 
1160759 68 
1160759 65
1160829 92 
1162293 103 
1162293 101 
1162797 100 
1162797 4
1162797 1517
1162797 11
1164799 25 
1165555 75 
1165957 72 
1165957 70 
1166557 80 
1166677 83 
1167036 76 
1167396 64 
1167878 256 
1167996 62 
1168131 151 
1168131 69 
1168199 93 
1169201 91 
1169659 103 
1169659 101 
1170470 100 
1170470 4
1170470 1517
1170470 11
1172470 25 
1172547 75 
1172951 72 
1172951 70 
1173540 80 
1173660 83 
1180364 64 
1180619 256 
1180737 62 
1180871 151 
1180871 69 
1180938 93 
1182401 103 
1182401 101 
1183211 100 
1183211 4
1183211 1517
1183211 11
1185211 25 
1194468 75 
1195141 73 
1195284 254 
1195447 72 
1195447 70 
1196051 80 
1196171 83 
1202688 64 
1202809 256 
1202928 62 
1203061 151 
1203061 69 
1203127 93 
1203706 91 
1204099 91 
1204595 103 
1204595 101 
1205399 100 
1205399 4
1205399 1517
1205399 11
1207402 25 
1207478 75 
1207883 72 
1207883 70 
1208472 80 
1208592 83 
1209298 64 
1210633 256 
1210751 62 
1210871 151 
1210871 69 
1210934 93 
1211546 91 
1211926 91 
1212404 103 
1212404 101 
1213209 100 
1213209 4
1213209 1517
1213209 11
1215212 25 
1215289 75 
1215692 72 
1215692 70 
1216269 80 
1216389 83 
1217228 64 
1217710 256 
1217828 62 
1217961 151 
1217961 69 
1218030 93 
1219490 103 
1219490 101 
1220302 100 
1220302 4
1220302 1517
1220302 10
1222301 25 
1222379 75 
1222779 72 
1222779 70 
1223372 80 
1223492 83 
1224319 64 
1224813 256 
1224945 62 
1225078 150 
1225078 68 
1225078 65
1225149 92 
1225669 90 
1226613 103 
1226613 101 
1227117 100 
1227117 4
1227117 1517
1227117 10
1229117 25 
1229202 75 
1229605 72 
1229605 70 
1230476 80 
1230676 83 
1231169 64 
1231371 256 
1231582 62 
1231795 152 
1231795 69 
1231865 93 
1232747 91 
1233325 103 
1233325 101 
1234134 100 
1234134 4
1234134 1517
1234134 10
1236136 25 
1236213 75 
1236616 72 
1236616 70 
1237393 80 
1237580 83 
1240525 64 
1241220 256 
1242699 61 
1242897 151 
1242897 69 
1242964 93 
1243569 91 
1244431 103 
1244431 101 
1245238 100 
1245238 4
1245238 1517
1245238 10
1247237 25 
1257308 254 
1279661 75 
1280259 73 
1280565 72 
1280565 70 
1281348 80 
1281534 83 
1284026 64 
1284241 256 
1284866 62 
1285066 150 
1285066 68 
1285066 65
1285137 92 
1285954 90 
1286595 103 
1286595 101 
1287110 100 
1287110 4
1287110 1517
1287110 11
1289109 25 
1289190 75 
1289596 72 
1289596 70 
1290384 80 
1290584 83 
1291463 64 
1291851 256 
1291970 61 
1292183 150 
1292183 68 
1292183 65
1292257 92 
1292857 90 
1293713 103 
1293713 101 
1294223 100 
1294223 4
1294223 1517
1294223 11
1296221 25 
1297811 75 
1298215 72 
1298215 70 
1299020 80 
1299207 83 
1299433 64 
1300008 256 
1300140 61 
1300366 150 
1300366 68 
1300366 65
1300436 92 
1300920 90 
1301896 103 
1301896 101 
1302404 100 
1302404 4
1302404 1517
1302404 10
1304408 25 
1304495 75 
1304901 72 
1304901 70 
1305644 80 
1305831 83 
1306790 64 
1307098 256 
1307297 62 
1307417 150 
1307417 68 
1307417 65
1307488 92 
1307994 90 
1308219 90 
1308949 103 
1308949 101 
1309457 100 
1309457 4
1309457 1517
1309457 10
1311455 25 
1311527 75 
1311929 72 
1311929 70 
1312654 80 
1312841 83 
1313027 64 
1313242 256 
1313454 62 
1313574 150 
1313574 68 
1313574 65
1313645 92 
1315108 103 
1315108 101 
1315611 100 
1315611 4
1315611 1517
1315611 11
1317614 25 
1317685 75 
1318089 72 
1318089 70 
1318865 80 
1319052 83 
1319251 64 
1319665 61 
1319865 150 
1319865 68 
1319865 65
1319937 92 
1320968 90 
1321203 90 
1321394 103 
1321394 101 
1321903 100 
1321903 4
1321903 1517
1321903 11
1323904 25 
1323976 75 
1325354 73 
1325660 72 
1325660 70 
1326435 80 
1326555 83 
1327301 64 
1327505 256 
1327701 61 
1327834 150 
1327834 68 
1327834 65
1327902 92 
1328394 90 
1329363 103 
1329363 101 
1329873 100 
1329873 4
1329873 1517
1329873 10
1331872 25 
1334673 75 
1335080 72 
1335080 70 
1335578 250 
1336724 71 
1368044 71 
1368164 80 
1368284 83 
1369603 76 
1369963 252 
1370219 256 
1370336 62 
1370456 150 
1370456 68 
1370456 65
1370525 92 
1371987 103 
1371987 101 
1372494 100 
1372494 4
1372494 1517
1372494 10
1374496 25 
1374567 75 
1374975 72 
1374975 70 
1375548 80 
1375667 83 
1376014 64 
1376135 256 
1376267 62 
1376400 152 
1376400 69 
1376469 93 
1377933 103 
1377933 101 
1378740 100 
1378740 4
1378740 1517
1378740 10
1380739 25 
1390810 254 
1409435 75 
1409843 72 
1409843 70 
1411252 71 
1411612 80 
1411732 83 
1423460 252 
1423594 256 
1423715 62 
1423847 150 
1423847 68 
1423847 65
1423916 92 
1425381 103 
1425381 101 
1425886 100 
1425886 4
1425886 1517
1425886 11
1427887 25 
1427966 75 
1428373 72 
1428373 70 
1428951 80 
1429073 83 
1429671 64 
1429806 256 
1430177 62 
1430311 151 
1430311 69 
1430377 93 
1431475 91 
1431843 103 
1431843 101 
1432650 100 
1432650 4
1432650 1517
1432650 11
1434648 25 
1434728 75 
1435134 72 
1435134 70 
1435935 80 
1436122 83 
1437428 64 
1437789 256 
1437921 61 
1438054 150 
1438054 68 
1438054 65
1438123 92 
1438664 90 
1439584 103 
1439584 101 
1440095 100 
1440095 4
1440095 1517
1440095 11
1442093 25 
1442727 75 
1442966 73 
1443273 72 
1443273 70 
1443865 80 
1443985 83 
1444358 64 
1444719 256 
1444838 61 
1444971 150 
1444971 68 
1444971 65
1445040 92 
1446445 90 
1446506 103 
1446506 101 
1447024 100 
1447024 4
1447024 1517
1447024 10
1449024 25 
1449538 75 
1450104 73 
1450405 72 
1450405 70 
1450995 80 
1451115 83 
1451355 64 
1452809 256 
1452941 61 
1453061 151 
1453061 69 
1453126 93 
1453958 91 
1454594 103 
1454594 101 
1455417 100 
1455417 4
1455417 1517
1455417 10
1457415 25 
1457735 75 
1458137 72 
1458137 70 
1458752 80 
1458872 83 
1460071 64 
1460206 256 
1460325 62 
1460445 150 
1460445 68 
1460445 65
1460518 92 
1461977 103 
1461977 101 
1462484 100 
1462484 4
1462484 1517
1462484 11
1464483 25 
1464569 75 
1464976 72 
1464976 70 
1465549 80 
1465669 83 
1466042 64 
1466537 256 
1466655 61 
1466789 150 
1466789 68 
1466789 65
1466859 92 
1467734 90 
1468262 90 
1468323 103 
1468323 101 
1468841 100 
1468841 4
1468841 1517
1468841 11
1470842 25 
1470926 75 
1471334 72 
1471334 70 
1471935 80 
1472053 83 
1472306 64 
1472561 256 
1472693 61 
1472813 150 
1472813 68 
1472813 65
1472881 92 
1474343 103 
1474343 101 
1474851 100 
1474851 3
1474851 1517
1474851 10
1474851 78 
1476852 25 
1478160 75 
1478563 72 
1478563 70 
1481902 71 
1482262 80 
1482382 83 
1483088 64 
1483330 256 
1483461 62 
1483581 152 
1483581 69 
1483650 93 
1485055 91 
1485111 103 
1485111 101 
1485922 100 
1485922 3
1485922 1517
1485922 10
1487920 25 
1487999 75 
1488400 72 
1488400 70 
1488979 80 
1489099 83 
1490592 64 
1490833 256 
1491325 62 
1491458 150 
1491458 68 
1491458 65
1491528 92 
1492989 103 
1492989 101 
1493499 100 
1493499 3
1493499 1517
1493499 11
1495496 25 
1495569 75 
1495976 72 
1495976 70 
1496576 80 
1496698 83 
1497056 64 
1497310 256 
1497442 61 
1497562 151 
1497562 69 
1497635 93 
1498268 91 
1499096 103 
1499096 101 
1499900 100 
1499900 3
1499900 1517
1499900 10
1501902 25 
1502165 75 
1502368 73 
1502668 72 
1502668 70 
1503280 80 
1503400 83 
1504359 64 
1504719 62 
1504852 150 
1504852 68 
1504852 65
1504923 92 
1506382 103 
1506382 101 
1506892 100 
1506892 3
1506892 1517
1506892 11
1508892 25 
1509547 75 
1509952 72 
1509952 70 
1510543 80 
1510677 83 
1515514 64 
1520086 252 
1544304 256 
1544502 62 
1544622 151 
1544622 69 
1544690 93 
1545361 91 
1545824 91 
1546155 103 
1546155 101 
1546961 100 
1546961 3
1546961 1517
1546961 10
1548960 25 
1549871 75 
1550071 73 
1550373 72 
1550373 70 
1551139 250 
1551381 71 
1551859 71 
1551979 80 
1552099 83 
1552805 64 
1553406 256 
1553525 62 
1553658 150 
1553658 68 
1553658 65
1553728 92 
1554326 90 
1555190 103 
1555190 101 
1555697 100 
1555697 3
1555697 1517
1555697 11
1557698 25 
1557771 75 
1558174 72 
1558174 70 
1558789 80 
1558909 83 
1559272 64 
1559524 256 
1559656 61 
1559789 151 
1559789 69 
1559856 93 
1560738 91 
1561230 91 
1561319 103 
1561319 101 
1562129 100 
1562129 3
1562129 1517
1562129 10
1564128 25 
1574023 75 
1574203 254 
1575405 73 
1609328 73 
1609729 72 
1609729 70 
1610327 80 
1610447 83 
1615965 64 
1616100 256 
1616338 62 
1616458 150 
1616458 68 
1616458 65
1616529 92 
1617990 103 
1617990 101 
1618498 100 
1618498 3
1618498 1517
1618498 11
1620499 25 
1620587 75 
1620994 72 
1620994 70 
1621589 80 
1621709 83 
1622655 64 
1623510 256 
1623762 63 
1623895 150 
1623895 68 
1623895 65
1623960 92 
1625427 103 
1625427 101 
1625934 100 
1625934 3
1625934 1517
1625934 10
1627933 25 
1628006 75 
1628412 72 
1628412 70 
1629013 80 
1629133 83 
1629613 64 
1629987 256 
1630119 62 
1630239 150 
1630239 68 
1630239 65
1630309 92 
1631773 103 
1631773 101 
1632279 100 
1632279 3
1632279 1517
1632279 11
1634278 25 
1634355 75 
1634760 72 
1634760 70 
1635357 80 
1635477 83 
1635836 64 
1636198 63 
1636330 152 
1636330 69 
1636397 93 
1637861 103 
1637861 101 
1638667 100 
1638667 3
1638667 1517
1638667 11
1640669 25 
1640747 75 
1641151 72 
1641151 70 
1641741 80 
1641861 83 
1642687 64 
1642928 256 
1643180 63 
1643313 150 
1643313 68 
1643313 65
1643383 92 
1644846 103 
1644846 101 
1645354 100 
1645354 3
1645354 1517
1645354 10
1647351 25 
1647424 75 
1647827 72 
1647827 70 
1648418 80 
1648538 83 
1649591 64 
1649725 256 
1649857 62 
1649990 150 
1649990 68 
1649990 65
1650060 92 
1651522 103 
1651522 101 
1652029 100 
1652029 3
1652029 1517
1652029 10
1654029 25 
1655817 75 
1656054 73 
1656458 72 
1656458 70 
1657347 80 
1657547 83 
1657934 64 
1658069 256 
1658267 62 
1658387 150 
1658387 68 
1658387 65
1658464 92 
1659009 90 
1659903 90 
1659917 103 
1659917 101 
1660427 100 
1660427 3
1660427 1517
1660427 10
1662426 25 
1666010 75 
1669290 73 
1671222 73 
1672495 254 
1673999 73 
1674303 72 
1674303 70 
1675806 71 
1676193 80 
1676393 83 
1679125 64 
1682885 256 
1684656 252 
1712990 61 
1713124 151 
1713124 69 
1713192 93 
1714654 103 
1714654 101 
1715462 100 
1715462 3
1715462 1517
1715462 11
1717462 25 
1720843 75 
1721251 72 
1721251 70 
1721840 80 
1721960 83 
1723586 64 
1723841 256 
1723959 63 
1724079 150 
1724079 68 
1724079 65
1724148 92 
1725612 103 
1725612 101 
1726116 100 
1726116 3
1726116 1517
1726116 10
1728119 25 
1728203 75 
1728608 72 
1728608 70 
1729197 80 
1729317 83 
1729810 64 
1729944 256 
1730063 62 
1730196 150 
1730196 68 
1730196 65
1730265 92 
1731730 103 
1731730 101 
1732235 100 
1732235 3
1732235 1517
1732235 11
1734235 25 
1734312 75 
1734715 72 
1734715 70 
1735287 80 
1735407 83 
1735647 64 
1735889 256 
1736127 63 
1736380 150 
1736380 68 
1736380 65
1736449 92 
1737915 103 
1737915 101 
1738419 100 
1738419 3
1738419 1517
1738419 11
1740420 25 
1740491 75 
1740898 72 
1740898 70 
1741498 80 
1741618 83 
1741858 64 
1742100 63 
1742231 150 
1742231 68 
1742231 65
1742299 92 
1743764 103 
1743764 101 
1744271 100 
1744271 3
1744271 1517
1744271 10
1746271 25 
1751078 75 
1751280 73 
1752008 73 
1752309 72 
1752309 70 
1752907 80 
1753026 83 
1763915 252 
1764050 256 
1764168 61 
1764288 151 
1764288 69 
1764360 93 
1765820 103 
1765820 101 
1766628 100 
1766628 3
1766628 1517
1766628 11
1768628 25 
1768707 75 
1769108 72 
1769108 70 
1769699 80 
1769819 83 
1771659 64 
1772020 256 
1772138 63 
1772272 150 
1772272 68 
1772272 65
1772345 92 
1773804 103 
1773804 101 
1774314 100 
1774314 3
1774314 1517
1774314 10
1776311 25 
1776396 75 
1776845 73 
1777188 72 
1777188 70 
1778082 80 
1778269 83 
1778576 64 
1778964 256 
1779162 63 
1779375 151 
1779375 69 
1779448 93 
1780904 103 
1780904 101 
1781714 100 
1781714 3
1781714 1517
1781714 10
1783714 25 
1786149 75 
1786555 72 
1786555 70 
1787375 80 
1787572 83 
1788598 64 
1789079 61 
1789211 153 
1789211 68 
1789211 65
1789286 92 
1790740 103 
1790740 101 
1791250 100 
1791250 3
1791250 1517
1791250 11
1793251 25 
1793335 75 
1793737 72 
1793737 70 
1794329 80 
1794449 83 
1795622 64 
1796465 256 
1796581 63 
1796715 150 
1796715 68 
1796715 65
1796785 92 
1798247 103 
1798247 101 
1798753 100 
1798753 3
1798753 1517
1798753 11
1800753 25 
1800839 75 
1801242 72 
1801242 70 
1801819 80 
1801939 83 
1802179 76 
1814720 252 
1822532 256 
1822663 62 
1822797 151 
1822797 69 
1822869 93 
1823307 91 
1824329 103 
1824329 101 
1825133 100 
1825133 3
1825133 1517
1825133 10
1827136 25 
1837206 254 
1847384 75 
1848507 73 
1848755 73 
1850775 73 
1851077 72 
1851077 70 
1851691 80 
1851811 83 
1857769 64 
1858623 256 
1858861 61 
1858995 151 
1858995 69 
1859062 93 
1860525 103 
1860525 101 
1861335 100 
1861335 3
1861335 1517
1861335 11
1863333 25 
1863413 75 
1863813 72 
1863813 70 
1864406 80 
1864526 83 
1866073 64 
1866193 256 
1866325 63 
1866458 150 
1866458 68 
1866458 65
1866528 92 
1867986 103 
1867986 101 
1868498 100 
1868498 3
1868498 1517
1868498 11
1870497 25 
1870569 75 
1870972 72 
1870972 70 
1871578 80 
1871696 83 
1872282 64 
1872537 256 
1872656 63 
1872789 150 
1872789 68 
1872789 65
1872858 92 
1874320 103 
1874320 101 
1874829 100 
1874829 3
1874829 1517
1874829 10
1876829 25 
1876900 75 
1877301 72 
1877301 70 
1877893 80 
1878013 83 
1879066 64 
1879426 256 
1879546 62 
1879679 150 
1879679 68 
1879679 65
1879752 92 
1880507 90 
1880574 90 
1881212 103 
1881212 101 
1881717 100 
1881717 3
1881717 1517
1881717 10
1883722 25 
1883962 75 
1884368 72 
1884368 70 
1884970 80 
1885090 83 
1885810 64 
1886290 62 
1886423 152 
1886423 69 
1886491 93 
1887081 91 
1887622 91 
1887932 91 
1887958 103 
1887958 101 
1888776 100 
1888776 3
1888776 1517
1888776 10
1890777 25 
1890854 75 
1891261 72 
1891261 70 
1892140 80 
1892327 83 
1893033 64 
1893235 256 
1893353 62 
1893553 150 
1893553 68 
1893553 65
1893626 92 
1895087 103 
1895087 101 
1895594 100 
1895594 3
1895594 1517
1895594 11
1897592 25 
1897678 75 
1898084 72 
1898084 70 
1898871 80 
1899058 83 
1901283 64 
1901618 62 
1902123 151 
1902123 69 
1902341 91 
1902356 93 
1902893 91 
1903573 91 
1903653 103 
1903653 101 
1904461 100 
1904461 3
1904461 1517
1904461 11
1906462 25 
1906541 75 
1906937 73 
1907241 72 
1907241 70 
1907840 250 
1908227 71 
1909295 71 
1910080 71 
1910199 80 
1910599 250 
1911190 76 
1912492 76 
1912612 83 
1912812 64 
1913013 256 
1917636 252 
1921821 61 
1923007 151 
1923007 69 
1923308 91 
1923322 93 
1923696 91 
1924542 103 
1924542 101 
1925345 100 
1925345 3
1925345 1517
1925345 10
1927347 25 
1937421 254 
1937873 75 
1938533 73 
1939008 73 
1939935 73 
1941136 73 
1950270 73 
1981488 73 
1981798 72 
1981798 70 
1982569 71 
1982928 80 
1983062 83 
2030935 252 
2031309 256 
2044384 255 
2044515 61 
2044649 151 
2044649 69 
2044718 93 
2046179 103 
2046179 101 
2046988 100 
2046988 3
2046988 1517
2046988 10
2048987 25 
2049086 75 
2049487 72 
2049487 70 
2050100 80 
2050220 83 
2050580 64 
2050953 256 
2051912 62 
2052046 150 
2052046 68 
2052046 65
2052115 92 
2052710 90 
2052792 90 
2053429 90 
2053578 103 
2053578 101 
2054083 100 
2054083 3
2054083 1517
2054083 10
2056085 25 
2056170 75 
2056577 72 
2056577 70 
2057164 80 
2057283 83 
2057643 64 
2057898 256 
2058016 62 
2058150 150 
2058150 68 
2058150 65
2058218 92 
2058680 90 
2059680 103 
2059680 101 
2060189 100 
2060189 3
2060189 1517
2060189 11
2062190 25 
2062274 75 
2062679 72 
2062679 70 
2063268 80 
2063387 83 
2063867 64 
2064256 256 
2064387 63 
2064520 150 
2064520 68 
2064520 65
2064592 92 
2066055 103 
2066055 101 
2066561 100 
2066561 3
2066561 1517
2066561 10
2068560 25 
2068869 75 
2069074 73 
2069415 72 
2069415 70 
2069998 80 
2070118 83 
2070598 64 
2070852 256 
2070984 63 
2071118 151 
2071118 69 
2071181 93 
2072650 103 
2072650 101 
2073458 100 
2073458 3
2073458 1517
2073458 11
2075458 25 
2076395 75 
2076796 72 
2076796 70 
2077408 80 
2077528 83 
2105170 252 
2105305 256 
2107235 61 
2107369 151 
2107369 69 
2107433 93 
2107780 91 
2108902 103 
2108902 101 
2109712 100 
2109712 3
2109712 1517
2109712 10
2111712 25 
2121782 254 
2131410 75 
2131814 72 
2131814 70 
2132411 80 
2132531 83 
2133851 76 
2134570 64 
2134825 256 
2134957 62 
2135090 150 
2135090 68 
2135090 65
2135166 92 
2136622 103 
2136622 101 
2137129 100 
2137129 3
2137129 1517
2137129 11
2139130 25 
2139215 75 
2139620 72 
2139620 70 
2140221 80 
2140341 83 
2140701 64 
2141196 256 
2141581 63 
2141714 150 
2141714 68 
2141714 65
2141784 92 
2143245 103 
2143245 101 
2143752 100 
2143752 3
2143752 1517
2143752 10
2145754 25 
2145838 75 
2146240 72 
2146240 70 
2146832 80 
2146952 83 
2147312 64 
2147913 256 
2148045 62 
2148178 150 
2148178 68 
2148178 65
2148249 92 
2149031 90 
2149709 103 
2149709 101 
2150218 100 
2150218 3
2150218 1517
2150218 11
2152218 25 
2152302 75 
2152707 72 
2152707 70 
2153296 80 
2153416 83 
2155442 64 
2155683 256 
2155801 63 
2155935 150 
2155935 68 
2155935 65
2156002 92 
2156984 90 
2157468 103 
2157468 101 
2157974 100 
2157974 3
2157974 1517
2157974 11
2159973 25 
2160060 75 
2170056 254 
2244609 73 
2313278 73 
2313965 73 
2314266 72 
2314266 70 
2315147 80 
2315347 83 
2319052 64 
2319253 256 
2319452 61 
2319585 153 
2319585 68 
2319585 65
2319656 92 
2320839 90 
2321115 103 
2321115 101 
2321624 100 
2321624 3
2321624 1517
2321624 11
2323624 25 
2323696 75 
2324099 72 
2324099 70 
2324849 80 
2324969 83 
2325329 64 
2325464 256 
2325596 61 
2325716 151 
2325716 69 
2325784 93 
2326453 91 
2327245 103 
2327245 101 
2328055 100 
2328055 3
2328055 1517
2328055 11
2330054 25 
2330138 75 
2330543 72 
2330543 70 
2331140 80 
2331260 83 
2331620 64 
2331861 256 
2331993 61 
2332113 151 
2332113 69 
2332182 93 
2332803 91 
2333644 103 
2333644 101 
2334452 100 
2334452 3
2334452 1517
2334452 11
2336453 25 
2336538 75 
2336892 73 
2337169 73 
2337472 72 
2337472 70 
2338057 80 
2338177 83 
2339483 64 
2339738 256 
2339856 61 
2339977 151 
2339977 69 
2340045 93 
2340780 91 
2341505 103 
2341505 101 
2342316 100 
2342316 3
2342316 1517
2342316 10
2344315 25 
2347752 75 
2348153 72 
2348153 70 
2348759 80 
2348879 83 
2349359 64 
2349480 256 
2349600 61 
2349719 151 
2349719 69 
2349786 93 
2351251 103 
2351251 101 
2352059 100 
2352059 3
2352059 1517
2352059 10
2354058 25 
2355153 75 
2355519 73 
2355820 72 
2355820 70 
2356076 250 
2357369 71 
2357729 80 
2357849 83 
2358688 64 
2358930 256 
2359061 62 
2359181 150 
2359181 68 
2359181 65
2359253 92 
2359739 90 
2360711 103 
2360711 101 
2361220 100 
2361220 3
2361220 1517
2361220 11
2363220 25 
2363293 75 
2363694 72 
2363694 70 
2364299 80 
2364432 83 
2364792 64 
2365272 62 
2365405 151 
2365405 69 
2365473 93 
2366054 91 
2366157 91 
2366613 91 
2366939 103 
2366939 101 
2367759 100 
2367759 3
2367759 1517
2367759 10
2369757 25 
2376690 75 
2377097 72 
2377097 70 
2377693 80 
2377813 83 
2378280 64 
2378522 256 
2378640 61 
2378773 151 
2378773 69 
2378841 93 
2380306 103 
2380306 101 
2381111 100 
2381111 3
2381111 1517
2381111 11
2383113 25 
2393186 254 
2397688 75 
2399783 73 
2400787 73 
2401676 73 
2403087 73 
2404437 73 
2407063 73 
2407370 72 
2407370 70 
2407961 80 
2408080 83 
2408560 64 
2409175 256 
2413998 61 
2414118 151 
2414118 69 
2414181 93 
2415649 103 
2415649 101 
2416457 100 
2416457 3
2416457 1517
2416457 10
2418457 25 
2428532 254 
2454503 75 
2454908 72 
2454908 70 
2455794 80 
2455993 83 
2456180 64 
2456501 256 
2457086 62 
2457299 150 
2457299 68 
2457299 65
2457368 92 
2457923 90 
2458157 90 
2458817 90 
2458830 103 
2458830 101 
2459339 100 
2459339 3
2459339 1517
2459339 10
2461339 25 
2461411 75 
2461814 72 
2461814 70 
2462577 80 
2462697 83 
2463057 64 
2463177 256 
2463303 62 
2463430 152 
2463430 69 
2463501 93 
2464115 91 
2464308 91 
2464960 103 
2464960 101 
2465773 100 
2465773 3
2465773 1517
2465773 11
2467773 25 
2467848 75 
2468249 72 
2468249 70 
2468855 80 
2468974 83 
2469681 64 
2469927 256 
2470174 63 
2470307 150 
2470307 68 
2470307 65
2470375 92 
2471838 103 
2471838 101 
2472347 100 
2472347 3
2472347 1517
2472347 11
2474347 25 
2474432 75 
2474834 72 
2474834 70 
2475438 80 
2475558 83 
2475798 64 
2476040 256 
2476158 63 
2476291 150 
2476291 68 
2476291 65
2476359 92 
2477826 103 
2477826 101 
2478331 100 
2478331 3
2478331 1517
2478331 10
2480331 25 
2480407 75 
2480810 72 
2480810 70 
2481409 80 
2481529 83 
2481769 64 
2482251 256 
2482369 63 
2482502 151 
2482502 69 
2482582 93 
2483572 91 
2484035 103 
2484035 101 
2484840 100 
2484840 3
2484840 1517
2484840 11
2486840 25 
2486924 75 
2487326 72 
2487326 70 
2487913 80 
2488033 83 
2489086 64 
2489446 256 
2489579 63 
2489699 150 
2489699 68 
2489699 65
2489777 92 
2491231 103 
2491231 101 
2491743 100 
2491743 3
2491743 1517
2491743 10
2493741 25 
2494440 75 
2494841 72 
2494841 70 
2495457 80 
2495577 83 
2497362 64 
2497496 256 
2497856 61 
2497975 151 
2497975 69 
2498043 93 
2498636 91 
2499507 103 
2499507 101 
2500313 100 
2500313 3
2500313 1517
2500313 10
2502314 25 
2512386 254 
2570977 75 
2571425 73 
2571731 72 
2571731 70 
2572597 80 
2572797 83 
2573170 64 
2573998 256 
2574196 62 
2574396 152 
2574396 69 
2574466 93 
2575805 91 
2575926 103 
2575926 101 
2576741 100 
2576741 3
2576741 1517
2576741 11
2578738 25 
2578814 75 
2579925 73 
2580142 73 
2580486 72 
2580486 70 
2581273 80 
2581473 83 
2582366 64 
2582501 256 
2582620 61 
2582753 151 
2582753 69 
2582820 93 
2584283 103 
2584283 101 
2585091 100 
2585091 3
2585091 1517
2585091 11
2587093 25 
2596542 75 
2597166 254 
2597180 73 
2597480 72 
2597480 70 
2598093 80 
2598213 83 
2599039 64 
2599161 256 
2599279 61 
2599399 151 
2599399 69 
2599467 93 
2600929 103 
2600929 101 
2601737 100 
2601737 3
2601737 1517
2601737 10
2603739 25 
2612794 75 
2612902 73 
2613304 72 
2613304 70 
2613913 80 
2614033 83 
2614632 64 
2614888 256 
2615019 62 
2615139 150 
2615139 68 
2615139 65
2615210 92 
2615860 90 
2616009 90 
2616595 90 
2616667 103 
2616667 101 
2617179 100 
2617179 3
2617179 1517
2617179 10
2619179 25 
2619263 75 
2619666 72 
2619666 70 
2620257 80 
2620377 83 
2620616 64 
2620871 256 
2620990 62 
2621123 150 
2621123 68 
2621123 65
2621197 92 
2622550 90 
2622655 103 
2622655 101 
2623161 100 
2623161 3
2623161 1517
2623161 11
2625162 25 
2625236 75 
2625638 72 
2625638 70 
2626254 80 
2626374 83 
2626854 64 
2627099 256 
2627227 63 
2627360 150 
2627360 68 
2627360 65
2627431 92 
2628898 103 
2628898 101 
2629413 100 
2629413 3
2629413 1517
2629413 10
2631412 25 
2631485 75 
2631890 72 
2631890 70 
2632491 80 
2632611 83 
2632851 64 
2633346 256 
2633464 63 
2633598 151 
2633598 69 
2633665 93 
2635130 103 
2635130 101 
2635937 100 
2635937 3
2635937 1517
2635937 10
2637937 25 
2638723 75 
2639126 72 
2639126 70 
2639742 80 
2639862 83 
2640821 64 
2641076 256 
2641196 62 
2641328 150 
2641328 68 
2641328 65
2641397 92 
2642865 103 
2642865 101 
2643382 100 
2643382 3
2643382 1517
2643382 11
2645380 25 
2645465 75 
2645870 72 
2645870 70 
2646459 80 
2646579 83 
2647045 64 
2647287 256 
2647418 61 
2647552 153 
2647552 68 
2647552 65
2647622 92 
2649082 103 
2649082 101 
2649591 100 
2649591 3
2649591 1517
2649591 10
2651590 25 
2661414 75 
2661669 254 
2661894 73 
2662205 72 
2662205 70 
2662918 250 
2663278 71 
2663638 80 
2663758 250 
2664120 76 
2664238 83 
2664478 64 
2664600 256 
2665224 61 
2665357 151 
2665357 69 
2665795 91 
2665807 93 
2666439 91 
2666890 103 
2666890 101 
2667697 100 
2667697 3
2667697 1517
2667697 10
2669697 25 
2672468 75 
2672874 72 
2672874 70 
2673461 80 
2673581 83 
2674420 64 
2674662 256 
2674794 62 
2674927 150 
2674927 68 
2674927 65
2675000 92 
2676338 90 
2676459 103 
2676459 101 
2676965 100 
2676965 3
2676965 1517
2676965 10
2678966 25 
2679051 75 
2679453 72 
2679453 70 
2680031 80 
2680151 83 
2684283 64 
2684417 256 
2684536 62 
2684669 150 
2684669 68 
2684669 65
2684739 92 
2686081 90 
2686202 103 
2686202 101 
2686709 100 
2686709 3
2686709 1517
2686709 11
2688710 25 
2688782 75 
2689183 72 
2689183 70 
2689774 80 
2689894 83 
2690707 64 
2690961 256 
2691080 63 
2691213 150 
2691213 68 
2691213 65
2691284 92 
2692742 103 
2692742 101 
2693251 100 
2693251 3
2693251 1517
2693251 11
2695253 25 
2695337 75 
2695743 72 
2695743 70 
2696331 80 
2696451 83 
2696811 64 
2697052 256 
2697184 63 
2697317 150 
2697317 68 
2697317 65
2697389 92 
2697992 90 
2698850 103 
2698850 101 
2699355 100 
2699355 3
2699355 1517
2699355 11
2701356 25 
2701446 75 
2701852 72 
2701852 70 
2702435 80 
2702555 83 
2702901 64 
2703143 256 
2703275 63 
2703408 150 
2703408 68 
2703408 65
2703481 92 
2704940 103 
2704940 101 
2705446 100 
2705446 3
2705446 1517
2705446 10
2707446 25 
2708218 75 
2708619 72 
2708619 70 
2709245 80 
2709365 83 
2709738 64 
2709980 62 
2710112 150 
2710112 68 
2710112 65
2710185 92 
2710809 90 
2711643 103 
2711643 101 
2712153 100 
2712153 3
2712153 1517
2712153 11
2714150 25 
2714236 75 
2714639 72 
2714639 70 
2715229 80 
2715349 83 
2715709 64 
2716085 256 
2716322 63 
2716456 150 
2716456 68 
2716456 65
2716526 92 
2717985 103 
2717985 101 
2718494 100 
2718494 3
2718494 1517
2718494 11
2720496 25 
2720580 75 
2720981 72 
2720981 70 
2721574 80 
2721693 83 
2722053 64 
2722295 256 
2722546 63 
2722680 150 
2722680 68 
2722680 65
2722748 92 
2724212 103 
2724212 101 
2724719 100 
2724719 3
2724719 1517
2724719 11
2726721 25 
2726809 75 
2730196 73 
2730521 72 
2730521 70 
2731129 71 
2731489 80 
2731609 83 
2731849 64 
2740725 252 
2761118 256 
2781801 62 
2782001 151 
2782001 69 
2782071 93 
2783531 103 
2783531 101 
2784341 100 
2784341 3
2784341 1517
2784341 10
2786341 25 
2786418 75 
2786824 72 
2786824 70 
2787612 80 
2787812 83 
2788878 76 
2791010 64 
2791212 256 
2791917 62 
2792117 150 
2792117 68 
2792117 65
2792186 92 
2793648 103 
2793648 101 
2794154 100 
2794154 3
2794154 1517
2794154 11
2796156 25 
2796230 75 
2796634 72 
2796634 70 
2797394 80 
2797514 83 
2797994 64 
2798356 256 
2798487 63 
2798621 150 
2798621 68 
2798621 65
2798689 92 
2800152 103 
2800152 101 
2800658 100 
2800658 3
2800658 1517
2800658 10
2802659 25 
2802745 75 
2803152 72 
2803152 70 
2803725 80 
2803858 83 
2804658 64 
2805020 63 
2805391 151 
2805391 69 
2805464 93 
2806925 103 
2806925 101 
2807730 100 
2807730 3
2807730 1517
2807730 10
2809731 25 
2809808 75 
2810212 72 
2810212 70 
2810802 80 
2810922 83 
2811403 64 
2811643 256 
2811762 61 
2811895 151 
2811895 69 
2811972 93 
2812539 91 
2813426 103 
2813426 101 
2814234 100 
2814234 3
2814234 1517
2814234 10
2816233 25 
2826307 254 
2852399 75 
2852805 72 
2852805 70 
2853424 80 
2853544 83 
2854503 64 
2854759 61 
2854890 153 
2854890 68 
2854890 65
2854960 92 
2855640 90 
2855680 90 
2856418 103 
2856418 101 
2856928 100 
2856928 3
2856928 1517
2856928 11
2858930 25 
2859015 75 
2859417 72 
2859417 70 
2860034 80 
2860154 83 
2860754 64 
2861129 256 
2861247 61 
2861382 151 
2861382 69 
2861451 93 
2861947 91 
2862225 91 
2862509 91 
2862875 91 
2862910 103 
2862910 101 
2863719 100 
2863719 3
2863719 1517
2863719 10
2865721 25 
2867484 75 
2867888 72 
2867888 70 
2868484 80 
2868604 83 
2869084 64 
2869445 63 
2869577 151 
2869577 69 
2869645 93 
2871111 103 
2871111 101 
2871915 100 
2871915 3
2871915 1517
2871915 10
2873916 25 
2883990 254 
2898577 75 
2898983 72 
2898983 70 
2899924 71 
2900311 80 
2900510 83 
2902763 64 
2902967 256 
2903163 62 
2903296 150 
2903296 68 
2903296 65
2903368 92 
2904467 90 
2904826 103 
2904826 101 
2905337 100 
2905337 3
2905337 1517
2905337 10
2907336 25 
2907420 75 
2907824 72 
2907824 70 
2908547 80 
2908667 83 
2909013 64 
2909258 256 
2909387 62 
2909520 150 
2909520 68 
2909520 65
2909590 92 
2910648 90 
2911052 103 
2911052 101 
2911561 100 
2911561 3
2911561 1517
2911561 10
2913559 25 
2913645 75 
2914046 72 
2914046 70 
2914651 80 
2914771 83 
2914891 64 
2915146 256 
2915277 62 
2915411 150 
2915411 68 
2915411 65
2915480 92 
2916944 103 
2916944 101 
2917448 100 
2917448 3
2917448 1517
2917448 11
2919451 25 
2919522 75 
2919926 72 
2919926 70 
2920529 80 
2920649 83 
2921928 64 
2922170 256 
2922288 63 
2922421 150 
2922421 68 
2922421 65
2922488 92 
2923954 103 
2923954 101 
2924462 100 
2924462 3
2924462 1517
2924462 11
2926459 25 
2926536 75 
2926942 72 
2926942 70 
2927539 80 
2927659 83 
2927779 64 
2928020 256 
2928152 63 
2928272 150 
2928272 68 
2928272 65
2928346 92 
2929806 103 
2929806 101 
2930311 100 
2930311 3
2930311 1517
2930311 11
2932311 25 
2932383 75 
2932785 72 
2932785 70 
2933403 80 
2933536 250 
2935815 76 
2935935 83 
2936295 64 
2936541 61 
2936668 151 
2936668 69 
2936738 93 
2937186 91 
2938198 103 
2938198 101 
2939008 100 
2939008 3
2939008 1517
2939008 10
2941007 25 
2941091 75 
2951082 254 
2952946 73 
2953253 72 
2953253 70 
2953874 71 
2954247 80 
2954368 83 
2973346 252 
2973601 256 
2973733 62 
2973866 150 
2973866 68 
2973866 65
2973937 92 
2974942 90 
2975332 90 
2975401 103 
2975401 101 
2975919 100 
2975919 3
2975919 1517
2975919 11
2977918 25 
2978005 75 
2978407 72 
2978407 70 
2978984 80 
2979104 83 
2980756 64 
2981238 256 
2981369 63 
2981503 150 
2981503 68 
2981503 65
2981575 92 
2983034 103 
2983034 101 
2983540 100 
2983540 3
2983540 1517
2983540 11
2985541 25 
2985614 75 
2986017 72 
2986017 70 
2986261 250 
2991418 71 
2994430 71 
2995030 71 
2995150 80 
2995390 250 
2996843 76 
2997936 76 
2998415 76 
2998549 83 
2999268 252 
2999390 256 
3000948 62 
3001081 153 
3001081 68 
3001081 65
3001153 92 
3002612 103 
3002612 101 
3003118 100 
3003118 3
3003118 1517
3003118 11
3005119 25 
3005210 75 
3005615 72 
3005615 70 
3006199 80 
3006319 83 
3006678 64 
3006938 256 
3007065 62 
3007320 151 
3007320 69 
3007386 93 
3007892 91 
3008512 91 
3008848 103 
3008848 101 
3009657 100 
3009657 3
3009657 1517
3009657 10
3011656 25 
3011741 75 
3012146 72 
3012146 70 
3013022 80 
3013222 250 
3013635 76 
3014155 76 
3014848 76 
3015421 76 
3023658 76 
3024593 76 
3034587 76 
3047581 76 
3048301 76 
3048501 83 
3049980 76 
3050167 252 
3050368 61 
3050500 153 
3050500 68 
3050500 65
3050568 92 
3052030 103 
3052030 101 
3052538 100 
3052538 3
3052538 1517
3052538 10
3054538 25 
3064604 254 
3086620 75 
3091867 73 
3092241 73 
3092547 72 
3092547 70 
3093348 80 
3093548 83 
3094521 64 
3094723 256 
3094921 62 
3095041 150 
3095041 68 
3095041 65
3095113 92 
3095736 90 
3096573 103 
3096573 101 
3097084 100 
3097084 3
3097084 1517
3097084 11
3099083 25 
3099165 75 
3099568 72 
3099568 70 
3100372 80 
3100558 83 
3100878 64 
3101266 256 
3101478 62 
3101678 151 
3101678 69 
3101746 93 
3102300 91 
3102584 91 
3103208 103 
3103208 101 
3104018 100 
3104018 3
3104018 1517
3104018 11
3106016 25 
3106096 75 
3106499 72 
3106499 70 
3107289 80 
3107489 250 
3143540 76 
3143673 83 
3145006 252 
3145261 256 
3147180 61 
3147314 151 
3147314 69 
3147381 93 
3148845 103 
3148845 101 
3149651 100 
3149651 3
3149651 1517
3149651 10
3151652 25 
3151730 75 
3152136 72 
3152136 70 
3152736 80 
3152856 83 
3153669 64 
3153937 256 
3154176 62 
3154309 150 
3154309 68 
3154309 65
3154379 92 
3154740 90 
3155841 103 
3155841 101 
3156346 100 
3156346 3
3156346 1517
3156346 11
3158349 25 
3158433 75 
3158837 72 
3158837 70 
3159427 80 
3159547 83 
3160146 64 
3160401 256 
3160640 63 
3160773 150 
3160773 68 
3160773 65
3160842 92 
3162305 103 
3162305 101 
3162811 100 
3162811 3
3162811 1517
3162811 10
3164812 25 
3164897 75 
3165299 72 
3165299 70 
3165904 80 
3166024 83 
3166504 64 
3166759 256 
3166877 62 
3167010 150 
3167010 68 
3167010 65
3167090 92 
3167574 90 
3168524 90 
3168539 103 
3168539 101 
3169049 100 
3169049 3
3169049 1517
3169049 10
3171049 25 
3171134 75 
3171540 72 
3171540 70 
3172141 80 
3172261 83 
3172501 64 
3172636 256 
3172754 62 
3172874 150 
3172874 68 
3172874 65
3172943 92 
3173414 90 
3174177 90 
3174408 103 
3174408 101 
3174915 100 
3174915 3
3174915 1517
3174915 11
3176913 25 
3176999 75 
3177401 72 
3177401 70 
3178007 80 
3178125 83 
3178485 64 
3178727 256 
3178845 63 
3178978 150 
3178978 68 
3178978 65
3179050 92 
3180508 103 
3180508 101 
3181017 100 
3181017 3
3181017 1517
3181017 11
3183019 25 
3183091 75 
3183495 72 
3183495 70 
3184070 80 
3184190 83 
3184323 64 
3184564 256 
3184683 63 
3184816 150 
3184816 68 
3184816 65
3184899 92 
3186362 103 
3186362 101 
3186867 100 
3186867 3
3186867 1517
3186867 11
3188869 25 
3188954 75 
3189355 72 
3189355 70 
3189934 80 
3190054 83 
3190294 64 
3190548 256 
3199556 252 
3206407 61 
3206540 151 
3206540 69 
3206609 93 
3208051 91 
3208073 103 
3208073 101 
3208878 100 
3208878 3
3208878 1517
3208878 11
3210881 25 
3220950 254 
3225482 75 
3225883 72 
3225883 70 
3226758 80 
3226958 83 
3227678 64 
3227879 256 
3228197 62 
3228411 151 
3228411 69 
3228483 93 
3228852 91 
3229379 91 
3229869 91 
3229940 103 
3229940 101 
3230750 100 
3230750 3
3230750 1517
3230750 10
3232749 25 
3232829 75 
3233232 72 
3233232 70 
3234008 80 
3234208 83 
3234515 64 
3234916 63 
3235048 151 
3235048 69 
3235119 93 
3235688 91 
3236582 103 
3236582 101 
3237387 100 
3237387 3
3237387 1517
3237387 10
3239387 25 
3239860 75 
3240263 72 
3240263 70 
3241045 80 
3241245 83 
3243844 64 
3244085 62 
3244217 150 
3244217 68 
3244217 65
3244289 92 
3245436 90 
3245751 103 
3245751 101 
3246256 100 
3246256 3
3246256 1517
3246256 10
3248256 25 
3248341 75 
3248744 72 
3248744 70 
3249348 80 
3249468 83 
3251681 64 
3252642 256 
3252774 62 
3252907 150 
3252907 68 
3252907 65
3252990 92 
3253281 90 
3253675 90 
3254166 90 
3254295 90 
3254453 103 
3254453 101 
3254960 100 
3254960 3
3254960 1517
3254960 10
3256959 25 
3261203 75 
3261603 72 
3261603 70 
3262198 80 
3262316 83 
3268500 64 
3268873 61 
3269007 153 
3269007 68 
3269007 65
3269081 92 
3270539 103 
3270539 101 
3271045 100 
3271045 3
3271045 1517
3271045 11
3273046 25 
3273118 75 
3273523 72 
3273523 70 
3274124 80 
3274244 83 
3274604 64 
3274846 256 
3274977 63 
3275097 150 
3275097 68 
3275097 65
3275169 92 
3276629 103 
3276629 101 
3277136 100 
3277136 3
3277136 1517
3277136 11
3279137 25 
3279222 75 
3279625 72 
3279625 70 
3280242 80 
3280362 83 
3280722 64 
3280977 63 
3281108 150 
3281108 68 
3281108 65
3281178 92 
3282641 103 
3282641 101 
3283146 100 
3283146 3
3283146 1517
3283146 10
3285148 25 
3285233 75 
3285640 72 
3285640 70 
3286239 80 
3286359 83 
3286719 64 
3287081 62 
3287212 150 
3287212 68 
3287212 65
3287283 92 
3288017 90 
3288710 90 
3288740 103 
3288740 101 
3289250 100 
3289250 3
3289250 1517
3289250 11
3291251 25 
3291323 75 
3291724 72 
3291724 70 
3292343 80 
3292463 83 
3292703 64 
3292958 256 
3293090 61 
3293223 151 
3293223 69 
3293293 93 
3293807 91 
3294668 91 
3294755 103 
3294755 101 
3295565 100 
3295565 3
3295565 1517
3295565 10
3297563 25 
3297646 75 
3298051 72 
3298051 70 
3298647 80 
3298781 83 
3299140 64 
3299260 256 
3299395 63 
3299527 151 
3299527 69 
3299597 93 
3301058 103 
3301058 101 
3301865 100 
3301865 3
3301865 1517
3301865 11
3303867 25 
3303944 75 
3304352 72 
3304352 70 
3304951 80 
3305071 83 
3305431 64 
3305791 63 
3305911 150 
3305911 68 
3305911 65
3305985 92 
3307444 103 
3307444 101 
3307950 100 
3307950 3
3307950 1517
3307950 11
3309950 25 
3310035 75 
3310438 72 
3310438 70 
3311029 80 
3311162 83 
3311282 64 
3312964 256 
3320665 252 
3321144 61 
3321278 151 
3321278 69 
3321347 93 
3322814 103 
3322814 101 
3323629 100 
3323629 3
3323629 1517
3323629 10
3325630 25 
3335702 254 
3340899 75 
3341299 72 
3341299 70 
3342189 80 
3342389 83 
3348306 64 
3348428 256 
3348559 62 
3348679 150 
3348679 68 
3348679 65
3348751 92 
3349227 90 
3349919 90 
3350209 103 
3350209 101 
3350718 100 
3350718 3
3350718 1517
3350718 11
3352719 25 
3352804 75 
3353206 72 
3353206 70 
3353811 80 
3353930 83 
3354517 64 
3354652 256 
3354783 63 
3354917 150 
3354917 68 
3354917 65
3354986 92 
3356449 103 
3356449 101 
3356956 100 
3356956 3
3356956 1517
3356956 10
3358957 25 
3359029 75 
3359434 72 
3359434 70 
3360048 80 
3360168 83 
3360887 64 
3361262 256 
3361394 62 
3361514 150 
3361514 68 
3361514 65
3361594 92 
3362065 90 
3363007 90 
3363045 103 
3363045 101 
3363555 100 
3363555 3
3363555 1517
3363555 11
3365552 25 
3365625 75 
3366030 72 
3366030 70 
3366632 80 
3366752 83 
3367111 64 
3367473 63 
3367605 152 
3367605 69 
3367674 93 
3369136 103 
3369136 101 
3369945 100 
3369945 3
3369945 1517
3369945 10
3371944 25 
3372022 75 
3372427 72 
3372427 70 
3373029 80 
3373149 83 
3373495 64 
3373738 256 
3373857 63 
3373988 151 
3373988 69 
3374064 93 
3375523 103 
3375523 101 
3376327 100 
3376327 3
3376327 1517
3376327 10
3378329 25 
3378406 75 
3378809 72 
3378809 70 
3379426 80 
3379546 83 
3380266 64 
3380510 62 
3380639 150 
3380639 68 
3380639 65
3380709 92 
3381427 90 
3382123 90 
3382173 103 
3382173 101 
3382682 100 
3382682 3
3382682 1517
3382682 10
3384680 25 
3384764 75 
3385170 72 
3385170 70 
3385757 80 
3385877 83 
3385997 64 
3386252 256 
3386370 62 
3386503 152 
3386503 69 
3386573 93 
3386989 91 
3387056 91 
3387444 91 
3387956 91 
3388041 103 
3388041 101 
3388855 100 
3388855 3
3388855 1517
3388855 10
3390856 25 
3390934 75 
3391336 72 
3391336 70 
3391941 80 
3392061 83 
3392781 64 
3393036 256 
3393155 63 
3393274 151 
3393274 69 
3393341 93 
3394811 103 
3394811 101 
3395624 100 
3395624 3
3395624 1517
3395624 11
3397626 25 
3397705 75 
3398110 72 
3398110 70 
3398698 80 
3398818 83 
3399298 64 
3399540 256 
3399671 61 
3399804 151 
3399804 69 
3399875 93 
3401335 103 
3401335 101 
3402142 100 
3402142 3
3402142 1517
3402142 10
3404145 25 
3412741 75 
3413143 72 
3413143 70 
3413732 80 
3413851 83 
3414211 64 
3414453 256 
3414585 62 
3414718 150 
3414718 68 
3414718 65
3414788 92 
3415183 90 
3415259 90 
3415976 90 
3416250 103 
3416250 101 
3416756 100 
3416756 3
3416756 1517
3416756 11
3418758 25 
3418842 75 
3419244 72 
3419244 70 
3419836 80 
3419969 83 
3420089 64 
3420344 256 
3420462 63 
3420595 150 
3420595 68 
3420595 65
3420665 92 
3422129 103 
3422129 101 
3422637 100 
3422637 3
3422637 1517
3422637 10
3424635 25 
3424720 75 
3425123 72 
3425123 70 
3425713 80 
3425833 83 
3426073 64 
3426329 256 
3426446 63 
3426579 151 
3426579 69 
3426649 93 
3428108 103 
3428108 101 
3428918 100 
3428918 3
3428918 1517
3428918 10
3430918 25 
3431001 75 
3431509 73 
3431815 72 
3431815 70 
3432417 80 
3432537 250 
3432659 76 
3434709 76 
3435189 76 
3435922 76 
3436055 83 
3436175 64 
3436415 256 
3437017 62 
3437148 150 
3437148 68 
3437148 65
3437219 92 
3437758 90 
3437848 90 
3438578 90 
3438682 103 
3438682 101 
3439191 100 
3439191 3
3439191 1517
3439191 11
3441190 25 
3441273 75 
3441678 72 
3441678 70 
3442559 80 
3442746 83 
3442932 64 
3443241 256 
3443439 63 
3443559 150 
3443559 68 
3443559 65
3443630 92 
3445092 103 
3445092 101 
3445601 100 
3445601 3
3445601 1517
3445601 11
3447599 25 
3447688 75 
3454012 73 
3454415 72 
3454415 70 
3455194 80 
3455380 83 
3457713 64 
3457941 256 
3458259 63 
3458459 150 
3458459 68 
3458459 65
3458529 92 
3459989 103 
3459989 101 
3460497 100 
3460497 3
3460497 1517
3460497 11
3462498 25 
3463340 75 
3463743 72 
3463743 70 
3464510 80 
3464723 83 
3466336 64 
3466591 256 
3466709 62 
3466842 151 
3466842 69 
3466910 93 
3468379 103 
3468379 101 
3469193 100 
3469193 3
3469193 1517
3469193 10
3471194 25 
3471273 75 
3471680 72 
3471680 70 
3472267 80 
3472387 83 
3473226 64 
3473828 63 
3473959 151 
3473959 69 
3474029 93 
3475491 103 
3475491 101 
3476297 100 
3476297 3
3476297 1517
3476297 11
3478297 25 
3478381 75 
3478783 72 
3478783 70 
3479370 80 
3479490 83 
3480676 64 
3480918 256 
3481036 63 
3481169 150 
3481169 68 
3481169 65
3481244 92 
3482266 90 
3482707 103 
3482707 101 
3482763 102 
