0 100 
0 4
0 1574
0 10
1994 25 
2180 75 
2436 73 
3139 72 
3139 70 
4150 80 
4527 83 
4741 64 
4923 62 
4938 62 
4938 150 
4938 68 
4938 65
5015 92 
5475 90 
6461 103 
6461 101 
6984 100 
6984 4
6984 1574
6984 11
8984 25 
9045 75 
9812 72 
9812 70 
10616 80 
11425 76 
11518 83 
14913 64 
15136 62 
15151 62 
15151 153 
15151 68 
15151 65
15221 92 
15675 90 
16675 103 
16675 101 
17193 100 
17193 4
17193 1574
17193 11
19195 25 
19241 75 
20008 72 
20008 70 
20810 80 
21466 76 
21569 83 
21699 64 
21936 62 
21952 62 
21952 151 
21952 69 
22035 93 
23483 103 
23483 101 
24394 100 
24394 4
24394 1574
24394 10
26393 25 
26451 75 
27219 72 
27219 70 
27926 80 
28436 76 
28538 83 
28641 64 
28862 62 
28877 62 
28877 150 
28877 68 
28877 65
28950 92 
29384 90 
30401 103 
30401 101 
30906 100 
30906 4
30906 1574
30906 11
32907 25 
32955 75 
33723 72 
33723 70 
34438 80 
34766 83 
35016 64 
35465 62 
35481 62 
35481 151 
35481 69 
35554 93 
37012 103 
37012 101 
37919 100 
37919 4
37919 1574
37919 10
39919 25 
39966 75 
40734 72 
40734 70 
41438 80 
41760 83 
41813 64 
42000 62 
42019 62 
42019 150 
42019 68 
42019 65
42095 92 
42699 90 
43540 103 
43540 101 
44052 100 
44052 4
44052 1574
44052 11
46051 25 
46110 75 
46873 72 
46873 70 
47587 80 
49102 76 
49158 83 
49489 64 
49837 63 
49852 63 
49852 151 
49852 69 
49927 93 
51377 103 
51377 101 
52286 100 
52286 4
52286 1574
52286 11
54285 25 
54334 75 
55099 72 
55099 70 
55807 80 
56725 76 
56776 83 
59930 64 
61229 62 
61245 62 
61245 151 
61245 69 
61315 93 
62778 103 
62778 101 
63695 100 
63695 4
63695 1574
63695 10
65694 25 
65747 75 
66509 72 
66509 70 
67213 80 
67732 76 
67842 83 
67922 64 
68152 62 
68168 62 
68168 150 
68168 68 
68168 65
68241 92 
69689 103 
69689 101 
70198 100 
70198 4
70198 1574
70198 10
72198 25 
72259 75 
73025 72 
73025 70 
73727 80 
74252 76 
74361 83 
74538 64 
74740 62 
74751 62 
74751 150 
74751 68 
74751 65
74821 92 
75330 90 
76276 103 
76276 101 
76783 100 
76783 4
76783 1574
76783 11
78783 25 
78843 75 
79606 72 
79606 70 
80314 80 
80996 76 
81076 83 
81419 64 
81697 63 
81716 63 
81716 151 
81716 69 
81791 93 
82259 91 
83247 103 
83247 101 
84154 100 
84154 4
84154 1574
84154 11
86153 25 
86204 75 
86972 72 
86972 70 
87672 80 
87992 83 
88728 64 
89270 62 
89285 62 
89285 151 
89285 69 
89357 93 
90818 103 
90818 101 
91736 100 
91736 4
91736 1574
91736 10
93736 25 
93784 75 
94548 72 
94548 70 
95257 80 
95576 83 
95717 64 
95968 62 
95990 62 
95990 150 
95990 68 
95990 65
96069 92 
96627 90 
97518 103 
97518 101 
98026 100 
98026 4
98026 1574
98026 10
100028 25 
100074 75 
100840 72 
100840 70 
101547 80 
102153 76 
102261 83 
102406 64 
102619 62 
102630 62 
102630 150 
102630 68 
102630 65
102713 92 
103212 90 
104154 103 
104154 101 
104664 100 
104664 4
104664 1574
104664 10
106665 25 
106725 75 
107490 72 
107490 70 
108199 80 
108697 76 
108806 83 
108911 64 
109147 62 
109162 62 
109162 150 
109162 68 
109162 65
109235 92 
109713 90 
110682 103 
110682 101 
111195 100 
111195 4
111195 1574
111195 11
113194 25 
113247 75 
114012 72 
114012 70 
114721 80 
115047 83 
115228 64 
115497 63 
115514 63 
115514 151 
115514 69 
115600 93 
117045 103 
117045 101 
117952 100 
117952 4
117952 1574
117952 11
119950 25 
120004 75 
120766 72 
120766 70 
121683 80 
122066 83 
122364 64 
123086 61 
123097 61 
123097 150 
123097 68 
123097 65
123177 92 
123548 90 
124629 103 
124629 101 
125134 100 
125134 4
125134 1574
125134 10
127135 25 
127183 75 
127945 72 
127945 70 
128747 80 
129255 76 
129810 76 
129865 83 
130142 64 
130386 62 
130401 62 
130401 150 
130401 68 
130401 65
130484 92 
130965 90 
131930 103 
131930 101 
132440 100 
132440 4
132440 1574
132440 10
134438 25 
134487 75 
135255 72 
135255 70 
135961 80 
136471 76 
136570 83 
136720 64 
136938 62 
136954 62 
136954 150 
136954 68 
136954 65
137025 92 
137529 90 
138471 103 
138471 101 
138982 100 
138982 4
138982 1574
138982 11
140984 25 
141030 75 
142956 73 
143644 72 
143644 70 
144341 80 
145072 76 
145179 83 
145237 64 
145602 61 
145618 61 
145618 152 
145618 69 
145680 93 
147136 103 
147136 101 
148044 100 
148044 4
148044 1574
148044 10
150046 25 
150099 75 
150869 72 
150869 70 
151579 80 
155672 76 
156102 76 
156157 83 
156378 64 
156737 62 
156754 62 
156754 150 
156754 68 
156754 65
156831 92 
157165 90 
158278 103 
158278 101 
158789 100 
158789 4
158789 1574
158789 11
160790 25 
160853 75 
161618 72 
161618 70 
162325 80 
162642 83 
162780 64 
163422 61 
163433 61 
163433 150 
163433 68 
163433 65
163502 92 
163878 90 
164959 103 
164959 101 
165467 100 
165467 4
165467 1574
165467 10
167466 25 
167513 75 
168279 72 
168279 70 
168989 80 
169567 76 
170091 76 
170147 83 
170376 64 
170599 62 
170610 62 
170610 150 
170610 68 
170610 65
170691 92 
171087 90 
172141 103 
172141 101 
172650 100 
172650 4
172650 1574
172650 11
174650 25 
174698 75 
175459 72 
175459 70 
176171 80 
176770 76 
177236 76 
177287 83 
177538 64 
177829 61 
177845 61 
177845 150 
177845 68 
177845 65
177913 92 
178403 90 
179367 103 
179367 101 
179891 100 
179891 4
179891 1574
179891 11
181890 25 
181949 75 
182715 72 
182715 70 
183417 80 
183746 83 
183823 64 
184202 61 
184222 61 
184222 150 
184222 68 
184222 65
184304 92 
184768 90 
185746 103 
185746 101 
186257 100 
186257 4
186257 1574
186257 10
188258 25 
188317 75 
189084 72 
189084 70 
189795 80 
190349 76 
190456 83 
190611 64 
190830 62 
190841 62 
190841 150 
190841 68 
190841 65
190927 92 
191356 90 
192376 103 
192376 101 
192895 100 
192895 4
192895 1574
192895 10
194895 25 
194959 75 
195725 72 
195725 70 
196431 80 
196989 76 
197089 83 
197288 64 
197488 62 
197500 62 
197500 150 
197500 68 
197500 65
197576 92 
198093 90 
199022 103 
199022 101 
199531 100 
199531 4
199531 1574
199531 10
201531 25 
201580 75 
202342 72 
202342 70 
203053 80 
203704 76 
203814 83 
204006 64 
204248 62 
204268 62 
204268 150 
204268 68 
204268 65
204344 92 
204883 90 
205793 103 
205793 101 
206300 100 
206300 1
206300 1574
206300 11
206300 78 
208301 25 
208349 75 
209116 72 
209116 70 
209822 80 
210153 83 
210250 64 
210556 61 
210576 61 
210576 153 
210576 68 
210576 65
210652 92 
212098 103 
212098 101 
212622 100 
212622 1
212622 1574
212622 11
214622 25 
214680 75 
215447 72 
215447 70 
216148 80 
217253 76 
217309 83 
217522 64 
217791 61 
217806 61 
217806 151 
217806 69 
217887 93 
219336 103 
219336 101 
220241 100 
220241 1
220241 1574
220241 11
222245 25 
222304 75 
223064 72 
223064 70 
223761 80 
224093 83 
224442 64 
226041 61 
226059 61 
226059 151 
226059 69 
226128 93 
227585 103 
227585 101 
228493 100 
228493 1
228493 1574
228493 10
230492 25 
230553 75 
231317 72 
231317 70 
232225 80 
232819 76 
232924 83 
232987 64 
233278 62 
233293 62 
233293 151 
233293 69 
233372 93 
234829 103 
234829 101 
235743 100 
235743 1
235743 1574
235743 10
237744 25 
237809 75 
238574 72 
238574 70 
239401 80 
239790 83 
240171 64 
240884 61 
240901 61 
240901 150 
240901 68 
240901 65
240978 92 
241336 90 
242433 103 
242433 101 
242939 100 
242939 1
242939 1574
242939 10
244942 25 
245005 75 
245770 72 
245770 70 
246571 80 
246901 83 
247250 64 
247517 61 
247536 61 
247536 150 
247536 68 
247536 65
247608 92 
248703 90 
249052 103 
249052 101 
249562 100 
249562 1
249562 1574
249562 11
251564 25 
251617 75 
252382 72 
252382 70 
253084 80 
253405 83 
253904 64 
254210 63 
254231 63 
254231 151 
254231 69 
254313 93 
255762 103 
255762 101 
256667 100 
256667 1
256667 1574
256667 10
258667 25 
258715 75 
259476 72 
259476 70 
260170 80 
260502 83 
260569 64 
261146 61 
261163 61 
261163 152 
261163 69 
261241 93 
262694 103 
262694 101 
263613 100 
263613 1
263613 1574
263613 10
265611 25 
265659 75 
266421 72 
266421 70 
267118 80 
267437 83 
267887 64 
268459 61 
268470 61 
268470 150 
268470 68 
268470 65
268543 92 
268907 90 
269993 103 
269993 101 
270502 100 
270502 1
270502 1574
270502 11
272502 25 
272550 75 
273318 72 
273318 70 
274024 80 
274339 83 
274837 64 
275097 63 
275118 63 
275118 151 
275118 69 
275191 93 
276641 103 
276641 101 
277551 100 
277551 1
277551 1574
277551 11
279552 25 
279600 75 
280364 72 
280364 70 
281068 80 
281397 83 
281828 64 
283256 62 
283274 62 
283274 150 
283274 68 
283274 65
283348 92 
283747 90 
284801 103 
284801 101 
285310 100 
285310 1
285310 1574
285310 11
287310 25 
287370 75 
288132 72 
288132 70 
288837 80 
289563 76 
289663 83 
289753 64 
290042 62 
290062 62 
290062 150 
290062 68 
290062 65
290137 92 
290514 90 
291582 103 
291582 101 
292091 100 
292091 1
292091 1574
292091 10
294094 25 
294141 75 
294903 72 
294903 70 
295608 80 
295942 83 
295978 64 
296418 61 
296438 61 
296438 150 
296438 68 
296438 65
296522 92 
296928 90 
297965 103 
297965 101 
298477 100 
298477 1
298477 1574
298477 10
300478 25 
300525 75 
301292 72 
301292 70 
301997 80 
302316 83 
302423 64 
303148 62 
303163 62 
303163 153 
303163 68 
303163 65
303231 92 
303604 90 
304684 103 
304684 101 
305195 100 
305195 1
305195 1574
305195 11
307195 25 
307241 75 
308004 72 
308004 70 
308710 80 
309039 83 
309757 64 
310124 61 
310143 61 
310143 151 
310143 69 
310221 93 
311672 103 
311672 101 
312578 100 
312578 1
312578 1574
312578 11
314579 25 
314625 75 
315389 72 
315389 70 
316098 80 
316422 83 
317112 64 
317710 62 
317728 62 
317728 150 
317728 68 
317728 65
317799 92 
318133 90 
319249 103 
319249 101 
319761 100 
319761 1
319761 1574
319761 10
321762 25 
321809 75 
322573 72 
322573 70 
323282 80 
323598 83 
323992 64 
324587 62 
324602 62 
324602 151 
324602 69 
324673 93 
326129 103 
326129 101 
327037 100 
327037 1
327037 1574
327037 11
329039 25 
329087 75 
329854 72 
329854 70 
330564 80 
331271 76 
331331 83 
331492 64 
331753 62 
331764 62 
331764 150 
331764 68 
331764 65
331836 92 
332382 90 
333284 103 
333284 101 
333796 100 
333796 1
333796 1574
333796 11
335797 25 
335845 75 
336608 72 
336608 70 
337318 80 
338651 76 
338756 83 
338983 64 
339177 62 
339196 62 
339196 150 
339196 68 
339196 65
339273 92 
339895 90 
340721 103 
340721 101 
341231 100 
341231 1
341231 1574
341231 10
343232 25 
343285 75 
344053 72 
344053 70 
344749 80 
345075 83 
345335 64 
346355 61 
346370 61 
346370 150 
346370 68 
346370 65
346446 92 
346794 90 
347897 103 
347897 101 
348414 100 
348414 1
348414 1574
348414 10
350417 25 
350469 75 
351237 72 
351237 70 
352105 80 
352821 76 
352917 83 
353182 64 
353407 62 
353424 62 
353424 151 
353424 69 
353493 93 
354371 91 
354948 103 
354948 101 
355865 100 
355865 1
355865 1574
355865 11
357868 25 
357928 75 
358694 72 
358694 70 
359501 80 
360682 76 
360770 83 
361021 64 
361290 62 
361306 62 
361306 150 
361306 68 
361306 65
361385 92 
361743 90 
362833 103 
362833 101 
363342 100 
363342 1
363342 1574
363342 11
365342 25 
365391 75 
366154 72 
366154 70 
366964 80 
367571 76 
367677 83 
367869 64 
368076 62 
368091 62 
368091 150 
368091 68 
368091 65
368173 92 
368729 90 
369616 103 
369616 101 
370125 100 
370125 1
370125 1574
370125 11
372127 25 
372176 75 
372939 72 
372939 70 
373749 80 
374394 76 
374953 76 
375004 83 
375262 64 
375471 62 
375487 62 
375487 150 
375487 68 
375487 65
375560 92 
376076 90 
377016 103 
377016 101 
377524 100 
377524 1
377524 1574
377524 10
379523 25 
379572 75 
380340 72 
380340 70 
381148 80 
381476 83 
381558 64 
381967 61 
381982 61 
381982 150 
381982 68 
381982 65
382057 92 
382442 90 
383505 103 
383505 101 
384016 100 
384016 1
384016 1574
384016 11
386016 25 
386063 75 
386825 72 
386825 70 
387524 80 
388104 76 
388210 83 
388351 64 
388650 62 
388670 62 
388670 150 
388670 68 
388670 65
388751 92 
389156 90 
390197 103 
390197 101 
390706 100 
390706 1
390706 1574
390706 11
392705 25 
392753 75 
393517 72 
393517 70 
394227 80 
394865 76 
394960 83 
395063 64 
395333 62 
395350 62 
395350 150 
395350 68 
395350 65
395429 92 
395947 90 
396872 103 
396872 101 
397384 100 
397384 1
397384 1574
397384 11
399383 25 
399431 75 
400200 72 
400200 70 
400905 80 
401224 83 
401914 64 
402179 61 
402200 61 
402200 151 
402200 69 
402279 93 
403724 103 
403724 101 
404631 100 
404631 1
404631 1574
404631 10
406634 25 
406681 75 
407446 72 
407446 70 
408150 80 
408474 83 
409528 64 
410218 61 
410233 61 
410233 152 
410233 69 
410310 93 
411761 103 
411761 101 
412671 100 
412671 1
412671 1574
412671 10
414669 25 
414717 75 
415480 72 
415480 70 
416189 80 
416506 83 
417686 64 
418254 63 
418272 63 
418272 151 
418272 69 
418342 93 
419797 103 
419797 101 
420708 100 
420708 1
420708 1574
420708 10
422708 25 
422767 75 
423535 72 
423535 70 
424235 80 
424559 83 
425356 64 
426111 62 
426131 62 
426131 151 
426131 69 
426203 93 
427662 103 
427662 101 
428569 100 
428569 1
428569 1574
428569 10
430571 25 
430617 75 
431383 72 
431383 70 
432088 80 
432410 83 
432638 64 
434174 61 
434190 61 
434190 150 
434190 68 
434190 65
434256 92 
434645 90 
435710 103 
435710 101 
436220 100 
436220 1
436220 1574
436220 11
438221 25 
438285 75 
439051 72 
439051 70 
439753 80 
440461 76 
440562 83 
440708 64 
440955 256 
440973 62 
440989 62 
440989 150 
440989 68 
440989 65
441063 92 
441473 90 
442509 103 
442509 101 
443016 100 
443016 1
443016 1574
443016 10
445018 25 
445065 75 
445830 72 
445830 70 
446533 80 
447168 76 
447248 83 
447380 64 
447636 61 
447651 61 
447651 150 
447651 68 
447651 65
447727 92 
448145 90 
449172 103 
449172 101 
449680 100 
449680 1
449680 1574
449680 11
451682 25 
451742 75 
452507 72 
452507 70 
453217 80 
453800 76 
453895 83 
454033 64 
454259 62 
454275 62 
454275 150 
454275 68 
454275 65
454347 92 
454792 90 
455799 103 
455799 101 
456304 100 
456304 1
456304 1574
456304 11
458305 25 
458354 75 
459121 72 
459121 70 
459828 80 
460398 76 
460867 76 
460922 83 
461169 64 
461381 62 
461400 62 
461400 150 
461400 68 
461400 65
461482 92 
462004 90 
462929 103 
462929 101 
463435 100 
463435 1
463435 1574
463435 10
465435 25 
465482 75 
466248 72 
466248 70 
466952 80 
467280 83 
467307 64 
467603 256 
468026 61 
468043 61 
468043 150 
468043 68 
468043 65
468109 92 
468482 90 
469563 103 
469563 101 
470072 100 
470072 1
470072 1574
470072 10
472072 25 
472120 75 
472880 72 
472880 70 
473579 80 
473901 83 
474658 64 
474880 61 
474901 61 
474901 150 
474901 68 
474901 65
474978 92 
475597 90 
476430 103 
476430 101 
476949 100 
476949 1
476949 1574
476949 10
478949 25 
478997 75 
479759 72 
479759 70 
480456 80 
480934 83 
481298 64 
481496 61 
481517 61 
481517 152 
481517 69 
481592 93 
483037 103 
483037 101 
483945 100 
483945 1
483945 1574
483945 11
485947 25 
486007 75 
486773 72 
486773 70 
487592 80 
487961 83 
487993 64 
488383 62 
488403 62 
488403 150 
488403 68 
488403 65
488483 92 
488874 90 
489930 103 
489930 101 
490435 100 
490435 1
490435 1574
490435 11
492437 25 
492485 75 
493252 72 
493252 70 
494054 80 
494726 76 
494785 83 
495011 64 
495215 62 
495234 62 
495234 150 
495234 68 
495234 65
495307 92 
495781 90 
496750 103 
496750 101 
497263 100 
497263 6
497263 1574
497263 10
497263 78 
499261 25 
499308 75 
500077 72 
500077 70 
500783 80 
501100 83 
501218 64 
501603 61 
501618 61 
501618 151 
501618 69 
501690 93 
503140 103 
503140 101 
504046 100 
504046 6
504046 1574
504046 11
506045 25 
506093 75 
506469 73 
507153 72 
507153 70 
507855 80 
508486 76 
508586 83 
508764 64 
509003 62 
509018 62 
509018 151 
509018 69 
509098 93 
510553 103 
510553 101 
511468 100 
511468 6
511468 1574
511468 10
513470 25 
513516 75 
514281 72 
514281 70 
514983 80 
515310 83 
515772 64 
516398 61 
516825 61 
516825 151 
516825 69 
516886 93 
518343 103 
518343 101 
519251 100 
519251 6
519251 1574
519251 10
521251 25 
521300 75 
522067 72 
522067 70 
522778 80 
523104 83 
523931 64 
524742 62 
524760 62 
524760 151 
524760 69 
524831 93 
526289 103 
526289 101 
527197 100 
527197 6
527197 1574
527197 10
529195 25 
529243 75 
530011 72 
530011 70 
530712 80 
531035 83 
531858 64 
532331 63 
532347 63 
532347 150 
532347 68 
532347 65
532418 92 
532824 90 
532861 90 
533870 103 
533870 101 
534382 100 
534382 6
534382 1574
534382 10
536380 25 
536427 75 
537190 72 
537190 70 
537895 80 
538219 83 
538741 64 
539281 61 
539297 61 
539297 151 
539297 69 
539371 93 
540826 103 
540826 101 
541741 100 
541741 6
541741 1574
541741 11
543741 25 
543797 75 
544558 72 
544558 70 
545252 80 
545577 83 
545858 64 
546272 62 
546289 62 
546289 151 
546289 69 
546362 93 
547813 103 
547813 101 
548721 100 
548721 6
548721 1574
548721 11
550724 25 
550785 75 
551547 72 
551547 70 
552248 80 
552574 83 
556219 64 
557262 61 
557281 61 
557281 150 
557281 68 
557281 65
557353 92 
558810 103 
558810 101 
559314 100 
559314 6
559314 1574
559314 11
561315 25 
561363 75 
562129 72 
562129 70 
562844 80 
563168 83 
563825 64 
565011 61 
565026 61 
565026 150 
565026 68 
565026 65
565097 92 
565485 90 
566555 103 
566555 101 
567074 100 
567074 6
567074 1574
567074 11
569074 25 
569121 75 
569887 72 
569887 70 
570591 80 
571338 76 
571903 76 
572543 76 
572594 83 
572785 64 
574441 62 
574454 62 
574454 151 
574454 69 
574516 93 
575973 103 
575973 101 
576883 100 
576883 6
576883 1574
576883 10
578881 25 
578929 75 
579692 72 
579692 70 
580409 80 
580734 83 
580882 64 
582152 63 
582170 63 
582170 152 
582170 69 
582240 93 
583691 103 
583691 101 
584599 100 
584599 6
584599 1574
584599 11
586599 25 
586646 75 
587412 72 
587412 70 
588116 80 
588438 83 
588947 64 
590284 61 
590301 61 
590301 150 
590301 68 
590301 65
590367 92 
590795 90 
591820 103 
591820 101 
592329 100 
592329 6
592329 1574
592329 11
594329 25 
594376 75 
595137 72 
595137 70 
596092 80 
596461 83 
596597 64 
597118 61 
597376 61 
597376 150 
597376 68 
597376 65
597442 92 
597834 90 
598898 103 
598898 101 
599404 100 
599404 6
599404 1574
599404 11
601404 25 
601453 75 
602216 72 
602216 70 
603053 80 
603431 83 
603836 64 
604118 61 
604139 61 
604139 150 
604139 68 
604139 65
604222 92 
604633 90 
605664 103 
605664 101 
606181 100 
606181 6
606181 1574
606181 10
608180 25 
608241 75 
609003 72 
609003 70 
609713 80 
610044 83 
611157 64 
611386 63 
611406 63 
611406 150 
611406 68 
611406 65
611482 92 
612932 103 
612932 101 
613441 100 
613441 6
613441 1574
613441 10
615440 25 
615487 75 
616252 72 
616252 70 
616954 80 
617284 83 
617835 64 
618164 63 
618184 63 
618184 150 
618184 68 
618184 65
618260 92 
618630 90 
619703 103 
619703 101 
620228 100 
620228 6
620228 1574
620228 10
622227 25 
622285 75 
623053 72 
623053 70 
623758 80 
624080 83 
624190 64 
624773 61 
624790 61 
624790 151 
624790 69 
624856 93 
626315 103 
626315 101 
627235 100 
627235 6
627235 1574
627235 10
629235 25 
629281 75 
630047 72 
630047 70 
630749 80 
631078 83 
631526 64 
632269 61 
632285 61 
632285 151 
632285 69 
632347 93 
633002 91 
633806 103 
633806 101 
634723 100 
634723 6
634723 1574
634723 10
636725 25 
636790 75 
637558 72 
637558 70 
638260 80 
638577 83 
640000 64 
640535 62 
640551 62 
640551 153 
640551 68 
640551 65
640627 92 
641060 90 
642079 103 
642079 101 
642586 100 
642586 6
642586 1574
642586 11
644587 25 
644703 75 
645469 72 
645469 70 
646174 80 
646496 83 
646960 64 
647571 61 
647588 61 
647588 150 
647588 68 
647588 65
647662 92 
648023 90 
649120 103 
649120 101 
649637 100 
649637 6
649637 1574
649637 11
651638 25 
651686 75 
652447 72 
652447 70 
653164 80 
653499 83 
653898 64 
654155 61 
654170 61 
654170 150 
654170 68 
654170 65
654252 92 
654662 90 
655701 103 
655701 101 
656207 100 
656207 6
656207 1574
656207 10
658210 25 
658262 75 
659025 72 
659025 70 
659738 80 
660061 83 
660691 64 
660910 63 
660931 63 
660931 150 
660931 68 
660931 65
661010 92 
662454 103 
662454 101 
662967 100 
662967 6
662967 1574
662967 11
664967 25 
666410 75 
667171 72 
667171 70 
667872 80 
668198 83 
669070 64 
669569 61 
669585 61 
669585 150 
669585 68 
669585 65
669657 92 
670012 90 
671108 103 
671108 101 
671616 100 
671616 6
671616 1574
671616 11
673615 25 
673668 75 
674435 72 
674435 70 
675136 80 
676526 76 
676626 83 
676789 64 
677197 61 
677212 61 
677212 150 
677212 68 
677212 65
677278 92 
677699 90 
678730 103 
678730 101 
679240 100 
679240 6
679240 1574
679240 10
681241 25 
681287 75 
682053 72 
682053 70 
682756 80 
683082 83 
683747 64 
684034 63 
684056 63 
684056 150 
684056 68 
684056 65
684133 92 
685580 103 
685580 101 
686089 100 
686089 6
686089 1574
686089 11
688089 25 
688137 75 
688901 72 
688901 70 
689613 80 
689932 83 
690473 64 
690766 61 
690785 61 
690785 150 
690785 68 
690785 65
690861 92 
691258 90 
692308 103 
692308 101 
692820 100 
692820 6
692820 1574
692820 10
694820 25 
694872 75 
695638 72 
695638 70 
696339 80 
696664 83 
696868 64 
697086 63 
697106 63 
697106 150 
697106 68 
697106 65
697190 92 
698627 103 
698627 101 
699138 100 
699138 6
699138 1574
699138 11
701137 25 
701189 75 
701957 72 
701957 70 
702656 80 
703403 76 
703459 83 
703615 64 
703923 61 
703938 61 
703938 150 
703938 68 
703938 65
704020 92 
704553 90 
705469 103 
705469 101 
705987 100 
705987 6
705987 1574
705987 11
707989 25 
708036 75 
708805 72 
708805 70 
709649 80 
710030 83 
710934 64 
711160 63 
711181 63 
711181 153 
711181 68 
711181 65
711257 92 
712705 103 
712705 101 
713212 100 
713212 6
713212 1574
713212 10
715213 25 
715273 75 
716035 72 
716035 70 
716855 80 
717223 83 
717345 64 
717664 61 
717765 61 
717765 151 
717765 69 
717832 93 
719285 103 
719285 101 
720197 100 
720197 6
720197 1574
720197 10
722197 25 
723172 75 
723937 72 
723937 70 
724756 80 
725082 83 
726474 64 
727819 62 
727835 62 
727835 151 
727835 69 
727908 93 
728623 91 
729365 103 
729365 101 
730273 100 
730273 6
730273 1574
730273 10
732272 25 
732323 75 
733087 72 
733087 70 
733793 80 
734112 83 
739201 64 
740341 61 
740357 61 
740357 153 
740357 68 
740357 65
740422 92 
740861 90 
741881 103 
741881 101 
742388 100 
742388 6
742388 1574
742388 10
744386 25 
744435 75 
745201 72 
745201 70 
745907 80 
746225 83 
753449 64 
753852 61 
753870 61 
753870 151 
753870 69 
753937 93 
754583 91 
755389 103 
755389 101 
756302 100 
756302 6
756302 1574
756302 11
758302 25 
758362 75 
759129 72 
759129 70 
759832 80 
760158 83 
761599 64 
762632 61 
762648 61 
762648 150 
762648 68 
762648 65
762720 92 
763091 90 
764181 103 
764181 101 
764695 100 
764695 6
764695 1574
764695 11
766696 25 
766745 75 
767508 72 
767508 70 
768220 80 
768543 83 
768677 64 
769200 61 
769215 61 
769215 150 
769215 68 
769215 65
769297 92 
769651 90 
770744 103 
770744 101 
771254 100 
771254 6
771254 1574
771254 10
773254 25 
773306 75 
774075 72 
774075 70 
774777 80 
775098 83 
775709 64 
775949 63 
775971 63 
775971 150 
775971 68 
775971 65
776043 92 
777491 103 
777491 101 
777996 100 
777996 6
777996 1574
777996 10
779998 25 
780045 75 
780809 72 
780809 70 
781519 80 
781843 83 
782008 64 
783171 61 
783185 61 
783185 151 
783185 69 
783255 93 
784714 103 
784714 101 
785621 100 
785621 6
785621 1574
785621 10
787623 25 
787683 75 
788449 72 
788449 70 
789154 80 
789481 83 
789745 64 
790340 61 
790356 61 
790356 151 
790356 69 
790431 93 
791885 103 
791885 101 
792790 100 
792790 6
792790 1574
792790 11
794791 25 
794845 75 
795609 72 
795609 70 
796316 80 
796634 83 
798078 64 
798952 61 
798971 61 
798971 150 
798971 68 
798971 65
799039 92 
799409 90 
800490 103 
800490 101 
801003 100 
801003 6
801003 1574
801003 11
803003 25 
803054 75 
803822 72 
803822 70 
804521 80 
804851 83 
805035 64 
805460 61 
805475 61 
805475 150 
805475 68 
805475 65
805554 92 
805939 90 
807001 103 
807001 101 
807519 100 
807519 6
807519 1574
807519 11
809520 25 
809567 75 
810330 72 
810330 70 
811042 80 
812553 76 
812638 83 
812768 64 
813084 61 
813100 61 
813100 150 
813100 68 
813100 65
813172 92 
813618 90 
814618 103 
814618 101 
815129 100 
815129 6
815129 1574
815129 11
817129 25 
817181 75 
817946 72 
817946 70 
818645 80 
819285 76 
819387 83 
819466 64 
819728 61 
819747 61 
819747 150 
819747 68 
819747 65
819827 92 
820357 90 
821271 103 
821271 101 
821779 100 
821779 6
821779 1574
821779 11
823779 25 
823827 75 
824595 72 
824595 70 
825426 80 
825856 76 
825910 83 
827539 64 
828117 61 
828132 61 
828132 150 
828132 68 
828132 65
828202 92 
828580 90 
829653 103 
829653 101 
830161 100 
830161 6
830161 1574
830161 11
832163 25 
832212 75 
832977 72 
832977 70 
833787 80 
834559 76 
836042 76 
836099 83 
836337 64 
836687 61 
836702 61 
836702 150 
836702 68 
836702 65
836772 92 
837163 90 
838225 103 
838225 101 
838732 100 
838732 6
838732 1574
838732 10
840735 25 
840781 75 
840945 73 
841663 72 
841663 70 
842375 80 
842693 83 
847298 64 
849028 61 
849045 61 
849045 151 
849045 69 
849109 93 
849706 91 
850569 103 
850569 101 
851474 100 
851474 6
851474 1574
851474 10
853477 25 
853540 75 
854307 72 
854307 70 
855003 80 
855331 83 
856772 64 
857367 62 
857382 62 
857382 151 
857382 69 
857454 93 
858091 91 
858911 103 
858911 101 
859818 100 
859818 6
859818 1574
859818 11
861818 25 
864266 75 
865030 72 
865030 70 
865732 80 
866057 83 
866430 64 
867082 256 
867100 61 
867115 61 
867115 152 
867115 69 
867185 93 
867493 91 
868353 91 
868637 103 
868637 101 
869549 100 
869549 6
869549 1574
869549 10
871546 25 
871599 75 
872362 72 
872362 70 
873061 80 
873388 83 
874356 64 
876113 62 
876130 62 
876130 151 
876130 69 
876193 93 
877651 103 
877651 101 
878557 100 
878557 6
878557 1574
878557 10
880556 25 
880608 75 
880770 73 
881452 72 
881452 70 
882153 80 
882476 83 
883125 64 
885486 61 
885502 61 
885502 151 
885502 69 
885575 93 
886211 91 
887029 103 
887029 101 
887938 100 
887938 6
887938 1574
887938 11
889939 25 
893838 75 
894599 72 
894599 70 
895139 71 
895624 80 
895946 83 
896257 64 
896896 61 
896912 61 
896912 150 
896912 68 
896912 65
896985 92 
897423 90 
898441 103 
898441 101 
898962 100 
898962 6
898962 1574
898962 10
900963 25 
905812 75 
910374 73 
911005 254 
911101 72 
911101 70 
911816 80 
912148 83 
912767 64 
914891 61 
914909 61 
914909 151 
914909 69 
914976 93 
915542 91 
916434 103 
916434 101 
917342 100 
917342 6
917342 1574
917342 11
919342 25 
919394 75 
920155 72 
920155 70 
920857 80 
921183 83 
921584 64 
921849 61 
921870 61 
921870 150 
921870 68 
921870 65
921939 92 
922418 90 
923393 103 
923393 101 
923909 100 
923909 6
923909 1574
923909 10
925910 25 
925963 75 
926730 72 
926730 70 
927427 80 
927753 83 
928248 64 
928471 63 
928493 63 
928493 150 
928493 68 
928493 65
928559 92 
930015 103 
930015 101 
930523 100 
930523 6
930523 1574
930523 10
932521 25 
932569 75 
933331 72 
933331 70 
934170 80 
935088 76 
935140 83 
935321 64 
935649 256 
935668 63 
935683 63 
935683 152 
935683 69 
935760 93 
937213 103 
937213 101 
938130 100 
938130 6
938130 1574
938130 10
940133 25 
943687 75 
945594 73 
946279 72 
946279 70 
947125 80 
947506 83 
947990 64 
948396 62 
948413 62 
948413 151 
948413 69 
948483 93 
949942 103 
949942 101 
950860 100 
950860 6
950860 1574
950860 11
952860 25 
952907 75 
953673 72 
953673 70 
954503 80 
954872 83 
955002 64 
955415 61 
955429 61 
955429 150 
955429 68 
955429 65
955502 92 
955873 90 
956950 103 
956950 101 
957470 100 
957470 6
957470 1574
957470 11
959469 25 
959519 75 
960280 72 
960280 70 
961094 80 
961815 76 
961920 83 
962065 64 
962423 61 
962440 61 
962440 150 
962440 68 
962440 65
962512 92 
962971 90 
963962 103 
963962 101 
964482 100 
964482 6
964482 1574
964482 10
966482 25 
966529 75 
967294 72 
967294 70 
968130 80 
968478 83 
969328 64 
969571 63 
969590 63 
969590 150 
969590 68 
969590 65
969670 92 
971116 103 
971116 101 
971624 100 
971624 6
971624 1574
971624 10
973626 25 
973672 75 
974438 72 
974438 70 
975243 80 
975657 83 
976313 64 
976780 61 
976795 61 
976795 151 
976795 69 
976858 93 
978316 103 
978316 101 
979221 100 
979221 6
979221 1574
979221 11
981222 25 
981269 75 
982036 72 
982036 70 
982842 80 
983199 83 
983586 64 
983962 61 
983977 61 
983977 150 
983977 68 
983977 65
984043 92 
984371 90 
985493 103 
985493 101 
986007 100 
986007 6
986007 1574
986007 11
988005 25 
988053 75 
988819 72 
988819 70 
989647 80 
989992 83 
990377 64 
990611 61 
990631 61 
990631 150 
990631 68 
990631 65
990711 92 
991310 90 
992157 103 
992157 101 
992669 100 
992669 6
992669 1574
992669 11
994669 25 
994722 75 
995484 72 
995484 70 
996372 80 
997402 76 
997455 83 
997648 64 
998045 61 
998060 61 
998060 150 
998060 68 
998060 65
998139 92 
998718 90 
999585 103 
999585 101 
1000094 100 
1000094 6
1000094 1574
1000094 11
1002092 25 
1002140 75 
1002907 72 
1002907 70 
1003715 80 
1004517 76 
1004596 83 
1004778 64 
1005041 61 
1005062 61 
1005062 150 
1005062 68 
1005062 65
1005136 92 
1005622 90 
1006578 103 
1006578 101 
1007089 100 
1007089 6
1007089 1574
1007089 11
1009090 25 
1009142 75 
1009908 72 
1009908 70 
1010609 80 
1010938 83 
1011162 64 
1011456 256 
1011514 61 
1011530 61 
1011530 152 
1011530 69 
1011612 93 
1013059 103 
1013059 101 
1013966 100 
1013966 6
1013966 1574
1013966 11
1015968 25 
1016028 75 
1016798 72 
1016798 70 
1017495 80 
1017826 83 
1021752 64 
1022341 61 
1022358 61 
1022358 150 
1022358 68 
1022358 65
1022426 92 
1022838 90 
1023884 103 
1023884 101 
1024404 100 
1024404 6
1024404 1574
1024404 10
1026404 25 
1026464 75 
1027227 72 
1027227 70 
1027936 80 
1028261 83 
1028959 64 
1029326 63 
1029347 63 
1029347 150 
1029347 68 
1029347 65
1029428 92 
1030880 103 
1030880 101 
1031387 100 
1031387 6
1031387 1574
1031387 10
1033387 25 
1033434 75 
1034198 72 
1034198 70 
1034904 80 
1035230 83 
1035510 64 
1036397 63 
1036413 63 
1036413 150 
1036413 68 
1036413 65
1036496 92 
1037941 103 
1037941 101 
1038452 100 
1038452 6
1038452 1574
1038452 10
1040449 25 
1040498 75 
1041268 72 
1041268 70 
1041972 80 
1042290 83 
1049448 64 
1050760 63 
1050777 63 
1050777 150 
1050777 68 
1050777 65
1050846 92 
1051301 90 
1052297 103 
1052297 101 
1052805 100 
1052805 6
1052805 1574
1052805 10
1054806 25 
1054865 75 
1055631 72 
1055631 70 
1056342 80 
1056660 83 
1057851 64 
1058182 63 
1058199 63 
1058199 150 
1058199 68 
1058199 65
1058265 92 
1058667 90 
1059716 103 
1059716 101 
1060227 100 
1060227 3
1060227 1574
1060227 10
1060227 78 
1062228 25 
1067687 75 
1068450 72 
1068450 70 
1069165 80 
1069493 83 
1071146 64 
1071832 61 
1071849 61 
1071849 151 
1071849 69 
1071914 93 
1072665 91 
1073371 103 
1073371 101 
1074288 100 
1074288 3
1074288 1574
1074288 11
1076288 25 
1076337 75 
1077105 72 
1077105 70 
1077815 80 
1078148 83 
1078585 64 
1078990 61 
1079008 61 
1079008 151 
1079008 69 
1079083 93 
1079619 91 
1079948 91 
1080541 103 
1080541 101 
1081460 100 
1081460 3
1081460 1574
1081460 10
1083460 25 
1083511 75 
1083886 73 
1084574 72 
1084574 70 
1085267 80 
1105151 76 
1105255 83 
1106691 64 
1108088 62 
1108104 62 
1108104 150 
1108104 68 
1108104 65
1108178 92 
1108729 90 
1109629 103 
1109629 101 
1110142 100 
1110142 3
1110142 1574
1110142 11
1112141 25 
1122183 254 
1129679 75 
1130080 73 
1130769 72 
1130769 70 
1131671 80 
1132172 83 
1133650 64 
1134315 61 
1134330 61 
1134330 151 
1134330 69 
1134397 93 
1135851 103 
1135851 101 
1136755 100 
1136755 3
1136755 1574
1136755 10
1138757 25 
1138817 75 
1139585 72 
1139585 70 
1140419 80 
1140746 83 
1141604 64 
1142313 63 
1142332 63 
1142332 151 
1142332 69 
1142404 93 
1143861 103 
1143861 101 
1144781 100 
1144781 3
1144781 1574
1144781 11
1146779 25 
1148987 75 
1149750 72 
1149750 70 
1150454 80 
1156233 76 
1156339 83 
1156697 64 
1157099 256 
1157119 62 
1157134 62 
1157134 151 
1157134 69 
1157194 93 
1157864 91 
1158070 91 
1158654 103 
1158654 101 
1159562 100 
1159562 3
1159562 1574
1159562 10
1161559 25 
1161608 75 
1162371 72 
1162371 70 
1163194 80 
1163601 83 
1163754 64 
1164797 63 
1164815 63 
1164815 153 
1164815 68 
1164815 65
1164885 92 
1165364 90 
1166340 103 
1166340 101 
1166849 100 
1166849 3
1166849 1574
1166849 10
1168850 25 
1168912 75 
1169680 72 
1169680 70 
1170521 80 
1171173 76 
1171275 83 
1171433 64 
1171673 63 
1171692 63 
1171692 151 
1171692 69 
1171765 93 
1172925 91 
1173218 103 
1173218 101 
1174127 100 
1174127 3
1174127 1574
1174127 11
1176127 25 
1176175 75 
1176940 72 
1176940 70 
1177774 80 
1179155 76 
1179258 83 
1179680 64 
1180203 62 
1180218 62 
1180218 151 
1180218 69 
1180277 93 
1181738 103 
1181738 101 
1182642 100 
1182642 3
1182642 1574
1182642 11
1184644 25 
1188291 75 
1189057 72 
1189057 70 
1189683 250 
1214597 71 
1214891 80 
1215327 83 
1215972 64 
1217314 61 
1217326 61 
1217326 151 
1217326 69 
1217397 93 
1218852 103 
1218852 101 
1219760 100 
1219760 3
1219760 1574
1219760 10
1221762 25 
1221809 75 
1222576 72 
1222576 70 
1223276 80 
1223603 83 
1232743 64 
1233149 256 
1233167 63 
1233182 63 
1233182 151 
1233182 69 
1233250 93 
1233549 91 
1234699 103 
1234699 101 
1235612 100 
1235612 3
1235612 1574
1235612 11
1237611 25 
1237669 75 
1238436 72 
1238436 70 
1239135 80 
1239462 83 
1241724 64 
1242219 256 
1242636 255 
1243251 62 
1243267 62 
1243267 151 
1243267 69 
1243333 93 
1244078 91 
1244789 103 
1244789 101 
1245700 100 
1245700 3
1245700 1574
1245700 10
1247700 25 
1257736 254 
1280757 75 
1281522 72 
1281522 70 
1282234 80 
1282550 83 
1284963 64 
1286283 63 
1286298 63 
1286298 151 
1286298 69 
1286367 93 
1286875 91 
1287333 91 
1287684 91 
1287824 103 
1287824 101 
1288732 100 
1288732 3
1288732 1574
1288732 11
1290734 25 
1290794 75 
1291562 72 
1291562 70 
1292263 80 
1292589 83 
1293875 64 
1294605 61 
1294621 61 
1294621 153 
1294621 68 
1294621 65
1294685 92 
1296140 103 
1296140 101 
1296650 100 
1296650 3
1296650 1574
1296650 11
1298652 25 
1298711 75 
1299478 72 
1299478 70 
1300184 80 
1300505 83 
1301262 64 
1301793 256 
1302481 62 
1302497 62 
1302497 151 
1302497 69 
1302564 93 
1303206 91 
1303476 91 
1304022 103 
1304022 101 
1304939 100 
1304939 3
1304939 1574
1304939 11
1306941 25 
1306989 75 
1307751 72 
1307751 70 
1308461 80 
1308786 83 
1310391 64 
1310861 62 
1310876 62 
1310876 151 
1310876 69 
1310943 93 
1311938 91 
1312366 91 
1312399 103 
1312399 101 
1313310 100 
1313310 3
1313310 1574
1313310 10
1315312 25 
1315370 75 
1315670 73 
1316351 72 
1316351 70 
1317198 80 
1317587 83 
1318463 64 
1319328 61 
1319346 61 
1319346 151 
1319346 69 
1319410 93 
1320863 103 
1320863 101 
1321774 100 
1321774 3
1321774 1574
1321774 10
1323772 25 
1325156 75 
1325473 73 
1326157 72 
1326157 70 
1326495 250 
1342681 71 
1376755 71 
1377073 80 
1377393 83 
1378143 64 
1379002 62 
1379018 62 
1379018 150 
1379018 68 
1379018 65
1379091 92 
1379623 90 
1380553 103 
1380553 101 
1381069 100 
1381069 3
1381069 1574
1381069 11
1383067 25 
1383116 75 
1383880 72 
1383880 70 
1384589 80 
1384911 83 
1385832 64 
1386086 62 
1386102 62 
1386102 151 
1386102 69 
1386167 93 
1387626 103 
1387626 101 
1388531 100 
1388531 3
1388531 1574
1388531 10
1390531 25 
1397137 75 
1397898 72 
1397898 70 
1398596 80 
1398913 83 
1400414 64 
1400729 62 
1400751 62 
1400751 150 
1400751 68 
1400751 65
1400824 92 
1401278 90 
1402271 103 
1402271 101 
1402780 100 
1402780 3
1402780 1574
1402780 11
1404780 25 
1414822 254 
1428860 75 
1429624 72 
1429624 70 
1430528 80 
1430962 83 
1432229 64 
1432643 63 
1432660 63 
1432660 150 
1432660 68 
1432660 65
1432725 92 
1433058 90 
1434181 103 
1434181 101 
1434699 100 
1434699 3
1434699 1574
1434699 10
1436700 25 
1436749 75 
1437512 72 
1437512 70 
1438349 80 
1438713 83 
1439030 64 
1439323 62 
1439338 62 
1439338 150 
1439338 68 
1439338 65
1439414 92 
1439730 90 
1440818 90 
1440865 103 
1440865 101 
1441376 100 
1441376 3
1441376 1574
1441376 11
1443376 25 
1443442 75 
1444206 72 
1444206 70 
1445010 80 
1445338 83 
1445729 64 
1445968 62 
1445984 62 
1445984 151 
1445984 69 
1446057 93 
1446662 91 
1447111 91 
1447507 103 
1447507 101 
1448414 100 
1448414 3
1448414 1574
1448414 11
1450413 25 
1450462 75 
1451224 72 
1451224 70 
1451440 250 
1451706 71 
1452192 80 
1452528 83 
1452642 64 
1453516 62 
1453527 62 
1453527 151 
1453527 69 
1453592 93 
1453974 91 
1455052 103 
1455052 101 
1455958 100 
1455958 3
1455958 1574
1455958 11
1457957 25 
1467997 254 
1470418 75 
1471446 73 
1484352 73 
1485035 72 
1485035 70 
1485755 80 
1486079 83 
1489689 64 
1489842 256 
1489858 61 
1489878 61 
1489878 151 
1489878 69 
1489956 93 
1491407 103 
1491407 101 
1492314 100 
1492314 3
1492314 1574
1492314 10
1494317 25 
1504369 254 
1507368 75 
1507689 73 
1507796 73 
1508165 73 
1508851 72 
1508851 70 
1509561 80 
1509886 83 
1511473 64 
1511967 63 
1511982 63 
1511982 153 
1511982 68 
1511982 65
1512050 92 
1512444 90 
1513503 103 
1513503 101 
1514012 100 
1514012 3
1514012 1574
1514012 10
1516013 25 
1516061 75 
1516828 72 
1516828 70 
1517529 80 
1518193 76 
1518247 83 
1518630 64 
1518863 63 
1518883 63 
1518883 151 
1518883 69 
1518962 93 
1519785 91 
1520062 91 
1520407 103 
1520407 101 
1521317 100 
1521317 3
1521317 1574
1521317 10
1523318 25 
1523373 75 
1524183 73 
1524455 73 
1524807 73 
1525065 73 
1525137 73 
1525821 72 
1525821 70 
1526531 80 
1526852 83 
1527970 64 
1528358 63 
1528377 63 
1528377 151 
1528377 69 
1528440 93 
1529037 91 
1529899 103 
1529899 101 
1530808 100 
1530808 3
1530808 1574
1530808 11
1532807 25 
1538391 75 
1540054 73 
1540752 72 
1540752 70 
1541458 80 
1541785 83 
1542127 64 
1542847 62 
1542866 62 
1542866 151 
1542866 69 
1542935 93 
1544386 103 
1544386 101 
1545292 100 
1545292 3
1545292 1574
1545292 10
1547293 25 
1557345 254 
1599407 75 
1600173 72 
1600173 70 
1601015 80 
1601368 83 
1608890 64 
1609155 256 
1618918 252 
1620515 255 
1673212 62 
1673232 62 
1673232 150 
1673232 68 
1673232 65
1682567 90 
1682589 92 
1682589 103 
1682589 101 
1683103 100 
1683103 3
1683103 1574
1683103 11
1685103 25 
1687845 75 
1688607 72 
1688607 70 
1689317 80 
1689764 83 
1693653 64 
1694646 62 
1694662 62 
1694662 151 
1694662 69 
1694731 93 
1696190 103 
1696190 101 
1697098 100 
1697098 3
1697098 1574
1697098 10
1699096 25 
1699146 75 
1699912 72 
1699912 70 
1700775 80 
1701150 83 
1714705 64 
1717045 256 
1719886 62 
1719957 62 
1719957 150 
1719957 68 
1719957 65
1720037 92 
1721489 103 
1721489 101 
1722006 100 
1722006 3
1722006 1574
1722006 10
1724007 25 
1734044 254 
1788640 75 
1789404 72 
1789404 70 
1790246 80 
1790649 83 
1791069 64 
1791274 256 
1792086 61 
1792105 61 
1792105 151 
1792105 69 
1792174 93 
1793632 103 
1793632 101 
1794549 100 
1794549 3
1794549 1574
1794549 10
1796549 25 
1804792 75 
1805647 73 
1805859 73 
1806542 72 
1806542 70 
1807361 80 
1807685 83 
1807925 64 
1808196 256 
1808212 61 
1808232 61 
1808232 151 
1808232 69 
1808310 93 
1809760 103 
1809760 101 
1810677 100 
1810677 3
1810677 1574
1810677 10
1812677 25 
1822715 254 
1834763 75 
1835526 72 
1835526 70 
1836230 80 
1836551 83 
1837395 64 
1837796 256 
1837815 61 
1837830 61 
1837830 151 
1837830 69 
1837910 93 
1839360 103 
1839360 101 
1840277 100 
1840277 3
1840277 1574
1840277 11
1842279 25 
1842345 75 
1843108 72 
1843108 70 
1843559 250 
1938396 71 
1938713 80 
1939176 83 
1947550 64 
1948161 62 
1948177 62 
1948177 151 
1948177 69 
1948241 93 
1949130 91 
1949701 103 
1949701 101 
1950618 100 
1950618 3
1950618 1574
1950618 11
1952620 25 
1954797 75 
1955561 72 
1955561 70 
1956180 250 
1985650 71 
1985942 80 
1986260 83 
2002026 64 
2008486 255 
2009104 256 
2009182 62 
2009202 62 
2009202 153 
2009202 68 
2009202 65
2009278 92 
2010721 103 
2010721 101 
2011233 100 
2011233 3
2011233 1574
2011233 10
2013235 25 
2013573 75 
2014336 72 
2014336 70 
2014554 250 
2015304 71 
2015790 80 
2016114 83 
2019200 64 
2019428 61 
2019448 61 
2019448 151 
2019448 69 
2019523 93 
2020255 91 
2020978 103 
2020978 101 
2021881 100 
2021881 3
2021881 1574
2021881 10
2023882 25 
2033920 254 
2062353 75 
2063115 72 
2063115 70 
2064026 80 
2064376 83 
2065050 64 
2065514 61 
2065531 61 
2065531 151 
2065531 69 
2065592 93 
2067049 103 
2067049 101 
2067959 100 
2067959 3
2067959 1574
2067959 11
2069957 25 
2073801 75 
2074565 72 
2074565 70 
2075395 80 
2075765 83 
2076140 64 
2076458 61 
2076473 61 
2076473 151 
2076473 69 
2076536 93 
2077209 91 
2077874 91 
2077998 103 
2077998 101 
2078912 100 
2078912 3
2078912 1574
2078912 11
2080912 25 
2090952 254 
2099449 75 
2108849 73 
2109574 72 
2109574 70 
2110400 80 
2110729 83 
2112303 64 
2112807 61 
2113020 61 
2113020 151 
2113020 69 
2113092 93 
2114552 103 
2114552 101 
2115472 100 
2115472 3
2115472 1574
2115472 11
2117471 25 
2117520 75 
2118286 72 
2118286 70 
2118991 80 
2119313 83 
2128636 64 
2131299 256 
2132163 61 
2132178 61 
2132178 151 
2132178 69 
2132250 93 
2132818 91 
2133703 103 
2133703 101 
2134608 100 
2134608 3
2134608 1574
2134608 10
2136610 25 
2136670 75 
2137436 72 
2137436 70 
2138150 80 
2138478 83 
2204804 64 
2205640 62 
2205654 62 
2205654 152 
2205654 69 
2205720 93 
2206549 91 
2207177 103 
2207177 101 
2208085 100 
2208085 3
2208085 1574
2208085 10
2210085 25 
2212104 75 
2212866 72 
2212866 70 
2213762 80 
2294088 76 
2294191 83 
2294572 64 
2294960 62 
2294975 62 
2294975 150 
2294975 68 
2294975 65
2295047 92 
2295457 90 
2296428 90 
2296505 103 
2296505 101 
2297020 100 
2297020 3
2297020 1574
2297020 11
2299022 25 
2299082 75 
2299849 72 
2299849 70 
2300663 80 
2301089 83 
2302665 64 
2303187 63 
2303202 63 
2303202 150 
2303202 68 
2303202 65
2303268 92 
2303772 90 
2304216 90 
2304310 90 
2304724 103 
2304724 101 
2305231 100 
2305231 3
2305231 1574
2305231 11
2307231 25 
2307280 75 
2308044 72 
2308044 70 
2308865 80 
2309251 83 
2309278 64 
2309697 63 
2309717 63 
2309717 150 
2309717 68 
2309717 65
2309797 92 
2311242 103 
2311242 101 
2311751 100 
2311751 3
2311751 1574
2311751 11
2313749 25 
2313797 75 
2314562 72 
2314562 70 
2315391 80 
2315767 83 
2327922 64 
2328202 62 
2328221 62 
2328221 151 
2328221 69 
2328284 93 
2328927 91 
2329112 91 
2329515 91 
2329739 103 
2329739 101 
2330648 100 
2330648 3
2330648 1574
2330648 10
2332648 25 
2332709 75 
2333477 72 
2333477 70 
2334307 80 
2334658 83 
2334898 64 
2335179 62 
2335196 62 
2335196 150 
2335196 68 
2335196 65
2335278 92 
2336481 90 
2336719 103 
2336719 101 
2337232 100 
2337232 3
2337232 1574
2337232 10
2339233 25 
2339293 75 
2340059 72 
2340059 70 
2340870 80 
2341879 76 
2341937 83 
2342251 64 
2342487 62 
2342502 62 
2342502 150 
2342502 68 
2342502 65
2342578 92 
2343669 90 
2344027 103 
2344027 101 
2344534 100 
2344534 3
2344534 1574
2344534 11
2346537 25 
2346597 75 
2347365 72 
2347365 70 
2348182 80 
2348509 83 
2349447 64 
2349780 63 
2349796 63 
2349796 150 
2349796 68 
2349796 65
2349867 92 
2350226 90 
2351315 103 
2351315 101 
2351824 100 
2351824 3
2351824 1574
2351824 11
2353827 25 
2353874 75 
2354641 72 
2354641 70 
2355347 80 
2355667 83 
2362066 64 
2362177 62 
2362197 62 
2362197 151 
2362197 69 
2362275 93 
2362792 91 
2363727 103 
2363727 101 
2364633 100 
2364633 3
2364633 1574
2364633 10
2366633 25 
2366687 75 
2367448 72 
2367448 70 
2368157 80 
2368489 83 
2377026 64 
2377269 62 
2377285 62 
2377285 150 
2377285 68 
2377285 65
2377357 92 
2377755 90 
2378811 103 
2378811 101 
2379320 100 
2379320 3
2379320 1574
2379320 11
2381320 25 
2381369 75 
2382134 72 
2382134 70 
2382840 80 
2383176 83 
2383783 64 
2384030 62 
2384048 62 
2384048 151 
2384048 69 
2384113 93 
2384842 91 
2385572 103 
2385572 101 
2386477 100 
2386477 3
2386477 1574
2386477 10
2388479 25 
2388530 75 
2389296 72 
2389296 70 
2389997 80 
2390514 76 
2390619 83 
2390909 64 
2391136 62 
2391156 62 
2391156 150 
2391156 68 
2391156 65
2391240 92 
2392106 90 
2392689 103 
2392689 101 
2393210 100 
2393210 3
2393210 1574
2393210 10
2395208 25 
2395256 75 
2396022 72 
2396022 70 
2396725 80 
2397053 83 
2398449 64 
2398587 62 
2398602 62 
2398602 150 
2398602 68 
2398602 65
2398682 92 
2399894 90 
2400125 103 
2400125 101 
2400631 100 
2400631 3
2400631 1574
2400631 11
2402632 25 
2402680 75 
2403444 72 
2403444 70 
2404150 80 
2404474 83 
2412949 64 
2413308 255 
2417240 256 
2477423 62 
2477439 62 
2477439 153 
2477439 68 
2477439 65
2477501 92 
2478690 90 
2478960 103 
2478960 101 
2479465 100 
2479465 3
2479465 1574
2479465 10
2481466 25 
2481514 75 
2482282 72 
2482282 70 
2483196 80 
2483644 83 
2485992 64 
2486164 62 
2486180 62 
2486180 150 
2486180 68 
2486180 65
2486246 92 
2487561 90 
2487707 103 
2487707 101 
2488222 100 
2488222 3
2488222 1574
2488222 10
2490222 25 
2498879 75 
2499646 72 
2499646 70 
2500508 80 
2500884 83 
2502189 64 
2502398 61 
2502417 61 
2502417 151 
2502417 69 
2502485 93 
2503936 103 
2503936 101 
2504841 100 
2504841 3
2504841 1574
2504841 11
2506844 25 
2512806 75 
2513568 72 
2513568 70 
2514266 80 
2514593 83 
2516054 64 
2516903 255 
2540179 62 
2540191 62 
2540191 151 
2540191 69 
2540272 93 
2541717 103 
2541717 101 
2542625 100 
2542625 3
2542625 1574
2542625 11
2544626 25 
2545565 75 
2546330 72 
2546330 70 
2546818 250 
2549851 71 
2550150 80 
2550483 83 
2551801 64 
2551994 61 
2552014 61 
2552014 151 
2552014 69 
2552089 93 
2553544 103 
2553544 101 
2554462 100 
2554462 3
2554462 1574
2554462 10
2556463 25 
2566504 254 
2567515 75 
2568179 73 
2568565 73 
2569163 73 
2569544 73 
2569882 73 
2569985 73 
2570457 73 
2573888 73 
2575642 73 
2575994 73 
2590658 73 
2591443 73 
2592127 72 
2592127 70 
2592841 80 
2593166 83 
2596035 64 
2597703 256 
2600925 61 
2601443 61 
2601443 151 
2601443 69 
2621203 91 
2621226 93 
2621226 103 
2621226 101 
2622140 100 
2622140 3
2622140 1574
2622140 11
2624141 25 
2634181 254 
2648878 75 
2649642 72 
2649642 70 
2650544 80 
2650962 83 
2652199 64 
2652531 61 
2652545 61 
2652545 151 
2652545 69 
2652616 93 
2654071 103 
2654071 101 
2654980 100 
2654980 3
2654980 1574
2654980 11
2656979 25 
2657030 75 
2657794 72 
2657794 70 
2658635 80 
2659020 83 
2661929 64 
2663538 63 
2663558 63 
2663558 150 
2663558 68 
2663558 65
2663630 92 
2665080 103 
2665080 101 
2665592 100 
2665592 3
2665592 1574
2665592 11
2667591 25 
2667639 75 
2668403 72 
2668403 70 
2669241 80 
2669949 76 
2670058 83 
2670206 64 
2670418 63 
2670440 63 
2670440 150 
2670440 68 
2670440 65
2670507 92 
2671960 103 
2671960 101 
2672471 100 
2672471 3
2672471 1574
2672471 11
2674468 25 
2674515 75 
2675285 72 
2675285 70 
2676128 80 
2679119 76 
2679220 83 
2679489 64 
2679713 63 
2679734 63 
2679734 150 
2679734 68 
2679734 65
2679814 92 
2680693 90 
2681263 103 
2681263 101 
2681768 100 
2681768 3
2681768 1574
2681768 10
2683773 25 
2683834 75 
2684600 72 
2684600 70 
2685428 80 
2685824 83 
2686306 64 
2686518 61 
2686539 61 
2686539 151 
2686539 69 
2686606 93 
2688058 103 
2688058 101 
2688967 100 
2688967 3
2688967 1574
2688967 10
2690968 25 
2694898 75 
2701017 254 
2728023 73 
2728709 72 
2728709 70 
2729521 80 
2729850 83 
2730782 64 
2731365 61 
2731381 61 
2731381 151 
2731381 69 
2731454 93 
2732909 103 
2732909 101 
2733826 100 
2733826 3
2733826 1574
2733826 11
2735829 25 
2745870 254 
2752521 75 
2753285 72 
2753285 70 
2753998 80 
2754329 83 
2754704 64 
2754873 61 
2756622 61 
2756622 151 
2756622 69 
2767363 91 
2767383 93 
2767383 103 
2767383 101 
2768295 100 
2768295 3
2768295 1574
2768295 11
2770292 25 
2773456 75 
2774218 72 
2774218 70 
2774925 80 
2775258 83 
2775612 64 
2775835 63 
2775856 63 
2775856 150 
2775856 68 
2775856 65
2775932 92 
2777381 103 
2777381 101 
2777888 100 
2777888 3
2777888 1574
2777888 10
2779891 25 
2779950 75 
2780717 72 
2780717 70 
2781424 80 
2781745 83 
2781878 64 
2782116 62 
2782137 62 
2782137 152 
2782137 69 
2782209 93 
2782758 91 
2782798 91 
2783657 103 
2783657 101 
2784566 100 
2784566 3
2784566 1574
2784566 10
2786568 25 
2786756 75 
2787517 72 
2787517 70 
2788224 80 
2788551 83 
2790206 64 
2791909 256 
2793354 62 
2793373 62 
2793373 150 
2793373 68 
2793373 65
2793450 92 
2794081 90 
2794895 103 
2794895 101 
2795400 100 
2795400 3
2795400 1574
2795400 10
2797402 25 
2797449 75 
2798218 72 
2798218 70 
2798923 80 
2799573 76 
2799658 83 
2799808 64 
2800036 256 
2800052 63 
2800067 63 
2800067 151 
2800067 69 
2800145 93 
2800737 91 
2801130 91 
2801597 103 
2801597 101 
2802504 100 
2802504 3
2802504 1574
2802504 11
2804506 25 
2806053 75 
2806820 72 
2806820 70 
2807519 80 
2807841 83 
2808932 64 
2809575 63 
2809596 63 
2809596 150 
2809596 68 
2809596 65
2809666 92 
2810008 90 
2811117 103 
2811117 101 
2811623 100 
2811623 3
2811623 1574
2811623 10
2813622 25 
2813683 75 
2814445 72 
2814445 70 
2815157 80 
2815807 76 
2815885 83 
2816010 64 
2817056 62 
2817069 62 
2817069 150 
2817069 68 
2817069 65
2817137 92 
2818337 90 
2818588 103 
2818588 101 
2819098 100 
2819098 3
2819098 1574
2819098 11
2821098 25 
2821147 75 
2821915 72 
2821915 70 
2822620 80 
2822940 83 
2823502 64 
2823775 255 
2824999 256 
2825772 62 
2825792 62 
2825792 151 
2825792 69 
2825872 93 
2826554 91 
2826914 91 
2827080 91 
2827319 103 
2827319 101 
2828230 100 
2828230 3
2828230 1574
2828230 10
2830229 25 
2830276 75 
2831042 72 
2831042 70 
2831912 80 
2832299 83 
2833206 64 
2833491 63 
2833510 63 
2833510 151 
2833510 69 
2833589 93 
2834105 91 
2834459 91 
2835044 103 
2835044 101 
2835958 100 
2835958 3
2835958 1574
2835958 10
2837959 25 
2847999 254 
2872737 75 
2873498 72 
2873498 70 
2874357 80 
2874703 83 
2875227 64 
2875619 63 
2875640 63 
2875640 151 
2875640 69 
2875718 93 
2877168 103 
2877168 101 
2878075 100 
2878075 3
2878075 1574
2878075 11
2880075 25 
2880128 75 
2880893 72 
2880893 70 
2881188 250 
2884166 71 
2884298 71 
2884677 80 
2885015 83 
2887382 64 
2887478 62 
2887493 62 
2887493 153 
2887493 68 
2887493 65
2887567 92 
2888457 90 
2889018 103 
2889018 101 
2889540 100 
2889540 3
2889540 1574
2889540 11
2891539 25 
2891597 75 
2892358 72 
2892358 70 
2892861 250 
2913254 71 
2913548 80 
2913876 83 
2920020 64 
2920156 256 
2920174 63 
2920194 63 
2920194 150 
2920194 68 
2920194 65
2920273 92 
2921721 103 
2921721 101 
2922230 100 
2922230 3
2922230 1574
2922230 10
2924230 25 
2924290 75 
2925054 72 
2925054 70 
2925762 80 
2926086 83 
2926471 64 
2928553 256 
2930296 61 
2930315 61 
2930315 151 
2930315 69 
2930391 93 
2931840 103 
2931840 101 
2932760 100 
2932760 3
2932760 1574
2932760 10
2934759 25 
2934806 75 
2935571 72 
2935571 70 
2936276 80 
2936600 83 
2937553 64 
2937817 256 
2937835 63 
2937855 63 
2937855 151 
2937855 69 
2937923 93 
2938829 91 
2939379 103 
2939379 101 
2940287 100 
2940287 3
2940287 1574
2940287 11
2942288 25 
2942336 75 
2943099 72 
2943099 70 
2943807 80 
2944539 76 
2944589 83 
2944714 64 
2944936 63 
2944955 63 
2944955 150 
2944955 68 
2944955 65
2945037 92 
2946482 103 
2946482 101 
2946991 100 
2946991 3
2946991 1574
2946991 10
2948992 25 
2949041 75 
2949808 72 
2949808 70 
2950515 80 
2950839 83 
2950865 64 
2951095 63 
2951115 63 
2951115 151 
2951115 69 
2951188 93 
2952642 103 
2952642 101 
2953550 100 
2953550 3
2953550 1574
2953550 11
2955552 25 
2955611 75 
2956378 72 
2956378 70 
2957083 80 
2957409 83 
2957556 64 
2957931 63 
2957948 63 
2957948 150 
2957948 68 
2957948 65
2958017 92 
2959468 103 
2959468 101 
2959974 100 
2959974 3
2959974 1574
2959974 10
2961975 25 
2962021 75 
2962789 72 
2962789 70 
2963495 80 
2964235 76 
2964341 83 
2964502 64 
2964724 63 
2964745 63 
2964745 151 
2964745 69 
2964811 93 
2966266 103 
2966266 101 
2967184 100 
2967184 3
2967184 1574
2967184 11
2969185 25 
2969250 75 
2970017 72 
2970017 70 
2970720 80 
3026763 76 
3026867 83 
3049726 64 
3050121 61 
3050136 61 
3050136 153 
3050136 68 
3050136 65
3050200 92 
3051655 103 
3051655 101 
3052161 100 
3052161 3
3052161 1574
3052161 10
3054164 25 
3054212 75 
3054974 72 
3054974 70 
3055860 80 
3056402 76 
3056996 76 
3057050 83 
3057420 64 
3057627 63 
3057646 63 
3057646 151 
3057646 69 
3057721 93 
3059173 91 
3059173 103 
3059173 101 
3060092 100 
3060092 3
3060092 1574
3060092 11
3062094 25 
3067427 75 
3068191 72 
3068191 70 
3068891 80 
3092632 76 
3092712 83 
3093147 64 
3093495 61 
3093510 61 
3093510 151 
3093510 69 
3093580 93 
3093987 91 
3094988 91 
3095037 103 
3095037 101 
3095943 100 
3095943 3
3095943 1574
3095943 11
3097946 25 
3100865 75 
3101231 73 
3101406 73 
3102091 72 
3102091 70 
3102317 250 
3102397 71 
3102733 71 
3103827 71 
3104723 71 
3154890 71 
3155188 80 
3155658 83 
3160646 64 
3160922 63 
3160942 63 
3160942 150 
3160942 68 
3160942 65
3161014 92 
3162462 103 
3162462 101 
3162970 100 
3162970 3
3162970 1574
3162970 10
3164969 25 
3165017 75 
3165786 72 
3165786 70 
3166613 80 
3166937 83 
3167530 64 
3167857 61 
3167878 61 
3167878 151 
3167878 69 
3167956 93 
3169406 103 
3169406 101 
3170319 100 
3170319 3
3170319 1574
3170319 10
3172317 25 
3182120 75 
3182366 254 
3182885 72 
3182885 70 
3183592 80 
3183913 83 
3184327 64 
3184695 63 
3184710 63 
3184710 151 
3184710 69 
3184783 93 
3186239 103 
3186239 101 
3187145 100 
3187145 3
3187145 1574
3187145 11
3189150 25 
3199201 254 
3199846 75 
3200480 73 
3201164 72 
3201164 70 
3201867 80 
3202182 83 
3235771 64 
3236004 61 
3236025 61 
3236025 151 
3236025 69 
3236098 93 
3237552 103 
3237552 101 
3238457 100 
3238457 3
3238457 1574
3238457 11
3240459 25 
3240506 75 
3241268 72 
3241268 70 
3241983 80 
3242308 83 
3242344 64 
3242608 61 
3242623 61 
3242623 153 
3242623 68 
3242623 65
3242703 92 
3243112 90 
3244147 103 
3244147 101 
3244655 100 
3244655 3
3244655 1574
3244655 10
3246655 25 
3246717 75 
3247482 72 
3247482 70 
3248187 80 
3248517 83 
3248614 64 
3248885 61 
3248900 61 
3248900 151 
3248900 69 
3248968 93 
3249533 91 
3250286 91 
3250423 103 
3250423 101 
3251332 100 
3251332 3
3251332 1574
3251332 10
3253334 25 
3253394 75 
3254155 72 
3254155 70 
3254852 80 
3255174 83 
3256106 64 
3256954 61 
3256970 61 
3256970 151 
3256970 69 
3257032 93 
3258489 103 
3258489 101 
3259396 100 
3259396 3
3259396 1574
3259396 11
3261396 25 
3261444 75 
3262212 72 
3262212 70 
3262917 80 
3263239 83 
3263507 64 
3263919 63 
3263934 63 
3263934 150 
3263934 68 
3263934 65
3264005 92 
3264415 90 
3265457 103 
3265457 101 
3265966 100 
3265966 3
3265966 1574
3265966 11
3267966 25 
3268015 75 
3268778 72 
3268778 70 
3269617 80 
3269992 83 
3270548 64 
3271002 61 
3271018 61 
3271018 151 
3271018 69 
3271080 93 
3271579 91 
3272015 91 
3272539 103 
3272539 101 
3273456 100 
3273456 3
3273456 1574
3273456 11
3275458 25 
3275969 75 
3276735 72 
3276735 70 
3277540 80 
3277860 83 
3282759 64 
3283016 63 
3283037 63 
3283037 150 
3283037 68 
3283037 65
3283117 92 
3284561 103 
3284561 101 
3285080 100 
3285080 3
3285080 1574
3285080 10
3287080 25 
3287127 75 
3287890 72 
3287890 70 
3288596 80 
3288919 83 
3291350 64 
3291569 256 
3293210 62 
3293226 62 
3293226 150 
3293226 68 
3293226 65
3293298 92 
3293694 90 
3294281 90 
3294687 90 
3294757 103 
3294757 101 
3295276 100 
3295276 3
3295276 1574
3295276 10
3297276 25 
3297336 75 
3298101 72 
3298101 70 
3298809 80 
3299132 83 
3331561 64 
3334064 256 
3336461 61 
3336481 61 
3336481 151 
3336481 69 
3336554 93 
3338004 103 
3338004 101 
3338910 100 
3338910 3
3338910 1574
3338910 11
3340911 25 
3340959 75 
3341724 72 
3341724 70 
3342428 80 
3342752 83 
3342995 64 
3343236 61 
3343253 61 
3343253 151 
3343253 69 
3343317 93 
3343794 91 
3344154 91 
3344544 91 
3344685 91 
3344770 103 
3344770 101 
3345682 100 
3345682 3
3345682 1574
3345682 10
3347682 25 
3347728 75 
3348490 72 
3348490 70 
3349186 80 
3349507 83 
3361129 64 
3361465 61 
3361484 61 
3361484 151 
3361484 69 
3361549 93 
3361974 91 
3362100 91 
3363005 103 
3363005 101 
3363918 100 
3363918 3
3363918 1574
3363918 10
3365918 25 
3365980 75 
3366742 72 
3366742 70 
3367446 80 
3367771 83 
3367882 64 
3368133 61 
3368148 61 
3368148 151 
3368148 69 
3368213 93 
3368704 91 
3368927 91 
3369341 91 
3369603 91 
3369670 103 
3369670 101 
3370578 100 
3370578 3
3370578 1574
3370578 10
3372577 25 
3372624 75 
3373389 72 
3373389 70 
3374101 80 
3374432 83 
3376972 64 
3377360 255 
3377419 256 
3379623 61 
3379643 61 
3379643 151 
3379643 69 
3379719 93 
3381172 103 
3381172 101 
3382080 100 
3382080 3
3382080 1574
3382080 10
3384080 25 
3394119 254 
3401505 75 
3402005 73 
3402690 72 
3402690 70 
3403583 80 
3404003 83 
3404316 64 
3405017 61 
3405034 61 
3405034 151 
3405034 69 
3405103 93 
3405349 91 
3406564 103 
3406564 101 
3407481 100 
3407481 3
3407481 1574
3407481 11
3409481 25 
3409532 75 
3410294 72 
3410294 70 
3411127 80 
3411509 83 
3411689 64 
3411999 61 
3412015 61 
3412015 151 
3412015 69 
3412097 93 
3413548 103 
3413548 101 
3414466 100 
3414466 3
3414466 1574
3414466 11
3416466 25 
3416513 75 
3417280 72 
3417280 70 
3418090 80 
3418494 83 
3418869 64 
3419599 61 
3419615 61 
3419615 151 
3419615 69 
3419685 93 
3421140 103 
3421140 101 
3422049 100 
3422049 3
3422049 1574
3422049 11
3424049 25 
3424422 75 
3430657 73 
3431343 72 
3431343 70 
3432164 80 
3432409 76 
3432513 83 
3432807 64 
3433046 62 
3433061 62 
3433061 151 
3433061 69 
3433133 93 
3433482 91 
3433773 91 
3434303 91 
3434592 103 
3434592 101 
3435516 100 
3435516 3
3435516 1574
3435516 10
3437513 25 
3446215 75 
3446976 72 
3446976 70 
3447684 80 
3448534 76 
3448639 83 
3448953 64 
3449465 256 
3449483 61 
3449498 61 
3449498 151 
3449498 69 
3449563 93 
3451024 103 
3451024 101 
3451929 100 
3451929 3
3451929 1574
3451929 11
3453929 25 
3453978 75 
3454748 72 
3454748 70 
3455450 80 
3455772 83 
3455851 64 
3456111 61 
3456131 61 
3456131 151 
3456131 69 
3456212 93 
3456751 91 
3457274 91 
3457631 91 
3457655 103 
3457655 101 
3458569 100 
3458569 3
3458569 1574
3458569 11
3460568 25 
3460628 75 
3461389 72 
3461389 70 
3462089 80 
3462408 83 
3462892 64 
3463223 256 
3463240 63 
3463256 63 
3463256 152 
3463256 69 
3463320 93 
3464174 91 
3464779 103 
3464779 101 
3465697 100 
3465697 3
3465697 1574
3465697 10
3467698 25 
3467745 75 
3468512 72 
3468512 70 
3469219 80 
3469542 83 
3469812 64 
3470506 61 
3470522 61 
3470522 151 
3470522 69 
3470595 93 
3472052 103 
3472052 101 
3472960 100 
3472960 3
3472960 1574
3472960 10
3474963 25 
3485004 254 
3492701 75 
3493468 72 
3493468 70 
3494161 80 
3494493 83 
3502548 64 
3511989 61 
3512005 61 
3512005 151 
3512005 69 
3512081 93 
3513532 103 
3513532 101 
3514437 100 
3514437 3
3514437 1574
3514437 11
3516437 25 
3516485 75 
3517247 72 
3517247 70 
3517958 80 
3518278 83 
3519096 64 
3519293 61 
3519314 61 
3519314 151 
3519314 69 
3519381 93 
3520831 103 
3520831 101 
3521741 100 
3521741 3
3521741 1574
3521741 10
3523740 25 
3525127 75 
3525192 73 
3525920 72 
3525920 70 
3529474 250 
3529782 71 
3530072 80 
3530392 83 
3531891 64 
3532243 61 
3532260 61 
3532260 151 
3532260 69 
3532329 93 
3532840 91 
3533163 91 
3533403 91 
3533785 103 
3533785 101 
3534697 100 
3534697 3
3534697 1574
3534697 11
3536695 25 
3536743 75 
3537506 72 
3537506 70 
3538324 80 
3538650 83 
3539338 64 
3539704 61 
3539719 61 
3539719 153 
3539719 68 
3539719 65
3539788 92 
3540120 90 
3541238 103 
3541238 101 
3541746 100 
3541746 3
3541746 1574
3541746 10
3543747 25 
3543809 75 
3544571 72 
3544571 70 
3545278 80 
3545600 83 
3584926 64 
3587906 256 
3589577 61 
3589597 61 
3589597 151 
3589597 69 
3589673 93 
3591127 103 
3591127 101 
3592046 100 
3592046 3
3592046 1574
3592046 11
3594047 25 
3594106 75 
3594870 72 
3594870 70 
3595574 80 
3595904 83 
3595967 64 
3596273 61 
3596289 61 
3596289 151 
3596289 69 
3596356 93 
3596762 91 
3597017 91 
3597330 91 
3597679 91 
3597812 103 
3597812 101 
3598724 100 
3598724 3
3598724 1574
3598724 10
3600724 25 
3610763 254 
3683049 75 
3683813 72 
3683813 70 
3684672 80 
3685089 83 
3686074 64 
3686321 63 
3686342 63 
3686342 151 
3686342 69 
3686423 93 
3687876 103 
3687876 101 
3688793 100 
3688793 3
3688793 1574
3688793 11
3690793 25 
3690839 75 
3691607 72 
3691607 70 
3692464 80 
3698020 76 
3698121 83 
3700433 64 
3700659 61 
3700681 61 
3700681 151 
3700681 69 
3700767 93 
3701117 91 
3701268 91 
3701700 91 
3702210 103 
3702210 101 
3703126 100 
3703126 3
3703126 1574
3703126 10
3705124 25 
3705181 75 
3705949 72 
3705949 70 
3706790 80 
3712585 76 
3712692 83 
3714431 64 
3714613 61 
3714633 61 
3714633 151 
3714633 69 
3714700 93 
3716154 103 
3716154 101 
3717059 100 
3717059 3
3717059 1574
3717059 11
3719060 25 
3719114 75 
3719881 72 
3719881 70 
3720578 80 
3721166 76 
3721277 83 
3721459 64 
3721679 61 
3721694 61 
3721694 151 
3721694 69 
3721767 93 
3722235 91 
3722908 91 
3723215 103 
3723215 101 
3724122 100 
3724122 3
3724122 1574
3724122 10
3726123 25 
3726173 75 
3726939 72 
3726939 70 
3727647 80 
3727970 83 
3728025 64 
3728313 61 
3728333 61 
3728333 151 
3728333 69 
3728401 93 
3728931 91 
3729850 103 
3729850 101 
3730763 100 
3730763 3
3730763 1574
3730763 10
3732760 25 
3732809 75 
3733570 72 
3733570 70 
3734283 80 
3735291 76 
3735394 83 
3736183 64 
3736426 63 
3736445 63 
3736445 151 
3736445 69 
3736520 93 
3737972 103 
3737972 101 
3738883 100 
3738883 3
3738883 1574
3738883 11
3740882 25 
3740946 75 
3741461 73 
3741799 73 
3742258 73 
3742587 73 
3742828 73 
3743089 73 
3743770 72 
3743770 70 
3744481 80 
3744815 83 
3744937 64 
3745228 61 
3745244 61 
3745244 151 
3745244 69 
3745318 93 
3745817 91 
3746518 91 
3746769 103 
3746769 101 
3747689 100 
3747689 3
3747689 1574
3747689 10
3749688 25 
3750282 75 
3751050 72 
3751050 70 
3751753 80 
3752077 83 
3752129 64 
3752342 61 
3752364 61 
3752364 151 
3752364 69 
3752432 93 
3753886 103 
3753886 101 
3754791 100 
3754791 3
3754791 1574
3754791 10
3756792 25 
3760910 75 
3761678 72 
3761678 70 
3762377 80 
3762701 83 
3763241 64 
3763711 61 
3763726 61 
3763726 151 
3763726 69 
3763797 93 
3764162 91 
3764951 91 
3765249 103 
3765249 101 
3766158 100 
3766158 3
3766158 1574
3766158 11
3768162 25 
3770351 75 
3771117 72 
3771117 70 
3771822 80 
3772144 83 
3772655 64 
3773185 61 
3773201 61 
3773201 151 
3773201 69 
3773276 93 
3774081 91 
3774731 103 
3774731 101 
3775650 100 
3775650 3
3775650 1574
3775650 10
3777651 25 
3777714 75 
3778301 73 
3779002 72 
3779002 70 
3779708 80 
3780033 83 
3780300 64 
3780606 63 
3780621 63 
3780621 153 
3780621 68 
3780621 65
3780703 92 
3781107 90 
3782152 103 
3782152 101 
3782659 100 
3782659 3
3782659 1574
3782659 11
3784659 25 
3784707 75 
3785474 72 
3785474 70 
3786182 80 
3786506 83 
3787089 64 
3788724 256 
3793171 61 
3793191 61 
3793191 151 
3793191 69 
3793276 93 
3793791 91 
3794449 91 
3794718 103 
3794718 101 
3795629 100 
3795629 3
3795629 1574
3795629 11
3797628 25 
3797679 75 
3798441 72 
3798441 70 
3798798 250 
3803849 71 
3804212 80 
3804539 83 
3806162 64 
3806342 61 
3806363 61 
3806363 151 
3806363 69 
3806437 93 
3807891 103 
3807891 101 
3808811 100 
3808811 3
3808811 1574
3808811 11
3810811 25 
3810875 75 
3811637 72 
3811637 70 
3812340 80 
3812670 83 
3812826 64 
3813080 61 
3813101 61 
3813101 151 
3813101 69 
3813185 93 
3813680 91 
3814102 91 
3814549 91 
3814632 103 
3814632 101 
3815539 100 
3815539 3
3815539 1574
3815539 11
3817539 25 
3820474 75 
3827579 254 
3831631 73 
3832347 72 
3832347 70 
3833188 80 
3833535 83 
3835285 64 
3835549 61 
3835568 61 
3835568 151 
3835568 69 
3835636 93 
3835989 91 
3837088 103 
3837088 101 
3837996 100 
3837996 3
3837996 1574
3837996 10
3839998 25 
3840044 75 
3840807 72 
3840807 70 
3841622 80 
3842457 76 
3842561 83 
3842871 64 
3843319 61 
3843335 61 
3843335 151 
3843335 69 
3843401 93 
3843788 91 
3844862 103 
3844862 101 
3845779 100 
3845779 3
3845779 1574
3845779 10
3847780 25 
3847911 75 
3848680 72 
3848680 70 
3849491 80 
3849828 83 
3850302 64 
3850779 61 
3850796 61 
3850796 151 
3850796 69 
3850866 93 
3851221 91 
3851555 91 
3851961 91 
3852319 91 
3852319 103 
3852319 101 
3853235 100 
3853235 3
3853235 1574
3853235 11
3855233 25 
3855293 75 
3865285 254 
3868527 73 
3869216 72 
3869216 70 
3869436 250 
3906283 71 
3906424 71 
3906832 80 
3907162 83 
3914766 64 
3915311 61 
3915326 61 
3915326 151 
3915326 69 
3915403 93 
3916856 103 
3916856 101 
3917765 100 
3917765 3
3917765 1574
3917765 11
3919764 25 
3919824 75 
3920590 72 
3920590 70 
3921297 80 
3921620 83 
3922714 64 
3923897 61 
3923914 61 
3923914 151 
3923914 69 
3923984 93 
3924569 91 
3925437 103 
3925437 101 
3926349 100 
3926349 3
3926349 1574
3926349 11
3928348 25 
3928407 75 
3938403 254 
3945209 73 
3945898 72 
3945898 70 
3946607 80 
3946935 83 
3947395 64 
3947603 61 
3947622 61 
3947622 151 
3947622 69 
3947700 93 
3948070 91 
3948330 91 
3948586 91 
3949152 103 
3949152 101 
3950069 100 
3950069 3
3950069 1574
3950069 10
3952071 25 
3952122 75 
3952948 73 
3953630 72 
3953630 70 
3954519 80 
3954931 83 
3955153 64 
3955674 63 
3955694 63 
3955694 151 
3955694 69 
3955759 93 
3956207 91 
3956583 91 
3957032 91 
3957211 103 
3957211 101 
3958121 100 
3958121 3
3958121 1574
3958121 10
3960120 25 
3960168 75 
3960935 72 
3960935 70 
3961687 250 
3962527 71 
3962820 80 
3963253 83 
3963895 64 
3964110 256 
3964129 61 
3964148 61 
3964148 151 
3964148 69 
3964223 93 
3964804 91 
3965681 103 
3965681 101 
3966596 100 
3966596 3
3966596 1574
3966596 11
3968599 25 
3974514 75 
3975450 73 
3976201 73 
3977145 73 
3977297 73 
3977772 73 
3978650 254 
3982379 73 
3983060 72 
3983060 70 
3983866 80 
3984249 83 
3984408 64 
3984982 61 
3984997 61 
3984997 153 
3984997 68 
3984997 65
3985067 92 
3985375 90 
3986522 103 
3986522 101 
3987030 100 
3987030 3
3987030 1574
3987030 10
3989029 25 
3989090 75 
3989850 72 
3989850 70 
3990739 80 
3991403 76 
3991506 83 
3991669 64 
3991860 256 
3993969 61 
3993987 61 
3993987 151 
3993987 69 
3994071 93 
3995515 103 
3995515 101 
3996423 100 
3996423 3
3996423 1574
3996423 11
3998426 25 
3998779 75 
3999539 72 
3999539 70 
4000242 80 
4000557 83 
4001417 64 
4001613 256 
4001808 255 
4017286 62 
4017303 62 
4017303 151 
4017303 69 
4017369 93 
4018828 103 
4018828 101 
4019734 100 
4019734 3
4019734 1574
4019734 10
4021736 25 
4021800 75 
4023395 73 
4024075 72 
4024075 70 
4024781 80 
4025112 83 
4025806 64 
4026697 61 
4026712 61 
4026712 151 
4026712 69 
4026778 93 
4027510 91 
4028235 103 
4028235 101 
4029144 100 
4029144 3
4029144 1574
4029144 10
4031144 25 
4031192 75 
4031961 72 
4031961 70 
4032664 80 
4032990 83 
4033296 64 
4033578 63 
4033594 63 
4033594 151 
4033594 69 
4033663 93 
4034922 91 
4035114 103 
4035114 101 
4036022 100 
4036022 3
4036022 1574
4036022 10
4038020 25 
4039459 75 
4040226 72 
4040226 70 
4040927 80 
4041493 76 
4041600 83 
4041724 64 
4041983 61 
4041997 61 
4041997 151 
4041997 69 
4042075 93 
4042450 91 
4042817 91 
4043135 91 
4043527 103 
4043527 101 
4044449 100 
4044449 3
4044449 1574
4044449 11
4046448 25 
4046710 75 
4047323 73 
4047492 73 
4049014 73 
4049698 72 
4049698 70 
4050403 80 
4050723 83 
4051388 64 
4051828 61 
4051846 61 
4051846 151 
4051846 69 
4051917 93 
4052351 91 
4052527 91 
4052715 91 
4053375 103 
4053375 101 
4054296 100 
4054296 3
4054296 1574
4054296 10
4056294 25 
4056355 75 
4057117 72 
4057117 70 
4057824 80 
4058148 83 
4058453 64 
4059137 61 
4059153 61 
4059153 151 
4059153 69 
4059222 93 
4059731 91 
4059861 91 
4060234 91 
4060549 91 
4060676 103 
4060676 101 
4061584 100 
4061584 3
4061584 1574
4061584 11
4063583 25 
4073625 254 
4099300 75 
4100142 73 
4100827 72 
4100827 70 
4101729 80 
4102104 83 
4103282 64 
4103457 61 
4103477 61 
4103477 151 
4103477 69 
4103556 93 
4105002 103 
4105002 101 
4105911 100 
4105911 3
4105911 1574
4105911 11
4107913 25 
4107960 75 
4108723 72 
4108723 70 
4109566 80 
4109959 83 
4110196 64 
4110687 61 
4110702 61 
4110702 153 
4110702 68 
4110702 65
4116579 90 
4116603 92 
4116603 103 
4116603 101 
4117120 100 
4117120 3
4117120 1574
4117120 10
4119122 25 
4119182 75 
4119946 72 
4119946 70 
4120784 80 
4121184 83 
4121489 64 
4121732 63 
4121753 63 
4121753 151 
4121753 69 
4121828 93 
4123275 103 
4123275 101 
4124185 100 
4124185 3
4124185 1574
4124185 11
4126186 25 
4126236 75 
4127001 72 
4127001 70 
4127393 250 
4127505 71 
4127931 80 
4128362 83 
4130490 64 
4131342 61 
4131357 61 
4131357 151 
4131357 69 
4131442 93 
4132060 91 
4132587 91 
4132868 91 
4132883 103 
4132883 101 
4133793 100 
4133793 3
4133793 1574
4133793 11
4135794 25 
4137405 75 
4138167 72 
4138167 70 
4142581 71 
4142943 80 
4143614 76 
4143720 83 
4143945 64 
4145855 256 
4147058 61 
4147077 61 
4147077 151 
4147077 69 
4147146 93 
4148599 103 
4148599 101 
4149507 100 
4149507 3
4149507 1574
4149507 11
4151508 25 
4151555 75 
4152322 72 
4152322 70 
4153131 80 
4153504 83 
4155652 64 
4156145 61 
4156161 61 
4156161 153 
4156161 68 
4156161 65
4156236 92 
4156520 90 
4156867 90 
4157175 90 
4157688 103 
4157688 101 
4158198 100 
4158198 3
4158198 1574
4158198 11
4160199 25 
4160246 75 
4161007 72 
4161007 70 
4161816 80 
4162214 83 
4162526 64 
4162773 63 
4162789 63 
4162789 150 
4162789 68 
4162789 65
4162864 92 
4164317 103 
4164317 101 
4164820 100 
4164820 3
4164820 1574
4164820 10
4166822 25 
4166869 75 
4167630 72 
4167630 70 
4168324 80 
4168648 83 
4168892 64 
4169409 61 
4169421 61 
4169421 151 
4169421 69 
4169493 93 
4169923 91 
4170079 91 
4170951 103 
4170951 101 
4171857 100 
4171857 3
4171857 1574
4171857 10
4173859 25 
4173905 75 
4174673 72 
4174673 70 
4175379 80 
4175704 83 
4176163 64 
4177505 63 
4177522 63 
4177522 151 
4177522 69 
4177583 93 
4178225 91 
4179038 103 
4179038 101 
4179955 100 
4179955 3
4179955 1574
4179955 11
4181954 25 
4182009 75 
4182777 72 
4182777 70 
4183481 80 
4183804 83 
4183853 64 
4184557 61 
4184572 61 
4184572 151 
4184572 69 
4184632 93 
4185094 91 
4185588 91 
4185708 91 
4186092 103 
4186092 101 
4186999 100 
4186999 3
4186999 1574
4186999 11
4189000 25 
4189047 75 
4189814 72 
4189814 70 
4190518 80 
4190845 83 
4194753 64 
4195806 61 
4195821 61 
4195821 151 
4195821 69 
4195881 93 
4196577 91 
4197339 103 
4197339 101 
4198249 100 
4198249 3
4198249 1574
4198249 10
4200246 25 
4210284 254 
4234499 75 
4235261 72 
4235261 70 
4235794 71 
4236366 71 
4236663 80 
4236996 83 
4245271 64 
4245409 256 
4254852 61 
4254868 61 
4254868 151 
4254868 69 
4254937 93 
4256397 103 
4256397 101 
4257303 100 
4257303 3
4257303 1574
4257303 10
4259305 25 
4259350 75 
4260117 72 
4260117 70 
4260827 80 
4261145 83 
4261842 64 
4262414 62 
4262430 62 
4262430 150 
4262430 68 
4262430 65
4262499 92 
4262879 90 
4263145 90 
4263628 90 
4263865 90 
4263950 103 
4263950 101 
4264461 100 
4264461 3
4264461 1574
4264461 10
4266461 25 
4266509 75 
4267274 72 
4267274 70 
4268165 80 
4279102 76 
4279207 83 
4279769 64 
4280087 61 
4280102 61 
4280102 151 
4280102 69 
4280168 93 
4280618 91 
4281072 91 
4281625 103 
4281625 101 
4282534 100 
4282534 3
4282534 1574
4282534 11
4284533 25 
4284580 75 
4285346 72 
4285346 70 
4286050 80 
4286373 83 
4286416 64 
4286970 62 
4286986 62 
4286986 151 
4286986 69 
4287058 93 
4288518 103 
4288518 101 
4289423 100 
4289423 3
4289423 1574
4289423 11
4291423 25 
4291470 75 
4292233 72 
4292233 70 
4292944 80 
4293266 83 
4293480 64 
4293637 256 
4298759 61 
4298774 61 
4298774 153 
4298774 68 
4298774 65
4298856 92 
4299215 90 
4300298 103 
4300298 101 
4300805 100 
4300805 3
4300805 1574
4300805 10
4302805 25 
4302852 75 
4303636 72 
4303636 70 
4304340 80 
4304661 83 
4342492 64 
4346001 61 
4346016 61 
4346016 151 
4346016 69 
4346090 93 
4346485 91 
4346949 91 
4347546 103 
4347546 101 
4348453 100 
4348453 3
4348453 1574
4348453 11
4350452 25 
4350499 75 
4351263 72 
4351263 70 
4351971 80 
4352291 83 
4352594 64 
4352948 61 
4353297 61 
4353297 151 
4353297 69 
4353365 93 
4354027 91 
4354822 103 
4354822 101 
4355729 100 
4355729 3
4355729 1574
4355729 10
4357728 25 
4357777 75 
4358538 72 
4358538 70 
4359234 80 
4359558 83 
4360015 64 
4361366 63 
4361381 63 
4361381 151 
4361381 69 
4361442 93 
4362014 91 
4362897 103 
4362897 101 
4363806 100 
4363806 3
4363806 1574
4363806 10
4365808 25 
4365872 75 
4366640 72 
4366640 70 
4367335 80 
4369587 76 
4369644 83 
4370126 64 
4370362 61 
4370378 61 
4370378 151 
4370378 69 
4370450 93 
4370875 91 
4371908 103 
4371908 101 
4372814 100 
4372814 3
4372814 1574
4372814 10
4374817 25 
4374880 75 
4375643 72 
4375643 70 
4376536 80 
4376911 83 
4377108 64 
4377702 61 
4377713 61 
4377713 151 
4377713 69 
4377783 93 
4378458 91 
4379241 103 
4379241 101 
4380159 100 
4380159 3
4380159 1574
4380159 11
4382158 25 
4382206 75 
4382973 72 
4382973 70 
4383683 80 
4384019 83 
4384054 64 
4384362 61 
4384379 61 
4384379 151 
4384379 69 
4384454 93 
4384886 91 
4385288 91 
4385825 91 
4385904 103 
4385904 101 
4386811 100 
4386811 3
4386811 1574
4386811 10
4388808 25 
4389187 75 
4389951 72 
4389951 70 
4390647 80 
4390974 83 
4391532 64 
4392159 62 
4392175 62 
4392175 150 
4392175 68 
4392175 65
4392245 92 
4392583 90 
4392881 90 
4393363 90 
4393699 103 
4393699 101 
4394207 100 
4394207 3
4394207 1574
4394207 11
4396206 25 
4396253 75 
4397016 72 
4397016 70 
4397730 80 
4398063 83 
4398420 64 
4399707 256 
4399724 61 
4399739 61 
4399739 151 
4399739 69 
4399812 93 
4400381 91 
4400831 91 
4401270 103 
4401270 101 
4402175 100 
4402175 3
4402175 1574
4402175 10
4404177 25 
4405563 75 
4406327 72 
4406327 70 
4407031 80 
4407350 83 
4407486 64 
4408530 61 
4408546 61 
4408546 151 
4408546 69 
4408607 93 
4409136 91 
4410071 103 
4410071 101 
4410987 100 
4410987 3
4410987 1574
4410987 10
4412985 25 
4413034 75 
4413798 72 
4413798 70 
4414507 80 
4414828 83 
4415109 64 
4416160 62 
4416177 62 
4416177 150 
4416177 68 
4416177 65
4416250 92 
4416566 90 
4416802 90 
4417113 90 
4417356 90 
4417704 103 
4417704 101 
4418211 100 
4418211 3
4418211 1574
4418211 10
4420211 25 
4420258 75 
4421020 72 
4421020 70 
4421737 80 
4422064 83 
4422750 64 
4423139 62 
4423155 62 
4423155 150 
4423155 68 
4423155 65
4423229 92 
4423552 90 
4423805 90 
4424244 90 
4424621 90 
4424692 103 
4424692 101 
4425206 100 
4425206 3
4425206 1574
4425206 10
4427206 25 
4427255 75 
4428018 72 
4428018 70 
4428715 80 
4429035 83 
4429148 64 
4429346 256 
4429365 62 
4429380 62 
4429380 150 
4429380 68 
4429380 65
4429462 92 
4430216 90 
4430906 103 
4430906 101 
4431417 100 
4431417 3
4431417 1574
4431417 11
4433418 25 
4433465 75 
4434231 72 
4434231 70 
4434936 80 
4435258 83 
4442849 64 
4444755 256 
4446843 61 
4446862 61 
4446862 153 
4446862 68 
4446862 65
4446936 92 
4448381 103 
4448381 101 
4448891 100 
4448891 3
4448891 1574
4448891 11
4450889 25 
4450938 75 
4451700 72 
4451700 70 
4452392 80 
4452718 83 
4453778 64 
4454236 61 
4454248 61 
4454248 151 
4454248 69 
4454309 93 
4455207 91 
4455516 91 
4455765 103 
4455765 101 
4456675 100 
4456675 3
4456675 1574
4456675 11
4458675 25 
4458739 75 
4459509 72 
4459509 70 
4460206 80 
4460527 83 
4460893 64 
4462216 62 
4462231 62 
4462231 151 
4462231 69 
4462293 93 
4462892 91 
4463671 91 
4463751 103 
4463751 101 
4464672 100 
4464672 3
4464672 1574
4464672 10
4466671 25 
4466731 75 
4467496 72 
4467496 70 
4468205 80 
4468525 83 
4468765 64 
4469029 62 
4469050 62 
4469050 150 
4469050 68 
4469050 65
4469124 92 
4469442 90 
4469642 90 
4469816 90 
4470142 90 
4470168 90 
4470538 90 
4470571 103 
4470571 101 
4471083 100 
4471083 3
4471083 1574
4471083 11
4473082 25 
4473129 75 
4473893 72 
4473893 70 
4474608 80 
4474939 83 
4475130 64 
4475711 61 
4475725 61 
4475725 151 
4475725 69 
4476291 91 
4476669 91 
4476689 93 
4477215 91 
4477263 103 
4477263 101 
4478173 100 
4478173 3
4478173 1574
4478173 11
4480171 25 
4480219 75 
4480981 72 
4480981 70 
4481824 80 
4482211 83 
4482980 64 
4483943 62 
4483959 62 
4483959 151 
4483959 69 
4484031 93 
4484445 91 
4484786 91 
4485287 91 
4485494 91 
4485494 103 
4485494 101 
4486408 100 
4486408 3
4486408 1574
4486408 11
4488409 25 
4488469 75 
4489237 72 
4489237 70 
4490059 80 
4490380 83 
4491073 64 
4508715 256 
4518892 61 
4518913 61 
4518913 151 
4518913 69 
4518985 93 
4520434 103 
4520434 101 
4521341 100 
4521341 3
4521341 1574
4521341 11
4523340 25 
4523388 75 
4524157 72 
4524157 70 
4525180 250 
4525504 71 
4525801 80 
4526132 83 
4526655 64 
4527019 61 
4527034 61 
4527034 151 
4527034 69 
4527117 93 
4528564 103 
4528564 101 
4529469 100 
4529469 3
4529469 1574
4529469 10
4531471 25 
4531517 75 
4532290 72 
4532290 70 
4532986 80 
4533778 76 
4533837 83 
4534014 64 
4534254 61 
4534273 61 
4534273 151 
4534273 69 
4534348 93 
4535032 91 
4535802 103 
4535802 101 
4536720 100 
4536720 3
4536720 1574
4536720 10
4538720 25 
4538769 75 
4539535 72 
4539535 70 
4540240 80 
4540560 83 
4542403 64 
4542596 61 
4542618 61 
4542618 151 
4542618 69 
4542690 93 
4544141 103 
4544141 101 
4545049 100 
4545049 3
4545049 1574
4545049 10
4547049 25 
4547098 75 
4547863 72 
4547863 70 
4548570 80 
4548902 83 
4549071 64 
4549390 61 
4549406 61 
4549406 151 
4549406 69 
4549480 93 
4549966 91 
4550677 91 
4550929 103 
4550929 101 
4551833 100 
4551833 3
4551833 1574
4551833 11
4553836 25 
4553895 75 
4554660 72 
4554660 70 
4554913 71 
4555365 250 
4555543 71 
4555833 80 
4556187 76 
4556244 83 
4556712 64 
4557001 62 
4557018 62 
4557018 151 
4557018 69 
4557084 93 
4557512 91 
4558536 103 
4558536 101 
4559443 100 
4559443 3
4559443 1574
4559443 10
4561444 25 
4563328 75 
4564088 72 
4564088 70 
4564791 80 
4565120 83 
4565686 64 
4572264 256 
4572576 255 
4573150 61 
4573170 61 
4573170 151 
4573170 69 
4573238 93 
4574690 103 
4574690 101 
4575597 100 
4575597 3
4575597 1574
4575597 11
4577599 25 
4577646 75 
4578415 72 
4578415 70 
4579118 80 
4579965 76 
4580042 83 
4580312 64 
4580742 61 
4580757 61 
4580757 153 
4580757 68 
4580757 65
4580834 92 
4582287 103 
4582287 101 
4582795 100 
4582795 3
4582795 1574
4582795 11
4584796 25 
4584842 75 
4585603 72 
4585603 70 
4586314 80 
4586635 83 
4587202 64 
4587453 61 
4587472 61 
4587472 151 
4587472 69 
4587536 93 
4588990 103 
4588990 101 
4589898 100 
4589898 3
4589898 1574
4589898 10
4591899 25 
4591946 75 
4592713 72 
4592713 70 
4593565 80 
4593966 83 
4597064 64 
4597328 61 
4597348 61 
4597348 151 
4597348 69 
4597414 93 
4598865 103 
4598865 101 
4599776 100 
4599776 3
4599776 1574
4599776 11
4601775 25 
4601822 75 
4602595 72 
4602595 70 
4603294 80 
4603614 83 
4603876 64 
4605779 256 
4606328 62 
4606342 62 
4606342 151 
4606342 69 
4606407 93 
4606832 91 
4607862 103 
4607862 101 
4608771 100 
4608771 3
4608771 1574
4608771 11
4610772 25 
4610832 75 
4611601 72 
4611601 70 
4612306 80 
4612628 83 
4613260 64 
4613981 61 
4613997 61 
4613997 151 
4613997 69 
4614068 93 
4615524 103 
4615524 101 
4616433 100 
4616433 3
4616433 1574
4616433 10
4618435 25 
4618495 75 
4619257 72 
4619257 70 
4619970 80 
4620293 83 
4620581 64 
4620823 62 
4620843 62 
4620843 150 
4620843 68 
4620843 65
4620911 92 
4621221 90 
4621547 90 
4622366 103 
4622366 101 
4622873 100 
4622873 3
4622873 1574
4622873 10
4624872 25 
4624933 75 
4625694 72 
4625694 70 
4626400 80 
4626724 83 
4626829 64 
4627023 62 
4627042 62 
4627042 152 
4627042 69 
4627117 93 
4627794 91 
4628564 103 
4628564 101 
4629482 100 
4629482 3
4629482 1574
4629482 10
4631483 25 
4631531 75 
4632293 72 
4632293 70 
4632999 80 
4633323 83 
4633386 64 
4633753 62 
4633768 62 
4633768 150 
4633768 68 
4633768 65
4633837 92 
4634136 90 
4634585 90 
4634813 90 
4635294 103 
4635294 101 
4635811 100 
4635811 3
4635811 1574
4635811 11
4637815 25 
4637861 75 
4638626 72 
4638626 70 
4639333 80 
4639658 83 
4640240 64 
4640563 256 
4640615 61 
4640738 61 
4640738 151 
4640738 69 
4640806 93 
4641257 91 
4642263 103 
4642263 101 
4643171 100 
4643171 3
4643171 1574
4643171 11
4645169 25 
4645217 75 
4645980 72 
4645980 70 
4646684 80 
4647013 83 
4647335 64 
4648115 62 
4648126 62 
4648126 151 
4648126 69 
4648188 93 
4648718 91 
4649646 103 
4649646 101 
4650552 100 
4650552 3
4650552 1574
4650552 10
4652554 25 
4652601 75 
4653365 72 
4653365 70 
4654076 80 
4654712 76 
4654783 83 
4654984 64 
4655179 62 
4655199 62 
4655199 150 
4655199 68 
4655199 65
4655277 92 
4655715 90 
4656006 90 
4656728 103 
4656728 101 
4657243 100 
4657243 3
4657243 1574
4657243 11
4659243 25 
4659292 75 
4660054 72 
4660054 70 
4660768 80 
4661084 83 
4663323 64 
4663590 63 
4663610 63 
4663610 150 
4663610 68 
4663610 65
4663689 92 
4665130 103 
4665130 101 
4665639 100 
4665639 3
4665639 1574
4665639 10
4667641 25 
4667702 75 
4668462 72 
4668462 70 
4669172 80 
4669500 83 
4669836 64 
4670226 62 
4670249 62 
4670249 150 
4670249 68 
4670249 65
4670326 92 
4670655 90 
4671226 90 
4671474 90 
4671768 103 
4671768 101 
4672276 100 
4672276 3
4672276 1574
4672276 11
4674278 25 
4674325 75 
4675088 72 
4675088 70 
4675795 80 
4676125 83 
4676376 64 
4676631 63 
4676652 63 
4676652 150 
4676652 68 
4676652 65
4676738 92 
4678152 90 
4678177 103 
4678177 101 
4678689 100 
4678689 3
4678689 1574
4678689 10
4680690 25 
4680749 75 
4681517 72 
4681517 70 
4682225 80 
4682547 83 
4682658 64 
4682885 63 
4682905 63 
4682905 151 
4682905 69 
4682981 93 
4683725 91 
4684433 103 
4684433 101 
4685340 100 
4685340 3
4685340 1574
4685340 10
4687339 25 
4687386 75 
4688148 72 
4688148 70 
4688848 80 
4689166 83 
4689273 64 
4689494 62 
4689514 62 
4689514 150 
4689514 68 
4689514 65
4689592 92 
4690106 90 
4690601 90 
4691044 103 
4691044 101 
4691565 100 
4691565 3
4691565 1574
4691565 10
4693565 25 
4693624 75 
4694388 72 
4694388 70 
4695095 80 
4695422 83 
4695992 64 
4696259 62 
4696271 62 
4696271 150 
4696271 68 
4696271 65
4696343 92 
4696692 90 
4697394 90 
4697800 103 
4697800 101 
4698309 100 
4698309 3
4698309 1574
4698309 11
4700308 25 
4700356 75 
4706124 73 
4706808 72 
4706808 70 
4707652 80 
4708044 83 
4708445 64 
4709365 256 
4709382 63 
4709398 63 
4709398 150 
4709398 68 
4709398 65
4709481 92 
4710684 90 
4710789 90 
4710925 103 
4710925 101 
4711433 100 
4711433 3
4711433 1574
4711433 10
4713435 25 
4713482 75 
4714244 72 
4714244 70 
4715107 80 
4715800 76 
4715890 83 
4716027 64 
4716223 62 
4716239 62 
4716239 152 
4716239 69 
4716313 93 
4716813 91 
4717451 91 
4717708 91 
4717767 103 
4717767 101 
4718684 100 
4718684 3
4718684 1574
4718684 11
4720686 25 
4720751 75 
4721311 73 
4722035 72 
4722035 70 
4722869 80 
4723247 83 
4723581 64 
4723808 63 
4723827 63 
4723827 150 
4723827 68 
4723827 65
4723897 92 
4725234 90 
4725354 103 
4725354 101 
4725868 100 
4725868 3
4725868 1574
4725868 11
4727868 25 
4727917 75 
4728678 72 
4728678 70 
4729487 80 
4730519 76 
4730626 83 
4730868 64 
4731092 63 
4731113 63 
4731113 150 
4731113 68 
4731113 65
4731189 92 
4732637 103 
4732637 101 
4733145 100 
4733145 3
4733145 1574
4733145 10
4735147 25 
4742196 75 
4745064 73 
4745197 254 
4745309 73 
4754073 73 
4754754 72 
4754754 70 
4755566 80 
4755888 83 
4757135 64 
4757367 62 
4757387 62 
4757387 150 
4757387 68 
4757387 65
4757474 92 
4757878 90 
4758921 103 
4758921 101 
4759427 100 
4759427 3
4759427 1574
4759427 11
4761430 25 
4761476 75 
4762237 72 
4762237 70 
4762933 80 
4763261 83 
4763349 64 
4763582 63 
4763602 63 
4763602 150 
4763602 68 
4763602 65
4763686 92 
4764847 90 
4765111 90 
4765131 103 
4765131 101 
4765638 100 
4765638 3
4765638 1574
4765638 10
4767638 25 
4767687 75 
4768455 72 
4768455 70 
4769164 80 
4769497 83 
4769619 64 
4769879 62 
4769900 62 
4769900 150 
4769900 68 
4769900 65
4769973 92 
4770409 90 
4771017 90 
4771421 103 
4771421 101 
4771929 100 
4771929 3
4771929 1574
4771929 11
4773930 25 
4773978 75 
4774742 72 
4774742 70 
4775449 80 
4776037 76 
4776141 83 
4776349 64 
4776555 256 
4776571 63 
4776592 63 
4776592 150 
4776592 68 
4776592 65
4776663 92 
4778032 90 
4778113 103 
4778113 101 
4778621 100 
4778621 2
4778621 1574
4778621 10
4778621 78 
4780620 25 
4780667 75 
4781433 72 
4781433 70 
4782141 80 
4782467 83 
4782523 64 
4782705 256 
4782724 62 
4782739 62 
4782739 151 
4782739 69 
4782818 93 
4784270 103 
4784270 101 
4785178 100 
4785178 2
4785178 1574
4785178 11
4787179 25 
4797220 254 
4801359 75 
4802014 73 
4803227 73 
4803487 73 
4803987 73 
4804672 72 
4804672 70 
4805371 80 
4805690 83 
4805925 64 
4806329 63 
4806349 63 
4806349 152 
4806349 69 
4806427 93 
4806828 91 
4807872 103 
4807872 101 
4808782 100 
4808782 2
4808782 1574
4808782 10
4810782 25 
4810828 75 
4811592 72 
4811592 70 
4812305 80 
4812957 76 
4813060 83 
4813125 64 
4813344 62 
4813364 62 
4813364 151 
4813364 69 
4813431 93 
4813964 91 
4814012 91 
4814454 91 
4814887 103 
4814887 101 
4815791 100 
4815791 2
4815791 1574
4815791 11
4817793 25 
4818293 75 
4819061 72 
4819061 70 
4819766 80 
4820090 83 
4820580 64 
4820807 63 
4820826 63 
4820826 150 
4820826 68 
4820826 65
4820900 92 
4822171 90 
4822342 90 
4822351 103 
4822351 101 
4822870 100 
4822870 2
4822870 1574
4822870 10
4824869 25 
4824916 75 
4825681 72 
4825681 70 
4826390 80 
4827001 76 
4827107 83 
4827219 64 
4827431 62 
4827448 62 
4827448 151 
4827448 69 
4827524 93 
4828672 91 
4828909 91 
4828968 103 
4828968 101 
4829880 100 
4829880 2
4829880 1574
4829880 11
4831881 25 
4831940 75 
4832706 72 
4832706 70 
4833409 80 
4833730 83 
4834353 64 
4834557 63 
4834576 63 
4834576 150 
4834576 68 
4834576 65
4834655 92 
4836061 90 
4836098 103 
4836098 101 
4836611 100 
4836611 2
4836611 1574
4836611 11
4838609 25 
4838657 75 
4839421 72 
4839421 70 
4840124 80 
4840451 83 
4840656 64 
4840888 63 
4840907 63 
4840907 150 
4840907 68 
4840907 65
4840987 92 
4842169 90 
4842409 90 
4842434 103 
4842434 101 
4842946 100 
4842946 2
4842946 1574
4842946 10
4844944 25 
4845002 75 
4845765 72 
4845765 70 
4846472 80 
4846798 83 
4846981 64 
4847880 62 
4847896 62 
4847896 151 
4847896 69 
4847959 93 
4848474 91 
4849414 103 
4849414 101 
4850322 100 
4850322 2
4850322 1574
4850322 10
4852325 25 
4855706 75 
4856471 72 
4856471 70 
4857825 250 
4864586 71 
4865068 80 
4865493 83 
4865822 64 
4866029 63 
4866049 63 
4866049 151 
4866049 69 
4866124 93 
4867568 103 
4867568 101 
4868477 100 
4868477 2
4868477 1574
4868477 11
4870475 25 
4870945 75 
4871706 72 
4871706 70 
4872515 80 
4872844 83 
4874370 64 
4875085 63 
4875107 63 
4875107 150 
4875107 68 
4875107 65
4875184 92 
4876167 90 
4876493 90 
4876628 103 
4876628 101 
4877138 100 
4877138 2
4877138 1574
4877138 11
4879140 25 
4879189 75 
4879951 72 
4879951 70 
4880663 80 
4880980 83 
4881120 64 
4881347 63 
4881368 63 
4881368 152 
4881368 69 
4881450 93 
4882101 91 
4882743 91 
4882893 103 
4882893 101 
4883802 100 
4883802 2
4883802 1574
4883802 10
4885805 25 
4895858 254 
4906964 75 
4907726 72 
4907726 70 
4908434 80 
4908758 83 
4908969 64 
4909950 61 
4909965 61 
4909965 150 
4909965 68 
4909965 65
4910028 92 
4911483 103 
4911483 101 
4911990 100 
4911990 2
4911990 1574
4911990 11
4913991 25 
4914039 75 
4914801 72 
4914801 70 
4915513 80 
4915837 83 
4915980 64 
4916242 256 
4916261 63 
4916282 63 
4916282 150 
4916282 68 
4916282 65
4916356 92 
4917804 103 
4917804 101 
4918308 100 
4918308 2
4918308 1574
4918308 10
4920309 25 
4920357 75 
4921124 72 
4921124 70 
4921834 80 
4922169 83 
4922272 64 
4925824 255 
4925844 256 
4927603 61 
4927622 61 
4927622 150 
4927622 68 
4927622 65
4927700 92 
4929142 103 
4929142 101 
4929652 100 
4929652 2
4929652 1574
4929652 11
4931651 25 
4931698 75 
4932467 72 
4932467 70 
4933169 80 
4933490 83 
4934136 64 
4934402 63 
4934423 63 
4934423 150 
4934423 68 
4934423 65
4934506 92 
4935785 90 
4935956 103 
4935956 101 
4936479 100 
4936479 2
4936479 1574
4936479 11
4938479 25 
4938540 75 
4939310 72 
4939310 70 
4940008 80 
4940334 83 
4940609 64 
4951653 256 
4952190 255 
4953008 62 
4953029 62 
4953029 151 
4953029 69 
4953110 93 
4954559 103 
4954559 101 
4955469 100 
4955469 2
4955469 1574
4955469 10
4957467 25 
4957515 75 
4958275 72 
4958275 70 
4958983 80 
4959855 76 
4959964 83 
4960419 64 
4960703 63 
4960724 63 
4960724 151 
4960724 69 
4960797 93 
4962248 103 
4962248 101 
4963155 100 
4963155 2
4963155 1574
4963155 10
4965157 25 
4965205 75 
4965968 72 
4965968 70 
4966671 80 
4966998 83 
4967713 64 
4967943 256 
4968675 61 
4968694 61 
4968694 150 
4968694 68 
4968694 65
4968774 92 
4970225 103 
4970225 101 
4970739 100 
4970739 2
4970739 1574
4970739 11
4972741 25 
4972793 75 
4973558 72 
4973558 70 
4974399 80 
4974743 83 
4979833 64 
4983533 256 
4984153 61 
4984170 61 
4984170 151 
4984170 69 
4984236 93 
4984703 91 
4985172 91 
4985690 103 
4985690 101 
4986602 100 
4986602 2
4986602 1574
4986602 11
4988601 25 
4988653 75 
4989418 72 
4989418 70 
4990231 80 
4990546 83 
4990637 64 
4990877 63 
4990897 63 
4990897 152 
4990897 69 
4990977 93 
4991576 91 
4992028 91 
4992422 103 
4992422 101 
4993332 100 
4993332 2
4993332 1574
4993332 11
4995333 25 
4995392 75 
4996158 72 
4996158 70 
4996860 80 
4997187 83 
4998487 64 
4999546 61 
4999561 61 
4999561 151 
4999561 69 
4999628 93 
5000160 91 
5001088 103 
5001088 101 
5001995 100 
5001995 2
5001995 1574
5001995 10
5003994 25 
5004043 75 
5004806 72 
5004806 70 
5005511 80 
5005833 83 
5006088 64 
5006502 62 
5006515 62 
5006515 151 
5006515 69 
5006585 93 
5007096 91 
5007840 91 
5008041 103 
5008041 101 
5008953 100 
5008953 2
5008953 1574
5008953 11
5010953 25 
5010999 75 
5011763 72 
5011763 70 
5012470 80 
5012791 83 
5053311 64 
5080890 61 
5080911 61 
5080911 151 
5080911 69 
5080980 93 
5082441 103 
5082441 101 
5083349 100 
5083349 2
5083349 1574
5083349 11
5085348 25 
5085395 75 
5086163 72 
5086163 70 
5086864 80 
5087195 83 
5087485 64 
5087765 63 
5087784 63 
5087784 150 
5087784 68 
5087784 65
5087869 92 
5088992 90 
5089320 103 
5089320 101 
5089383 102 
