0 100 
0 3
0 1539
0 11
1993 25 
2687 75 
2919 73 
3224 72 
3224 70 
4359 80 
4572 83 
5372 64 
5574 256 
5772 62 
5985 151 
5985 69 
6058 93 
7515 103 
7515 101 
8425 100 
8425 3
8425 1539
8425 10
10424 25 
10496 75 
10902 72 
10902 70 
11676 80 
11796 83 
12156 64 
12529 62 
12662 152 
12662 69 
12734 93 
14196 103 
14196 101 
15101 100 
15101 3
15101 1539
15101 11
17105 25 
17296 75 
17704 72 
17704 70 
18313 80 
18433 83 
18673 64 
18928 256 
19059 63 
19193 150 
19193 68 
19193 65
19267 92 
20723 103 
20723 101 
21233 100 
21233 3
21233 1539
21233 11
23231 25 
23312 75 
23716 72 
23716 70 
24324 80 
24444 83 
24804 64 
25046 63 
25177 150 
25177 68 
25177 65
25258 92 
26704 103 
26704 101 
27217 100 
27217 3
27217 1539
27217 10
29217 25 
29293 75 
29700 72 
29700 70 
30308 80 
30428 83 
31028 64 
31283 61 
31414 151 
31414 69 
31486 93 
32948 103 
32948 101 
33852 100 
33852 3
33852 1539
33852 11
35852 25 
35939 75 
36342 72 
36342 70 
36958 80 
37078 250 
37560 76 
37931 76 
38918 76 
39038 83 
39277 64 
39653 63 
39784 150 
39784 68 
39784 65
39858 92 
41312 103 
41312 101 
41824 100 
41824 3
41824 1539
41824 11
43822 25 
43898 75 
44299 72 
44299 70 
44915 80 
45048 83 
45168 64 
45304 256 
45422 63 
45555 150 
45555 68 
45555 65
45626 92 
47084 103 
47084 101 
47595 100 
47595 3
47595 1539
47595 10
49595 25 
49667 75 
50069 72 
50069 70 
50686 80 
50806 83 
51526 64 
51780 256 
51899 62 
52019 150 
52019 68 
52019 65
52092 92 
52455 90 
53549 103 
53549 101 
54060 100 
54060 3
54060 1539
54060 10
56058 25 
56136 75 
56541 72 
56541 70 
57136 80 
57256 83 
57390 64 
57646 256 
57776 62 
57896 150 
57896 68 
57896 65
57970 92 
59428 103 
59428 101 
59934 100 
59934 3
59934 1539
59934 10
61935 25 
62009 75 
62417 72 
62417 70 
63027 80 
63148 83 
63387 64 
63509 256 
63629 62 
63747 150 
63747 68 
63747 65
63817 92 
64345 90 
65281 103 
65281 101 
65784 100 
65784 3
65784 1539
65784 10
67787 25 
67876 75 
68281 72 
68281 70 
68891 80 
69025 83 
69145 64 
69281 256 
69411 62 
69544 150 
69544 68 
69544 65
69623 92 
70151 90 
71075 103 
71075 101 
71584 100 
71584 3
71584 1539
71584 10
73584 25 
73656 75 
74063 72 
74063 70 
74676 80 
74809 83 
74929 64 
75051 256 
75169 62 
75302 150 
75302 68 
75302 65
75390 92 
76849 103 
76849 101 
77354 100 
77354 3
77354 1539
77354 11
79354 25 
79440 75 
79845 72 
79845 70 
80433 80 
80553 83 
80793 64 
80915 256 
81046 63 
81180 150 
81180 68 
81180 65
81252 92 
82707 103 
82707 101 
83217 100 
83217 3
83217 1539
83217 11
85220 25 
85293 75 
85698 72 
85698 70 
86417 80 
86551 250 
87270 76 
87390 83 
87523 64 
87767 256 
87897 63 
88017 150 
88017 68 
88017 65
88088 92 
88551 90 
89548 103 
89548 101 
90057 100 
90057 3
90057 1539
90057 11
92057 25 
92142 75 
92543 72 
92543 70 
93121 80 
93241 83 
93721 64 
93963 256 
94094 63 
94227 150 
94227 68 
94227 65
94298 92 
95760 103 
95760 101 
96265 100 
96265 3
96265 1539
96265 10
98268 25 
98352 75 
98756 72 
98756 70 
99372 80 
99492 83 
99612 64 
99854 256 
99985 62 
100118 150 
100118 68 
100118 65
100189 92 
101649 103 
101649 101 
102157 100 
102157 3
102157 1539
102157 10
104157 25 
104243 75 
104648 72 
104648 70 
105263 80 
105383 83 
105622 64 
105750 256 
105876 62 
106009 150 
106009 68 
106009 65
106095 92 
107554 103 
107554 101 
108060 100 
108060 3
108060 1539
108060 11
110061 25 
110137 75 
110543 72 
110543 70 
111140 80 
111540 250 
111953 76 
112979 76 
115445 76 
116564 76 
116684 83 
117098 64 
117499 63 
117711 150 
117711 68 
117711 65
117782 92 
119243 103 
119243 101 
119750 100 
119750 3
119750 1539
119750 11
121750 25 
121840 75 
122040 73 
122345 72 
122345 70 
123135 80 
123335 83 
123655 64 
123857 256 
124055 63 
124255 152 
124255 69 
124325 93 
125784 103 
125784 101 
126694 100 
126694 3
126694 1539
126694 10
128693 25 
128767 75 
129172 72 
129172 70 
129932 80 
130132 83 
130252 64 
130465 256 
130587 62 
130798 150 
130798 68 
130798 65
130872 92 
132327 103 
132327 101 
132839 100 
132839 2
132839 1539
132839 11
132839 78 
134838 25 
134928 75 
135334 72 
135334 70 
136116 80 
136316 83 
136929 64 
137065 256 
137262 63 
137462 152 
137462 69 
137532 93 
138136 91 
138992 103 
138992 101 
139900 100 
139900 2
139900 1539
139900 10
141902 25 
141983 75 
142385 72 
142385 70 
143166 80 
143366 250 
144046 76 
144808 76 
145006 83 
145219 64 
145342 256 
145539 62 
145739 151 
145739 69 
145809 93 
147273 103 
147273 101 
148176 100 
148176 2
148176 1539
148176 11
150179 25 
150264 75 
150670 72 
150670 70 
151456 80 
151656 83 
153762 64 
154671 256 
154881 61 
155418 151 
155418 69 
155500 93 
156960 103 
156960 101 
157881 100 
157881 2
157881 1539
157881 10
159880 25 
159953 75 
160360 72 
160360 70 
161106 80 
161225 83 
161359 64 
161719 62 
161852 151 
161852 69 
161931 93 
163388 103 
163388 101 
164303 100 
164303 2
164303 1539
164303 10
166305 25 
166396 75 
166798 72 
166798 70 
167409 80 
167529 83 
168702 64 
169078 256 
169209 63 
169342 151 
169342 69 
169412 93 
170872 103 
170872 101 
171782 100 
171782 2
171782 1539
171782 11
173780 25 
173867 75 
174272 72 
174272 70 
174860 80 
174980 83 
176885 64 
177741 256 
177872 61 
178005 151 
178005 69 
178071 93 
179541 103 
179541 101 
180456 100 
180456 2
180456 1539
180456 11
182459 25 
182543 75 
182948 72 
182948 70 
183549 80 
183669 83 
185069 64 
185551 256 
185682 62 
185815 151 
185815 69 
185883 93 
186518 91 
187349 103 
187349 101 
188253 100 
188253 2
188253 1539
188253 11
190254 25 
190328 75 
190732 72 
190732 70 
191346 80 
191466 83 
192039 64 
193614 62 
193745 151 
193745 69 
193823 93 
195292 103 
195292 101 
196196 100 
196196 2
196196 1539
196196 10
198197 25 
198272 75 
198679 72 
198679 70 
199289 80 
199409 83 
199649 64 
200022 62 
200142 151 
200142 69 
200215 93 
201672 103 
201672 101 
202580 100 
202580 2
202580 1539
202580 10
204582 25 
204653 75 
205058 72 
205058 70 
205660 80 
205780 83 
206633 64 
207728 61 
207859 150 
207859 68 
207859 65
207934 92 
208301 90 
209393 103 
209393 101 
209898 100 
209898 2
209898 1539
209898 11
211899 25 
211977 75 
212381 72 
212381 70 
212990 80 
213110 83 
213456 64 
214672 256 
214803 61 
214936 151 
214936 69 
215006 93 
215338 91 
216404 91 
216468 103 
216468 101 
217375 100 
217375 2
217375 1539
217375 10
219375 25 
219465 75 
219872 72 
219872 70 
220467 80 
220587 83 
221067 64 
221442 256 
221560 61 
221693 150 
221693 68 
221693 65
221767 92 
222121 90 
223221 103 
223221 101 
223731 100 
223731 2
223731 1539
223731 10
225731 25 
225805 75 
226211 72 
226211 70 
226824 80 
226944 83 
227184 64 
227320 256 
227450 61 
227584 150 
227584 68 
227584 65
227670 92 
228039 90 
229131 103 
229131 101 
229635 100 
229635 2
229635 1539
229635 11
231636 25 
232363 75 
232527 73 
232833 72 
232833 70 
233448 80 
233568 83 
234048 64 
234423 256 
234554 63 
234687 150 
234687 68 
234687 65
234760 92 
236217 103 
236217 101 
236727 100 
236727 2
236727 1539
236727 10
238726 25 
239838 75 
240242 72 
240242 70 
240858 80 
240978 83 
241338 64 
241594 61 
241724 150 
241724 68 
241724 65
241792 92 
242192 90 
243259 103 
243259 101 
243776 100 
243776 2
243776 1539
243776 11
245777 25 
245867 75 
246272 72 
246272 70 
246869 80 
246989 83 
247229 64 
247484 256 
247615 63 
247749 150 
247749 68 
247749 65
247824 92 
249282 103 
249282 101 
249786 100 
249786 2
249786 1539
249786 10
251788 25 
251860 75 
252267 72 
252267 70 
252880 80 
253000 83 
253479 64 
254215 61 
254346 152 
254346 69 
254420 93 
255350 91 
255877 103 
255877 101 
256785 100 
256785 2
256785 1539
256785 11
258784 25 
258858 75 
259260 72 
259260 70 
259863 80 
259983 83 
260223 64 
260852 256 
261063 61 
261196 151 
261196 69 
261272 93 
262729 103 
262729 101 
263639 100 
263639 2
263639 1539
263639 11
265637 25 
265710 75 
266111 72 
266111 70 
266904 80 
267087 83 
268406 64 
268542 256 
268673 62 
268806 151 
268806 69 
268876 93 
269243 91 
270340 103 
270340 101 
271246 100 
271246 2
271246 1539
271246 10
273245 25 
273696 75 
274098 72 
274098 70 
274684 80 
274804 83 
275763 64 
276246 61 
276376 150 
276376 68 
276376 65
276451 92 
276796 90 
277029 90 
277910 103 
277910 101 
278415 100 
278415 2
278415 1539
278415 11
280415 25 
280495 75 
280575 73 
280978 72 
280978 70 
281574 80 
282334 250 
283053 76 
284026 76 
284160 83 
284400 64 
284641 256 
284773 63 
284893 152 
284893 69 
284962 93 
286424 103 
286424 101 
287330 100 
287330 2
287330 1539
287330 10
289333 25 
289405 75 
289813 72 
289813 70 
290410 80 
290530 83 
291010 64 
291383 61 
291517 150 
291517 68 
291517 65
291593 92 
292092 90 
293047 103 
293047 101 
293555 100 
293555 2
293555 1539
293555 11
295556 25 
295648 75 
296052 72 
296052 70 
296754 80 
296888 83 
297727 64 
297983 256 
298114 63 
298247 150 
298247 68 
298247 65
298324 92 
299781 103 
299781 101 
300287 100 
300287 2
300287 1539
300287 10
302287 25 
302503 75 
302903 72 
302903 70 
303511 80 
303631 83 
303871 64 
304127 256 
304245 61 
304378 150 
304378 68 
304378 65
304455 92 
304829 90 
305908 103 
305908 101 
306418 100 
306418 2
306418 1539
306418 10
308416 25 
308497 75 
308902 72 
308902 70 
309509 80 
309642 83 
309882 64 
310138 256 
310255 61 
310388 150 
310388 68 
310388 65
310478 92 
310908 90 
311935 103 
311935 101 
312441 100 
312441 2
312441 1539
312441 11
314440 25 
314670 75 
315072 72 
315072 70 
315680 80 
315799 83 
316039 64 
316295 256 
316426 63 
316559 150 
316559 68 
316559 65
316648 92 
318106 103 
318106 101 
318617 100 
318617 2
318617 1539
318617 10
320616 25 
320704 75 
321107 72 
321107 70 
321717 80 
321850 83 
321970 64 
322225 256 
322357 61 
322490 150 
322490 68 
322490 65
322576 92 
323035 90 
324036 103 
324036 101 
324544 100 
324544 2
324544 1539
324544 11
326541 25 
326629 75 
327031 72 
327031 70 
327634 80 
327768 83 
328008 64 
328276 63 
328407 150 
328407 68 
328407 65
328483 92 
329939 103 
329939 101 
330451 100 
330451 2
330451 1539
330451 10
332450 25 
332561 75 
332964 72 
332964 70 
333565 80 
333685 83 
334045 64 
334287 256 
334418 61 
334552 150 
334552 68 
334552 65
334625 92 
335039 90 
336083 103 
336083 101 
336590 100 
336590 1
336590 1539
336590 11
336590 78 
338592 25 
338676 75 
339078 72 
339078 70 
339683 80 
339803 83 
340042 64 
340298 256 
340416 63 
340549 151 
340549 69 
340621 93 
342082 103 
342082 101 
342989 100 
342989 1
342989 1539
342989 10
344988 25 
345062 75 
345465 72 
345465 70 
346067 80 
346187 83 
349732 64 
350214 256 
350332 61 
350465 150 
350465 68 
350465 65
350551 92 
350915 90 
352009 103 
352009 101 
352518 100 
352518 1
352518 1539
352518 10
354518 25 
354589 75 
354993 72 
354993 70 
355609 80 
355729 83 
356569 64 
356825 256 
356955 61 
357089 150 
357089 68 
357089 65
357156 92 
357603 90 
358623 103 
358623 101 
359128 100 
359128 1
359128 1539
359128 10
361128 25 
361214 75 
361617 72 
361617 70 
362233 80 
362353 83 
362833 64 
362955 256 
363086 61 
363219 150 
363219 68 
363219 65
363302 92 
364765 103 
364765 101 
365272 100 
365272 1
365272 1539
365272 10
367272 25 
367358 75 
367764 72 
367764 70 
368830 80 
369030 83 
372842 64 
373044 256 
373268 61 
373468 150 
373468 68 
373468 65
373541 92 
374050 90 
375001 103 
375001 101 
375508 100 
375508 1
375508 1539
375508 11
377506 25 
377580 75 
377985 72 
377985 70 
378733 80 
378853 83 
379332 64 
379708 256 
379839 63 
379972 151 
379972 69 
380054 93 
381515 103 
381515 101 
382425 100 
382425 1
382425 1539
382425 11
384425 25 
384499 75 
384901 72 
384901 70 
385490 80 
385610 83 
385970 64 
387891 256 
388384 61 
388515 151 
388515 69 
388585 93 
390046 103 
390046 101 
390955 100 
390955 1
390955 1539
390955 11
392955 25 
393033 75 
393435 72 
393435 70 
394046 80 
394166 83 
396658 64 
397273 256 
397391 61 
397525 151 
397525 69 
397608 93 
399070 103 
399070 101 
399977 100 
399977 1
399977 1539
399977 11
401977 25 
402056 75 
402464 72 
402464 70 
403069 80 
403189 83 
403669 64 
404764 256 
404882 62 
405001 150 
405001 68 
405001 65
405072 92 
405447 90 
406531 103 
406531 101 
407042 100 
407042 1
407042 1539
407042 11
409042 25 
409131 75 
409538 72 
409538 70 
410146 80 
410266 250 
410867 76 
410999 83 
411119 64 
411374 256 
411506 62 
411639 150 
411639 68 
411639 65
411708 92 
412106 90 
413167 103 
413167 101 
413677 100 
413677 1
413677 1539
413677 10
415678 25 
415757 75 
416165 72 
416165 70 
416743 80 
416863 83 
417103 64 
417359 256 
417489 61 
417623 152 
417623 69 
417696 93 
419155 103 
419155 101 
420061 100 
420061 1
420061 1539
420061 11
422061 25 
422135 75 
422536 72 
422536 70 
423140 80 
423260 83 
423500 64 
423767 62 
423900 150 
423900 68 
423900 65
423974 92 
425432 103 
425432 101 
425937 100 
425937 1
425937 1539
425937 10
427940 25 
428025 75 
428431 72 
428431 70 
429031 80 
429164 83 
429285 64 
430260 256 
430378 61 
430511 150 
430511 68 
430511 65
430581 92 
430945 90 
432038 103 
432038 101 
432550 100 
432550 1
432550 1539
432550 11
434549 25 
434623 75 
435028 72 
435028 70 
435628 80 
435762 250 
436508 76 
436641 83 
436883 64 
437123 256 
437241 62 
437361 150 
437361 68 
437361 65
437446 92 
438904 103 
438904 101 
439414 100 
439414 1
439414 1539
439414 11
441414 25 
441488 75 
441891 72 
441891 70 
442492 80 
442612 83 
442745 64 
443002 256 
443132 62 
443265 150 
443265 68 
443265 65
443337 92 
444796 103 
444796 101 
445304 100 
445304 1
445304 1539
445304 10
447305 25 
447382 75 
447788 72 
447788 70 
448463 80 
448596 83 
448716 64 
448972 256 
449089 61 
449223 150 
449223 68 
449223 65
449294 92 
449605 90 
450750 103 
450750 101 
451262 100 
451262 1
451262 1539
451262 10
453262 25 
453339 75 
453740 72 
453740 70 
454340 80 
454460 83 
454700 64 
455060 61 
455194 150 
455194 68 
455194 65
455267 92 
455788 90 
456726 103 
456726 101 
457233 100 
457233 1
457233 1539
457233 11
459233 25 
459310 75 
459713 72 
459713 70 
460298 80 
460418 83 
460658 64 
460793 256 
460911 62 
461031 150 
461031 68 
461031 65
461103 92 
462561 103 
462561 101 
463069 100 
463069 1
463069 1539
463069 10
465069 25 
465143 75 
465550 72 
465550 70 
466162 80 
466282 83 
466415 64 
466538 256 
466669 61 
466789 152 
466789 69 
466858 93 
468320 103 
468320 101 
469229 100 
469229 1
469229 1539
469229 11
471227 25 
471300 75 
471703 72 
471703 70 
472293 80 
472426 83 
472546 64 
472802 256 
472920 62 
473052 150 
473052 68 
473052 65
473124 92 
474585 103 
474585 101 
475093 100 
475093 1
475093 1539
475093 10
477091 25 
477169 75 
477570 72 
477570 70 
478170 80 
478304 83 
478423 64 
479745 256 
479876 63 
480009 151 
480009 69 
480081 93 
481538 103 
481538 101 
482448 100 
482448 1
482448 1539
482448 11
484450 25 
484541 75 
484949 72 
484949 70 
485540 80 
485674 83 
485794 64 
486050 256 
486167 62 
486300 150 
486300 68 
486300 65
486372 92 
487020 90 
487828 103 
487828 101 
488337 100 
488337 1
488337 1539
488337 10
490340 25 
490425 75 
490828 72 
490828 70 
491431 80 
491551 83 
491791 64 
492407 256 
492537 61 
492658 150 
492658 68 
492658 65
492734 92 
493125 90 
494190 103 
494190 101 
494698 100 
494698 1
494698 1539
494698 11
496697 25 
496774 75 
497181 72 
497181 70 
497789 80 
497922 83 
498042 64 
498299 62 
498428 150 
498428 68 
498428 65
498513 92 
499973 103 
499973 101 
500479 100 
500479 1
500479 1539
500479 10
502480 25 
502554 75 
502955 72 
502955 70 
503559 80 
503693 83 
503813 64 
504068 256 
504199 61 
504319 150 
504319 68 
504319 65
504398 92 
504714 90 
505850 103 
505850 101 
506359 100 
506359 1
506359 1539
506359 10
508358 25 
508431 75 
508835 72 
508835 70 
509437 80 
509557 83 
509690 64 
509932 256 
510063 61 
510197 152 
510197 69 
510268 93 
511729 103 
511729 101 
512636 100 
512636 6
512636 1539
512636 11
512636 78 
514636 25 
514722 75 
515127 72 
515127 70 
515728 80 
515848 83 
516087 64 
516327 62 
516461 151 
516461 69 
516532 93 
517989 103 
517989 101 
518900 100 
518900 6
518900 1539
518900 11
520899 25 
521596 75 
522001 72 
522001 70 
522591 80 
522711 83 
522951 64 
523074 256 
523204 62 
523325 151 
523325 69 
523394 93 
524855 103 
524855 101 
525763 100 
525763 6
525763 1539
525763 10
527764 25 
527838 75 
528242 72 
528242 70 
528829 80 
528949 83 
531094 64 
531723 61 
531854 151 
531854 69 
531924 93 
532378 91 
533386 103 
533386 101 
534297 100 
534297 6
534297 1539
534297 11
536296 25 
536384 75 
536792 72 
536792 70 
537385 80 
537505 83 
537625 64 
537998 62 
538131 151 
538131 69 
538201 93 
539663 103 
539663 101 
540570 100 
540570 6
540570 1539
540570 10
542570 25 
542656 75 
543058 72 
543058 70 
543662 80 
543782 83 
545315 64 
545931 256 
546062 62 
546195 151 
546195 69 
546263 93 
547728 103 
547728 101 
548634 100 
548634 6
548634 1539
548634 11
550634 25 
550707 75 
551108 72 
551108 70 
551726 80 
551846 83 
553378 64 
554831 61 
554964 150 
554964 68 
554964 65
555038 92 
555422 90 
555604 90 
556498 103 
556498 101 
557016 100 
557016 6
557016 1539
557016 10
559016 25 
559103 75 
559541 73 
559844 72 
559844 70 
560429 80 
560548 83 
560908 64 
561884 256 
562015 62 
562148 151 
562148 69 
562221 93 
563679 103 
563679 101 
564586 100 
564586 6
564586 1539
564586 11
566586 25 
566667 75 
567069 72 
567069 70 
567666 80 
567799 83 
569225 64 
569838 61 
569971 150 
569971 68 
569971 65
570044 92 
570392 90 
571500 103 
571500 101 
572012 100 
572012 6
572012 1539
572012 10
574009 25 
574089 75 
574495 72 
574495 70 
575076 80 
575196 83 
575435 64 
576877 256 
577008 63 
577141 150 
577141 68 
577141 65
577226 92 
577631 90 
578685 103 
578685 101 
579195 100 
579195 6
579195 1539
579195 10
581193 25 
581285 75 
581688 72 
581688 70 
582779 80 
582992 250 
583725 76 
583845 83 
584258 64 
584714 256 
584845 63 
585045 150 
585045 68 
585045 65
585120 92 
586573 103 
586573 101 
587083 100 
587083 6
587083 1539
587083 11
589083 25 
589158 75 
589560 72 
589560 70 
590363 80 
590562 83 
591069 64 
591644 256 
591855 61 
592068 152 
592068 69 
592139 93 
593601 103 
593601 101 
594507 100 
594507 6
594507 1539
594507 10
596509 25 
596597 75 
597000 72 
597000 70 
597789 80 
597986 83 
600212 64 
601454 256 
602372 61 
602584 151 
602584 69 
602654 93 
604118 103 
604118 101 
605022 100 
605022 6
605022 1539
605022 10
607022 25 
607101 75 
607505 72 
607505 70 
608275 80 
608475 83 
608994 64 
612527 61 
612740 151 
612740 69 
612809 93 
614278 103 
614278 101 
615192 100 
615192 6
615192 1539
615192 11
617192 25 
617270 75 
617674 72 
617674 70 
618430 80 
618630 83 
619310 64 
619897 61 
620110 150 
620110 68 
620110 65
620181 92 
620557 90 
620774 90 
621639 103 
621639 101 
622150 100 
622150 6
622150 1539
622150 11
624149 25 
624228 75 
624635 72 
624635 70 
625414 80 
625614 83 
626147 64 
626576 256 
626787 61 
626907 150 
626907 68 
626907 65
626975 92 
627437 90 
628435 103 
628435 101 
628947 100 
628947 6
628947 1539
628947 10
630945 25 
631019 75 
631425 72 
631425 70 
632238 80 
632438 83 
632744 64 
632959 256 
633158 63 
633304 150 
633304 68 
633304 65
633376 92 
633842 90 
634834 103 
634834 101 
635341 100 
635341 6
635341 1539
635341 11
637344 25 
637418 75 
637822 72 
637822 70 
638422 80 
638542 83 
639022 64 
639515 61 
639635 150 
639635 68 
639635 65
639708 92 
640106 90 
641167 103 
641167 101 
641674 100 
641674 6
641674 1539
641674 11
643675 25 
643759 75 
644163 72 
644163 70 
644766 80 
644886 83 
645139 64 
645261 256 
645379 61 
645512 150 
645512 68 
645512 65
645601 92 
646182 90 
647053 103 
647053 101 
647565 100 
647565 6
647565 1539
647565 10
649565 25 
649806 75 
650209 72 
650209 70 
650830 80 
650950 83 
651190 64 
651445 256 
651563 63 
651696 150 
651696 68 
651696 65
651773 92 
653229 103 
653229 101 
653736 100 
653736 6
653736 1539
653736 11
655736 25 
655813 75 
656220 72 
656220 70 
656801 80 
656921 83 
657640 64 
657896 256 
658027 61 
658160 150 
658160 68 
658160 65
658247 92 
658662 90 
659703 103 
659703 101 
660211 100 
660211 6
660211 1539
660211 11
662212 25 
662285 75 
662694 72 
662694 70 
663291 80 
663411 250 
664144 76 
665131 76 
665264 83 
665504 64 
665759 256 
665877 61 
666010 150 
666010 68 
666010 65
666092 92 
666521 90 
667556 103 
667556 101 
668062 100 
668062 6
668062 1539
668062 10
670063 25 
670345 75 
670747 72 
670747 70 
671355 80 
671488 83 
671728 64 
671971 256 
672101 63 
672234 150 
672234 68 
672234 65
672318 92 
673780 103 
673780 101 
674286 100 
674286 6
674286 1539
674286 11
676288 25 
676375 75 
676780 72 
676780 70 
677379 80 
677499 83 
678218 64 
678474 256 
678605 63 
678738 153 
678738 68 
678738 65
678808 92 
680266 103 
680266 101 
680777 100 
680777 6
680777 1539
680777 10
682776 25 
682852 75 
683259 72 
683259 70 
683856 80 
683976 83 
684456 64 
684712 256 
684842 63 
684975 150 
684975 68 
684975 65
685048 92 
686507 103 
686507 101 
687013 100 
687013 6
687013 1539
687013 10
689014 25 
689094 75 
689502 72 
689502 70 
690120 80 
690240 83 
690480 64 
690615 256 
690748 63 
690880 150 
690880 68 
690880 65
690965 92 
692425 103 
692425 101 
692932 100 
692932 6
692932 1539
692932 10
694931 25 
695005 75 
695410 72 
695410 70 
696011 80 
696131 83 
696251 64 
696508 63 
696637 150 
696637 68 
696637 65
696707 92 
698170 103 
698170 101 
698676 100 
698676 6
698676 1539
698676 11
700676 25 
700749 75 
701153 72 
701153 70 
701755 80 
701875 83 
702115 64 
702237 256 
702368 61 
702501 152 
702501 69 
702574 93 
704035 103 
704035 101 
704940 100 
704940 5
704940 1539
704940 11
704940 78 
706942 25 
707026 75 
707430 72 
707430 70 
708032 80 
708152 83 
708872 64 
709371 256 
709498 61 
709632 151 
709632 69 
709705 93 
711164 103 
711164 101 
712071 100 
712071 5
712071 1539
712071 11
714071 25 
714144 75 
714547 72 
714547 70 
715149 80 
715269 83 
716215 64 
716937 256 
717055 62 
717175 150 
717175 68 
717175 65
717248 92 
717652 90 
718706 103 
718706 101 
719218 100 
719218 5
719218 1539
719218 10
721216 25 
721427 75 
721828 72 
721828 70 
722439 80 
722559 83 
723159 64 
723534 63 
723666 150 
723666 68 
723666 65
723738 92 
725194 103 
725194 101 
725703 100 
725703 5
725703 1539
725703 10
727706 25 
727796 75 
728200 72 
728200 70 
728797 80 
728917 83 
729157 64 
729293 256 
729410 63 
729543 150 
729543 68 
729543 65
729614 92 
731073 103 
731073 101 
731583 100 
731583 5
731583 1539
731583 11
733583 25 
733672 75 
734078 72 
734078 70 
735141 250 
735847 71 
736047 80 
736260 250 
736582 76 
736780 83 
737207 64 
737409 256 
737620 62 
737833 150 
737833 68 
737833 65
737918 92 
738323 90 
739379 103 
739379 101 
739885 100 
739885 5
739885 1539
739885 10
741886 25 
741971 75 
742373 72 
742373 70 
743151 80 
743377 83 
743577 64 
743886 256 
744084 63 
744297 150 
744297 68 
744297 65
744367 92 
744836 90 
745831 103 
745831 101 
746337 100 
746337 5
746337 1539
746337 10
748336 25 
748423 75 
748830 72 
748830 70 
749588 80 
749775 83 
749974 64 
750324 256 
750534 63 
750734 150 
750734 68 
750734 65
750805 92 
752268 103 
752268 101 
752786 100 
752786 5
752786 1539
752786 11
754786 25 
754864 75 
755267 72 
755267 70 
756065 80 
756265 83 
756400 64 
756613 256 
756745 62 
756971 150 
756971 68 
756971 65
757047 92 
758502 103 
758502 101 
759009 100 
759009 5
759009 1539
759009 10
761011 25 
761083 75 
761488 72 
761488 70 
762236 80 
762356 83 
762716 64 
762971 256 
763089 63 
763222 150 
763222 68 
763222 65
763306 92 
764773 103 
764773 101 
765287 100 
765287 5
765287 1539
765287 10
767287 25 
767378 75 
767779 72 
767779 70 
768393 80 
768513 83 
769233 64 
769360 256 
769486 63 
769619 150 
769619 68 
769619 65
769698 92 
771161 103 
771161 101 
771676 100 
771676 5
771676 1539
771676 11
773673 25 
773747 75 
774158 72 
774158 70 
774764 80 
774884 83 
775124 64 
775259 256 
775390 62 
775523 150 
775523 68 
775523 65
775608 92 
777067 103 
777067 101 
777576 100 
777576 5
777576 1539
777576 11
779576 25 
779667 75 
780072 72 
780072 70 
780668 80 
780788 83 
781041 64 
781177 256 
781308 62 
781441 150 
781441 68 
781441 65
781513 92 
782972 103 
782972 101 
783478 100 
783478 5
783478 1539
783478 10
785480 25 
785571 75 
785973 72 
785973 70 
786572 80 
786692 83 
786825 64 
787067 256 
787186 63 
787318 152 
787318 69 
787389 93 
788850 103 
788850 101 
789756 100 
789756 5
789756 1539
789756 11
791758 25 
791843 75 
792251 72 
792251 70 
792849 80 
792969 83 
793209 64 
793331 256 
793465 62 
793596 150 
793596 68 
793596 65
793684 92 
795141 103 
795141 101 
795648 100 
795648 5
795648 1539
795648 10
797648 25 
797741 75 
798148 72 
798148 70 
798754 80 
798873 83 
798993 64 
799249 256 
799367 63 
799487 150 
799487 68 
799487 65
799556 92 
801020 103 
801020 101 
801524 100 
801524 5
801524 1539
801524 11
803527 25 
803612 75 
804016 72 
804016 70 
804618 80 
804738 83 
804871 64 
805006 256 
805138 62 
805271 150 
805271 68 
805271 65
805343 92 
806802 103 
806802 101 
807310 100 
807310 5
807310 1539
807310 10
809310 25 
809396 75 
809802 72 
809802 70 
810402 80 
810522 83 
810762 64 
811017 256 
811148 63 
811282 150 
811282 68 
811282 65
811352 92 
812809 103 
812809 101 
813321 100 
813321 5
813321 1539
813321 11
815322 25 
815485 75 
815889 72 
815889 70 
816506 80 
816639 83 
816759 64 
816898 256 
817026 62 
817159 150 
817159 68 
817159 65
817233 92 
818688 103 
818688 101 
819197 100 
819197 4
819197 1539
819197 10
819197 78 
821199 25 
821284 75 
821693 72 
821693 70 
822277 80 
822397 83 
822637 64 
822892 256 
823023 63 
823156 151 
823156 69 
823228 93 
824688 103 
824688 101 
825596 100 
825596 4
825596 1539
825596 11
827595 25 
827682 75 
828083 72 
828083 70 
828701 80 
828821 83 
829061 64 
829316 256 
829447 62 
829580 151 
829580 69 
829651 93 
831111 103 
831111 101 
832021 100 
832021 4
832021 1539
832021 11
834019 25 
834105 75 
834510 72 
834510 70 
835125 80 
835258 83 
835738 64 
836833 256 
836964 61 
837097 150 
837097 68 
837097 65
837167 92 
837523 90 
838625 103 
838625 101 
839136 100 
839136 4
839136 1539
839136 10
841137 25 
841213 75 
841616 72 
841616 70 
842228 80 
842348 83 
842708 64 
842965 256 
843576 61 
843695 151 
843695 69 
843782 93 
845241 103 
845241 101 
846146 100 
846146 4
846146 1539
846146 11
848146 25 
848219 75 
848625 72 
848625 70 
849225 80 
849345 83 
855036 64 
855399 256 
855529 61 
855663 150 
855663 68 
855663 65
855737 92 
857195 103 
857195 101 
857700 100 
857700 4
857700 1539
857700 11
859702 25 
859788 75 
860194 72 
860194 70 
860794 80 
860914 83 
861620 64 
861756 256 
861887 61 
862020 150 
862020 68 
862020 65
862096 92 
863550 103 
863550 101 
864062 100 
864062 4
864062 1539
864062 11
866060 25 
866145 75 
866550 72 
866550 70 
867151 80 
867271 83 
873442 64 
873697 256 
873828 61 
873961 150 
873961 68 
873961 65
874033 92 
875493 103 
875493 101 
875999 100 
875999 4
875999 1539
875999 10
878000 25 
878073 75 
878476 72 
878476 70 
879079 80 
879213 83 
879572 64 
880428 256 
880559 63 
880692 151 
880692 69 
880763 93 
882222 103 
882222 101 
883131 100 
883131 4
883131 1539
883131 10
885132 25 
885204 75 
885607 72 
885607 70 
886210 80 
886330 83 
887769 64 
889823 256 
889956 62 
890075 150 
890075 68 
890075 65
890160 92 
890612 90 
891620 103 
891620 101 
892129 100 
892129 4
892129 1539
892129 10
894128 25 
894205 75 
894612 72 
894612 70 
895206 80 
895339 83 
895579 64 
895714 256 
895832 62 
895965 152 
895965 69 
896036 93 
897498 103 
897498 101 
898406 100 
898406 4
898406 1539
898406 10
900404 25 
900491 75 
900897 72 
900897 70 
901510 80 
901630 83 
902949 64 
904417 256 
904535 61 
904668 151 
904668 69 
904742 93 
905258 91 
906199 103 
906199 101 
907108 100 
907108 4
907108 1539
907108 10
909107 25 
909180 75 
909586 72 
909586 70 
910186 80 
910306 83 
910546 64 
911908 62 
912039 150 
912039 68 
912039 65
912114 92 
912460 90 
913568 103 
913568 101 
914076 100 
914076 4
914076 1539
914076 11
916078 25 
916168 75 
916572 72 
916572 70 
917170 80 
917290 83 
917650 64 
918024 256 
918156 63 
918289 151 
918289 69 
918376 93 
919840 103 
919840 101 
920755 100 
920755 4
920755 1539
920755 10
922754 25 
922841 75 
923248 72 
923248 70 
923847 80 
923967 83 
925033 64 
925301 62 
925433 150 
925433 68 
925433 65
925508 92 
925905 90 
926961 103 
926961 101 
927473 100 
927473 4
927473 1539
927473 11
929473 25 
929564 75 
929969 72 
929969 70 
930577 80 
930697 83 
931883 64 
932393 63 
932523 151 
932523 69 
932592 93 
934057 103 
934057 101 
934962 100 
934962 4
934962 1539
934962 11
936965 25 
937048 75 
937450 72 
937450 70 
938054 80 
938174 83 
938654 64 
939522 61 
939653 152 
939653 69 
939736 93 
940080 91 
940988 91 
941196 103 
941196 101 
942107 100 
942107 4
942107 1539
942107 10
944106 25 
944192 75 
944596 72 
944596 70 
945198 80 
945318 83 
946037 64 
946173 256 
946291 62 
946424 150 
946424 68 
946424 65
946510 92 
946887 90 
947967 103 
947967 101 
948476 100 
948476 4
948476 1539
948476 10
950476 25 
950555 75 
950961 72 
950961 70 
951555 80 
951675 83 
952035 64 
952408 62 
952541 150 
952541 68 
952541 65
952613 92 
954073 103 
954073 101 
954581 100 
954581 4
954581 1539
954581 11
956580 25 
956671 75 
957071 72 
957071 70 
957672 80 
957806 83 
957939 64 
958781 256 
958912 61 
959047 150 
959047 68 
959047 65
959119 92 
959478 90 
960573 103 
960573 101 
961084 100 
961084 4
961084 1539
961084 11
963086 25 
963170 75 
963574 72 
963574 70 
964616 250 
965563 71 
965762 80 
965976 83 
966295 64 
966898 256 
967108 61 
967242 150 
967242 68 
967242 65
967327 92 
967710 90 
968789 103 
968789 101 
969293 100 
969293 4
969293 1539
969293 10
971294 25 
971381 75 
971783 72 
971783 70 
972533 80 
972653 83 
974679 64 
975414 256 
975545 62 
975678 150 
975678 68 
975678 65
975754 92 
977213 103 
977213 101 
977729 100 
977729 4
977729 1539
977729 11
979732 25 
979821 75 
980226 72 
980226 70 
980836 80 
980956 83 
981076 64 
982170 256 
982329 61 
982462 152 
982462 69 
982542 93 
984005 103 
984005 101 
984915 100 
984915 4
984915 1539
984915 11
986914 25 
986987 75 
987393 72 
987393 70 
987993 80 
988113 83 
989286 64 
990512 63 
990645 151 
990645 69 
990724 93 
992178 103 
992178 101 
993085 100 
993085 4
993085 1539
993085 10
995084 25 
996022 75 
996426 72 
996426 70 
997029 80 
997149 83 
997642 64 
997897 256 
998029 62 
998162 150 
998162 68 
998162 65
998237 92 
998666 90 
999689 103 
999689 101 
1000199 100 
1000199 4
1000199 1539
1000199 11
1002201 25 
1002287 75 
1002693 72 
1002693 70 
1003306 80 
1003426 83 
1003786 64 
1004041 256 
1004173 63 
1004306 151 
1004306 69 
1004377 93 
1005840 103 
1005840 101 
1006744 100 
1006744 4
1006744 1539
1006744 10
1008746 25 
1008831 75 
1009238 72 
1009238 70 
1009837 80 
1009957 83 
1010197 64 
1010333 256 
1010463 62 
1010597 150 
1010597 68 
1010597 65
1010678 92 
1012127 103 
1012127 101 
1012636 100 
1012636 4
1012636 1539
1012636 11
1014636 25 
1015622 75 
1016023 72 
1016023 70 
1016621 80 
1016741 83 
1017700 64 
1017955 256 
1018073 61 
1018207 150 
1018207 68 
1018207 65
1018291 92 
1018710 90 
1019754 103 
1019754 101 
1020273 100 
1020273 4
1020273 1539
1020273 11
1022273 25 
1022358 75 
1022764 72 
1022764 70 
1023364 80 
1023486 83 
1023724 64 
1023859 256 
1023991 61 
1024124 150 
1024124 68 
1024124 65
1024209 92 
1024620 90 
1025666 103 
1025666 101 
1026174 100 
1026174 4
1026174 1539
1026174 10
1028176 25 
1028320 75 
1028722 72 
1028722 70 
1029322 80 
1029442 83 
1029802 64 
1029937 256 
1030068 62 
1030201 150 
1030201 68 
1030201 65
1030273 92 
1031730 103 
1031730 101 
1032239 100 
1032239 4
1032239 1539
1032239 10
1034242 25 
1034315 75 
1034722 72 
1034722 70 
1035319 80 
1035439 83 
1036132 64 
1036735 256 
1036865 62 
1036999 150 
1036999 68 
1036999 65
1037075 92 
1038528 103 
1038528 101 
1039037 100 
1039037 4
1039037 1539
1039037 10
1041039 25 
1041111 75 
1041520 72 
1041520 70 
1042116 80 
1042236 83 
1042476 64 
1042612 256 
1042743 62 
1042876 150 
1042876 68 
1042876 65
1042960 92 
1044420 103 
1044420 101 
1044928 100 
1044928 4
1044928 1539
1044928 10
1046929 25 
1047003 75 
1047411 72 
1047411 70 
1048007 80 
1048127 83 
1048247 64 
1048489 62 
1048620 150 
1048620 68 
1048620 65
1048694 92 
1050154 103 
1050154 101 
1050661 100 
1050661 4
1050661 1539
1050661 10
1052660 25 
1052734 75 
1053138 72 
1053138 70 
1053752 80 
1053871 250 
1054724 76 
1054858 83 
1054978 64 
1055233 256 
1055471 62 
1055604 150 
1055604 68 
1055604 65
1055675 92 
1056075 90 
1057133 103 
1057133 101 
1057643 100 
1057643 2
1057643 1539
1057643 11
1057643 78 
1059644 25 
1059729 75 
1060132 72 
1060132 70 
1060735 80 
1060855 83 
1061095 64 
1061228 256 
1061350 61 
1061481 151 
1061481 69 
1061552 93 
1062366 91 
1062490 91 
1062942 91 
1063016 103 
1063016 101 
1063920 100 
1063920 2
1063920 1539
1063920 10
1065920 25 
1066007 75 
1066413 72 
1066413 70 
1067026 80 
1067146 83 
1067506 64 
1067748 256 
1067879 62 
1068012 153 
1068012 68 
1068012 65
1068085 92 
1069546 103 
1069546 101 
1070053 100 
1070053 2
1070053 1539
1070053 11
1072050 25 
1072298 75 
1072700 72 
1072700 70 
1073810 80 
1074010 83 
1074236 64 
1075145 256 
1075356 61 
1075476 151 
1075476 69 
1075550 93 
1076004 91 
1076985 91 
1077011 103 
1077011 101 
1077928 100 
1077928 2
1077928 1539
1077928 11
1079927 25 
1080003 75 
1080346 73 
1080649 72 
1080649 70 
1081420 80 
1081620 83 
1081939 64 
1082555 256 
1082752 61 
1082872 151 
1082872 69 
1082942 93 
1084404 103 
1084404 101 
1085310 100 
1085310 2
1085310 1539
1085310 11
1087310 25 
1087894 75 
1088300 72 
1088300 70 
1089030 80 
1089150 83 
1090589 64 
1092044 256 
1092175 61 
1092308 151 
1092308 69 
1092383 93 
1093839 103 
1093839 101 
1094746 100 
1094746 2
1094746 1539
1094746 11
1096747 25 
1099865 75 
1100271 72 
1100271 70 
1100531 250 
1100771 71 
1101131 80 
1101251 83 
1106582 64 
1108651 61 
1108781 151 
1108781 69 
1108848 93 
1110313 103 
1110313 101 
1111219 100 
1111219 2
1111219 1539
1111219 10
1113220 25 
1113293 75 
1113696 72 
1113696 70 
1114312 80 
1114432 83 
1118737 64 
1119099 256 
1119217 62 
1119350 151 
1119350 69 
1119432 93 
1120631 91 
1120895 103 
1120895 101 
1121801 100 
1121801 2
1121801 1539
1121801 10
1123802 25 
1123875 75 
1124279 72 
1124279 70 
1124881 80 
1125001 83 
1126307 64 
1126563 256 
1126680 63 
1126814 151 
1126814 69 
1126885 93 
1127551 91 
1128344 103 
1128344 101 
1129252 100 
1129252 2
1129252 1539
1129252 11
1131253 25 
1131340 75 
1131740 72 
1131740 70 
1132451 80 
1132571 83 
1134130 64 
1135812 61 
1135943 151 
1135943 69 
1136010 93 
1137006 91 
1137177 91 
1137472 103 
1137472 101 
1138382 100 
1138382 2
1138382 1539
1138382 11
1140382 25 
1140463 75 
1140866 72 
1140866 70 
1141461 80 
1141581 83 
1145379 64 
1147313 256 
1147445 62 
1147580 153 
1147580 68 
1147580 65
1147651 92 
1148093 90 
1149111 103 
1149111 101 
1149631 100 
1149631 2
1149631 1539
1149631 11
1151632 25 
1151721 75 
1152125 72 
1152125 70 
1152723 80 
1152856 83 
1153096 64 
1153231 256 
1153362 62 
1153496 151 
1153496 69 
1153581 93 
1154366 91 
1154827 91 
1155038 103 
1155038 101 
1155949 100 
1155949 2
1155949 1539
1155949 10
1157949 25 
1158034 75 
1158438 72 
1158438 70 
1159053 80 
1159173 83 
1160373 64 
1160628 256 
1160759 61 
1161388 150 
1161388 68 
1161388 65
1161471 92 
1161892 90 
1162929 103 
1162929 101 
1163436 100 
1163436 2
1163436 1539
1163436 11
1165438 25 
1165525 75 
1165930 72 
1165930 70 
1166530 80 
1166650 83 
1173687 64 
1175742 256 
1175873 62 
1176006 151 
1176006 69 
1176081 93 
1177537 103 
1177537 101 
1178444 100 
1178444 2
1178444 1539
1178444 11
1180445 25 
1180518 75 
1180924 72 
1180924 70 
1181524 80 
1181644 83 
1182003 64 
1182966 256 
1183083 61 
1183216 151 
1183216 69 
1183288 93 
1183860 91 
1184751 103 
1184751 101 
1185659 100 
1185659 2
1185659 1539
1185659 10
1187656 25 
1187730 75 
1188131 72 
1188131 70 
1188854 80 
1189080 83 
1189987 64 
1190975 256 
1191186 61 
1191319 150 
1191319 68 
1191319 65
1191385 92 
1191747 90 
1192849 103 
1192849 101 
1193357 100 
1193357 2
1193357 1539
1193357 10
1195359 25 
1195438 75 
1195839 72 
1195839 70 
1196627 80 
1196824 83 
1197144 64 
1197349 256 
1197543 61 
1197663 150 
1197663 68 
1197663 65
1197737 92 
1198117 90 
1199195 103 
1199195 101 
1199705 100 
1199705 2
1199705 1539
1199705 10
1201703 25 
1201775 75 
1202177 72 
1202177 70 
1202971 80 
1203194 83 
1203514 64 
1204983 256 
1205180 62 
1205380 151 
1205380 69 
1205450 93 
1205782 91 
1206915 103 
1206915 101 
1207819 100 
1207819 2
1207819 1539
1207819 11
1209819 25 
1209905 75 
1210311 72 
1210311 70 
1211218 80 
1211338 83 
1211937 64 
1213805 256 
1213923 61 
1214511 151 
1214511 69 
1214580 93 
1216043 103 
1216043 101 
1216947 100 
1216947 2
1216947 1539
1216947 10
1218950 25 
1219035 75 
1219437 72 
1219437 70 
1220187 80 
1220307 83 
1221960 64 
1223521 61 
1223652 150 
1223652 68 
1223652 65
1223723 92 
1224102 90 
1225183 103 
1225183 101 
1225693 100 
1225693 2
1225693 1539
1225693 10
1227691 25 
1227764 75 
1228173 72 
1228173 70 
1228863 80 
1228997 83 
1229237 64 
1229359 256 
1229490 61 
1229623 150 
1229623 68 
1229623 65
1229708 92 
1230184 90 
1231168 103 
1231168 101 
1231674 100 
1231674 2
1231674 1539
1231674 10
1233675 25 
1234175 75 
1236075 73 
1236818 73 
1237121 72 
1237121 70 
1237726 80 
1237860 83 
1238339 64 
1238595 256 
1238713 61 
1238846 150 
1238846 68 
1238846 65
1238930 92 
1240391 103 
1240391 101 
1240898 100 
1240898 2
1240898 1539
1240898 11
1242898 25 
1242971 75 
1243383 72 
1243383 70 
1243964 80 
1244084 83 
1248482 64 
1248857 61 
1248988 153 
1248988 68 
1248988 65
1249073 92 
1249504 90 
1250536 103 
1250536 101 
1251039 100 
1251039 2
1251039 1539
1251039 10
1253041 25 
1253127 75 
1253530 72 
1253530 70 
1254120 80 
1254239 83 
1255319 64 
1256295 61 
1256425 150 
1256425 68 
1256425 65
1256497 92 
1256848 90 
1257958 103 
1257958 101 
1258463 100 
1258463 2
1258463 1539
1258463 10
1260463 25 
1260537 75 
1260940 72 
1260940 70 
1261543 80 
1261663 83 
1261889 64 
1262265 256 
1262396 61 
1262531 150 
1262531 68 
1262531 65
1262603 92 
1264060 103 
1264060 101 
1264569 100 
1264569 2
1264569 1539
1264569 11
1266569 25 
1270208 75 
1270610 72 
1270610 70 
1271299 80 
1271419 83 
1272498 64 
1272993 256 
1273125 63 
1273258 150 
1273258 68 
1273258 65
1273334 92 
1273756 90 
1274789 103 
1274789 101 
1275295 100 
1275295 2
1275295 1539
1275295 11
1277298 25 
1277387 75 
1277792 72 
1277792 70 
1278389 80 
1278509 83 
1278749 64 
1279005 63 
1279135 150 
1279135 68 
1279135 65
1279206 92 
1280662 103 
1280662 101 
1281175 100 
1281175 2
1281175 1539
1281175 11
1283175 25 
1283252 75 
1283659 72 
1283659 70 
1284267 80 
1284386 83 
1289384 64 
1291692 61 
1292199 151 
1292199 69 
1292279 93 
1293743 103 
1293743 101 
1294648 100 
1294648 2
1294648 1539
1294648 10
1296650 25 
1296735 75 
1297136 72 
1297136 70 
1297741 80 
1297861 83 
1298580 64 
1299316 256 
1299447 61 
1299580 150 
1299580 68 
1299580 65
1299666 92 
1300082 90 
1301121 103 
1301121 101 
1301633 100 
1301633 2
1301633 1539
1301633 11
1303633 25 
1303723 75 
1304130 72 
1304130 70 
1304738 80 
1304858 83 
1305684 64 
1305926 63 
1306057 152 
1306057 69 
1306128 93 
1307414 91 
1307588 103 
1307588 101 
1308497 100 
1308497 2
1308497 1539
1308497 11
1310495 25 
1310569 75 
1310976 72 
1310976 70 
1311562 80 
1311681 83 
1312041 64 
1313016 61 
1313147 151 
1313147 69 
1313219 93 
1314678 103 
1314678 101 
1315587 100 
1315587 2
1315587 1539
1315587 10
1317588 25 
1317673 75 
1318079 72 
1318079 70 
1318785 80 
1318905 83 
1321131 64 
1321266 61 
1321677 150 
1321677 68 
1321677 65
1321750 92 
1322189 90 
1323207 103 
1323207 101 
1323717 100 
1323717 2
1323717 1539
1323717 11
1325716 25 
1325802 75 
1326206 72 
1326206 70 
1326995 80 
1327208 83 
1330567 64 
1331022 256 
1331233 63 
1331446 150 
1331446 68 
1331446 65
1331518 92 
1331944 90 
1332978 103 
1332978 101 
1333485 100 
1333485 2
1333485 1539
1333485 10
1335485 25 
1335566 75 
1335972 72 
1335972 70 
1336751 80 
1336991 83 
1337191 64 
1337513 256 
1337710 61 
1337844 150 
1337844 68 
1337844 65
1337918 92 
1338282 90 
1338552 90 
1339372 103 
1339372 101 
1339884 100 
1339884 2
1339884 1539
1339884 11
1341883 25 
1341969 75 
1342371 72 
1342371 70 
1343161 80 
1343361 83 
1343681 64 
1343910 256 
1344108 63 
1344308 150 
1344308 68 
1344308 65
1344397 92 
1345852 103 
1345852 101 
1346360 100 
1346360 2
1346360 1539
1346360 10
1348360 25 
1348448 75 
1348852 72 
1348852 70 
1349652 80 
1349852 83 
1350252 64 
1352346 256 
1353132 61 
1353264 150 
1353264 68 
1353264 65
1353350 92 
1353717 90 
1354805 103 
1354805 101 
1355315 100 
1355315 2
1355315 1539
1355315 10
1357315 25 
1357403 75 
1357808 72 
1357808 70 
1358581 80 
1358782 83 
1360114 64 
1360449 256 
1360647 61 
1360847 150 
1360847 68 
1360847 65
1360918 92 
1361282 90 
1362382 103 
1362382 101 
1362900 100 
1362900 2
1362900 1539
1362900 11
1364900 25 
1364973 75 
1365376 72 
1365376 70 
1366152 80 
1366351 83 
1367831 64 
1368166 256 
1368284 63 
1368486 150 
1368486 68 
1368486 65
1368558 92 
1369023 90 
1370012 103 
1370012 101 
1370522 100 
1370522 2
1370522 1539
1370522 10
1372522 25 
1372596 75 
1373003 72 
1373003 70 
1373775 80 
1373975 83 
1374681 64 
1374884 256 
1375094 63 
1375228 151 
1375228 69 
1375304 93 
1376179 91 
1376757 103 
1376757 101 
1377667 100 
1377667 2
1377667 1539
1377667 10
1379668 25 
1389731 254 
1392476 75 
1392927 73 
1393228 72 
1393228 70 
1393993 80 
1394113 83 
1395073 64 
1395447 256 
1395579 61 
1395712 150 
1395712 68 
1395712 65
1395783 92 
1396190 90 
1396969 90 
1397243 103 
1397243 101 
1397751 100 
1397751 2
1397751 1539
1397751 11
1399751 25 
1399837 75 
1400246 72 
1400246 70 
1400843 80 
1400963 83 
1401323 64 
1401579 256 
1401710 63 
1401843 150 
1401843 68 
1401843 65
1401915 92 
1403376 103 
1403376 101 
1403882 100 
1403882 2
1403882 1539
1403882 11
1405884 25 
1415964 254 
1419877 75 
1420045 73 
1420453 72 
1420453 70 
1421075 80 
1421195 83 
1421675 64 
1422890 256 
1423021 63 
1423154 152 
1423154 69 
1423229 93 
1423763 91 
1424258 91 
1424687 103 
1424687 101 
1425593 100 
1425593 2
1425593 1539
1425593 11
1427594 25 
1427672 75 
1428077 72 
1428077 70 
1428672 80 
1428791 83 
1429391 64 
1432044 62 
1432177 151 
1432177 69 
1432248 93 
1432744 91 
1433468 91 
1433708 103 
1433708 101 
1434617 100 
1434617 2
1434617 1539
1434617 11
1436615 25 
1436689 75 
1437090 72 
1437090 70 
1437694 80 
1437814 83 
1443039 64 
1445693 256 
1445811 61 
1446440 151 
1446440 69 
1446524 93 
1447181 91 
1447721 91 
1447980 103 
1447980 101 
1448890 100 
1448890 2
1448890 1539
1448890 11
1450889 25 
1450962 75 
1451364 72 
1451364 70 
1451968 80 
1452088 83 
1452568 64 
1454621 61 
1454741 151 
1454741 69 
1454824 93 
1455295 91 
1455594 91 
1456078 91 
1456283 103 
1456283 101 
1457192 100 
1457192 2
1457192 1539
1457192 10
1459194 25 
1469272 254 
1471757 75 
1472658 73 
1472966 72 
1472966 70 
1473572 80 
1473692 83 
1474892 64 
1475520 256 
1475652 61 
1475785 150 
1475785 68 
1475785 65
1475866 92 
1476256 90 
1477327 103 
1477327 101 
1477837 100 
1477837 2
1477837 1539
1477837 10
1479837 25 
1480505 75 
1480907 72 
1480907 70 
1481516 80 
1481636 83 
1482115 64 
1482251 256 
1482369 61 
1482502 150 
1482502 68 
1482502 65
1482578 92 
1483116 90 
1484033 103 
1484033 101 
1484542 100 
1484542 2
1484542 1539
1484542 10
1486541 25 
1486614 75 
1487022 72 
1487022 70 
1487606 80 
1487726 83 
1487980 64 
1488114 256 
1488233 61 
1488368 150 
1488368 68 
1488368 65
1488443 92 
1489015 90 
1489899 103 
1489899 101 
1490404 100 
1490404 2
1490404 1539
1490404 11
1492404 25 
1496903 75 
1497303 72 
1497303 70 
1498375 80 
1498588 83 
1499535 64 
1499738 256 
1499868 63 
1500081 150 
1500081 68 
1500081 65
1500153 92 
1501609 103 
1501609 101 
1502119 100 
1502119 2
1502119 1539
1502119 10
1504119 25 
1504198 75 
1504602 72 
1504602 70 
1505345 80 
1505545 83 
1506465 64 
1506668 256 
1506865 63 
1506998 151 
1506998 69 
1507087 93 
1508543 103 
1508543 101 
1509452 100 
1509452 2
1509452 1539
1509452 10
1511451 25 
1511536 75 
1511942 72 
1511942 70 
1512716 80 
1512929 83 
1520099 64 
1520555 256 
1520766 61 
1520886 150 
1520886 68 
1520886 65
1520960 92 
1521352 90 
1522419 103 
1522419 101 
1522924 100 
1522924 2
1522924 1539
1522924 10
1524925 25 
1524998 75 
1525406 72 
1525406 70 
1526163 80 
1526283 83 
1526417 64 
1526673 256 
1526803 61 
1526936 152 
1526936 69 
1527009 93 
1527670 91 
1528468 103 
1528468 101 
1529377 100 
1529377 2
1529377 1539
1529377 11
1531376 25 
1531461 75 
1531862 72 
1531862 70 
1532454 80 
1532574 83 
1536026 64 
1538200 61 
1539200 151 
1539200 69 
1540807 91 
1540819 93 
1540819 103 
1540819 101 
1541730 100 
1541730 2
1541730 1539
1541730 10
1543730 25 
1543803 75 
1544208 72 
1544208 70 
1544809 80 
1544929 83 
1545768 64 
1546024 61 
1546155 150 
1546155 68 
1546155 65
1546231 92 
1546686 90 
1546827 90 
1547689 103 
1547689 101 
1548192 100 
1548192 2
1548192 1539
1548192 11
1550195 25 
1550279 75 
1550683 72 
1550683 70 
1551299 80 
1551419 83 
1551792 64 
1552781 61 
1552912 151 
1552912 69 
1552982 93 
1554443 103 
1554443 101 
1555350 100 
1555350 2
1555350 1539
1555350 11
1557352 25 
1567432 254 
1592356 75 
1592761 72 
1592761 70 
1593375 80 
1593495 83 
1600505 64 
1601000 256 
1601118 61 
1601251 151 
1601251 69 
1601320 93 
1602785 103 
1602785 101 
1603689 100 
1603689 2
1603689 1539
1603689 10
1605692 25 
1609949 75 
1610209 73 
1610512 72 
1610512 70 
1611127 80 
1611247 83 
1611967 64 
1612449 61 
1612580 150 
1612580 68 
1612580 65
1612649 92 
1613052 90 
1614112 103 
1614112 101 
1614619 100 
1614619 2
1614619 1539
1614619 11
1616619 25 
1616710 75 
1617116 72 
1617116 70 
1617724 80 
1617844 83 
1620696 64 
1622151 256 
1622282 62 
1622403 151 
1622403 69 
1622472 93 
1623002 91 
1623936 103 
1623936 101 
1624853 100 
1624853 2
1624853 1539
1624853 10
1626854 25 
1626941 75 
1627342 72 
1627342 70 
1628360 80 
1628560 83 
1628760 64 
1629095 256 
1629319 61 
1629533 150 
1629533 68 
1629533 65
1629606 92 
1630066 90 
1631064 103 
1631064 101 
1631571 100 
1631571 2
1631571 1539
1631571 10
1633573 25 
1633658 75 
1634063 72 
1634063 70 
1634824 80 
1635024 83 
1635570 64 
1635775 256 
1635970 61 
1636103 150 
1636103 68 
1636103 65
1636176 92 
1637636 103 
1637636 101 
1638141 100 
1638141 2
1638141 1539
1638141 10
1640143 25 
1650223 254 
1659891 75 
1660297 72 
1660297 70 
1661053 80 
1661186 83 
1662505 64 
1663120 61 
1663252 150 
1663252 68 
1663252 65
1663327 92 
1664737 90 
1664783 103 
1664783 101 
1665291 100 
1665291 2
1665291 1539
1665291 11
1667292 25 
1677371 254 
1700926 75 
1701332 72 
1701332 70 
1701942 80 
1702062 83 
1703154 64 
1703409 256 
1703541 61 
1703674 151 
1703674 69 
1703746 93 
1705206 103 
1705206 101 
1706116 100 
1706116 2
1706116 1539
1706116 10
1708114 25 
1710625 75 
1718222 254 
1756092 73 
1783638 73 
1783940 72 
1783940 70 
1785003 80 
1785213 83 
1789464 64 
1789960 256 
1793236 61 
1793369 150 
1793369 68 
1793369 65
1793454 92 
1794915 103 
1794915 101 
1795428 100 
1795428 2
1795428 1539
1795428 11
1797425 25 
1798545 75 
1798949 72 
1798949 70 
1799540 80 
1799660 83 
1800380 64 
1800635 256 
1800766 63 
1800899 150 
1800899 68 
1800899 65
1800971 92 
1802429 103 
1802429 101 
1802944 100 
1802944 2
1802944 1539
1802944 11
1804942 25 
1805012 75 
1805419 72 
1805419 70 
1806031 80 
1806151 83 
1806284 64 
1806539 256 
1806670 63 
1806804 152 
1806804 69 
1806875 93 
1808333 103 
1808333 101 
1809243 100 
1809243 2
1809243 1539
1809243 11
1811242 25 
1813121 75 
1813523 72 
1813523 70 
1814120 80 
1814240 83 
1814840 64 
1815096 256 
1815227 63 
1815360 150 
1815360 68 
1815360 65
1815446 92 
1816903 103 
1816903 101 
1817412 100 
1817412 2
1817412 1539
1817412 10
1819413 25 
1819487 75 
1819893 72 
1819893 70 
1820478 80 
1820598 83 
1821197 64 
1821453 256 
1821584 61 
1821717 150 
1821717 68 
1821717 65
1821792 92 
1823250 103 
1823250 101 
1823757 100 
1823757 2
1823757 1539
1823757 11
1825756 25 
1825830 75 
1826233 72 
1826233 70 
1826835 80 
1826955 83 
1827448 64 
1827704 256 
1827835 61 
1827968 151 
1827968 69 
1828047 93 
1828635 91 
1828960 91 
1829501 103 
1829501 101 
1830407 100 
1830407 2
1830407 1539
1830407 10
1832408 25 
1842475 254 
1863045 75 
1863451 72 
1863451 70 
1864059 80 
1864179 83 
1867871 64 
1868164 256 
1873695 252 
1912465 62 
1946163 151 
1946163 69 
2023456 91 
2023476 93 
2023476 103 
2023476 101 
2024390 100 
2024390 2
2024390 1539
2024390 10
2026392 25 
2026476 75 
2026882 72 
2026882 70 
2030961 250 
2053978 71 
2054325 80 
2054445 83 
2062788 76 
2063867 76 
2066000 252 
2084768 256 
2090203 62 
2093455 151 
2093455 69 
2093541 93 
2095002 103 
2095002 101 
2095906 100 
2095906 2
2095906 1539
2095906 10
2097908 25 
2107987 254 
2133148 75 
2133551 72 
2133551 70 
2134637 80 
2134837 83 
2138835 64 
2142090 256 
2144006 252 
2144846 62 
2147152 150 
2147152 68 
2147152 65
2147243 92 
2148695 103 
2148695 101 
2149206 100 
2149206 2
2149206 1539
2149206 11
2151206 25 
2151285 75 
2151689 72 
2151689 70 
2152310 80 
2152430 83 
2153269 64 
2153525 256 
2153656 61 
2153789 151 
2153789 69 
2153859 93 
2155185 91 
2155323 103 
2155323 101 
2156229 100 
2156229 2
2156229 1539
2156229 10
2158230 25 
2162869 75 
2163274 72 
2163274 70 
2163878 80 
2163998 83 
2164238 64 
2164493 256 
2164624 61 
2164758 152 
2164758 69 
2164832 93 
2166289 103 
2166289 101 
2167198 100 
2167198 2
2167198 1539
2167198 11
2169196 25 
2169284 75 
2169685 72 
2169685 70 
2170302 80 
2170422 83 
2171261 64 
2171517 256 
2171648 61 
2171782 151 
2171782 69 
2171854 93 
2173316 103 
2173316 101 
2174220 100 
2174220 2
2174220 1539
2174220 11
2176220 25 
2177131 75 
2177536 72 
2177536 70 
2178152 80 
2178272 83 
2179591 64 
2182843 62 
2182976 151 
2182976 69 
2183044 93 
2184508 103 
2184508 101 
2185414 100 
2185414 2
2185414 1539
2185414 11
2187416 25 
2187501 75 
2187905 72 
2187905 70 
2188507 80 
2188628 83 
2189587 64 
2189842 61 
2189974 151 
2189974 69 
2190048 93 
2191506 103 
2191506 101 
2192412 100 
2192412 2
2192412 1539
2192412 10
2194413 25 
2198921 75 
2199084 73 
2199387 72 
2199387 70 
2199983 80 
2200103 83 
2201062 64 
2201318 256 
2201449 62 
2201582 151 
2201582 69 
2201652 93 
2203114 103 
2203114 101 
2204021 100 
2204021 2
2204021 1539
2204021 11
2206021 25 
2206137 75 
2206544 72 
2206544 70 
2207033 250 
2207273 71 
2208352 71 
2208714 71 
2208952 80 
2209085 83 
2209725 64 
2216695 252 
2231623 61 
2231756 151 
2231756 69 
2231837 93 
2232688 91 
2233301 103 
2233301 101 
2234208 100 
2234208 2
2234208 1539
2234208 10
2236207 25 
2236283 75 
2236686 72 
2236686 70 
2237647 80 
2237846 83 
2239512 64 
2239715 256 
2239926 61 
2240059 150 
2240059 68 
2240059 65
2240130 92 
2241588 103 
2241588 101 
2242099 100 
2242099 2
2242099 1539
2242099 11
2244097 25 
2244171 75 
2244575 72 
2244575 70 
2245323 80 
2245457 83 
2246176 64 
2246298 256 
2246429 61 
2246563 153 
2246563 68 
2246563 65
2246638 92 
2248093 103 
2248093 101 
2248602 100 
2248602 2
2248602 1539
2248602 11
2250602 25 
2250688 75 
2251091 72 
2251091 70 
2251707 80 
2251827 83 
2252294 64 
2252563 61 
2252693 151 
2252693 69 
2252777 93 
2254236 103 
2254236 101 
2255145 100 
2255145 2
2255145 1539
2255145 11
2257147 25 
2257407 75 
2257812 72 
2257812 70 
2258424 80 
2258544 83 
2259970 64 
2260586 256 
2260703 63 
2260837 150 
2260837 68 
2260837 65
2260913 92 
2262368 103 
2262368 101 
2262875 100 
2262875 2
2262875 1539
2262875 11
2264876 25 
2264962 75 
2265363 72 
2265363 70 
2265954 80 
2266074 83 
2266316 64 
2266450 256 
2266568 63 
2266701 150 
2266701 68 
2266701 65
2266787 92 
2268190 90 
2268248 103 
2268248 101 
2268753 100 
2268753 2
2268753 1539
2268753 10
2270752 25 
2270831 75 
2271234 72 
2271234 70 
2271485 250 
2273644 71 
2274018 80 
2274138 83 
2274604 64 
2274859 63 
2274991 151 
2274991 69 
2275061 93 
2275807 91 
2276524 103 
2276524 101 
2277430 100 
2277430 2
2277430 1539
2277430 11
2279429 25 
2279521 75 
2279927 72 
2279927 70 
2280535 80 
2280655 83 
2281961 76 
2283520 64 
2284002 63 
2284134 150 
2284134 68 
2284134 65
2284220 92 
2285446 90 
2285679 103 
2285679 101 
2286187 100 
2286187 2
2286187 1539
2286187 10
2288186 25 
2288258 75 
2288663 72 
2288663 70 
2289265 80 
2289384 83 
2289744 64 
2289880 256 
2290011 63 
2290144 151 
2290144 69 
2290218 93 
2290505 91 
2291677 103 
2291677 101 
2292583 100 
2292583 2
2292583 1539
2292583 10
2294584 25 
2296475 75 
2296880 72 
2296880 70 
2297492 250 
2301713 71 
2301952 80 
2302206 76 
2302339 83 
2304005 64 
2304378 61 
2304511 150 
2304511 68 
2304511 65
2304594 92 
2306061 103 
2306061 101 
2306564 100 
2306564 2
2306564 1539
2306564 10
2308563 25 
2308636 75 
2309042 72 
2309042 70 
2309642 80 
2309762 83 
2310122 64 
2310378 256 
2310509 63 
2310642 151 
2310642 69 
2310716 93 
2310967 91 
2312172 103 
2312172 101 
2313083 100 
2313083 2
2313083 1539
2313083 10
2315082 25 
2316989 75 
2317390 72 
2317390 70 
2317999 80 
2318119 83 
2318825 64 
2319680 256 
2319798 61 
2319931 150 
2319931 68 
2319931 65
2320016 92 
2321478 103 
2321478 101 
2321983 100 
2321983 2
2321983 1539
2321983 10
2323986 25 
2324062 75 
2324464 72 
2324464 70 
2325076 80 
2325196 83 
2325436 64 
2325571 256 
2325689 62 
2325822 151 
2325822 69 
2325906 93 
2327365 103 
2327365 101 
2328278 100 
2328278 2
2328278 1539
2328278 11
2330277 25 
2330361 75 
2330764 72 
2330764 70 
2331380 80 
2331513 83 
2332006 64 
2332142 256 
2332273 61 
2332406 151 
2332406 69 
2332489 93 
2333039 91 
2333951 103 
2333951 101 
2334858 100 
2334858 2
2334858 1539
2334858 11
2336859 25 
2336936 75 
2337340 72 
2337340 70 
2337950 80 
2338070 250 
2340776 76 
2340909 83 
2341509 64 
2341645 256 
2341775 62 
2341909 151 
2341909 69 
2341985 93 
2343438 103 
2343438 101 
2344352 100 
2344352 2
2344352 1539
2344352 11
2346348 25 
2346433 75 
2346839 72 
2346839 70 
2347906 250 
2356929 71 
2357142 80 
2357342 83 
2364392 252 
2364594 256 
2364726 62 
2364859 151 
2364859 69 
2364945 93 
2365525 91 
2365956 91 
2366403 103 
2366403 101 
2367310 100 
2367310 2
2367310 1539
2367310 10
2369313 25 
2369397 75 
2369799 72 
2369799 70 
2370403 80 
2370523 83 
2371603 64 
2371845 61 
2371976 152 
2371976 69 
2372045 93 
2373508 103 
2373508 101 
2374416 100 
2374416 2
2374416 1539
2374416 11
2376414 25 
2376487 75 
2376890 72 
2376890 70 
2377494 80 
2377613 83 
2378333 64 
2383667 256 
2384157 255 
2387063 252 
2388316 62 
2388449 151 
2388449 69 
2388518 93 
2389982 103 
2389982 101 
2390886 100 
2390886 2
2390886 1539
2390886 10
2392888 25 
2392960 75 
2393363 72 
2393363 70 
2393967 80 
2394086 83 
2395286 64 
2395541 256 
2395672 62 
2395806 151 
2395806 69 
2395875 93 
2397336 103 
2397336 101 
2398243 100 
2398243 2
2398243 1539
2398243 10
2400246 25 
2400337 75 
2400743 72 
2400743 70 
2401352 80 
2401470 83 
2402443 64 
2402685 256 
2402816 61 
2402950 150 
2402950 68 
2402950 65
2403036 92 
2404324 90 
2404492 103 
2404492 101 
2405001 100 
2405001 2
2405001 1539
2405001 11
2407002 25 
2407738 75 
2408142 72 
2408142 70 
2408734 80 
2408853 83 
2409813 64 
2409949 256 
2410080 61 
2410213 151 
2410213 69 
2410282 93 
2411049 91 
2411577 91 
2411743 103 
2411743 101 
2412652 100 
2412652 2
2412652 1539
2412652 11
2414653 25 
2414738 75 
2415141 72 
2415141 70 
2415851 80 
2415970 83 
2420864 64 
2421223 256 
2425326 252 
2440576 62 
2450223 151 
2450223 69 
2450312 93 
2451765 103 
2451765 101 
2452673 100 
2452673 2
2452673 1539
2452673 10
2454674 25 
2454761 75 
2455169 72 
2455169 70 
2455913 80 
2456033 83 
2456513 64 
2456769 256 
2456900 61 
2457033 150 
2457033 68 
2457033 65
2457105 92 
2458563 103 
2458563 101 
2459071 100 
2459071 2
2459071 1539
2459071 11
2461072 25 
2461147 75 
2461553 72 
2461553 70 
2462151 80 
2462271 83 
2462631 64 
2462926 61 
2463057 153 
2463057 68 
2463057 65
2463131 92 
2464591 103 
2464591 101 
2465095 100 
2465095 2
2465095 1539
2465095 10
2467096 25 
2467169 75 
2467574 72 
2467574 70 
2468175 80 
2468295 83 
2468535 64 
2468791 256 
2468921 61 
2469055 150 
2469055 68 
2469055 65
2469127 92 
2470463 90 
2470586 103 
2470586 101 
2471095 100 
2471095 2
2471095 1539
2471095 10
2473092 25 
2473172 75 
2473579 72 
2473579 70 
2474172 80 
2474292 83 
2474652 64 
2474788 256 
2474919 61 
2475052 150 
2475052 68 
2475052 65
2475141 92 
2476598 103 
2476598 101 
2477103 100 
2477103 2
2477103 1539
2477103 11
2479104 25 
2479191 75 
2479597 72 
2479597 70 
2480210 80 
2480343 83 
2489966 252 
2490101 256 
2490232 61 
2490365 151 
2490365 69 
2490449 93 
2491913 103 
2491913 101 
2492818 100 
2492818 2
2492818 1539
2492818 11
2494817 25 
2494904 75 
2495307 72 
2495307 70 
2495910 80 
2496030 83 
2497829 64 
2498071 256 
2498189 61 
2498322 151 
2498322 69 
2498393 93 
2499813 91 
2499856 103 
2499856 101 
2500760 100 
2500760 2
2500760 1539
2500760 10
2502762 25 
2508580 75 
2508991 72 
2508991 70 
2509584 80 
2509704 83 
2510077 64 
2513092 256 
2513209 61 
2513329 150 
2513329 68 
2513329 65
2513405 92 
2513853 90 
2514861 103 
2514861 101 
2515372 100 
2515372 2
2515372 1539
2515372 10
2517369 25 
2517454 75 
2517859 72 
2517859 70 
2518460 80 
2518580 83 
2519180 64 
2519302 256 
2519433 61 
2519566 150 
2519566 68 
2519566 65
2519639 92 
2521097 103 
2521097 101 
2521606 100 
2521606 2
2521606 1539
2521606 11
2523605 25 
2523691 75 
2524094 72 
2524094 70 
2524684 80 
2524804 83 
2525164 64 
2525420 256 
2525550 61 
2525686 151 
2525686 69 
2525755 93 
2526336 91 
2526846 91 
2527215 103 
2527215 101 
2528124 100 
2528124 2
2528124 1539
2528124 11
2530122 25 
2530209 75 
2530611 72 
2530611 70 
2531228 80 
2531348 83 
2531961 64 
2532457 61 
2532587 151 
2532587 69 
2532656 93 
2534118 103 
2534118 101 
2535028 100 
2535028 2
2535028 1539
2535028 10
2537027 25 
2537603 75 
2538005 72 
2538005 70 
2538611 80 
2538731 83 
2544078 64 
2544582 61 
2544716 150 
2544716 68 
2544716 65
2544787 92 
2545335 90 
2546246 103 
2546246 101 
2546754 100 
2546754 2
2546754 1539
2546754 10
2548755 25 
2548841 75 
2549247 72 
2549247 70 
2549847 80 
2549967 83 
2550566 64 
2550822 256 
2550953 61 
2551086 150 
2551086 68 
2551086 65
2551163 92 
2552618 103 
2552618 101 
2553124 100 
2553124 2
2553124 1539
2553124 10
2555125 25 
2555199 75 
2555605 72 
2555605 70 
2556670 250 
2557310 71 
2557523 80 
2557723 83 
2558296 64 
2558515 256 
2558710 61 
2558830 150 
2558830 68 
2558830 65
2558904 92 
2559497 90 
2560361 103 
2560361 101 
2560870 100 
2560870 2
2560870 1539
2560870 11
2562869 25 
2563640 75 
2564049 72 
2564049 70 
2564857 80 
2565080 83 
2571011 64 
2571213 256 
2571411 61 
2571624 151 
2571624 69 
2571693 93 
2572355 91 
2573155 103 
2573155 101 
2574063 100 
2574063 2
2574063 1539
2574063 11
2576065 25 
2576150 75 
2576553 72 
2576553 70 
2577332 80 
2577568 83 
2578954 64 
2579450 256 
2579581 63 
2579714 150 
2579714 68 
2579714 65
2579788 92 
2581243 103 
2581243 101 
2581753 100 
2581753 2
2581753 1539
2581753 11
2583753 25 
2583839 75 
2584240 72 
2584240 70 
2584845 80 
2584978 83 
2585218 64 
2585954 256 
2586085 63 
2586205 152 
2586205 69 
2586278 93 
2587736 103 
2587736 101 
2588643 100 
2588643 2
2588643 1539
2588643 10
2590643 25 
2596693 75 
2596868 73 
2597186 72 
2597186 70 
2597800 80 
2597920 83 
2598533 64 
2599028 256 
2599159 61 
2599292 150 
2599292 68 
2599292 65
2599360 92 
2599851 90 
2600336 90 
2600650 90 
2600827 103 
2600827 101 
2601330 100 
2601330 2
2601330 1539
2601330 11
2603330 25 
2603405 75 
2603809 72 
2603809 70 
2604410 80 
2604530 83 
2606209 64 
2606596 256 
2606957 61 
2607089 151 
2607089 69 
2607174 93 
2608634 103 
2608634 101 
2609545 100 
2609545 2
2609545 1539
2609545 10
2611543 25 
2621605 254 
2632997 75 
2633569 73 
2633876 72 
2633876 70 
2634477 80 
2634597 83 
2634837 64 
2637252 256 
2643154 61 
2643287 150 
2643287 68 
2643287 65
2643696 90 
2643717 92 
2644821 103 
2644821 101 
2645329 100 
2645329 2
2645329 1539
2645329 11
2647328 25 
2647411 75 
2647816 72 
2647816 70 
2648431 80 
2648551 83 
2649031 64 
2649286 61 
2649418 151 
2649418 69 
2649502 93 
2650964 103 
2650964 101 
2651870 100 
2651870 2
2651870 1539
2651870 11
2653870 25 
2653956 75 
2654362 72 
2654362 70 
2654975 80 
2655095 83 
2655575 64 
2655710 256 
2655841 63 
2655975 150 
2655975 68 
2655975 65
2656057 92 
2657522 103 
2657522 101 
2658027 100 
2658027 2
2658027 1539
2658027 10
2660028 25 
2660100 75 
2660506 72 
2660506 70 
2661106 80 
2661239 83 
2661599 64 
2661734 256 
2661866 61 
2661999 150 
2661999 68 
2661999 65
2662083 92 
2663545 103 
2663545 101 
2664051 100 
2664051 2
2664051 1539
2664051 11
2666051 25 
2666137 75 
2666543 72 
2666543 70 
2667157 80 
2667277 83 
2667397 64 
2667771 256 
2667903 61 
2668036 151 
2668036 69 
2668113 93 
2669567 103 
2669567 101 
2670476 100 
2670476 2
2670476 1539
2670476 10
2672476 25 
2672561 75 
2672963 72 
2672963 70 
2673581 80 
2673701 83 
2674780 64 
2675155 256 
2675273 61 
2675406 150 
2675406 68 
2675406 65
2675479 92 
2676936 103 
2676936 101 
2677446 100 
2677446 2
2677446 1539
2677446 10
2679445 25 
2679955 75 
2680359 72 
2680359 70 
2681404 80 
2681591 83 
2682603 64 
2683206 256 
2683685 61 
2683816 150 
2683816 68 
2683816 65
2683902 92 
2684687 90 
2685363 103 
2685363 101 
2685870 100 
2685870 2
2685870 1539
2685870 10
2687869 25 
2690226 75 
2690630 72 
2690630 70 
2690893 250 
2704021 71 
2705700 71 
2706060 80 
2706193 83 
2709898 252 
2710168 61 
2710298 150 
2710298 68 
2710298 65
2710373 92 
2711369 90 
2711829 103 
2711829 101 
2712336 100 
2712336 2
2712336 1539
2712336 11
2714338 25 
2717636 75 
2718185 73 
2718687 73 
2719100 73 
2719576 73 
2720038 73 
2720527 73 
2724407 254 
2727172 73 
2727475 72 
2727475 70 
2728091 80 
2728211 83 
2728690 64 
2728945 256 
2729077 61 
2729210 151 
2729210 69 
2729286 93 
2730741 103 
2730741 101 
2731648 100 
2731648 2
2731648 1539
2731648 11
2733649 25 
2736617 75 
2737018 72 
2737018 70 
2737393 250 
2737755 71 
2738235 71 
2738486 80 
2738606 83 
2738726 64 
2739472 61 
2739606 153 
2739606 68 
2739606 65
2739695 92 
2740512 90 
2741014 90 
2741150 103 
2741150 101 
2741658 100 
2741658 2
2741658 1539
2741658 10
2743659 25 
2743744 75 
2744146 72 
2744146 70 
2744724 80 
2744844 83 
2745203 64 
2745459 256 
2745590 61 
2745723 150 
2745723 68 
2745723 65
2745793 92 
2747256 103 
2747256 101 
2747763 100 
2747763 2
2747763 1539
2747763 11
2749762 25 
2749834 75 
2750240 72 
2750240 70 
2750601 250 
2752520 71 
2752880 80 
2753000 83 
2761903 252 
2767916 256 
2783521 63 
2783654 150 
2783654 68 
2783654 65
2783735 92 
2785199 103 
2785199 101 
2785705 100 
2785705 2
2785705 1539
2785705 10
2787706 25 
2797773 254 
2809220 75 
2809547 73 
2809854 72 
2809854 70 
2810469 80 
2810602 83 
2811922 64 
2812295 63 
2812428 151 
2812428 69 
2812498 93 
2813382 91 
2813964 91 
2813964 103 
2813964 101 
2814880 100 
2814880 2
2814880 1539
2814880 11
2816882 25 
2817524 75 
2817927 72 
2817927 70 
2818546 80 
2818665 83 
2819265 64 
2819401 256 
2819532 61 
2819665 151 
2819665 69 
2819737 93 
2821196 103 
2821196 101 
2822103 100 
2822103 2
2822103 1539
2822103 10
2824105 25 
2824189 75 
2824592 72 
2824592 70 
2825196 80 
2825316 83 
2825916 76 
2828435 64 
2828571 62 
2828701 151 
2828701 69 
2828770 93 
2830234 103 
2830234 101 
2831139 100 
2831139 2
2831139 1539
2831139 11
2833139 25 
2833226 75 
2833630 72 
2833630 70 
2834232 80 
2834365 83 
2835445 64 
2835581 256 
2835711 61 
2835845 153 
2835845 68 
2835845 65
2835919 92 
2837379 103 
2837379 101 
2837883 100 
2837883 2
2837883 1539
2837883 10
2839885 25 
2839970 75 
2840373 72 
2840373 70 
2840976 80 
2841096 83 
2844068 64 
2844337 256 
2844454 61 
2844588 150 
2844588 68 
2844588 65
2844670 92 
2846133 103 
2846133 101 
2846639 100 
2846639 2
2846639 1539
2846639 10
2848639 25 
2848713 75 
2849114 72 
2849114 70 
2849705 80 
2849825 83 
2850319 64 
2850572 61 
2850707 150 
2850707 68 
2850707 65
2850783 92 
2852009 90 
2852239 103 
2852239 101 
2852744 100 
2852744 2
2852744 1539
2852744 11
2854744 25 
2854819 75 
2855220 72 
2855220 70 
2855823 80 
2855956 83 
2856196 64 
2856332 256 
2856463 61 
2856596 151 
2856596 69 
2856664 93 
2857205 91 
2858125 103 
2858125 101 
2859033 100 
2859033 2
2859033 1539
2859033 11
2861036 25 
2862603 75 
2862855 73 
2863159 72 
2863159 70 
2863766 80 
2863886 83 
2864486 64 
2864621 256 
2864752 61 
2864886 151 
2864886 69 
2864955 93 
2866419 103 
2866419 101 
2867325 100 
2867325 2
2867325 1539
2867325 10
2869325 25 
2869399 75 
2869804 72 
2869804 70 
2870403 80 
2870523 83 
2871123 64 
2871378 256 
2871510 63 
2871643 151 
2871643 69 
2871714 93 
2872277 91 
2872794 91 
2873117 91 
2873178 103 
2873178 101 
2874095 100 
2874095 2
2874095 1539
2874095 11
2876096 25 
2885674 75 
2886079 72 
2886079 70 
2887063 80 
2887276 83 
2887796 64 
2888025 256 
2894593 61 
2894726 151 
2894726 69 
2894979 91 
2894996 93 
2896257 103 
2896257 101 
2897165 100 
2897165 2
2897165 1539
2897165 11
2899166 25 
2899252 75 
2899656 72 
2899656 70 
2900271 80 
2900391 83 
2917290 252 
2917545 256 
2918036 61 
2918170 151 
2918170 69 
2918333 91 
2918348 93 
2919700 103 
2919700 101 
2920608 100 
2920608 2
2920608 1539
2920608 10
2922610 25 
2923140 75 
2923320 73 
2923782 73 
2924216 73 
2924598 73 
2925310 73 
2925614 72 
2925614 70 
2926219 80 
2926339 83 
2926819 64 
2926953 256 
2927075 61 
2927219 150 
2927219 68 
2927219 65
2927293 92 
2928751 103 
2928751 101 
2929257 100 
2929257 2
2929257 1539
2929257 11
2931259 25 
2931344 75 
2931744 72 
2931744 70 
2932364 80 
2932483 83 
2932843 64 
2933100 256 
2933230 61 
2933363 151 
2933363 69 
2933434 93 
2934894 103 
2934894 101 
2935802 100 
2935802 2
2935802 1539
2935802 11
2937803 25 
2937888 75 
2938290 72 
2938290 70 
2938910 80 
2939027 83 
2940080 64 
2940576 256 
2940693 61 
2940827 153 
2940827 68 
2940827 65
2940903 92 
2941414 90 
2942359 103 
2942359 101 
2942865 100 
2942865 2
2942865 1539
2942865 10
2944867 25 
2944951 75 
2945355 72 
2945355 70 
2945958 80 
2946078 83 
2946438 64 
2946693 256 
2946824 62 
2946957 151 
2946957 69 
2947033 93 
2947604 91 
2948490 103 
2948490 101 
2949396 100 
2949396 2
2949396 1539
2949396 11
2951397 25 
2951471 75 
2951875 72 
2951875 70 
2952462 80 
2952595 83 
2959779 64 
2960033 256 
2960165 61 
2960298 151 
2960298 69 
2960369 93 
2960877 91 
2961830 103 
2961830 101 
2962738 100 
2962738 2
2962738 1539
2962738 10
2964738 25 
2974803 254 
2998809 75 
2999213 72 
2999213 70 
3000281 80 
3000495 83 
3001041 64 
3001270 256 
3001401 61 
3001614 150 
3001614 68 
3001614 65
3001691 92 
3003148 103 
3003148 101 
3003652 100 
3003652 2
3003652 1539
3003652 10
3005652 25 
3005725 75 
3006128 72 
3006128 70 
3006878 80 
3007012 83 
3007491 64 
3007628 256 
3007758 61 
3007891 150 
3007891 68 
3007891 65
3007965 92 
3009423 103 
3009423 101 
3009929 100 
3009929 2
3009929 1539
3009929 10
3011931 25 
3012004 75 
3012405 72 
3012405 70 
3013009 80 
3013129 83 
3013729 64 
3013862 256 
3013985 63 
3014115 151 
3014115 69 
3014186 93 
3015645 103 
3015645 101 
3016556 100 
3016556 2
3016556 1539
3016556 11
3018558 25 
3019229 75 
3019423 73 
3019828 72 
3019828 70 
3022939 250 
3028496 71 
3028856 71 
3029096 80 
3029216 83 
3043263 252 
3043518 256 
3043649 63 
3043783 150 
3043783 68 
3043783 65
3043867 92 
3045329 103 
3045329 101 
3045836 100 
3045836 2
3045836 1539
3045836 11
3047835 25 
3047910 75 
3048315 72 
3048315 70 
3048927 80 
3049061 83 
3049567 64 
3049703 256 
3049835 61 
3049967 151 
3049967 69 
3050036 93 
3050966 91 
3051496 103 
3051496 101 
3052405 100 
3052405 2
3052405 1539
3052405 10
3054405 25 
3057762 75 
3058167 72 
3058167 70 
3058763 80 
3058883 83 
3062348 64 
3062604 256 
3062735 61 
3062868 150 
3062868 68 
3062868 65
3062944 92 
3063468 90 
3064319 90 
3064404 103 
3064404 101 
3064927 100 
3064927 2
3064927 1539
3064927 11
3066925 25 
3067012 75 
3067414 72 
3067414 70 
3068026 80 
3068146 83 
3068865 64 
3069121 256 
3069252 61 
3069385 151 
3069385 69 
3069455 93 
3070057 91 
3070482 91 
3070919 103 
3070919 101 
3071823 100 
3071823 2
3071823 1539
3071823 11
3073825 25 
3075620 75 
3076025 72 
3076025 70 
3076622 80 
3076755 83 
3077595 64 
3077717 256 
3077848 61 
3077981 151 
3077981 69 
3078051 93 
3079510 103 
3079510 101 
3080421 100 
3080421 2
3080421 1539
3080421 11
3082421 25 
3092485 254 
3102737 75 
3112646 73 
3112971 72 
3112971 70 
3114006 80 
3114206 83 
3126827 252 
3127043 61 
3127174 151 
3127174 69 
3127248 93 
3128703 103 
3128703 101 
3129613 100 
3129613 2
3129613 1539
3129613 10
3131613 25 
3131687 75 
3132090 72 
3132090 70 
3132891 80 
3133091 83 
3133611 64 
3133813 256 
3134011 62 
3134224 151 
3134224 69 
3134294 93 
3135346 91 
3135757 103 
3135757 101 
3136664 100 
3136664 2
3136664 1539
3136664 10
3138664 25 
3138749 75 
3139152 72 
3139152 70 
3140048 80 
3140248 83 
3141208 64 
3141543 256 
3141741 63 
3141954 151 
3141954 69 
3142024 93 
3142641 91 
3143178 91 
3143486 103 
3143486 101 
3144392 100 
3144392 2
3144392 1539
3144392 10
3146394 25 
3146484 75 
3146782 73 
3147085 72 
3147085 70 
3147858 80 
3148058 83 
3148258 64 
3148475 256 
3151044 61 
3151579 152 
3151579 69 
3190021 91 
3190036 93 
3190036 103 
3190036 101 
3190946 100 
3190946 2
3190946 1539
3190946 10
3192946 25 
3193021 75 
3193425 72 
3193425 70 
3194199 80 
3194318 83 
3195625 64 
3196000 256 
3196131 63 
3196264 151 
3196264 69 
3196338 93 
3197795 103 
3197795 101 
3198704 100 
3198704 2
3198704 1539
3198704 10
3200704 25 
3200794 75 
3201198 72 
3201198 70 
3201809 80 
3201929 83 
3202768 64 
3205316 256 
3206900 61 
3207033 150 
3207033 68 
3207033 65
3207118 92 
3208578 103 
3208578 101 
3209084 100 
3209084 2
3209084 1539
3209084 11
3211085 25 
3211172 75 
3211574 72 
3211574 70 
3212178 80 
3212311 83 
3212684 64 
3212952 256 
3213071 61 
3213191 151 
3213191 69 
3213259 93 
3214720 103 
3214720 101 
3215630 100 
3215630 2
3215630 1539
3215630 11
3217630 25 
3217702 75 
3218103 72 
3218103 70 
3218697 80 
3218815 83 
3219881 64 
3220137 256 
3220254 61 
3220387 151 
3220387 69 
3220474 93 
3220936 91 
3221499 91 
3221933 103 
3221933 101 
3222841 100 
3222841 2
3222841 1539
3222841 10
3224839 25 
3224913 75 
3225320 72 
3225320 70 
3225932 80 
3226052 83 
3226531 64 
3226787 256 
3226918 61 
3227053 152 
3227053 69 
3227122 93 
3227734 91 
3228581 103 
3228581 101 
3229492 100 
3229492 2
3229492 1539
3229492 10
3231490 25 
3231563 75 
3231965 72 
3231965 70 
3232569 80 
3232689 83 
3233289 64 
3233665 255 
3236810 256 
3238273 62 
3238540 151 
3238540 69 
3248544 91 
3248561 93 
3248561 103 
3248561 101 
3249481 100 
3249481 2
3249481 1539
3249481 11
3251481 25 
3255109 75 
3255510 72 
3255510 70 
3256119 80 
3256239 83 
3256719 64 
3256841 256 
3258558 61 
3258691 151 
3258691 69 
3315124 91 
3337585 91 
3337599 93 
3337599 103 
3337599 101 
3338511 100 
3338511 2
3338511 1539
3338511 11
3340511 25 
3340588 75 
3340999 72 
3340999 70 
3343148 250 
3389622 71 
3389984 80 
3390102 83 
3390222 252 
3392527 256 
3401486 255 
3401737 62 
3401870 151 
3401870 69 
3401944 93 
3403404 103 
3403404 101 
3404308 100 
3404308 2
3404308 1539
3404308 10
3406309 25 
3406382 75 
3406789 72 
3406789 70 
3407401 80 
3407521 83 
3422341 252 
3427022 256 
3438335 62 
3442959 151 
3442959 69 
3443034 93 
3444491 103 
3444491 101 
3445397 100 
3445397 2
3445397 1539
3445397 10
3447398 25 
3450486 75 
3450891 72 
3450891 70 
3451666 80 
3451862 83 
3452582 64 
3452784 256 
3452982 61 
3453195 150 
3453195 68 
3453195 65
3453266 92 
3453659 90 
3454605 90 
3454727 103 
3454727 101 
3455235 100 
3455235 2
3455235 1539
3455235 11
3457234 25 
3457308 75 
3457711 72 
3457711 70 
3458486 80 
3458686 250 
3462164 76 
3463137 76 
3463337 83 
3464177 64 
3464379 62 
3464497 151 
3464497 69 
3464910 91 
3464923 93 
3466048 103 
3466048 101 
3466962 100 
3466962 2
3466962 1539
3466962 11
3468962 25 
3469036 75 
3469436 72 
3469436 70 
3470201 80 
3471307 250 
3472227 76 
3481556 76 
3481756 83 
3483209 252 
3484158 256 
3484368 63 
3484501 150 
3484501 68 
3484501 65
3484572 92 
3486036 103 
3486036 101 
3486540 100 
3486540 2
3486540 1539
3486540 11
3488541 25 
3488627 75 
3489032 72 
3489032 70 
3489806 80 
3489993 83 
3490499 64 
3490701 256 
3490912 61 
3491152 151 
3491152 69 
3491225 93 
3491621 91 
3491938 91 
3492681 103 
3492681 101 
3493591 100 
3493591 2
3493591 1539
3493591 10
3495593 25 
3496294 75 
3496700 72 
3496700 70 
3497456 80 
3497576 83 
3501627 64 
3501883 256 
3503334 255 
3507078 252 
3519580 62 
3519713 151 
3519713 69 
3519787 93 
3521243 103 
3521243 101 
3522154 100 
3522154 2
3522154 1539
3522154 10
3524153 25 
3524224 75 
3524634 72 
3524634 70 
3525231 80 
3525351 83 
3531641 64 
3532015 256 
3534773 252 
3539811 62 
3539945 151 
3539945 69 
3540016 93 
3540181 91 
3540670 91 
3541476 103 
3541476 101 
3542382 100 
3542382 2
3542382 1539
3542382 10
3544384 25 
3544473 75 
3544876 72 
3544876 70 
3545489 80 
3545609 83 
3547661 64 
3550313 256 
3555031 252 
3557579 62 
3557710 151 
3557710 69 
3557779 93 
3559244 103 
3559244 101 
3560148 100 
3560148 2
3560148 1539
3560148 11
3562148 25 
3563716 75 
3564124 72 
3564124 70 
3564721 80 
3564841 83 
3565680 64 
3565816 256 
3565933 61 
3566067 151 
3566067 69 
3566137 93 
3567598 103 
3567598 101 
3568505 100 
3568505 2
3568505 1539
3568505 11
3570506 25 
3580588 254 
3581852 75 
3582097 73 
3584789 73 
3585092 72 
3585092 70 
3585685 250 
3585925 71 
3586165 80 
3586285 83 
3587378 64 
3587633 256 
3587751 63 
3587884 152 
3587884 69 
3587956 93 
3589414 103 
3589414 101 
3590324 100 
3590324 2
3590324 1539
3590324 10
3592323 25 
3592982 75 
3593150 73 
3593475 72 
3593475 70 
3594081 80 
3594201 83 
3594801 64 
3595070 61 
3595201 150 
3595201 68 
3595201 65
3595284 92 
3596749 103 
3596749 101 
3597253 100 
3597253 2
3597253 1539
3597253 10
3599255 25 
3599339 75 
3599744 72 
3599744 70 
3600785 80 
3600985 83 
3601478 64 
3601760 62 
3601971 151 
3601971 69 
3602041 93 
3602483 91 
3603427 91 
3603500 103 
3603500 101 
3604413 100 
3604413 2
3604413 1539
3604413 11
3606411 25 
3610170 75 
3610569 72 
3610569 70 
3611367 80 
3611567 83 
3612087 76 
3612274 64 
3613663 256 
3616434 255 
3616552 61 
3616752 151 
3616752 69 
3616824 93 
3618283 103 
3618283 101 
3619192 100 
3619192 2
3619192 1539
3619192 10
3621191 25 
3621265 75 
3621669 72 
3621669 70 
3622469 250 
3637743 71 
3638049 80 
3638449 250 
3643447 76 
3643647 83 
3652456 252 
3655628 61 
3655828 150 
3655828 68 
3655828 65
3655900 92 
3657367 103 
3657367 101 
3657880 100 
3657880 2
3657880 1539
3657880 11
3659882 25 
3659966 75 
3660369 72 
3660369 70 
3661146 80 
3661346 83 
3664465 64 
3670809 252 
3676676 256 
3676873 62 
3677595 151 
3677595 69 
3685186 91 
3692632 91 
3692646 93 
3692646 103 
3692646 101 
3693572 100 
3693572 2
3693572 1539
3693572 11
3695573 25 
3695658 75 
3696062 72 
3696062 70 
3696824 80 
3697011 83 
3697531 64 
3697746 256 
3697957 61 
3698170 151 
3698170 69 
3698241 93 
3699700 103 
3699700 101 
3700609 100 
3700609 2
3700609 1539
3700609 11
3702611 25 
3710195 75 
3710601 72 
3710601 70 
3711351 80 
3711551 83 
3716536 64 
3719643 256 
3720054 61 
3720294 151 
3720294 69 
3720365 93 
3721824 103 
3721824 101 
3722734 100 
3722734 2
3722734 1539
3722734 11
3724734 25 
3727490 75 
3732443 73 
3732690 73 
3732995 72 
3732995 70 
3733782 80 
3733982 83 
3734182 64 
3734383 256 
3734595 61 
3734821 151 
3734821 69 
3734901 93 
3735003 91 
3736353 103 
3736353 101 
3737260 100 
3737260 2
3737260 1539
3737260 10
3739261 25 
3741431 75 
3741838 72 
3741838 70 
3742618 80 
3742818 83 
3747056 64 
3747194 62 
3747323 151 
3747323 69 
3747404 93 
3748870 103 
3748870 101 
3749776 100 
3749776 2
3749776 1539
3749776 10
3751775 25 
3752975 75 
3755776 73 
3756081 72 
3756081 70 
3756692 80 
3756812 83 
3757172 64 
3757307 256 
3757425 61 
3757558 152 
3757558 69 
3757631 93 
3759092 103 
3759092 101 
3759999 100 
3759999 2
3759999 1539
3759999 11
3761997 25 
3762074 75 
3762478 72 
3762478 70 
3763089 80 
3763209 83 
3767407 64 
3768289 62 
3768407 151 
3768407 69 
3768477 93 
3769938 103 
3769938 101 
3770847 100 
3770847 2
3770847 1539
3770847 10
3772847 25 
3773477 75 
3773883 72 
3773883 70 
3774498 80 
3774618 83 
3775231 64 
3775353 256 
3775484 61 
3775617 150 
3775617 68 
3775617 65
3775689 92 
3777148 103 
3777148 101 
3777657 100 
3777657 2
3777657 1539
3777657 10
3779656 25 
3779731 75 
3780135 72 
3780135 70 
3780735 80 
3780855 83 
3781215 64 
3781350 256 
3781481 61 
3781615 150 
3781615 68 
3781615 65
3781691 92 
3782587 90 
3783148 103 
3783148 101 
3783654 100 
3783654 2
3783654 1539
3783654 11
3785655 25 
3785729 75 
3786132 72 
3786132 70 
3786746 80 
3786866 83 
3787332 64 
3787468 256 
3787586 61 
3787719 151 
3787719 69 
3787789 93 
3789247 103 
3789247 101 
3790156 100 
3790156 2
3790156 1539
3790156 11
3792158 25 
3792244 75 
3792651 72 
3792651 70 
3793263 80 
3793383 83 
3793865 64 
3794239 256 
3794369 63 
3794503 150 
3794503 68 
3794503 65
3794572 92 
3796034 103 
3796034 101 
3796542 100 
3796542 2
3796542 1539
3796542 11
3798541 25 
3798615 75 
3799019 72 
3799019 70 
3799620 80 
3799740 83 
3799994 64 
3800129 256 
3800247 63 
3800380 150 
3800380 68 
3800380 65
3800455 92 
3801859 90 
3801912 103 
3801912 101 
3802419 100 
3802419 2
3802419 1539
3802419 10
3804418 25 
3804494 75 
3804902 72 
3804902 70 
3805511 80 
3805631 83 
3806124 64 
3806377 61 
3806511 150 
3806511 68 
3806511 65
3806586 92 
3807878 90 
3808040 103 
3808040 101 
3808551 100 
3808551 2
3808551 1539
3808551 11
3810551 25 
3811438 75 
3811843 72 
3811843 70 
3812455 80 
3812575 83 
3814974 64 
3815229 61 
3815360 153 
3815360 68 
3815360 65
3815448 92 
3816745 90 
3816903 103 
3816903 101 
3817413 100 
3817413 2
3817413 1539
3817413 10
3819413 25 
3821573 75 
3821980 72 
3821980 70 
3822597 80 
3822731 83 
3823317 76 
3824023 64 
3824263 61 
3824396 150 
3824396 68 
3824396 65
3824470 92 
3825930 103 
3825930 101 
3826434 100 
3826434 2
3826434 1539
3826434 10
3828436 25 
3828521 75 
3828924 72 
3828924 70 
3829514 80 
3829648 83 
3830247 64 
3830849 256 
3830980 62 
3831100 151 
3831100 69 
3831174 93 
3831744 91 
3832630 103 
3832630 101 
3833541 100 
3833541 2
3833541 1539
3833541 10
3835538 25 
3835612 75 
3836018 72 
3836018 70 
3836605 80 
3836725 83 
3837204 64 
3837459 256 
3837591 63 
3837724 151 
3837724 69 
3837797 93 
3838801 91 
3839262 103 
3839262 101 
3840175 100 
3840175 2
3840175 1539
3840175 11
3842178 25 
3842249 75 
3842656 72 
3842656 70 
3843708 80 
3843895 83 
3846441 64 
3846642 256 
3846774 61 
3846907 151 
3846907 69 
3846979 93 
3848440 103 
3848440 101 
3849345 100 
3849345 2
3849345 1539
3849345 10
3851347 25 
3851418 75 
3851819 72 
3851819 70 
3852411 80 
3852531 83 
3852891 64 
3853133 256 
3853264 61 
3853397 150 
3853397 68 
3853397 65
3853470 92 
3854930 103 
3854930 101 
3855435 100 
3855435 2
3855435 1539
3855435 11
3857436 25 
3857509 75 
3857913 72 
3857913 70 
3858515 80 
3858635 83 
3858888 64 
3859144 256 
3859262 61 
3859395 151 
3859395 69 
3859466 93 
3859942 91 
3860371 91 
3860927 103 
3860927 101 
3861833 100 
3861833 2
3861833 1539
3861833 11
3863836 25 
3864342 75 
3864748 72 
3864748 70 
3865352 80 
3865472 83 
3866192 64 
3866461 62 
3866592 151 
3866592 69 
3866673 93 
3867205 91 
3867542 91 
3868135 103 
3868135 101 
3869043 100 
3869043 2
3869043 1539
3869043 10
3871044 25 
3871134 75 
3871539 72 
3871539 70 
3872136 80 
3872269 250 
3887010 76 
3887143 83 
3888582 252 
3888836 61 
3888956 152 
3888956 69 
3889035 93 
3890498 103 
3890498 101 
3891408 100 
3891408 2
3891408 1539
3891408 10
3893409 25 
3893500 75 
3893903 72 
3893903 70 
3894513 80 
3894633 83 
3896059 64 
3896314 256 
3896446 63 
3896579 151 
3896579 69 
3896656 93 
3898109 103 
3898109 101 
3899018 100 
3899018 2
3899018 1539
3899018 10
3901019 25 
3901104 75 
3901504 72 
3901504 70 
3902003 250 
3907041 71 
3907281 80 
3907414 83 
3910653 64 
3910895 256 
3911026 61 
3911159 150 
3911159 68 
3911159 65
3911231 92 
3912046 90 
3912613 90 
3912689 103 
3912689 101 
3913198 100 
3913198 2
3913198 1539
3913198 10
3915198 25 
3915271 75 
3915674 72 
3915674 70 
3916264 80 
3916384 83 
3916624 64 
3916759 256 
3916890 61 
3917024 150 
3917024 68 
3917024 65
3917098 92 
3917620 90 
3918457 90 
3918556 103 
3918556 101 
3919063 100 
3919063 2
3919063 1539
3919063 11
3921062 25 
3921136 75 
3921539 72 
3921539 70 
3922141 80 
3922261 83 
3922621 64 
3922876 256 
3922994 63 
3923128 150 
3923128 68 
3923128 65
3923196 92 
3924587 90 
3924662 103 
3924662 101 
3925167 100 
3925167 2
3925167 1539
3925167 11
3927166 25 
3927246 75 
3927649 72 
3927649 70 
3928259 80 
3928379 83 
3928979 64 
3929114 256 
3929245 63 
3929378 150 
3929378 68 
3929378 65
3929450 92 
3930913 103 
3930913 101 
3931419 100 
3931419 2
3931419 1539
3931419 11
3933418 25 
3933503 75 
3933904 72 
3933904 70 
3934509 80 
3934630 83 
3939361 64 
3939496 256 
3939614 61 
3939747 151 
3939747 69 
3939818 93 
3940240 91 
3940756 91 
3941282 103 
3941282 101 
3942185 100 
3942185 2
3942185 1539
3942185 10
3944186 25 
3944258 75 
3944664 72 
3944664 70 
3945731 80 
3945852 83 
3946211 64 
3946347 256 
3946478 61 
3946611 150 
3946611 68 
3946611 65
3946683 92 
3947516 90 
3948072 90 
3948143 103 
3948143 101 
3948648 100 
3948648 2
3948648 1539
3948648 10
3950651 25 
3950736 75 
3951141 72 
3951141 70 
3951742 80 
3951862 83 
3952115 64 
3952251 256 
3952369 61 
3952502 150 
3952502 68 
3952502 65
3952576 92 
3953303 90 
3954034 103 
3954034 101 
3954542 100 
3954542 2
3954542 1539
3954542 11
3956541 25 
3956615 75 
3957019 72 
3957019 70 
3957620 80 
3957740 83 
3958699 64 
3959925 256 
3961258 61 
3961391 151 
3961391 69 
3961461 93 
3962924 103 
3962924 101 
3963830 100 
3963830 2
3963830 1539
3963830 10
3965830 25 
3965903 75 
3966308 72 
3966308 70 
3966909 80 
3967029 83 
3968588 64 
3970163 256 
3973069 61 
3976492 252 
3976492 68 
3976492 65
3976579 92 
3978038 103 
3978038 101 
3978550 100 
3978550 2
3978550 1539
3978550 11
3980547 25 
3980630 75 
3981032 72 
3981032 70 
3981649 80 
3981769 83 
3982596 64 
3982731 256 
3982849 63 
3982982 150 
3982982 68 
3982982 65
3983058 92 
3984517 103 
3984517 101 
3985022 100 
3985022 2
3985022 1539
3985022 11
3987021 25 
3987108 75 
3987514 72 
3987514 70 
3988113 80 
3988233 83 
3988833 64 
3989088 61 
3989220 151 
3989220 69 
3989294 93 
3990752 103 
3990752 101 
3991659 100 
3991659 2
3991659 1539
3991659 10
3993658 25 
3993745 75 
3994151 72 
3994151 70 
3994764 80 
3994884 83 
3995124 64 
3995379 256 
3995510 63 
3995645 151 
3995645 69 
3995720 93 
3996284 91 
3997171 103 
3997171 101 
3998083 100 
3998083 2
3998083 1539
3998083 11
4000084 25 
4000286 75 
4000691 72 
4000691 70 
4001308 80 
4001441 83 
4001574 64 
4001829 256 
4010864 252 
4018354 61 
4018474 151 
4018474 69 
4018552 93 
4020019 103 
4020019 101 
4020926 100 
4020926 2
4020926 1539
4020926 10
4022926 25 
4023016 75 
4023419 72 
4023419 70 
4024031 80 
4024151 83 
4024631 64 
4024887 256 
4025004 63 
4025138 153 
4025138 68 
4025138 65
4025206 92 
4026674 103 
4026674 101 
4027190 100 
4027190 2
4027190 1539
4027190 10
4029191 25 
4029262 75 
4029664 72 
4029664 70 
4030269 80 
4030389 83 
4030748 64 
4031004 63 
4031135 151 
4031135 69 
4031203 93 
4031688 91 
4032668 103 
4032668 101 
4033575 100 
4033575 2
4033575 1539
4033575 11
4035575 25 
4035652 75 
4036009 73 
4036315 72 
4036315 70 
4036932 80 
4037052 83 
4037412 64 
4037668 256 
4037799 61 
4037919 151 
4037919 69 
4037991 93 
4038714 91 
4039450 103 
4039450 101 
4040358 100 
4040358 2
4040358 1539
4040358 11
4042359 25 
4052437 254 
4053685 75 
4053838 73 
4057516 73 
4057824 73 
4058129 72 
4058129 70 
4059190 80 
4059390 83 
4059776 64 
4059978 256 
4060203 61 
4060403 151 
4060403 69 
4060473 93 
4061030 91 
4061842 91 
4061930 103 
4061930 101 
4062842 100 
4062842 2
4062842 1539
4062842 10
4064841 25 
4064914 75 
4065321 72 
4065321 70 
4067186 250 
4073970 71 
4074290 71 
4074490 80 
4074703 83 
4080167 252 
4080307 256 
4080434 61 
4080567 150 
4080567 68 
4080567 65
4080655 92 
4081821 90 
4082111 103 
4082111 101 
4082620 100 
4082620 2
4082620 1539
4082620 10
4084619 25 
4084693 75 
4085094 72 
4085094 70 
4085685 80 
4085805 83 
4086165 64 
4086407 61 
4086538 150 
4086538 68 
4086538 65
4086614 92 
4087073 90 
4087789 90 
4088072 103 
4088072 101 
4088577 100 
4088577 2
4088577 1539
4088577 11
4090578 25 
4090663 75 
4091069 72 
4091069 70 
4091669 80 
4091789 83 
4092149 64 
4092419 61 
4092549 151 
4092549 69 
4092621 93 
4094079 103 
4094079 101 
4094989 100 
4094989 2
4094989 1539
4094989 10
4096989 25 
4097062 75 
4097463 72 
4097463 70 
4098080 80 
4098200 83 
4098679 64 
4098940 256 
4099066 63 
4099186 151 
4099186 69 
4099267 93 
4100050 91 
4100355 91 
4100728 103 
4100728 101 
4101638 100 
4101638 2
4101638 1539
4101638 10
4103638 25 
4103725 75 
4104131 72 
4104131 70 
4104717 80 
4104837 83 
4105557 64 
4105678 256 
4105810 61 
4105943 150 
4105943 68 
4105943 65
4106023 92 
4107474 103 
4107474 101 
4107522 102 
