0 100 
0 2
0 1572
0 10
1993 25 
2044 75 
2738 72 
2738 70 
3506 80 
3572 83 
3799 64 
4081 256 
4146 62 
4212 151 
4212 69 
4288 93 
4653 91 
5743 103 
5743 101 
6651 100 
6651 2
6651 1572
6651 10
8651 25 
8711 75 
9402 72 
9402 70 
10076 80 
10156 83 
10556 64 
10879 256 
10969 63 
11036 151 
11036 69 
11112 93 
12568 103 
12568 101 
13476 100 
13476 2
13476 1572
13476 10
15475 25 
15520 75 
16212 72 
16212 70 
16767 80 
16820 83 
17260 64 
17553 256 
17621 61 
17686 150 
17686 68 
17686 65
17768 92 
18127 90 
19219 103 
19219 101 
19725 100 
19725 2
19725 1572
19725 10
21726 25 
21774 75 
22466 72 
22466 70 
23031 80 
23097 250 
23764 76 
24524 76 
25337 76 
25403 83 
25590 64 
25763 256 
25831 61 
25896 150 
25896 68 
25896 65
25974 92 
27430 103 
27430 101 
27935 100 
27935 2
27935 1572
27935 11
29936 25 
29980 75 
30676 72 
30676 70 
31227 80 
31294 83 
32134 64 
32468 256 
32533 63 
32600 150 
32600 68 
32600 65
32680 92 
34123 90 
34131 103 
34131 101 
34641 100 
34641 2
34641 1572
34641 10
36639 25 
36688 75 
37382 72 
37382 70 
37931 80 
37998 83 
38184 64 
38359 256 
38424 61 
38491 150 
38491 68 
38491 65
38570 92 
39643 90 
40025 103 
40025 101 
40532 100 
40532 2
40532 1572
40532 11
42530 25 
42576 75 
43269 72 
43269 70 
43835 80 
43902 83 
45688 64 
45943 63 
46008 150 
46008 68 
46008 65
46088 92 
47542 103 
47542 101 
48047 100 
48047 2
48047 1572
48047 11
50048 25 
50092 75 
52075 73 
52665 72 
52665 70 
53218 80 
53271 83 
53978 64 
54219 256 
54284 61 
54351 151 
54351 69 
54429 93 
55885 103 
55885 101 
56791 100 
56791 2
56791 1572
56791 11
58790 25 
58850 75 
59544 72 
59544 70 
60095 80 
60148 83 
63627 64 
64455 256 
64520 61 
64586 153 
64586 68 
64586 65
64661 92 
65069 90 
66119 103 
66119 101 
66627 100 
66627 2
66627 1572
66627 11
68626 25 
68684 75 
69378 72 
69378 70 
69944 80 
69998 83 
70384 64 
70732 256 
70797 63 
70865 150 
70865 68 
70865 65
70942 92 
72395 103 
72395 101 
72902 100 
72902 2
72902 1572
72902 10
74903 25 
74948 75 
75641 72 
75641 70 
76195 80 
76262 83 
76328 64 
76557 256 
76688 61 
76755 152 
76755 69 
76830 93 
77315 91 
78169 91 
78285 103 
78285 101 
79198 100 
79198 2
79198 1572
79198 10
81195 25 
81238 75 
81930 72 
81930 70 
82486 80 
82552 83 
83205 64 
84005 62 
84072 151 
84072 69 
84144 93 
85605 103 
85605 101 
86510 100 
86510 2
86510 1572
86510 11
88512 25 
88559 75 
89255 72 
89255 70 
89802 80 
89869 83 
90322 64 
90855 61 
90922 151 
90922 69 
90999 93 
91407 91 
91809 91 
92147 91 
92456 103 
92456 101 
93361 100 
93361 2
93361 1572
93361 10
95361 25 
95407 75 
96100 72 
96100 70 
96653 80 
96719 83 
98172 64 
98907 256 
98972 63 
99038 151 
99038 69 
99117 93 
100573 103 
100573 101 
101477 100 
101477 2
101477 1572
101477 11
103479 25 
103526 75 
104220 72 
104220 70 
104769 80 
104836 83 
105476 64 
106011 62 
106075 151 
106075 69 
106147 93 
106532 91 
107606 103 
107606 101 
108514 100 
108514 2
108514 1572
108514 11
110515 25 
110573 75 
111267 72 
111267 70 
111953 80 
112020 83 
112766 64 
112981 256 
113046 61 
113112 151 
113112 69 
113192 93 
113554 91 
114336 91 
114647 103 
114647 101 
115553 100 
115553 2
115553 1572
115553 10
117553 25 
117597 75 
118289 72 
118289 70 
118843 80 
118910 83 
119510 64 
120418 256 
120483 61 
120549 150 
120549 68 
120549 65
120622 92 
121087 90 
122084 103 
122084 101 
122591 100 
122591 2
122591 1572
122591 10
124589 25 
124647 75 
125342 72 
125342 70 
125974 250 
126415 71 
126653 80 
126720 83 
127187 64 
127415 256 
127480 61 
127546 150 
127546 68 
127546 65
127623 92 
128121 90 
129079 103 
129079 101 
129586 100 
129586 2
129586 1572
129586 11
131585 25 
131634 75 
132331 72 
132331 70 
132877 80 
132931 83 
133251 64 
133546 63 
133610 150 
133610 68 
133610 65
133683 92 
135140 103 
135140 101 
135649 100 
135649 2
135649 1572
135649 11
137650 25 
137698 75 
138390 72 
138390 70 
138941 80 
139008 83 
139195 64 
139424 256 
139488 63 
139555 150 
139555 68 
139555 65
139633 92 
141089 103 
141089 101 
141597 100 
141597 2
141597 1572
141597 10
143595 25 
143639 75 
144330 72 
144330 70 
144872 80 
144926 83 
148178 64 
148432 256 
148497 63 
148564 151 
148564 69 
148644 93 
150094 103 
150094 101 
151002 100 
151002 2
151002 1572
151002 11
153004 25 
153048 75 
153740 72 
153740 70 
154295 80 
154348 83 
155201 64 
156082 61 
156147 151 
156147 69 
156221 93 
156640 91 
157682 103 
157682 101 
158588 100 
158588 2
158588 1572
158588 10
160586 25 
160632 75 
161325 72 
161325 70 
161878 80 
161932 83 
162465 64 
162801 256 
162865 61 
162931 150 
162931 68 
162931 65
163011 92 
164011 90 
164467 103 
164467 101 
164972 100 
164972 2
164972 1572
164972 11
166971 25 
167015 75 
167708 72 
167708 70 
168262 80 
168316 83 
169062 64 
169408 63 
169475 150 
169475 68 
169475 65
169555 92 
171008 103 
171008 101 
171517 100 
171517 2
171517 1572
171517 11
173515 25 
173559 75 
174253 72 
174253 70 
174806 80 
174873 83 
174939 64 
175181 256 
175246 63 
175313 150 
175313 68 
175313 65
175389 92 
176844 103 
176844 101 
177351 100 
177351 2
177351 1572
177351 10
179353 25 
180086 75 
180778 72 
180778 70 
181323 80 
181377 83 
181750 64 
182045 256 
182110 61 
182176 150 
182176 68 
182176 65
182252 92 
182690 90 
183706 103 
183706 101 
184215 100 
184215 2
184215 1572
184215 11
186217 25 
186273 75 
186964 72 
186964 70 
187521 80 
187587 83 
188254 64 
188482 63 
188547 152 
188547 69 
188625 93 
189098 91 
190079 103 
190079 101 
190989 100 
190989 2
190989 1572
190989 10
192988 25 
193031 75 
193726 72 
193726 70 
194278 80 
194345 83 
194465 64 
195239 61 
195304 150 
195304 68 
195304 65
195384 92 
195808 90 
196836 103 
196836 101 
197343 100 
197343 2
197343 1572
197343 10
199344 25 
199388 75 
200083 72 
200083 70 
200635 80 
200702 83 
202674 64 
202916 61 
202981 150 
202981 68 
202981 65
203063 92 
203620 90 
204518 103 
204518 101 
205033 100 
205033 2
205033 1572
205033 11
207033 25 
207081 75 
207773 72 
207773 70 
208339 80 
208392 83 
208898 64 
209073 256 
209138 63 
209205 150 
209205 68 
209205 65
209285 92 
210736 103 
210736 101 
211243 100 
211243 2
211243 1572
211243 10
213245 25 
213289 75 
213980 72 
213980 70 
214723 80 
214829 83 
214896 64 
215337 61 
215402 150 
215402 68 
215402 65
215476 92 
215944 90 
216934 103 
216934 101 
217442 100 
217442 2
217442 1572
217442 10
219442 25 
219486 75 
220182 72 
220182 70 
220853 250 
221413 71 
221693 80 
221813 83 
221919 64 
222134 256 
222254 61 
222373 150 
222373 68 
222373 65
222452 92 
223624 90 
223903 103 
223903 101 
224412 100 
224412 2
224412 1572
224412 11
226412 25 
226460 75 
227154 72 
227154 70 
227810 80 
227877 83 
228157 64 
228371 63 
228437 150 
228437 68 
228437 65
228516 92 
229968 103 
229968 101 
230480 100 
230480 2
230480 1572
230480 11
232478 25 
232520 75 
233211 72 
233211 70 
233874 80 
233941 83 
234061 64 
234302 63 
234367 150 
234367 68 
234367 65
234447 92 
235902 103 
235902 101 
236412 100 
236412 2
236412 1572
236412 10
238410 25 
238466 75 
239157 72 
239157 70 
239712 80 
239778 250 
240365 76 
240432 83 
240552 64 
240726 256 
240791 61 
240858 150 
240858 68 
240858 65
240937 92 
241975 90 
242391 103 
242391 101 
242898 100 
242898 6
242898 1572
242898 11
242898 78 
244898 25 
244943 75 
245639 72 
245639 70 
246189 80 
246256 83 
246416 64 
246762 61 
246829 150 
246829 68 
246829 65
246909 92 
247945 90 
248361 103 
248361 101 
248867 100 
248867 6
248867 1572
248867 10
250870 25 
250916 75 
251607 72 
251607 70 
252160 80 
252227 250 
252840 76 
253533 76 
253599 83 
253733 64 
253961 256 
254026 61 
254092 151 
254092 69 
254165 93 
254642 91 
254925 91 
255625 103 
255625 101 
256530 100 
256530 6
256530 1572
256530 11
258532 25 
258576 75 
259270 72 
259270 70 
259823 80 
259877 83 
261236 64 
261664 62 
261729 151 
261729 69 
261805 93 
262176 91 
263262 103 
263262 101 
264168 100 
264168 6
264168 1572
264168 10
266169 25 
266214 75 
266907 72 
266907 70 
267460 80 
267513 83 
267633 64 
267875 61 
267940 153 
267940 68 
267940 65
268018 92 
269144 90 
269471 103 
269471 101 
269978 100 
269978 6
269978 1572
269978 11
271979 25 
272024 75 
272717 72 
272717 70 
273271 80 
273338 83 
274457 64 
275178 63 
275243 151 
275243 69 
275320 93 
275771 91 
276777 103 
276777 101 
277682 100 
277682 6
277682 1572
277682 11
279683 25 
279727 75 
280420 72 
280420 70 
280974 80 
281028 83 
281987 64 
282402 62 
282467 153 
282467 68 
282467 65
282539 92 
283062 90 
283999 103 
283999 101 
284508 100 
284508 6
284508 1572
284508 11
286506 25 
286551 75 
287246 72 
287246 70 
287798 80 
287865 83 
287985 64 
288226 62 
288291 151 
288291 69 
288367 93 
288749 91 
289824 103 
289824 101 
290732 100 
290732 6
290732 1572
290732 11
292732 25 
292775 75 
293467 72 
293467 70 
294022 80 
294089 83 
294795 64 
296008 61 
296075 150 
296075 68 
296075 65
296151 92 
296545 90 
297608 103 
297608 101 
298114 100 
298114 6
298114 1572
298114 10
300113 25 
300159 75 
300849 72 
300849 70 
301392 80 
301446 83 
301952 64 
302352 61 
302418 151 
302418 69 
302496 93 
302921 91 
303950 103 
303950 101 
304857 100 
304857 6
304857 1572
304857 10
306859 25 
306907 75 
307600 72 
307600 70 
308149 80 
308203 83 
308696 64 
309950 63 
310015 150 
310015 68 
310015 65
310094 92 
311549 103 
311549 101 
312056 100 
312056 6
312056 1572
312056 10
314055 25 
314103 75 
314799 72 
314799 70 
315186 71 
315666 250 
316161 71 
316426 80 
316479 83 
316919 64 
317147 256 
317212 63 
317280 150 
317280 68 
317280 65
317354 92 
318809 103 
318809 101 
319319 100 
319319 6
319319 1572
319319 11
321319 25 
321366 75 
322057 72 
322057 70 
322610 80 
322677 83 
322810 64 
322998 62 
323063 151 
323063 69 
323140 93 
323550 91 
324595 103 
324595 101 
325501 100 
325501 6
325501 1572
325501 10
327503 25 
327550 75 
328241 72 
328241 70 
328794 80 
328847 83 
329767 64 
330368 61 
330433 151 
330433 69 
330504 93 
330913 91 
331298 91 
331587 91 
331965 103 
331965 101 
332872 100 
332872 6
332872 1572
332872 11
334872 25 
334921 75 
335616 72 
335616 70 
336297 80 
336364 83 
337164 64 
337897 62 
337963 151 
337963 69 
338034 93 
339014 91 
339494 103 
339494 101 
340403 100 
340403 6
340403 1572
340403 10
342402 25 
342469 75 
343162 72 
343162 70 
343708 80 
343774 83 
344920 64 
345709 61 
345773 151 
345773 69 
345845 93 
346280 91 
347303 103 
347303 101 
348213 100 
348213 6
348213 1572
348213 10
350212 25 
350257 75 
350948 72 
350948 70 
351491 80 
351544 83 
352570 64 
353131 63 
353197 150 
353197 68 
353197 65
353271 92 
354732 103 
354732 101 
355235 100 
355235 6
355235 1572
355235 11
357236 25 
357281 75 
357971 72 
357971 70 
358515 80 
358568 83 
358754 64 
359248 256 
359316 62 
359381 151 
359381 69 
359451 93 
359788 91 
360913 103 
360913 101 
361820 100 
361820 6
361820 1572
361820 11
363820 25 
363880 75 
364572 72 
364572 70 
365125 80 
365192 83 
366325 64 
367152 61 
367218 152 
367218 69 
367286 93 
367811 91 
368241 91 
368669 91 
368753 103 
368753 101 
369669 100 
369669 6
369669 1572
369669 11
371671 25 
371715 75 
372409 72 
372409 70 
372975 80 
373042 83 
373575 64 
374084 256 
374148 61 
374215 150 
374215 68 
374215 65
374286 92 
374702 90 
375750 103 
375750 101 
376256 100 
376256 6
376256 1572
376256 10
378253 25 
378302 75 
378995 72 
378995 70 
379546 80 
379599 83 
379919 64 
380213 63 
380279 150 
380279 68 
380279 65
380357 92 
381810 103 
381810 101 
382318 100 
382318 6
382318 1572
382318 10
384319 25 
384366 75 
385061 72 
385061 70 
385610 80 
385663 83 
385836 64 
386064 256 
386130 63 
386196 150 
386196 68 
386196 65
386275 92 
387729 103 
387729 101 
388236 100 
388236 6
388236 1572
388236 11
390235 25 
390280 75 
390975 72 
390975 70 
391527 80 
391581 83 
391754 64 
392100 61 
392167 150 
392167 68 
392167 65
392248 92 
392785 90 
393701 103 
393701 101 
394206 100 
394206 6
394206 1572
394206 11
396207 25 
396251 75 
396945 72 
396945 70 
397498 80 
397565 83 
397631 64 
397911 61 
397978 150 
397978 68 
397978 65
398053 92 
398719 90 
399510 103 
399510 101 
400018 100 
400018 6
400018 1572
400018 10
402017 25 
402076 75 
402770 72 
402770 70 
403322 80 
403389 83 
403562 64 
403790 256 
404857 63 
404922 150 
404922 68 
404922 65
404999 92 
406456 103 
406456 101 
406962 100 
406962 6
406962 1572
406962 10
408962 25 
409006 75 
409696 72 
409696 70 
410253 80 
410306 83 
410586 64 
410880 256 
410946 61 
411012 151 
411012 69 
411087 93 
411502 91 
412218 91 
412545 103 
412545 101 
413451 100 
413451 6
413451 1572
413451 11
415452 25 
417004 75 
417697 72 
417697 70 
418249 80 
418316 83 
419942 64 
420623 62 
420688 150 
420688 68 
420688 65
420767 92 
421229 90 
422220 103 
422220 101 
422732 100 
422732 6
422732 1572
422732 10
424729 25 
424776 75 
425469 72 
425469 70 
426019 80 
426086 83 
426792 64 
427020 63 
427085 150 
427085 68 
427085 65
427163 92 
428615 103 
428615 101 
429126 100 
429126 6
429126 1572
429126 10
431124 25 
431170 75 
431863 72 
431863 70 
432417 80 
432483 83 
432550 64 
432793 256 
432856 63 
432923 152 
432923 69 
433003 93 
434460 103 
434460 101 
435377 100 
435377 6
435377 1572
435377 10
437376 25 
437756 75 
438450 72 
438450 70 
439134 80 
439200 83 
439520 64 
441627 256 
441693 62 
441759 151 
441759 69 
441829 93 
443293 103 
443293 101 
444198 100 
444198 6
444198 1572
444198 10
446199 25 
446590 75 
448301 73 
448893 72 
448893 70 
449449 80 
449503 83 
449942 64 
452583 61 
452648 151 
452648 69 
452727 93 
453170 91 
454181 103 
454181 101 
455088 100 
455088 6
455088 1572
455088 11
457088 25 
458123 75 
458817 72 
458817 70 
459365 80 
459418 83 
459845 64 
460180 256 
460245 61 
460311 150 
460311 68 
460311 65
460391 92 
460791 90 
461845 103 
461845 101 
462350 100 
462350 6
462350 1572
462350 10
464352 25 
464395 75 
465089 72 
465089 70 
465642 80 
465709 83 
466415 64 
466722 63 
466788 150 
466788 68 
466788 65
466866 92 
468318 103 
468318 101 
468827 100 
468827 6
468827 1572
468827 11
470827 25 
470872 75 
471566 72 
471566 70 
472120 80 
472186 83 
472453 64 
473120 61 
473186 150 
473186 68 
473186 65
473264 92 
473672 90 
474719 103 
474719 101 
475225 100 
475225 6
475225 1572
475225 11
477225 25 
477270 75 
477968 72 
477968 70 
478517 80 
478583 250 
479065 76 
479130 83 
479250 64 
479424 62 
479490 150 
479490 68 
479490 65
479568 92 
480691 90 
481023 103 
481023 101 
481529 100 
481529 6
481529 1572
481529 11
483530 25 
483574 75 
484271 72 
484271 70 
484821 80 
484887 250 
485487 76 
487100 76 
487166 83 
487487 64 
487727 61 
487793 150 
487793 68 
487793 65
487873 92 
489155 90 
489325 103 
489325 101 
489833 100 
489833 6
489833 1572
489833 10
491833 25 
491877 75 
492571 72 
492571 70 
493124 80 
493177 83 
494257 64 
494418 256 
494483 63 
494551 150 
494551 68 
494551 65
494629 92 
496081 103 
496081 101 
496590 100 
496590 6
496590 1572
496590 11
498590 25 
498774 75 
499466 72 
499466 70 
500014 80 
500068 83 
501027 64 
501948 61 
502013 150 
502013 68 
502013 65
502086 92 
502434 90 
503543 103 
503543 101 
504053 100 
504053 1
504053 1572
504053 11
504053 78 
506053 25 
506097 75 
506791 72 
506791 70 
507398 250 
507853 71 
508078 80 
508131 83 
508624 64 
508854 256 
508917 61 
508984 151 
508984 69 
509057 93 
509508 91 
510515 103 
510515 101 
511424 100 
511424 1
511424 1572
511424 10
513424 25 
513467 75 
514160 72 
514160 70 
514728 80 
514795 83 
515488 64 
515783 63 
515848 151 
515848 69 
515922 93 
516314 91 
516777 91 
517379 103 
517379 101 
518286 100 
518286 1
518286 1572
518286 11
520287 25 
520331 75 
521025 72 
521025 70 
521578 80 
521645 83 
522125 64 
522739 61 
522805 151 
522805 69 
522875 93 
523304 91 
523901 91 
524308 91 
524337 103 
524337 101 
525243 100 
525243 1
525243 1572
525243 10
527244 25 
527288 75 
528111 73 
528705 72 
528705 70 
530388 71 
530828 80 
530895 83 
532387 64 
533269 61 
533333 150 
533333 68 
533333 65
533405 92 
533820 90 
534869 103 
534869 101 
535374 100 
535374 1
535374 1572
535374 10
537372 25 
537430 75 
538124 72 
538124 70 
538771 250 
539212 71 
539479 80 
539558 83 
539851 64 
540079 256 
540157 61 
540251 150 
540251 68 
540251 65
540332 92 
540717 90 
541781 103 
541781 101 
542293 100 
542293 1
542293 1572
542293 10
544292 25 
544335 75 
545025 72 
545025 70 
545688 250 
546168 71 
546408 80 
546541 76 
546635 83 
546848 64 
547076 61 
547141 150 
547141 68 
547141 65
547221 92 
547868 90 
548673 103 
548673 101 
549180 100 
549180 1
549180 1572
549180 11
551180 25 
551238 75 
551471 73 
552062 72 
552062 70 
552699 80 
552765 83 
552832 64 
553713 256 
553778 63 
553845 153 
553845 68 
553845 65
553919 92 
555377 103 
555377 101 
555885 100 
555885 1
555885 1572
555885 11
557884 25 
557942 75 
558636 72 
558636 70 
559189 80 
559242 83 
559402 64 
559630 256 
559696 63 
559762 151 
559762 69 
559840 93 
560298 91 
561294 103 
561294 101 
562203 100 
562203 1
562203 1572
562203 10
564201 25 
564246 75 
564940 72 
564940 70 
565493 80 
565547 83 
565973 64 
566414 61 
566479 152 
566479 69 
566557 93 
566947 91 
567877 91 
568013 103 
568013 101 
568918 100 
568918 1
568918 1572
568918 10
570918 25 
570967 75 
571437 73 
572031 72 
572031 70 
572317 250 
572479 71 
572810 80 
572877 83 
574129 64 
575224 256 
575289 61 
575356 150 
575356 68 
575356 65
575427 92 
575873 90 
576885 103 
576885 101 
577395 100 
577395 1
577395 1572
577395 11
579395 25 
579444 75 
580135 72 
580135 70 
580687 80 
580753 83 
581126 64 
581488 63 
581553 151 
581553 69 
581629 93 
582085 91 
582627 91 
583084 103 
583084 101 
583992 100 
583992 1
583992 1572
583992 11
585993 25 
586037 75 
586730 72 
586730 70 
587284 80 
587350 83 
587777 64 
588698 256 
588763 61 
588830 151 
588830 69 
588899 93 
589378 91 
590112 91 
590363 103 
590363 101 
591269 100 
591269 1
591269 1572
591269 10
593270 25 
593314 75 
594008 72 
594008 70 
594561 80 
594614 83 
595094 64 
597095 61 
597160 150 
597160 68 
597160 65
597235 92 
597677 90 
598692 103 
598692 101 
599198 100 
599198 1
599198 1572
599198 11
601200 25 
601243 75 
601934 72 
601934 70 
602491 80 
602544 83 
603344 64 
604318 61 
604383 151 
604383 69 
604454 93 
605915 103 
605915 101 
606823 100 
606823 1
606823 1572
606823 10
608823 25 
608866 75 
609558 72 
609558 70 
610101 80 
610167 83 
611340 64 
612220 61 
612287 150 
612287 68 
612287 65
612360 92 
612772 90 
613821 103 
613821 101 
614327 100 
614327 1
614327 1572
614327 11
616325 25 
616371 75 
617062 72 
617062 70 
617618 80 
617671 83 
617831 64 
618592 256 
618657 61 
618724 151 
618724 69 
618795 93 
619215 91 
620257 103 
620257 101 
621163 100 
621163 1
621163 1572
621163 11
623164 25 
623207 75 
623897 72 
623897 70 
624441 80 
624495 83 
625894 64 
626335 256 
626401 61 
626802 151 
626802 69 
626870 93 
627242 91 
628334 103 
628334 101 
629241 100 
629241 1
629241 1572
629241 10
631241 25 
631289 75 
632340 73 
632567 73 
633160 72 
633160 70 
633704 80 
633757 83 
634144 64 
634585 256 
634824 61 
634890 150 
634890 68 
634890 65
634966 92 
635385 90 
636420 103 
636420 101 
636930 100 
636930 1
636930 1572
636930 10
638930 25 
638976 75 
639667 72 
639667 70 
640221 80 
640275 83 
640395 64 
640781 256 
640849 61 
640914 150 
640914 68 
640914 65
640994 92 
641435 90 
642447 103 
642447 101 
642958 100 
642958 1
642958 1572
642958 10
644955 25 
644999 75 
645693 72 
645693 70 
646245 80 
646312 83 
646379 64 
646620 256 
646739 61 
646805 152 
646805 69 
646882 93 
647324 91 
648337 103 
648337 101 
649243 100 
649243 1
649243 1572
649243 11
651244 25 
651289 75 
651981 72 
651981 70 
652563 80 
652669 83 
653895 64 
654470 256 
654535 63 
654655 151 
654655 69 
654734 93 
655448 91 
655913 91 
656187 103 
656187 101 
657095 100 
657095 1
657095 1572
657095 10
659094 25 
659448 75 
660141 72 
660141 70 
660813 80 
660919 83 
661625 64 
662000 256 
662293 61 
662359 150 
662359 68 
662359 65
662434 92 
662856 90 
663889 103 
663889 101 
664401 100 
664401 1
664401 1572
664401 11
666399 25 
666447 75 
667141 72 
667141 70 
667796 80 
667850 83 
668663 64 
669157 256 
669222 62 
669289 150 
669289 68 
669289 65
669369 92 
669811 90 
670819 103 
670819 101 
671328 100 
671328 1
671328 1572
671328 10
673329 25 
673386 75 
674080 72 
674080 70 
674633 80 
674687 83 
675326 64 
675888 256 
675954 63 
676019 151 
676019 69 
676096 93 
676827 91 
677550 103 
677550 101 
678459 100 
678459 1
678459 1572
678459 11
680459 25 
680919 75 
684471 73 
684646 73 
685240 72 
685240 70 
685789 80 
685842 83 
686428 64 
686656 256 
686721 62 
686788 150 
686788 68 
686788 65
686867 92 
688318 103 
688318 101 
688828 100 
688828 1
688828 1572
688828 11
690827 25 
690873 75 
691567 72 
691567 70 
692119 80 
692172 83 
692292 64 
692534 62 
692599 150 
692599 68 
692599 65
692674 92 
694132 103 
694132 101 
694639 100 
694639 1
694639 1572
694639 10
696638 25 
696968 75 
697663 72 
697663 70 
698210 80 
698263 83 
698796 64 
699025 256 
699090 63 
699156 151 
699156 69 
699234 93 
700071 91 
700690 103 
700690 101 
701596 100 
701596 1
701596 1572
701596 11
703597 25 
703640 75 
704336 72 
704336 70 
704887 80 
704940 83 
705220 64 
705515 62 
705580 150 
705580 68 
705580 65
705657 92 
707113 103 
707113 101 
707618 100 
707618 1
707618 1572
707618 11
709619 25 
709668 75 
710359 72 
710359 70 
710911 80 
710978 250 
711604 76 
711671 83 
712444 64 
712619 62 
712684 150 
712684 68 
712684 65
712760 92 
714218 103 
714218 101 
714722 100 
714722 1
714722 1572
714722 10
716723 25 
716768 75 
717460 72 
717460 70 
718015 80 
718082 83 
718348 64 
718963 63 
719028 151 
719028 69 
719120 93 
719499 91 
720564 103 
720564 101 
721466 100 
721466 1
721466 1572
721466 10
723467 25 
723511 75 
723743 73 
724336 72 
724336 70 
724879 80 
724932 83 
725252 64 
726066 256 
726131 61 
726198 150 
726198 68 
726198 65
726268 92 
726674 90 
727731 103 
727731 101 
728238 100 
728238 1
728238 1572
728238 11
730237 25 
730286 75 
730981 72 
730981 70 
731529 80 
731582 83 
731702 64 
731890 256 
732022 62 
732089 150 
732089 68 
732089 65
732168 92 
733312 90 
733619 103 
733619 101 
734128 100 
734128 1
734128 1572
734128 11
736129 25 
736177 75 
736351 73 
737013 72 
737013 70 
737566 80 
737620 83 
737686 64 
737926 62 
737993 150 
737993 68 
737993 65
738071 92 
739526 103 
739526 101 
740031 100 
740031 1
740031 1572
740031 11
742032 25 
742081 75 
742774 72 
742774 70 
743324 80 
743391 83 
743457 64 
743686 256 
743871 62 
743937 150 
743937 68 
743937 65
744016 92 
745471 103 
745471 101 
745976 100 
745976 1
745976 1572
745976 10
747977 25 
748024 75 
748717 72 
748717 70 
749268 80 
749401 250 
750814 76 
751627 76 
751694 83 
751960 64 
752375 61 
752440 152 
752440 69 
752515 93 
752934 91 
753972 103 
753972 101 
754881 100 
754881 1
754881 1572
754881 11
756879 25 
756928 75 
757622 72 
757622 70 
758171 80 
758224 83 
758291 64 
758638 256 
758704 62 
758771 150 
758771 68 
758771 65
758845 92 
760301 103 
760301 101 
760811 100 
760811 1
760811 1572
760811 10
762811 25 
762855 75 
763548 72 
763548 70 
764102 80 
764168 83 
764235 64 
764677 256 
765008 61 
765061 150 
765061 68 
765061 65
765133 92 
765562 90 
766593 103 
766593 101 
767100 100 
767100 1
767100 1572
767100 10
769100 25 
769254 75 
769944 72 
769944 70 
770686 250 
771167 71 
771392 80 
771459 83 
771579 76 
772125 64 
772633 256 
772698 61 
772765 150 
772765 68 
772765 65
772836 92 
773234 90 
774295 103 
774295 101 
774808 100 
774808 1
774808 1572
774808 11
776804 25 
776853 75 
777544 72 
777544 70 
778096 80 
778163 83 
778282 64 
778511 256 
778642 62 
778709 150 
778709 68 
778709 65
778786 92 
780241 103 
780241 101 
780747 100 
780747 1
780747 1572
780747 11
782749 25 
782797 75 
783493 72 
783493 70 
784040 80 
784107 83 
784173 64 
784362 62 
784427 150 
784427 68 
784427 65
784501 92 
785955 103 
785955 101 
786467 100 
786467 1
786467 1572
786467 10
788466 25 
788510 75 
789206 72 
789206 70 
789758 80 
789824 250 
790479 76 
791117 76 
791184 83 
791357 64 
791612 61 
791677 150 
791677 68 
791677 65
791755 92 
792301 90 
793211 103 
793211 101 
793716 100 
793716 3
793716 1572
793716 11
793716 78 
795717 25 
795765 75 
796456 72 
796456 70 
797008 80 
797061 83 
797181 64 
797436 256 
797568 62 
797634 151 
797634 69 
797708 93 
799166 103 
799166 101 
800072 100 
800072 3
800072 1572
800072 11
802074 25 
802118 75 
802811 72 
802811 70 
803365 80 
803418 83 
803792 64 
805032 256 
805166 61 
805231 151 
805231 69 
805301 93 
805749 91 
806763 103 
806763 101 
807671 100 
807671 3
807671 1572
807671 10
809670 25 
809716 75 
809986 73 
810579 72 
810579 70 
810802 250 
811029 71 
811402 80 
811468 83 
812442 64 
813163 61 
813228 151 
813228 69 
813298 93 
813929 91 
814758 103 
814758 101 
815666 100 
815666 3
815666 1572
815666 10
817666 25 
817715 75 
818407 72 
818407 70 
818958 80 
819025 83 
819212 64 
821371 62 
821437 150 
821437 68 
821437 65
821509 92 
821970 90 
822970 103 
822970 101 
823478 100 
823478 3
823478 1572
823478 11
825476 25 
825522 75 
826218 72 
826218 70 
826768 80 
826822 83 
827408 64 
827636 256 
827701 63 
827768 150 
827768 68 
827768 65
827848 92 
829298 103 
829298 101 
829807 100 
829807 3
829807 1572
829807 10
831809 25 
831857 75 
832550 72 
832550 70 
833099 80 
833166 83 
833592 64 
833994 62 
834059 152 
834059 69 
834133 93 
834481 91 
834934 91 
835591 103 
835591 101 
836497 100 
836497 3
836497 1572
836497 10
838498 25 
838543 75 
839235 72 
839235 70 
839790 80 
839856 83 
840176 64 
840683 62 
840749 150 
840749 68 
840749 65
840826 92 
841298 90 
842282 103 
842282 101 
842789 100 
842789 3
842789 1572
842789 11
844788 25 
844833 75 
845529 72 
845529 70 
846080 80 
846134 83 
846347 64 
847495 61 
847560 151 
847560 69 
847631 93 
847973 91 
848636 91 
849094 103 
849094 101 
849998 100 
849998 3
849998 1572
849998 10
851998 25 
852047 75 
852738 72 
852738 70 
853291 80 
853344 83 
853624 64 
854011 256 
854077 62 
854143 150 
854143 68 
854143 65
854219 92 
854763 90 
855673 103 
855673 101 
856183 100 
856183 3
856183 1572
856183 10
858183 25 
858227 75 
858923 72 
858923 70 
859475 80 
859528 83 
859648 64 
859823 256 
859888 62 
859954 150 
859954 68 
859954 65
860032 92 
861486 103 
861486 101 
861995 100 
861995 3
861995 1572
861995 10
863993 25 
864038 75 
864733 72 
864733 70 
865285 80 
865352 83 
865485 64 
865660 256 
865725 62 
865792 150 
865792 68 
865792 65
865864 92 
867324 103 
867324 101 
867831 100 
867831 3
867831 1572
867831 11
869831 25 
869876 75 
870571 72 
870571 70 
871243 80 
871310 83 
871429 64 
871671 63 
871736 150 
871736 68 
871736 65
871813 92 
873269 103 
873269 101 
873776 100 
873776 3
873776 1572
873776 10
875775 25 
875820 75 
876511 72 
876511 70 
877054 80 
877120 83 
877240 64 
877483 62 
877547 152 
877547 69 
877625 93 
878057 91 
879077 103 
879077 101 
879987 100 
879987 3
879987 1572
879987 11
881987 25 
882031 75 
882721 72 
882721 70 
883264 80 
883318 83 
886037 64 
886651 61 
886716 151 
886716 69 
886785 93 
887220 91 
888249 103 
888249 101 
889159 100 
889159 3
889159 1572
889159 11
891156 25 
891201 75 
891892 72 
891892 70 
892447 80 
892500 83 
893460 64 
895726 62 
895792 151 
895792 69 
895867 93 
896355 91 
897324 103 
897324 101 
898232 100 
898232 3
898232 1572
898232 10
900231 25 
900290 75 
900983 72 
900983 70 
901537 80 
901603 83 
902030 64 
902205 256 
902270 62 
902336 150 
902336 68 
902336 65
902414 92 
903866 103 
903866 101 
904376 100 
904376 3
904376 1572
904376 11
906377 25 
906425 75 
907121 72 
907121 70 
907667 80 
907721 83 
907841 64 
908082 256 
908267 63 
908334 150 
908334 68 
908334 65
908412 92 
909867 103 
909867 101 
910373 100 
910373 3
910373 1572
910373 10
912373 25 
912417 75 
913112 72 
913112 70 
913665 80 
913798 250 
914345 76 
914412 83 
914638 64 
914814 62 
914878 150 
914878 68 
914878 65
914961 92 
916409 103 
916409 101 
916917 100 
916917 3
916917 1572
916917 11
918917 25 
918975 75 
919669 72 
919669 70 
920222 80 
920289 83 
920355 64 
920597 256 
920662 63 
920728 150 
920728 68 
920728 65
920807 92 
922261 103 
922261 101 
922767 100 
922767 3
922767 1572
922767 10
924768 25 
924812 75 
925502 72 
925502 70 
926046 80 
926179 250 
927460 76 
927526 83 
927845 64 
928047 62 
928112 150 
928112 68 
928112 65
928191 92 
929643 103 
929643 101 
930153 100 
930153 3
930153 1572
930153 11
932152 25 
932201 75 
932894 72 
932894 70 
933443 80 
933510 250 
934083 76 
934149 83 
934376 64 
934617 63 
934683 150 
934683 68 
934683 65
934758 92 
936217 103 
936217 101 
936721 100 
936721 3
936721 1572
936721 10
938722 25 
938767 75 
939462 72 
939462 70 
940014 80 
940080 83 
940147 64 
940402 256 
940533 62 
940600 150 
940600 68 
940600 65
940682 92 
942132 103 
942132 101 
942640 100 
942640 3
942640 1572
942640 11
944640 25 
944749 75 
945445 72 
945445 70 
945998 80 
946051 83 
946264 64 
946546 63 
946611 152 
946611 69 
946690 93 
947084 91 
948144 103 
948144 101 
949049 100 
949049 5
949049 1572
949049 10
949049 78 
951050 25 
951094 75 
951788 72 
951788 70 
952342 80 
952408 83 
952528 64 
952821 62 
952888 151 
952888 69 
952965 93 
953349 91 
954418 103 
954418 101 
955329 100 
955329 5
955329 1572
955329 10
957328 25 
957376 75 
958070 72 
958070 70 
958619 80 
958672 83 
959365 64 
960087 61 
960152 151 
960152 69 
960221 93 
960640 91 
960726 91 
961686 103 
961686 101 
962591 100 
962591 5
962591 1572
962591 11
964592 25 
964636 75 
965329 72 
965329 70 
965883 80 
965949 83 
966536 64 
968228 62 
968295 150 
968295 68 
968295 65
968366 92 
968830 90 
969827 103 
969827 101 
970335 100 
970335 5
970335 1572
970335 11
972334 25 
972379 75 
973071 72 
973071 70 
973773 80 
973879 83 
975398 64 
976839 61 
976905 151 
976905 69 
976976 93 
977413 91 
978435 103 
978435 101 
979344 100 
979344 5
979344 1572
979344 10
981345 25 
981405 75 
982096 72 
982096 70 
982649 80 
982702 83 
983235 64 
983677 256 
983742 62 
983808 151 
983808 69 
983887 93 
984267 91 
984518 91 
985339 103 
985339 101 
986247 100 
986247 5
986247 1572
986247 10
988249 25 
988305 75 
988989 73 
989583 72 
989583 70 
990139 80 
990206 83 
990419 64 
993113 256 
993178 62 
993244 151 
993244 69 
993315 93 
993839 91 
994238 91 
994778 103 
994778 101 
995683 100 
995683 5
995683 1572
995683 11
997684 25 
997729 75 
998423 72 
998423 70 
998975 80 
999029 83 
1000375 64 
1001309 256 
1001707 61 
1001774 151 
1001774 69 
1001848 93 
1002263 91 
1002859 91 
1003068 91 
1003307 103 
1003307 101 
1004212 100 
1004212 5
1004212 1572
1004212 11
1006213 25 
1006258 75 
1006954 72 
1006954 70 
1007505 80 
1007558 83 
1008304 64 
1009611 62 
1009677 150 
1009677 68 
1009677 65
1009943 90 
1009971 92 
1011108 90 
1011212 103 
1011212 101 
1011716 100 
1011716 5
1011716 1572
1011716 11
1013716 25 
1013763 75 
1014457 72 
1014457 70 
1015008 80 
1015062 83 
1015488 64 
1015716 256 
1015781 62 
1015848 150 
1015848 68 
1015848 65
1015922 92 
1017377 103 
1017377 101 
1017888 100 
1017888 5
1017888 1572
1017888 10
1019889 25 
1020101 75 
1020794 72 
1020794 70 
1021339 80 
1021392 83 
1021552 64 
1021847 256 
1021979 63 
1022045 150 
1022045 68 
1022045 65
1022121 92 
1023576 103 
1023576 101 
1024085 100 
1024085 5
1024085 1572
1024085 10
1026085 25 
1026130 75 
1026823 72 
1026823 70 
1027376 80 
1027430 83 
1027603 64 
1027844 62 
1027909 153 
1027909 68 
1027909 65
1027985 92 
1029299 90 
1029439 103 
1029439 101 
1029949 100 
1029949 5
1029949 1572
1029949 11
1031948 25 
1031993 75 
1032689 72 
1032689 70 
1033241 80 
1033307 250 
1034961 76 
1035026 83 
1035325 64 
1035561 62 
1035626 151 
1035626 69 
1035705 93 
1036139 91 
1037158 103 
1037158 101 
1038064 100 
1038064 5
1038064 1572
1038064 11
1040066 25 
1040110 75 
1040801 72 
1040801 70 
1041344 80 
1041397 83 
1041610 64 
1042118 62 
1042183 150 
1042183 68 
1042183 65
1042258 92 
1043434 90 
1043717 103 
1043717 101 
1044222 100 
1044222 5
1044222 1572
1044222 10
1046222 25 
1046280 75 
1046970 72 
1046970 70 
1047514 80 
1047581 83 
1048327 64 
1048716 256 
1048887 61 
1048954 151 
1048954 69 
1049034 93 
1049461 91 
1049555 91 
1049850 91 
1050484 103 
1050484 101 
1051392 100 
1051392 5
1051392 1572
1051392 11
1053393 25 
1053442 75 
1054133 72 
1054133 70 
1054685 80 
1054738 83 
1054911 64 
1055153 62 
1055218 150 
1055218 68 
1055218 65
1055296 92 
1056752 103 
1056752 101 
1057257 100 
1057257 5
1057257 1572
1057257 10
1059257 25 
1059302 75 
1059995 72 
1059995 70 
1060549 80 
1060602 83 
1061149 64 
1061430 256 
1061495 63 
1061562 150 
1061562 68 
1061562 65
1061641 92 
1062109 90 
1063093 103 
1063093 101 
1063602 100 
1063602 5
1063602 1572
1063602 11
1065602 25 
1065649 75 
1066345 72 
1066345 70 
1066893 80 
1066946 83 
1067119 64 
1067294 256 
1067359 62 
1067426 150 
1067426 68 
1067426 65
1067505 92 
1068955 103 
1068955 101 
1069465 100 
1069465 5
1069465 1572
1069465 10
1071466 25 
1071510 75 
1072203 72 
1072203 70 
1072757 80 
1072810 83 
1073024 64 
1073465 63 
1073570 150 
1073570 68 
1073570 65
1073647 92 
1075103 103 
1075103 101 
1075610 100 
1075610 5
1075610 1572
1075610 10
1077610 25 
1077654 75 
1078348 72 
1078348 70 
1079034 80 
1079114 83 
1079594 64 
1080061 256 
1080156 62 
1080221 151 
1080221 69 
1080296 93 
1081751 103 
1081751 101 
1082659 100 
1082659 5
1082659 1572
1082659 11
1084660 25 
1084705 75 
1085396 72 
1085396 70 
1086098 80 
1086178 83 
1086258 64 
1086594 256 
1086671 62 
1086738 150 
1086738 68 
1086738 65
1086817 92 
1087508 90 
1088268 103 
1088268 101 
1088778 100 
1088778 5
1088778 1572
1088778 11
1090777 25 
1090822 75 
1091518 72 
1091518 70 
1092069 80 
1092135 83 
1092202 64 
1092389 256 
1092455 62 
1092522 152 
1092522 69 
1092600 93 
1093007 91 
1093399 91 
1094056 103 
1094056 101 
1094961 100 
1094961 5
1094961 1572
1094961 10
1096961 25 
1097006 75 
1097698 72 
1097698 70 
1098266 80 
1098333 83 
1099066 64 
1100254 256 
1100439 61 
1100505 151 
1100505 69 
1100575 93 
1100980 91 
1102040 103 
1102040 101 
1102946 100 
1102946 5
1102946 1572
1102946 11
1104944 25 
1104990 75 
1105683 72 
1105683 70 
1106236 80 
1106303 83 
1106516 64 
1106823 256 
1106892 62 
1106956 150 
1106956 68 
1106956 65
1107035 92 
1107458 90 
1108485 103 
1108485 101 
1108995 100 
1108995 5
1108995 1572
1108995 10
1110996 25 
1111054 75 
1111749 72 
1111749 70 
1112300 80 
1112354 83 
1112513 64 
1113821 256 
1113886 63 
1113953 150 
1113953 68 
1113953 65
1114033 92 
1115482 103 
1115482 101 
1115993 100 
1115993 5
1115993 1572
1115993 11
1117992 25 
1118037 75 
1118729 72 
1118729 70 
1119284 80 
1119351 83 
1119630 64 
1119805 256 
1119870 62 
1119937 152 
1119937 69 
1120013 93 
1121090 91 
1121234 91 
1121471 103 
1121471 101 
1122375 100 
1122375 5
1122375 1572
1122375 10
1124374 25 
1124421 75 
1125115 72 
1125115 70 
1125668 80 
1125721 83 
1126281 64 
1127520 61 
1127587 151 
1127587 69 
1127658 93 
1128047 91 
1128553 91 
1128878 91 
1129121 103 
1129121 101 
1130029 100 
1130029 5
1130029 1572
1130029 10
1132026 25 
1132071 75 
1132763 72 
1132763 70 
1133318 80 
1133385 83 
1133998 64 
1135106 62 
1135170 151 
1135170 69 
1135428 91 
1135449 93 
1135837 91 
1136146 91 
1136703 103 
1136703 101 
1137610 100 
1137610 5
1137610 1572
1137610 10
1139610 25 
1139654 75 
1140346 72 
1140346 70 
1140901 80 
1140955 83 
1141834 64 
1143222 61 
1143287 151 
1143287 69 
1143359 93 
1143796 91 
1143945 91 
1144295 91 
1144489 91 
1144820 103 
1144820 101 
1145725 100 
1145725 5
1145725 1572
1145725 11
1147726 25 
1149918 75 
1150280 73 
1150622 73 
1151216 72 
1151216 70 
1151564 71 
1152003 80 
1152070 83 
1154989 64 
1155230 256 
1155295 62 
1155362 150 
1155362 68 
1155362 65
1155441 92 
1156894 103 
1156894 101 
1157401 100 
1157401 5
1157401 1572
1157401 10
1159402 25 
1159446 75 
1160137 72 
1160137 70 
1160680 80 
1160746 83 
1160813 64 
1161121 256 
1161319 63 
1161386 150 
1161386 68 
1161386 65
1161464 92 
1162917 103 
1162917 101 
1163426 100 
1163426 5
1163426 1572
1163426 11
1165426 25 
1165470 75 
1166163 72 
1166163 70 
1166717 80 
1166784 250 
1167357 76 
1167423 83 
1167543 64 
1167785 62 
1167850 150 
1167850 68 
1167850 65
1167930 92 
1169382 103 
1169382 101 
1169890 100 
1169890 5
1169890 1572
1169890 11
1171890 25 
1171934 75 
1172626 72 
1172626 70 
1173181 80 
1173248 250 
1173754 76 
1173821 83 
1173994 64 
1174169 256 
1174234 62 
1174300 150 
1174300 68 
1174300 65
1174379 92 
1175831 103 
1175831 101 
1176339 100 
1176339 5
1176339 1572
1176339 11
1178339 25 
1178386 75 
1179080 72 
1179080 70 
1179632 80 
1179698 83 
1179765 64 
1180006 62 
1180085 150 
1180085 68 
1180085 65
1180161 92 
1181615 103 
1181615 101 
1182123 100 
1182123 5
1182123 1572
1182123 10
1184124 25 
1184170 75 
1184863 72 
1184863 70 
1185442 80 
1185509 250 
1186149 76 
1186215 83 
1186375 64 
1186737 63 
1186802 150 
1186802 68 
1186802 65
1186882 92 
1188334 103 
1188334 101 
1188841 100 
1188841 5
1188841 1572
1188841 11
1190841 25 
1190886 75 
1191578 72 
1191578 70 
1192226 80 
1192293 250 
1192706 76 
1192773 83 
1193013 64 
1193254 62 
1193319 150 
1193319 68 
1193319 65
1193398 92 
1194002 90 
1194849 103 
1194849 101 
1195359 100 
1195359 5
1195359 1572
1195359 11
1197359 25 
1197407 75 
1198104 72 
1198104 70 
1198650 80 
1198717 83 
1198783 64 
1199023 256 
1199090 62 
1199157 150 
1199157 68 
1199157 65
1199231 92 
1200685 103 
1200685 101 
1201198 100 
1201198 5
1201198 1572
1201198 10
1203195 25 
1203253 75 
1203948 72 
1203948 70 
1204501 80 
1204568 83 
1204621 64 
1204849 256 
1204914 63 
1204981 150 
1204981 68 
1204981 65
1205057 92 
1206513 103 
1206513 101 
1207020 100 
1207020 5
1207020 1572
1207020 10
1209020 25 
1209068 75 
1209762 72 
1209762 70 
1210312 80 
1210378 83 
1210818 64 
1211486 63 
1211551 150 
1211551 68 
1211551 65
1211634 92 
1213084 103 
1213084 101 
1213593 100 
1213593 5
1213593 1572
1213593 10
1215591 25 
1215635 75 
1216326 72 
1216326 70 
1216869 80 
1216936 83 
1217002 64 
1217310 63 
1217376 150 
1217376 68 
1217376 65
1217452 92 
1218906 103 
1218906 101 
1219414 100 
1219414 5
1219414 1572
1219414 11
1221414 25 
1221463 75 
1222154 72 
1222154 70 
1222707 80 
1222773 83 
1222840 64 
1223068 256 
1223266 62 
1223333 150 
1223333 68 
1223333 65
1223412 92 
1224866 103 
1224866 101 
1225372 100 
1225372 5
1225372 1572
1225372 10
1227373 25 
1227420 75 
1228112 72 
1228112 70 
1228664 80 
1228717 83 
1229317 64 
1229492 256 
1229557 63 
1229624 150 
1229624 68 
1229624 65
1229708 92 
1231152 103 
1231152 101 
1231664 100 
1231664 5
1231664 1572
1231664 10
1233662 25 
1233720 75 
1234414 72 
1234414 70 
1234968 80 
1235035 83 
1235101 64 
1235381 63 
1235448 150 
1235448 68 
1235448 65
1235527 92 
1236980 103 
1236980 101 
1237491 100 
1237491 4
1237491 1572
1237491 11
1237491 78 
1239487 25 
1239531 75 
1240223 72 
1240223 70 
1240779 80 
1240846 83 
1240912 64 
1241153 256 
1241219 62 
1241285 153 
1241285 68 
1241285 65
1241366 92 
1242814 103 
1242814 101 
1243324 100 
1243324 4
1243324 1572
1243324 11
1245326 25 
1245370 75 
1246062 72 
1246062 70 
1246616 80 
1246683 250 
1247256 76 
1247309 83 
1247536 64 
1247764 256 
1247829 62 
1247896 151 
1247896 69 
1247976 93 
1249432 103 
1249432 101 
1250335 100 
1250335 4
1250335 1572
1250335 10
1252335 25 
1252379 75 
1252945 73 
1253964 73 
1254555 72 
1254555 70 
1255106 80 
1255160 83 
1255852 64 
1256893 61 
1256959 151 
1256959 69 
1257027 93 
1257442 91 
1257506 91 
1257935 91 
1258350 91 
1258490 103 
1258490 101 
1259399 100 
1259399 4
1259399 1572
1259399 11
1261399 25 
1261442 75 
1262133 72 
1262133 70 
1262689 80 
1262743 83 
1263076 64 
1263478 62 
1263543 151 
1263543 69 
1263616 93 
1264100 91 
1265074 103 
1265074 101 
1265983 100 
1265983 4
1265983 1572
1265983 11
1267982 25 
1269102 75 
1269795 72 
1269795 70 
1270340 80 
1270406 83 
1273232 64 
1274699 61 
1274764 150 
1274764 68 
1274764 65
1274840 92 
1275325 90 
1276297 103 
1276297 101 
1276804 100 
1276804 4
1276804 1572
1276804 10
1278804 25 
1278852 75 
1279551 72 
1279551 70 
1280095 80 
1280162 83 
1281282 64 
1281576 63 
1281641 151 
1281641 69 
1281715 93 
1282596 91 
1283172 103 
1283172 101 
1284081 100 
1284081 4
1284081 1572
1284081 11
1286081 25 
1286128 75 
1286824 72 
1286824 70 
1287372 80 
1287426 83 
1288026 64 
1288374 256 
1288439 61 
1288505 150 
1288505 68 
1288505 65
1288581 92 
1289020 90 
1290037 103 
1290037 101 
1290543 100 
1290543 4
1290543 1572
1290543 10
1292545 25 
1292592 75 
1293285 72 
1293285 70 
1294036 250 
1294689 71 
1294916 80 
1294969 83 
1296955 64 
1297196 256 
1297261 63 
1297328 151 
1297328 69 
1297406 93 
1298197 91 
1298709 91 
1298863 103 
1298863 101 
1299770 100 
1299770 4
1299770 1572
1299770 10
1301767 25 
1303312 75 
1304005 72 
1304005 70 
1304552 80 
1304605 83 
1305351 64 
1306018 61 
1306084 151 
1306084 69 
1306158 93 
1306570 91 
1307352 91 
1307619 103 
1307619 101 
1308524 100 
1308524 4
1308524 1572
1308524 11
1310525 25 
1310583 75 
1311274 72 
1311274 70 
1311829 80 
1311895 83 
1312535 64 
1313136 256 
1313201 61 
1313268 150 
1313268 68 
1313268 65
1313344 92 
1313810 90 
1314799 103 
1314799 101 
1315307 100 
1315307 4
1315307 1572
1315307 11
1317308 25 
1317353 75 
1318044 72 
1318044 70 
1318599 80 
1318666 83 
1319639 64 
1319879 256 
1319947 63 
1320012 151 
1320012 69 
1320088 93 
1320493 91 
1321214 91 
1321545 103 
1321545 101 
1322450 100 
1322450 4
1322450 1572
1322450 10
1324450 25 
1324898 75 
1325934 73 
1326526 72 
1326526 70 
1327075 80 
1327142 83 
1328528 64 
1329236 256 
1329301 61 
1329368 153 
1329368 68 
1329368 65
1329446 92 
1329839 90 
1330901 103 
1330901 101 
1331408 100 
1331408 4
1331408 1572
1331408 11
1333407 25 
1333455 75 
1334151 72 
1334151 70 
1334699 80 
1334765 83 
1335005 64 
1336286 256 
1336352 63 
1336418 151 
1336418 69 
1336495 93 
1336858 91 
1337953 103 
1337953 101 
1338858 100 
1338858 4
1338858 1572
1338858 10
1340857 25 
1340915 75 
1341609 72 
1341609 70 
1342162 80 
1342229 83 
1342575 64 
1343363 256 
1343428 61 
1343495 151 
1343495 69 
1343566 93 
1344012 91 
1345027 103 
1345027 101 
1345935 100 
1345935 4
1345935 1572
1345935 10
1347935 25 
1347979 75 
1348674 72 
1348674 70 
1349226 80 
1349293 83 
1349880 64 
1351187 61 
1351252 151 
1351252 69 
1351322 93 
1351782 91 
1352785 103 
1352785 101 
1353690 100 
1353690 4
1353690 1572
1353690 10
1355691 25 
1355740 75 
1356337 73 
1356931 72 
1356931 70 
1357476 80 
1357542 83 
1358022 64 
1358504 61 
1358569 151 
1358569 69 
1358649 93 
1359042 91 
1359889 91 
1360098 103 
1360098 101 
1361007 100 
1361007 4
1361007 1572
1361007 11
1363007 25 
1363052 75 
1363744 72 
1363744 70 
1364300 80 
1364366 83 
1365006 64 
1366433 61 
1366485 150 
1366485 68 
1366485 65
1366557 92 
1366918 90 
1368019 103 
1368019 101 
1368523 100 
1368523 4
1368523 1572
1368523 11
1370525 25 
1370570 75 
1371262 72 
1371262 70 
1371816 80 
1371870 83 
1372150 64 
1372446 61 
1372510 150 
1372510 68 
1372510 65
1372586 92 
1373398 90 
1374040 103 
1374040 101 
1374548 100 
1374548 4
1374548 1572
1374548 10
1376550 25 
1376597 75 
1377292 72 
1377292 70 
1377840 80 
1377894 83 
1378480 64 
1378775 256 
1378840 63 
1378907 151 
1378907 69 
1378984 93 
1379379 91 
1380440 103 
1380440 101 
1381345 100 
1381345 4
1381345 1572
1381345 10
1383347 25 
1389242 75 
1389935 72 
1389935 70 
1390488 80 
1390542 83 
1391021 64 
1391743 256 
1392689 61 
1392754 153 
1392754 68 
1392754 65
1392826 92 
1393262 90 
1394286 103 
1394286 101 
1394792 100 
1394792 4
1394792 1572
1394792 11
1396793 25 
1396838 75 
1397533 72 
1397533 70 
1398205 80 
1398259 83 
1401350 64 
1403456 62 
1403523 151 
1403523 69 
1403592 93 
1404004 91 
1404761 91 
1405016 91 
1405054 103 
1405054 101 
1405962 100 
1405962 4
1405962 1572
1405962 11
1407963 25 
1408011 75 
1408702 72 
1408702 70 
1409254 80 
1409320 83 
1409800 64 
1410347 256 
1410535 61 
1410600 150 
1410600 68 
1410600 65
1410677 92 
1411061 90 
1412134 103 
1412134 101 
1412638 100 
1412638 4
1412638 1572
1412638 11
1414640 25 
1414697 75 
1415389 72 
1415389 70 
1415931 80 
1415998 83 
1416118 64 
1416452 256 
1416519 61 
1416584 152 
1416584 69 
1416658 93 
1417093 91 
1417931 91 
1418117 103 
1418117 101 
1419022 100 
1419022 4
1419022 1572
1419022 10
1421023 25 
1421096 75 
1421788 72 
1421788 70 
1422341 80 
1422395 83 
1423088 64 
1423809 62 
1423874 150 
1423874 68 
1423874 65
1423945 92 
1424397 90 
1425404 103 
1425404 101 
1425914 100 
1425914 4
1425914 1572
1425914 10
1427913 25 
1427970 75 
1428661 72 
1428661 70 
1429205 80 
1429259 83 
1429539 64 
1430846 61 
1430911 151 
1430911 69 
1430986 93 
1431467 91 
1431767 91 
1432445 103 
1432445 101 
1433352 100 
1433352 4
1433352 1572
1433352 10
1435351 25 
1435395 75 
1436085 72 
1436085 70 
1436629 80 
1436695 83 
1436975 64 
1438882 62 
1438948 150 
1438948 68 
1438948 65
1439019 92 
1439604 90 
1440478 103 
1440478 101 
1440987 100 
1440987 4
1440987 1572
1440987 11
1442986 25 
1443035 75 
1443729 72 
1443729 70 
1444279 80 
1444345 83 
1445358 64 
1445866 61 
1445931 150 
1445931 68 
1445931 65
1446008 92 
1446422 90 
1447465 103 
1447465 101 
1447974 100 
1447974 4
1447974 1572
1447974 11
1449972 25 
1450019 75 
1450714 72 
1450714 70 
1451276 80 
1451342 83 
1451463 64 
1451704 256 
1451769 61 
1451836 150 
1451836 68 
1451836 65
1451914 92 
1453367 103 
1453367 101 
1453874 100 
1453874 4
1453874 1572
1453874 10
1455876 25 
1455920 75 
1456611 72 
1456611 70 
1457153 80 
1457207 83 
1457473 64 
1458236 256 
1458299 62 
1458366 150 
1458366 68 
1458366 65
1458442 92 
1458881 90 
1459896 103 
1459896 101 
1460405 100 
1460405 4
1460405 1572
1460405 10
1462406 25 
1462450 75 
1463145 72 
1463145 70 
1463697 80 
1463764 83 
1463830 64 
1463952 256 
1464017 62 
1464084 150 
1464084 68 
1464084 65
1464161 92 
1465616 103 
1465616 101 
1466124 100 
1466124 4
1466124 1572
1466124 11
1468123 25 
1468168 75 
1468863 72 
1468863 70 
1469415 80 
1469481 83 
1469548 64 
1469896 61 
1469961 150 
1469961 68 
1469961 65
1470035 92 
1471494 103 
1471494 101 
1472000 100 
1472000 4
1472000 1572
1472000 11
1474000 25 
1474326 75 
1475016 72 
1475016 70 
1475559 80 
1475612 83 
1475719 64 
1475947 61 
1476012 150 
1476012 68 
1476012 65
1476089 92 
1477154 90 
1477541 103 
1477541 101 
1478052 100 
1478052 4
1478052 1572
1478052 10
1480051 25 
1480095 75 
1480789 72 
1480789 70 
1481343 80 
1481396 83 
1481623 64 
1481958 62 
1482023 150 
1482023 68 
1482023 65
1482100 92 
1482692 90 
1483557 103 
1483557 101 
1484061 100 
1484061 4
1484061 1572
1484061 11
1486062 25 
1486108 75 
1486798 72 
1486798 70 
1487354 80 
1487420 83 
1487540 64 
1487795 61 
1487860 150 
1487860 68 
1487860 65
1487941 92 
1489001 90 
1489391 103 
1489391 101 
1489899 100 
1489899 4
1489899 1572
1489899 11
1491899 25 
1491944 75 
1492636 72 
1492636 70 
1493191 80 
1493258 83 
1493325 64 
1493566 61 
1493644 150 
1493644 68 
1493644 65
1493720 92 
1495176 103 
1495176 101 
1495684 100 
1495684 4
1495684 1572
1495684 11
1497684 25 
1497729 75 
1498421 72 
1498421 70 
1499175 250 
1499655 71 
1499975 80 
1500095 83 
1500255 64 
1500510 61 
1500575 150 
1500575 68 
1500575 65
1500654 92 
1501794 90 
1502107 103 
1502107 101 
1502615 100 
1502615 4
1502615 1572
1502615 10
1504615 25 
1504659 75 
1505356 72 
1505356 70 
1506026 80 
1506093 83 
1506359 64 
1506574 256 
1506692 62 
1506812 152 
1506812 69 
1506890 93 
1507268 91 
1508183 91 
1508345 103 
1508345 101 
1509252 100 
1509252 4
1509252 1572
1509252 10
1511252 25 
1511310 75 
1512005 72 
1512005 70 
1512676 80 
1512730 83 
1513583 64 
1515223 62 
1515289 150 
1515289 68 
1515289 65
1515360 92 
1515833 90 
1516820 103 
1516820 101 
1517328 100 
1517328 4
1517328 1572
1517328 11
1519328 25 
1519376 75 
1520066 72 
1520066 70 
1520620 80 
1520673 83 
1520886 64 
1521767 61 
1521832 150 
1521832 68 
1521832 65
1521904 92 
1522322 90 
1523363 103 
1523363 101 
1523870 100 
1523870 1
1523870 1572
1523870 11
1523870 78 
1525872 25 
1525920 75 
1526610 72 
1526610 70 
1527164 80 
1527230 83 
1527297 64 
1527592 61 
1527657 151 
1527657 69 
1527730 93 
1528156 91 
1529018 91 
1529192 103 
1529192 101 
1530096 100 
1530096 1
1530096 1572
1530096 10
1532096 25 
1532141 75 
1532836 72 
1532836 70 
1533388 80 
1533454 83 
1534041 64 
1534867 62 
1534935 151 
1534935 69 
1535003 93 
1535490 91 
1536466 103 
1536466 101 
1537373 100 
1537373 1
1537373 1572
1537373 10
1539372 25 
1539430 75 
1540123 72 
1540123 70 
1540678 80 
1540731 83 
1541584 64 
1542637 62 
1542704 151 
1542704 69 
1542780 93 
1543196 91 
1543312 91 
1544236 103 
1544236 101 
1545143 100 
1545143 1
1545143 1572
1545143 11
1547143 25 
1547187 75 
1547883 72 
1547883 70 
1548434 80 
1548488 83 
1548874 64 
1549396 61 
1549461 151 
1549461 69 
1549530 93 
1549959 91 
1550358 91 
1550991 103 
1550991 101 
1551902 100 
1551902 1
1551902 1572
1551902 10
1553902 25 
1554246 75 
1556509 73 
1557103 72 
1557103 70 
1557657 80 
1557724 83 
1558737 64 
1560564 61 
1560629 150 
1560629 68 
1560629 65
1560700 92 
1561179 90 
1562161 103 
1562161 101 
1562669 100 
1562669 1
1562669 1572
1562669 10
1564669 25 
1564713 75 
1565406 72 
1565406 70 
1565960 80 
1566027 83 
1566507 64 
1567281 62 
1567346 151 
1567346 69 
1567418 93 
1567861 91 
1568148 91 
1568880 103 
1568880 101 
1569785 100 
1569785 1
1569785 1572
1569785 10
1571786 25 
1571834 75 
1572527 72 
1572527 70 
1573077 80 
1573131 83 
1573784 64 
1575078 256 
1575143 62 
1575210 151 
1575210 69 
1575283 93 
1575729 91 
1576352 91 
1576624 91 
1576742 103 
1576742 101 
1577648 100 
1577648 1
1577648 1572
1577648 10
1579648 25 
1579694 75 
1580387 72 
1580387 70 
1580941 80 
1580994 83 
1581580 64 
1582235 256 
1582300 61 
1582353 150 
1582353 68 
1582353 65
1582429 92 
1582842 90 
1583884 103 
1583884 101 
1584395 100 
1584395 1
1584395 1572
1584395 11
1586392 25 
1586585 75 
1587278 72 
1587278 70 
1587831 80 
1587884 83 
1588324 64 
1589885 256 
1589950 62 
1590017 150 
1590017 68 
1590017 65
1590099 92 
1590610 90 
1591549 103 
1591549 101 
1592060 100 
1592060 1
1592060 1572
1592060 11
1594056 25 
1594105 75 
1594799 72 
1594799 70 
1595348 80 
1595401 83 
1595521 64 
1595749 256 
1595868 62 
1595934 150 
1595934 68 
1595934 65
1596010 92 
1597465 103 
1597465 101 
1597973 100 
1597973 1
1597973 1572
1597973 11
1599974 25 
1600021 75 
1600716 72 
1600716 70 
1601265 80 
1601332 83 
1601399 64 
1601587 256 
1601652 62 
1601718 150 
1601718 68 
1601718 65
1601795 92 
1603250 103 
1603250 101 
1603759 100 
1603759 1
1603759 1572
1603759 11
1605758 25 
1605815 75 
1606506 72 
1606506 70 
1607049 80 
1607116 83 
1607183 64 
1607371 62 
1607436 152 
1607436 69 
1607512 93 
1607989 91 
1608969 103 
1608969 101 
1609874 100 
1609874 1
1609874 1572
1609874 10
1611875 25 
1611933 75 
1612625 72 
1612625 70 
1613300 80 
1613407 83 
1613513 64 
1613995 256 
1614113 61 
1614180 150 
1614180 68 
1614180 65
1614255 92 
1614651 90 
1615712 103 
1615712 101 
1616218 100 
1616218 1
1616218 1572
1616218 11
1618219 25 
1618263 75 
1618954 72 
1618954 70 
1619631 80 
1619697 83 
1619764 64 
1620059 256 
1620124 62 
1620191 150 
1620191 68 
1620191 65
1620265 92 
1621723 103 
1621723 101 
1622231 100 
1622231 1
1622231 1572
1622231 10
1624230 25 
1624275 75 
1624969 72 
1624969 70 
1625522 80 
1625588 83 
1625708 64 
1625950 256 
1626015 61 
1626081 150 
1626081 68 
1626081 65
1626157 92 
1627613 103 
1627613 101 
1628120 100 
1628120 1
1628120 1572
1628120 10
1630121 25 
1630165 75 
1630859 72 
1630859 70 
1631412 80 
1631466 83 
1631799 64 
1632187 256 
1632252 61 
1632319 150 
1632319 68 
1632319 65
1632394 92 
1632823 90 
1633849 103 
1633849 101 
1634358 100 
1634358 1
1634358 1572
1634358 11
1636358 25 
1636402 75 
1637095 72 
1637095 70 
1637650 80 
1637716 83 
1637890 64 
1638290 62 
1638356 150 
1638356 68 
1638356 65
1638437 92 
1638962 90 
1639890 103 
1639890 101 
1640394 100 
1640394 1
1640394 1572
1640394 10
1642395 25 
1642444 75 
1643138 72 
1643138 70 
1643687 80 
1643741 83 
1643900 64 
1644194 61 
1644260 150 
1644260 68 
1644260 65
1644340 92 
1644997 90 
1645793 103 
1645793 101 
1646300 100 
1646300 1
1646300 1572
1646300 11
1648300 25 
1648344 75 
1649038 72 
1649038 70 
1649591 80 
1649645 83 
1651471 64 
1651752 256 
1651817 61 
1651884 151 
1651884 69 
1651961 93 
1652387 91 
1653417 103 
1653417 101 
1654322 100 
1654322 1
1654322 1572
1654322 11
1656324 25 
1656693 75 
1657066 73 
1657483 73 
1658073 72 
1658073 70 
1658641 80 
1658694 83 
1660307 64 
1661122 256 
1661186 61 
1661253 151 
1661253 69 
1661323 93 
1661953 91 
1662073 91 
1662787 103 
1662787 101 
1663693 100 
1663693 1
1663693 1572
1663693 11
1665692 25 
1665737 75 
1666428 72 
1666428 70 
1666971 80 
1667037 83 
1667784 64 
1668225 256 
1668290 62 
1668357 152 
1668357 69 
1668431 93 
1669889 103 
1669889 101 
1670799 100 
1670799 1
1670799 1572
1670799 10
1672796 25 
1672840 75 
1673534 72 
1673534 70 
1674088 80 
1674141 83 
1675967 64 
1676622 256 
1676686 61 
1676753 150 
1676753 68 
1676753 65
1676823 92 
1677345 90 
1678288 103 
1678288 101 
1678792 100 
1678792 1
1678792 1572
1678792 10
1680792 25 
1680837 75 
1681530 72 
1681530 70 
1682084 80 
1682151 83 
1682484 64 
1682992 61 
1683057 150 
1683057 68 
1683057 65
1683133 92 
1683606 90 
1684587 103 
1684587 101 
1685097 100 
1685097 1
1685097 1572
1685097 10
1687097 25 
1687141 75 
1687836 72 
1687836 70 
1688388 80 
1688441 83 
1688761 64 
1690709 256 
1690774 61 
1690840 152 
1690840 69 
1690912 93 
1691378 91 
1691967 91 
1692372 103 
1692372 101 
1693281 100 
1693281 1
1693281 1572
1693281 10
1695281 25 
1695337 75 
1696033 72 
1696033 70 
1696585 80 
1696638 83 
1696958 64 
1698359 256 
1698424 62 
1698477 151 
1698477 69 
1698547 93 
1699089 91 
1700008 103 
1700008 101 
1700917 100 
1700917 1
1700917 1572
1700917 11
1702916 25 
1703230 75 
1703921 72 
1703921 70 
1704475 80 
1704528 83 
1704914 64 
1708021 256 
1708086 61 
1708153 151 
1708153 69 
1708222 93 
1708666 91 
1709327 91 
1709687 103 
1709687 101 
1710596 100 
1710596 1
1710596 1572
1710596 11
1712594 25 
1712637 75 
1713332 72 
1713332 70 
1713884 80 
1713937 83 
1714524 64 
1716364 62 
1716430 150 
1716430 68 
1716430 65
1716505 92 
1716940 90 
1717960 103 
1717960 101 
1718468 100 
1718468 1
1718468 1572
1718468 11
1720469 25 
1720513 75 
1721209 72 
1721209 70 
1721894 80 
1722001 83 
1722374 64 
1722935 256 
1723000 62 
1723133 150 
1723133 68 
1723133 65
1723214 92 
1723725 90 
1724667 103 
1724667 101 
1725173 100 
1725173 1
1725173 1572
1725173 10
1727172 25 
1727231 75 
1727925 72 
1727925 70 
1728598 80 
1728665 83 
1728784 64 
1729252 61 
1729318 150 
1729318 68 
1729318 65
1729393 92 
1729895 90 
1730850 103 
1730850 101 
1731357 100 
1731357 1
1731357 1572
1731357 10
1733358 25 
1733401 75 
1734097 72 
1734097 70 
1734648 80 
1734702 83 
1736101 64 
1736782 256 
1736848 61 
1736914 150 
1736914 68 
1736914 65
1736989 92 
1737391 90 
1738447 103 
1738447 101 
1738954 100 
1738954 1
1738954 1572
1738954 11
1740953 25 
1740998 75 
1741691 72 
1741691 70 
1742245 80 
1742299 83 
1742618 64 
1743007 256 
1743138 62 
1743205 150 
1743205 68 
1743205 65
1743279 92 
1744406 90 
1744736 103 
1744736 101 
1745245 100 
1745245 1
1745245 1572
1745245 11
1747244 25 
1747289 75 
1747983 72 
1747983 70 
1748643 250 
1749069 71 
1749296 80 
1749362 83 
1749642 64 
1749857 62 
1749922 150 
1749922 68 
1749922 65
1749997 92 
1751456 103 
1751456 101 
1751960 100 
1751960 1
1751960 1572
1751960 10
1753962 25 
1754011 75 
1754702 72 
1754702 70 
1755253 80 
1755306 83 
1755586 64 
1756174 61 
1756239 150 
1756239 68 
1756239 65
1756310 92 
1756773 90 
1757771 103 
1757771 101 
1758280 100 
1758280 1
1758280 1572
1758280 11
1760280 25 
1760327 75 
1761020 72 
1761020 70 
1761571 80 
1761624 83 
1762317 64 
1762612 62 
1762677 152 
1762677 69 
1762755 93 
1763197 91 
1764208 103 
1764208 101 
1765116 100 
1765116 1
1765116 1572
1765116 10
1767117 25 
1772335 75 
1772483 73 
1772542 73 
1772878 73 
1773471 72 
1773471 70 
1774032 80 
1774085 83 
1774565 64 
1774980 61 
1775045 150 
1775045 68 
1775045 65
1775117 92 
1775548 90 
1776574 103 
1776574 101 
1777084 100 
1777084 1
1777084 1572
1777084 11
1779083 25 
1785787 75 
1786480 72 
1786480 70 
1786760 71 
1787186 80 
1787239 83 
1790678 64 
1790851 256 
1790919 61 
1790984 151 
1790984 69 
1791060 93 
1792520 103 
1792520 101 
1793423 100 
1793423 1
1793423 1572
1793423 11
1795424 25 
1795482 75 
1796175 72 
1796175 70 
1796729 80 
1796795 83 
1797222 64 
1798101 61 
1798168 151 
1798168 69 
1798238 93 
1798813 91 
1799384 91 
1799702 103 
1799702 101 
1800609 100 
1800609 1
1800609 1572
1800609 10
1802607 25 
1802655 75 
1803349 72 
1803349 70 
1803899 80 
1803966 83 
1804405 64 
1805113 256 
1805179 61 
1805245 150 
1805245 68 
1805245 65
1805321 92 
1805911 90 
1806782 103 
1806782 101 
1807284 100 
1807284 1
1807284 1572
1807284 10
1809285 25 
1811055 75 
1811963 73 
1812557 72 
1812557 70 
1813108 80 
1813162 83 
1814388 64 
1814896 61 
1814961 150 
1814961 68 
1814961 65
1815038 92 
1815732 90 
1816495 103 
1816495 101 
1817000 100 
1817000 1
1817000 1572
1817000 10
1818999 25 
1819540 75 
1820231 72 
1820231 70 
1820785 80 
1820838 83 
1820945 64 
1821173 256 
1821238 61 
1821305 150 
1821305 68 
1821305 65
1821379 92 
1821937 90 
1822837 103 
1822837 101 
1823345 100 
1823345 1
1823345 1572
1823345 10
1825344 25 
1826617 75 
1827312 72 
1827312 70 
1827862 80 
1827915 83 
1828089 64 
1828344 61 
1828475 150 
1828475 68 
1828475 65
1828550 92 
1829800 90 
1830009 103 
1830009 101 
1830515 100 
1830515 1
1830515 1572
1830515 11
1832515 25 
1833002 75 
1833692 72 
1833692 70 
1834379 80 
1834433 83 
1834926 64 
1836034 61 
1836139 151 
1836139 69 
1836210 93 
1837179 91 
1837556 91 
1837673 103 
1837673 101 
1838578 100 
1838578 1
1838578 1572
1838578 11
1840578 25 
1840623 75 
1841314 72 
1841314 70 
1842056 80 
1842123 83 
1842496 64 
1843097 256 
1843163 61 
1843229 151 
1843229 69 
1843299 93 
1843770 91 
1844007 91 
1844761 103 
1844761 101 
1845668 100 
1845668 1
1845668 1572
1845668 11
1847669 25 
1848399 75 
1849093 72 
1849093 70 
1849639 80 
1849693 83 
1850239 64 
1851600 256 
1851665 62 
1851732 152 
1851732 69 
1851805 93 
1852166 91 
1853263 103 
1853263 101 
1854171 100 
1854171 1
1854171 1572
1854171 10
1856172 25 
1856220 75 
1856914 72 
1856914 70 
1857463 80 
1857516 83 
1858156 64 
1859968 61 
1860035 150 
1860035 68 
1860035 65
1860109 92 
1860814 90 
1861566 103 
1861566 101 
1862073 100 
1862073 1
1862073 1572
1862073 10
1864074 25 
1864120 75 
1864814 72 
1864814 70 
1865366 80 
1865419 83 
1865646 64 
1865874 256 
1865939 61 
1866006 150 
1866006 68 
1866006 65
1866084 92 
1867306 90 
1867537 103 
1867537 101 
1868045 100 
1868045 1
1868045 1572
1868045 10
1870046 25 
1870090 75 
1870782 72 
1870782 70 
1871070 71 
1871524 80 
1871590 83 
1871857 64 
1872097 61 
1872163 150 
1872163 68 
1872163 65
1872241 92 
1873429 90 
1873697 103 
1873697 101 
1874203 100 
1874203 1
1874203 1572
1874203 11
1876203 25 
1876247 75 
1876939 72 
1876939 70 
1877494 80 
1877548 83 
1879014 64 
1879362 256 
1879427 61 
1879493 151 
1879493 69 
1879567 93 
1880401 91 
1881025 103 
1881025 101 
1881934 100 
1881934 1
1881934 1572
1881934 11
1883934 25 
1883978 75 
1884670 72 
1884670 70 
1885224 80 
1885291 83 
1887263 64 
1888291 256 
1888356 63 
1888423 151 
1888423 69 
1888502 93 
1888911 91 
1889432 91 
1889954 103 
1889954 101 
1890865 100 
1890865 1
1890865 1572
1890865 11
1892862 25 
1902902 254 
1913469 75 
1914163 72 
1914163 70 
1914718 80 
1914785 83 
1915212 64 
1915720 61 
1915785 151 
1915785 69 
1915856 93 
1916352 91 
1916491 91 
1917024 91 
1917315 103 
1917315 101 
1918223 100 
1918223 1
1918223 1572
1918223 11
1920224 25 
1920269 75 
1920960 72 
1920960 70 
1921502 80 
1921569 83 
1924034 64 
1924436 256 
1924501 63 
1924568 151 
1924568 69 
1924641 93 
1926104 103 
1926104 101 
1927006 100 
1927006 1
1927006 1572
1927006 10
1929008 25 
1929051 75 
1929743 72 
1929743 70 
1930298 80 
1930352 83 
1930618 64 
1931073 61 
1931138 150 
1931138 68 
1931138 65
1931218 92 
1931882 90 
1932670 103 
1932670 101 
1933178 100 
1933178 1
1933178 1572
1933178 10
1935178 25 
1935222 75 
1935915 72 
1935915 70 
1936469 80 
1936523 83 
1936749 64 
1936977 256 
1937042 61 
1937109 150 
1937109 68 
1937109 65
1937189 92 
1937657 90 
1938641 103 
1938641 101 
1939150 100 
1939150 1
1939150 1572
1939150 11
1941149 25 
1941193 75 
1941886 72 
1941886 70 
1942561 80 
1942667 83 
1943373 64 
1944546 63 
1944612 151 
1944612 69 
1944688 93 
1945098 91 
1945570 91 
1946119 91 
1946146 103 
1946146 101 
1947050 100 
1947050 1
1947050 1572
1947050 11
1949052 25 
1949096 75 
1949789 72 
1949789 70 
1950477 80 
1950583 83 
1953609 64 
1954823 256 
1954888 61 
1954955 151 
1954955 69 
1955025 93 
1955633 91 
1956088 91 
1956441 91 
1956487 103 
1956487 101 
1957393 100 
1957393 1
1957393 1572
1957393 10
1959395 25 
1959691 75 
1960382 72 
1960382 70 
1960939 80 
1961005 83 
1961285 64 
1961740 256 
1961940 61 
1962005 150 
1962005 68 
1962005 65
1962077 92 
1962805 90 
1963541 103 
1963541 101 
1964044 100 
1964044 1
1964044 1572
1964044 11
1966044 25 
1966089 75 
1966782 72 
1966782 70 
1967336 80 
1967403 83 
1967789 64 
1968177 256 
1968242 61 
1968309 151 
1968309 69 
1968384 93 
1968963 91 
1969842 103 
1969842 101 
1970747 100 
1970747 1
1970747 1572
1970747 10
1972748 25 
1972807 75 
1973503 72 
1973503 70 
1974053 80 
1974106 83 
1974320 64 
1974546 256 
1976880 61 
1976945 152 
1976945 69 
1977017 93 
1977512 91 
1977975 91 
1978431 91 
1978479 103 
1978479 101 
1979385 100 
1979385 1
1979385 1572
1979385 11
1981384 25 
1981829 75 
1982519 72 
1982519 70 
1983063 80 
1983116 83 
1984022 64 
1984463 256 
1984662 61 
1984729 151 
1984729 69 
1984803 93 
1985464 91 
1986263 103 
1986263 101 
1987167 100 
1987167 1
1987167 1572
1987167 10
1989168 25 
1989212 75 
1989905 72 
1989905 70 
1990446 80 
1990499 83 
1994724 64 
1995006 256 
1995071 61 
1995138 150 
1995138 68 
1995138 65
1995212 92 
1995741 90 
1996667 103 
1996667 101 
1997176 100 
1997176 1
1997176 1572
1997176 10
1999176 25 
1999221 75 
1999912 72 
1999912 70 
2000455 80 
2000509 83 
2000882 64 
2001283 61 
2001348 150 
2001348 68 
2001348 65
2001423 92 
2002883 103 
2002883 101 
2003389 100 
2003389 1
2003389 1572
2003389 10
2005389 25 
2005432 75 
2006128 72 
2006128 70 
2006679 80 
2006746 250 
2007652 76 
2007719 83 
2008212 64 
2008506 63 
2008572 151 
2008572 69 
2008651 93 
2010106 103 
2010106 101 
2011012 100 
2011012 1
2011012 1572
2011012 11
2013011 25 
2015101 75 
2015795 72 
2015795 70 
2016342 80 
2016408 83 
2016795 64 
2017289 256 
2017355 61 
2017421 151 
2017421 69 
2017497 93 
2017902 91 
2018691 91 
2018955 103 
2018955 101 
2019865 100 
2019865 1
2019865 1572
2019865 11
2021863 25 
2021905 75 
2022600 72 
2022600 70 
2023152 80 
2023219 83 
2023819 64 
2024060 256 
2024125 61 
2024192 151 
2024192 69 
2024625 91 
2024644 93 
2024856 91 
2025362 91 
2025725 103 
2025725 101 
2026632 100 
2026632 1
2026632 1572
2026632 10
2028631 25 
2038669 254 
2042345 75 
2043037 72 
2043037 70 
2043210 250 
2044503 71 
2047650 71 
2047875 80 
2047928 83 
2050914 64 
2051781 256 
2051847 61 
2051913 150 
2051913 68 
2051913 65
2051992 92 
2052497 90 
2053447 103 
2053447 101 
2053953 100 
2053953 1
2053953 1572
2053953 10
2055952 25 
2055997 75 
2056690 72 
2056690 70 
2057244 80 
2057298 83 
2057724 64 
2057953 256 
2058017 61 
2058084 150 
2058084 68 
2058084 65
2058162 92 
2058830 90 
2059615 103 
2059615 101 
2060125 100 
2060125 1
2060125 1572
2060125 11
2062124 25 
2062168 75 
2062859 72 
2062859 70 
2063508 250 
2064095 71 
2064361 80 
2064415 83 
2064735 64 
2064990 256 
2065054 63 
2065121 153 
2065121 68 
2065121 65
2065192 92 
2066651 103 
2066651 101 
2067160 100 
2067160 1
2067160 1572
2067160 11
2069160 25 
2069208 75 
2069902 72 
2069902 70 
2070452 80 
2070519 83 
2070679 64 
2070960 256 
2071025 63 
2071092 151 
2071092 69 
2071159 93 
2071785 91 
2072257 91 
2072610 103 
2072610 101 
2073518 100 
2073518 1
2073518 1572
2073518 11
2075519 25 
2075566 75 
2075684 73 
2076332 72 
2076332 70 
2076876 80 
2076929 83 
2077516 64 
2077984 61 
2078049 151 
2078049 69 
2078123 93 
2078554 91 
2079509 91 
2079582 103 
2079582 101 
2080488 100 
2080488 1
2080488 1572
2080488 10
2082488 25 
2083670 75 
2084005 73 
2084636 72 
2084636 70 
2085179 80 
2085246 83 
2085686 64 
2086314 61 
2086379 150 
2086379 68 
2086379 65
2086452 92 
2086875 90 
2087909 103 
2087909 101 
2088417 100 
2088417 1
2088417 1572
2088417 10
2090417 25 
2090477 75 
2091169 72 
2091169 70 
2091710 80 
2091763 83 
2092030 64 
2092258 256 
2092323 61 
2092389 150 
2092389 68 
2092389 65
2092468 92 
2093012 90 
2093923 103 
2093923 101 
2094433 100 
2094433 1
2094433 1572
2094433 10
2096431 25 
2096473 75 
2097165 72 
2097165 70 
2097707 80 
2097774 250 
2098440 76 
2098507 83 
2098573 64 
2098867 61 
2098933 150 
2098933 68 
2098933 65
2099008 92 
2100472 103 
2100472 101 
2100985 100 
2100985 1
2100985 1572
2100985 11
2102987 25 
2109236 75 
2109570 73 
2110164 72 
2110164 70 
2110715 80 
2110768 83 
2112208 64 
2112502 61 
2112567 151 
2112567 69 
2112644 93 
2113259 91 
2114101 103 
2114101 101 
2115007 100 
2115007 1
2115007 1572
2115007 10
2117006 25 
2117052 75 
2117746 72 
2117746 70 
2118298 80 
2118365 83 
2118685 64 
2119140 61 
2119205 150 
2119205 68 
2119205 65
2119286 92 
2119787 90 
2120737 103 
2120737 101 
2121246 100 
2121246 1
2121246 1572
2121246 11
2123244 25 
2123289 75 
2123982 72 
2123982 70 
2124536 80 
2124589 83 
2124749 64 
2125030 256 
2125096 61 
2125162 151 
2125162 69 
2125246 93 
2126699 103 
2126699 101 
2127602 100 
2127602 1
2127602 1572
2127602 10
2129602 25 
2129646 75 
2130340 72 
2130340 70 
2130893 80 
2130960 83 
2131826 64 
2132760 61 
2132826 150 
2132826 68 
2132826 65
2132897 92 
2133728 90 
2134358 103 
2134358 101 
2134866 100 
2134866 1
2134866 1572
2134866 11
2136865 25 
2136914 75 
2137300 73 
2137893 72 
2137893 70 
2138436 80 
2138490 83 
2139023 64 
2139464 256 
2139529 63 
2139596 151 
2139596 69 
2139673 93 
2140067 91 
2141131 103 
2141131 101 
2142037 100 
2142037 1
2142037 1572
2142037 11
2144035 25 
2154075 254 
2155544 75 
2156235 72 
2156235 70 
2156935 80 
2157002 83 
2157775 64 
2158311 256 
2158616 61 
2158695 151 
2158695 69 
2158765 93 
2159189 91 
2159309 91 
2159639 91 
2159966 91 
2160218 91 
2160225 103 
2160225 101 
2161133 100 
2161133 1
2161133 1572
2161133 11
2163134 25 
2163178 75 
2163870 72 
2163870 70 
2164519 80 
2164572 83 
2165398 64 
2165906 256 
2165985 63 
2166078 153 
2166078 68 
2166078 65
2166156 92 
2166721 90 
2167609 103 
2167609 101 
2168117 100 
2168117 1
2168117 1572
2168117 10
2170118 25 
2170162 75 
2170857 72 
2170857 70 
2171502 80 
2171569 83 
2171889 64 
2173050 61 
2173115 150 
2173115 68 
2173115 65
2173186 92 
2173647 90 
2174328 90 
2174644 103 
2174644 101 
2175155 100 
2175155 1
2175155 1572
2175155 10
2177155 25 
2177202 75 
2177893 72 
2177893 70 
2178447 80 
2178513 83 
2178579 64 
2178873 256 
2178939 61 
2179006 150 
2179006 68 
2179006 65
2179088 92 
2179845 90 
2180539 103 
2180539 101 
2181045 100 
2181045 1
2181045 1572
2181045 10
2183046 25 
2183090 75 
2183783 72 
2183783 70 
2184337 80 
2184404 250 
2185443 76 
2185510 83 
2185683 64 
2185925 61 
2185990 150 
2185990 68 
2185990 65
2186066 92 
2186805 90 
2187519 103 
2187519 101 
2188030 100 
2188030 1
2188030 1572
2188030 11
2190030 25 
2190074 75 
2190767 72 
2190767 70 
2191321 250 
2192174 71 
2208167 71 
2208393 80 
2208460 83 
2211205 252 
2211392 256 
2211525 61 
2211592 151 
2211592 69 
2211670 93 
2212067 91 
2213123 103 
2213123 101 
2214030 100 
2214030 1
2214030 1572
2214030 10
2216031 25 
2216075 75 
2216767 72 
2216767 70 
2217310 80 
2217363 83 
2217949 76 
2218163 64 
2218910 256 
2218976 61 
2219042 150 
2219042 68 
2219042 65
2219120 92 
2219579 90 
2220265 90 
2220576 103 
2220576 101 
2221083 100 
2221083 1
2221083 1572
2221083 11
2223082 25 
2223140 75 
2223831 72 
2223831 70 
2224387 80 
2224453 83 
2224733 64 
2224962 256 
2225026 61 
2225093 151 
2225093 69 
2225171 93 
2225590 91 
2226625 103 
2226625 101 
2227533 100 
2227533 1
2227533 1572
2227533 10
2229532 25 
2239570 254 
2242952 75 
2243644 72 
2243644 70 
2260131 250 
2264304 71 
2264583 80 
2264649 83 
2265676 252 
2266557 61 
2266622 150 
2266622 68 
2266622 65
2266692 92 
2267117 90 
2267501 90 
2268152 103 
2268152 101 
2268660 100 
2268660 1
2268660 1572
2268660 10
2270662 25 
2270706 75 
2271399 72 
2271399 70 
2272060 80 
2272126 83 
2272446 64 
2272727 256 
2272793 63 
2272859 151 
2272859 69 
2272934 93 
2273314 91 
2274390 103 
2274390 101 
2275298 100 
2275298 1
2275298 1572
2275298 11
2277299 25 
2277344 75 
2278039 72 
2278039 70 
2278590 80 
2278644 83 
2278963 64 
2280044 256 
2280109 61 
2280176 151 
2280176 69 
2280245 93 
2280722 91 
2281709 103 
2281709 101 
2282616 100 
2282616 1
2282616 1572
2282616 10
2284615 25 
2284660 75 
2285354 72 
2285354 70 
2285907 80 
2285960 83 
2286547 64 
2287668 61 
2287733 150 
2287733 68 
2287733 65
2287809 92 
2289263 103 
2289263 101 
2289774 100 
2289774 1
2289774 1572
2289774 10
2291772 25 
2295120 75 
2295812 72 
2295812 70 
2296356 80 
2296409 83 
2300994 64 
2305059 61 
2305125 150 
2305125 68 
2305125 65
2305204 92 
2306660 103 
2306660 101 
2307165 100 
2307165 1
2307165 1572
2307165 11
2309166 25 
2309213 75 
2309907 72 
2309907 70 
2310457 80 
2310523 83 
2311430 64 
2311618 256 
2311683 61 
2311749 151 
2311749 69 
2311825 93 
2312372 91 
2313282 103 
2313282 101 
2314188 100 
2314188 1
2314188 1572
2314188 11
2316189 25 
2324772 75 
2325464 72 
2325464 70 
2326276 250 
2335672 71 
2335832 71 
2336099 80 
2336166 83 
2336646 252 
2336889 61 
2336953 153 
2336953 68 
2336953 65
2337031 92 
2337431 90 
2338484 103 
2338484 101 
2338991 100 
2338991 1
2338991 1572
2338991 11
2340992 25 
2341036 75 
2341729 72 
2341729 70 
2342283 80 
2342337 83 
2342550 64 
2343497 63 
2343562 151 
2343562 69 
2343636 93 
2344053 91 
2344651 91 
2345093 103 
2345093 101 
2346003 100 
2346003 1
2346003 1572
2346003 10
2348003 25 
2349334 75 
2350028 72 
2350028 70 
2350573 80 
2350639 250 
2351894 76 
2351959 83 
2352292 64 
2352520 256 
2352585 61 
2352652 150 
2352652 68 
2352652 65
2352735 92 
2353144 90 
2354186 103 
2354186 101 
2354691 100 
2354691 1
2354691 1572
2354691 10
2356691 25 
2356736 75 
2357432 72 
2357432 70 
2357983 80 
2358036 83 
2358476 64 
2359196 63 
2359262 151 
2359262 69 
2359335 93 
2359786 91 
2360096 91 
2360655 91 
2360796 103 
2360796 101 
2361701 100 
2361701 1
2361701 1572
2361701 10
2363703 25 
2364237 75 
2364617 73 
2365210 72 
2365210 70 
2365753 80 
2365806 83 
2366246 64 
2366421 256 
2366486 61 
2366539 150 
2366539 68 
2366539 65
2366613 92 
2367048 90 
2368072 103 
2368072 101 
2368579 100 
2368579 1
2368579 1572
2368579 11
2370579 25 
2372092 75 
2372954 73 
2380617 254 
2395511 73 
2395735 73 
2396083 73 
2396676 72 
2396676 70 
2397420 80 
2397526 83 
2398113 64 
2398754 256 
2398819 61 
2398886 151 
2398886 69 
2398954 93 
2399122 91 
2399422 91 
2400122 91 
2400420 103 
2400420 101 
2401325 100 
2401325 1
2401325 1572
2401325 11
2403325 25 
2405197 75 
2409908 73 
2410500 72 
2410500 70 
2411054 80 
2411107 83 
2412293 64 
2412588 256 
2412653 63 
2412720 151 
2412720 69 
2412797 93 
2413267 91 
2413821 91 
2414248 91 
2414248 103 
2414248 101 
2415158 100 
2415158 1
2415158 1572
2415158 11
2417160 25 
2417203 75 
2417898 72 
2417898 70 
2418451 80 
2418504 83 
2419197 64 
2419917 61 
2419983 153 
2419983 68 
2419983 65
2420056 92 
2421514 103 
2421514 101 
2422024 100 
2422024 1
2422024 1572
2422024 11
2424024 25 
2424067 75 
2424763 72 
2424763 70 
2425314 80 
2425368 83 
2425754 64 
2426675 256 
2426740 62 
2426807 150 
2426807 68 
2426807 65
2426878 92 
2427272 90 
2428018 90 
2428339 103 
2428339 101 
2428845 100 
2428845 1
2428845 1572
2428845 11
2430847 25 
2430891 75 
2431581 72 
2431581 70 
2432125 80 
2432191 83 
2432351 64 
2432526 256 
2432591 62 
2432658 150 
2432658 68 
2432658 65
2432736 92 
2434190 103 
2434190 101 
2434696 100 
2434696 1
2434696 1572
2434696 10
2436698 25 
2436742 75 
2437436 72 
2437436 70 
2437989 80 
2438042 83 
2439002 64 
2439283 256 
2439348 63 
2439415 151 
2439415 69 
2439493 93 
2440358 91 
2440946 103 
2440946 101 
2441855 100 
2441855 1
2441855 1572
2441855 10
2443855 25 
2453894 254 
2456551 75 
2457241 72 
2457241 70 
2458060 71 
2458487 80 
2458554 83 
2459220 64 
2459675 61 
2459740 150 
2459740 68 
2459740 65
2459811 92 
2461271 103 
2461271 101 
2461780 100 
2461780 1
2461780 1572
2461780 11
2463778 25 
2463823 75 
2464516 72 
2464516 70 
2465071 80 
2465124 83 
2465604 64 
2466112 62 
2466177 150 
2466177 68 
2466177 65
2466249 92 
2466673 90 
2467342 90 
2467710 103 
2467710 101 
2468217 100 
2468217 1
2468217 1572
2468217 11
2470216 25 
2470262 75 
2470953 72 
2470953 70 
2471508 80 
2471561 83 
2471775 64 
2472017 62 
2472081 150 
2472081 68 
2472081 65
2472156 92 
2473618 103 
2473618 101 
2474133 100 
2474133 1
2474133 1572
2474133 10
2476133 25 
2476178 75 
2476873 72 
2476873 70 
2477425 80 
2477492 83 
2477972 64 
2478747 62 
2478812 151 
2478812 69 
2478885 93 
2479351 91 
2480346 103 
2480346 101 
2481250 100 
2481250 1
2481250 1572
2481250 10
2483252 25 
2483295 75 
2483989 72 
2483989 70 
2484542 80 
2484609 83 
2484929 64 
2485290 62 
2485355 151 
2485355 69 
2485435 93 
2486888 103 
2486888 101 
2487796 100 
2487796 1
2487796 1572
2487796 10
2489794 25 
2493002 75 
2493695 72 
2493695 70 
2494245 80 
2494298 83 
2499909 64 
2500470 61 
2500536 150 
2500536 68 
2500536 65
2500612 92 
2502069 103 
2502069 101 
2502574 100 
2502574 1
2502574 1572
2502574 10
2504575 25 
2504620 75 
2505314 72 
2505314 70 
2505973 80 
2506040 83 
2507120 64 
2507281 256 
2507373 61 
2507466 150 
2507466 68 
2507466 65
2507541 92 
2508996 103 
2508996 101 
2509504 100 
2509504 1
2509504 1572
2509504 11
2511505 25 
2511550 75 
2512245 72 
2512245 70 
2512944 80 
2513024 83 
2516595 64 
2516770 256 
2516862 61 
2516955 151 
2516955 69 
2517030 93 
2517429 91 
2518486 103 
2518486 101 
2519394 100 
2519394 1
2519394 1572
2519394 11
2521394 25 
2531433 254 
2548253 75 
2548934 73 
2549529 72 
2549529 70 
2550234 80 
2550314 83 
2550714 64 
2550877 61 
2550967 151 
2550967 69 
2551045 93 
2551477 91 
2552500 103 
2552500 101 
2553406 100 
2553406 1
2553406 1572
2553406 11
2555408 25 
2565447 254 
2612976 75 
2613669 72 
2613669 70 
2614394 80 
2614474 83 
2615940 64 
2616195 61 
2616286 153 
2616286 68 
2616286 65
2616366 92 
2616761 90 
2617820 103 
2617820 101 
2618329 100 
2618329 1
2618329 1572
2618329 10
2620327 25 
2620371 75 
2621061 72 
2621061 70 
2621737 80 
2621817 83 
2622297 64 
2622565 63 
2622630 151 
2622630 69 
2622707 93 
2624164 103 
2624164 101 
2625068 100 
2625068 1
2625068 1572
2625068 11
2627070 25 
2627115 75 
2627808 72 
2627808 70 
2628468 80 
2628521 83 
2628894 64 
2629136 256 
2629201 61 
2629281 151 
2629281 69 
2629350 93 
2630131 91 
2630727 91 
2630812 103 
2630812 101 
2631720 100 
2631720 1
2631720 1572
2631720 11
2633721 25 
2633765 75 
2634457 72 
2634457 70 
2635118 80 
2635198 83 
2638317 64 
2639545 62 
2639623 150 
2639623 68 
2639623 65
2639694 92 
2641157 103 
2641157 101 
2641662 100 
2641662 1
2641662 1572
2641662 10
2643663 25 
2643707 75 
2644400 72 
2644400 70 
2645061 80 
2645154 83 
2645647 64 
2646141 61 
2646194 150 
2646194 68 
2646194 65
2646272 92 
2647727 103 
2647727 101 
2648232 100 
2648232 1
2648232 1572
2648232 10
2650234 25 
2650278 75 
2650971 72 
2650971 70 
2651645 80 
2651725 83 
2652124 64 
2652286 256 
2652364 62 
2654457 150 
2654457 68 
2654457 65
2654535 92 
2655148 90 
2655989 103 
2655989 101 
2656495 100 
2656495 1
2656495 1572
2656495 10
2658497 25 
2668536 254 
2680159 75 
2692078 73 
2692672 72 
2692672 70 
2693360 80 
2693440 83 
2694213 64 
2694466 61 
2694560 152 
2694560 69 
2694633 93 
2695133 91 
2696094 103 
2696094 101 
2697000 100 
2697000 1
2697000 1572
2697000 10
2698999 25 
2701606 75 
2702269 73 
2703261 73 
2703734 73 
2703919 73 
2704038 73 
2704369 73 
2704829 73 
2705314 73 
2705764 73 
2706384 73 
2706534 73 
2706889 73 
2707659 73 
2708250 72 
2708250 70 
2708447 250 
2708807 71 
2714565 71 
2714964 80 
2715044 83 
2715537 64 
2715779 61 
2715871 150 
2715871 68 
2715871 65
2715950 92 
2716309 90 
2717402 103 
2717402 101 
2717910 100 
2717910 1
2717910 1572
2717910 11
2719910 25 
2719968 75 
2720661 72 
2720661 70 
2721362 80 
2721415 83 
2721895 64 
2722216 256 
2722308 62 
2722375 150 
2722375 68 
2722375 65
2722455 92 
2723640 90 
2723907 103 
2723907 101 
2724414 100 
2724414 1
2724414 1572
2724414 11
2726415 25 
2726460 75 
2727150 72 
2727150 70 
2727799 80 
2727879 83 
2728332 64 
2728573 256 
2728665 63 
2728758 151 
2728758 69 
2728833 93 
2730289 103 
2730289 101 
2731198 100 
2731198 1
2731198 1572
2731198 10
2733198 25 
2743238 254 
2749905 75 
2750599 72 
2750599 70 
2751242 80 
2751309 83 
2751430 64 
2751657 256 
2751722 61 
2751789 150 
2751789 68 
2751789 65
2751869 92 
2753320 103 
2753320 101 
2753827 100 
2753827 1
2753827 1572
2753827 11
2755829 25 
2755877 75 
2765868 254 
2789819 73 
2801397 73 
2801988 72 
2801988 70 
2802540 80 
2802594 83 
2804646 64 
2804821 256 
2804886 61 
2804953 151 
2804953 69 
2805030 93 
2806483 103 
2806483 101 
2807392 100 
2807392 1
2807392 1572
2807392 11
2809392 25 
2812256 75 
2812950 72 
2812950 70 
2813496 80 
2813549 83 
2813989 64 
2814164 256 
2814229 61 
2814295 151 
2814295 69 
2814373 93 
2815831 103 
2815831 101 
2816734 100 
2816734 1
2816734 1572
2816734 10
2818735 25 
2818779 75 
2819470 72 
2819470 70 
2820013 80 
2820066 83 
2821466 64 
2826505 61 
2826570 152 
2826570 69 
2826645 93 
2827151 91 
2828104 103 
2828104 101 
2829008 100 
2829008 1
2829008 1572
2829008 11
2831011 25 
2831054 75 
2831749 72 
2831749 70 
2832301 80 
2832368 83 
2833007 64 
2841857 252 
2843299 256 
2843363 61 
2843430 151 
2843430 69 
2843503 93 
2844961 103 
2844961 101 
2845869 100 
2845869 1
2845869 1572
2845869 10
2847870 25 
2848144 75 
2848837 72 
2848837 70 
2849387 80 
2849454 83 
2849720 64 
2849895 256 
2849960 61 
2850027 150 
2850027 68 
2850027 65
2850106 92 
2851560 103 
2851560 101 
2852066 100 
2852066 1
2852066 1572
2852066 10
2854066 25 
2854112 75 
2854807 72 
2854807 70 
2855491 80 
2855598 83 
2855864 64 
2856079 256 
2856184 61 
2856251 150 
2856251 68 
2856251 65
2856326 92 
2857293 90 
2857782 103 
2857782 101 
2858291 100 
2858291 1
2858291 1572
2858291 10
2860291 25 
2865385 75 
2870330 254 
2882043 73 
2882638 72 
2882638 70 
2883359 80 
2883413 83 
2883786 64 
2884014 256 
2884119 61 
2884186 150 
2884186 68 
2884186 65
2884258 92 
2884578 90 
2885723 103 
2885723 101 
2886226 100 
2886226 1
2886226 1572
2886226 11
2888226 25 
2888269 75 
2888964 72 
2888964 70 
2889517 80 
2889570 83 
2890063 64 
2890238 256 
2890303 61 
2890370 151 
2890370 69 
2890447 93 
2891907 103 
2891907 101 
2892822 100 
2892822 1
2892822 1572
2892822 11
2894822 25 
2900713 75 
2901407 72 
2901407 70 
2901951 80 
2902005 83 
2902978 64 
2903153 256 
2903218 61 
2903284 151 
2903284 69 
2903363 93 
2903722 91 
2904818 103 
2904818 101 
2905725 100 
2905725 1
2905725 1572
2905725 10
2907724 25 
2908313 75 
2909007 72 
2909007 70 
2909508 250 
2952504 71 
2952916 71 
2957394 71 
2957621 80 
2957674 83 
2958314 252 
2958542 256 
2958607 61 
2958674 150 
2958674 68 
2958674 65
2958754 92 
2959125 90 
2960206 103 
2960206 101 
2960714 100 
2960714 1
2960714 1572
2960714 11
2962714 25 
2962759 75 
2963449 72 
2963449 70 
2963685 250 
2971322 71 
2971708 80 
2971762 83 
2972988 64 
2973149 256 
2973214 61 
2973281 151 
2973281 69 
2973357 93 
2973693 91 
2974814 103 
2974814 101 
2975721 100 
2975721 1
2975721 1572
2975721 10
2977721 25 
2977764 75 
2978455 72 
2978455 70 
2978625 250 
2978799 71 
2979118 71 
2979452 80 
2979518 83 
2980011 64 
2980358 62 
2980425 153 
2980425 68 
2980425 65
2980507 92 
2981222 90 
2981369 90 
2981652 90 
2981956 103 
2981956 101 
2982463 100 
2982463 1
2982463 1572
2982463 11
2984464 25 
2984508 75 
2994352 73 
2994506 254 
2996053 73 
2996643 72 
2996643 70 
2997324 80 
2997457 83 
2997830 64 
2998099 256 
2999456 62 
2999523 150 
2999523 68 
2999523 65
2999598 92 
3000485 90 
3001052 103 
3001052 101 
3001562 100 
3001562 1
3001562 1572
3001562 11
3003563 25 
3003607 75 
3010305 73 
3010553 73 
3011146 72 
3011146 70 
3012438 250 
3016369 71 
3016596 80 
3016649 83 
3020008 64 
3020249 61 
3020314 151 
3020314 69 
3020388 93 
3020962 91 
3021846 103 
3021846 101 
3022754 100 
3022754 1
3022754 1572
3022754 10
3024754 25 
3034795 254 
3054952 75 
3057053 73 
3057185 73 
3057776 72 
3057776 70 
3058325 80 
3058378 83 
3058765 64 
3058993 256 
3059058 61 
3059124 150 
3059124 68 
3059124 65
3059201 92 
3059535 90 
3060656 103 
3060656 101 
3061164 100 
3061164 1
3061164 1572
3061164 10
3063165 25 
3063208 75 
3063902 72 
3063902 70 
3064242 250 
3087059 71 
3087339 80 
3087406 83 
3087952 252 
3088140 61 
3088205 150 
3088205 68 
3088205 65
3088282 92 
3089737 103 
3089737 101 
3090246 100 
3090246 1
3090246 1572
3090246 10
3092245 25 
3092290 75 
3092984 72 
3092984 70 
3093536 80 
3093590 83 
3095336 64 
3095564 256 
3095762 62 
3095829 151 
3095829 69 
3095904 93 
3097361 103 
3097361 101 
3098269 100 
3098269 1
3098269 1572
3098269 10
3100268 25 
3108473 75 
3109171 72 
3109171 70 
3109823 250 
3122311 71 
3122751 80 
3122804 83 
3125283 252 
3125484 61 
3125549 150 
3125549 68 
3125549 65
3125626 92 
3127083 103 
3127083 101 
3127589 100 
3127589 1
3127589 1572
3127589 11
3129590 25 
3129633 75 
3130328 72 
3130328 70 
3131200 250 
3135385 71 
3135652 80 
3135705 83 
3136305 64 
3136425 256 
3136493 61 
3136558 151 
3136558 69 
3136800 91 
3136827 93 
3137090 91 
3137772 91 
3138090 103 
3138090 101 
3139010 100 
3139010 1
3139010 1572
3139010 11
3141010 25 
3141055 75 
3141750 72 
3141750 70 
3142302 80 
3142356 83 
3144968 64 
3145143 256 
3145208 61 
3145274 151 
3145274 69 
3145348 93 
3146806 103 
3146806 101 
3147713 100 
3147713 1
3147713 1572
3147713 11
3149715 25 
3150567 75 
3150650 73 
3159755 254 
3173743 73 
3174400 72 
3174400 70 
3175168 250 
3175555 71 
3175981 80 
3176035 83 
3176781 64 
3176954 256 
3177023 61 
3177087 151 
3177087 69 
3177163 93 
3177577 91 
3178470 91 
3178619 103 
3178619 101 
3179525 100 
3179525 1
3179525 1572
3179525 10
3181528 25 
3187147 75 
3187431 73 
3188023 72 
3188023 70 
3188576 80 
3188629 83 
3189216 64 
3198105 252 
3214273 256 
3214472 62 
3214538 151 
3214538 69 
3275740 91 
3280420 91 
3280437 93 
3280437 103 
3280437 101 
3281349 100 
3281349 1
3281349 1572
3281349 10
3283350 25 
3283394 75 
3284088 72 
3284088 70 
3284642 80 
3284695 83 
3284922 64 
3285097 256 
3285161 61 
3285228 150 
3285228 68 
3285228 65
3285306 92 
3285663 90 
3286758 103 
3286758 101 
3287268 100 
3287268 1
3287268 1572
3287268 11
3289268 25 
3292269 75 
3292965 72 
3292965 70 
3293518 80 
3293585 83 
3293811 64 
3293986 256 
3294051 61 
3294118 151 
3294118 69 
3294198 93 
3294615 91 
3295648 103 
3295648 101 
3296558 100 
3296558 1
3296558 1572
3296558 10
3298557 25 
3299397 75 
3302683 73 
3303305 72 
3303305 70 
3303860 80 
3303927 83 
3304367 64 
3304595 256 
3304660 61 
3304726 150 
3304726 68 
3304726 65
3304802 92 
3306260 103 
3306260 101 
3306765 100 
3306765 1
3306765 1572
3306765 10
3308766 25 
3308810 75 
3309505 72 
3309505 70 
3310204 80 
3310311 83 
3310364 64 
3312658 256 
3314536 61 
3315017 150 
3315017 68 
3315017 65
3335886 90 
3335906 92 
3335906 103 
3335906 101 
3336419 100 
3336419 1
3336419 1572
3336419 11
3338420 25 
3338464 75 
3339154 72 
3339154 70 
3339778 250 
3340113 71 
3340445 71 
3341444 71 
3341671 80 
3341737 250 
3342111 76 
3342177 83 
3342350 76 
3342564 64 
3342805 256 
3343764 62 
3344123 152 
3344123 69 
3344312 91 
3344334 93 
3345378 91 
3345653 103 
3345653 101 
3346562 100 
3346562 1
3346562 1572
3346562 11
3348564 25 
3349130 75 
3349823 72 
3349823 70 
3350387 80 
3350454 83 
3351307 64 
3351548 61 
3352308 150 
3352308 68 
3352308 65
3352384 92 
3353839 103 
3353839 101 
3354346 100 
3354346 1
3354346 1572
3354346 10
3356346 25 
3356850 75 
3357090 73 
3359859 73 
3360454 72 
3360454 70 
3361009 80 
3361063 83 
3361649 64 
3370578 252 
3374978 256 
3386465 61 
3386532 150 
3386532 68 
3386532 65
3386608 92 
3388065 103 
3388065 101 
3388570 100 
3388570 1
3388570 1572
3388570 11
3390572 25 
3390615 75 
3391308 72 
3391308 70 
3391849 80 
3391903 83 
3397234 64 
3397422 61 
3397487 151 
3397487 69 
3397562 93 
3399019 103 
3399019 101 
3399926 100 
3399926 1
3399926 1572
3399926 11
3401926 25 
3402683 75 
3403373 72 
3403373 70 
3403924 80 
3403991 83 
3404364 64 
3404539 256 
3404604 61 
3404671 151 
3404671 69 
3404746 93 
3405115 91 
3405673 91 
3406004 91 
3406201 103 
3406201 101 
3407110 100 
3407110 1
3407110 1572
3407110 10
3409110 25 
3409154 75 
3409849 72 
3409849 70 
3410402 80 
3410455 83 
3410562 64 
3410803 61 
3410868 150 
3410868 68 
3410868 65
3410945 92 
3412399 103 
3412399 101 
3412908 100 
3412908 1
3412908 1572
3412908 10
3414907 25 
3414952 75 
3415646 72 
3415646 70 
3416199 80 
3416252 83 
3416839 64 
3417014 256 
3417079 61 
3417145 150 
3417145 68 
3417145 65
3417226 92 
3418682 103 
3418682 101 
3419184 100 
3419184 1
3419184 1572
3419184 11
3421185 25 
3421229 75 
3421924 72 
3421924 70 
3422476 80 
3422544 83 
3422610 64 
3422784 256 
3422849 61 
3422916 151 
3422916 69 
3422997 93 
3423437 91 
3424181 91 
3424450 103 
3424450 101 
3425355 100 
3425355 1
3425355 1572
3425355 11
3427355 25 
3430433 75 
3430978 73 
3431573 72 
3431573 70 
3432126 80 
3432179 83 
3437617 64 
3437805 61 
3437870 151 
3437870 69 
3437946 93 
3438314 91 
3438935 91 
3439403 103 
3439403 101 
3440308 100 
3440308 1
3440308 1572
3440308 11
3442309 25 
3445161 75 
3445853 72 
3445853 70 
3446613 80 
3446719 83 
3447012 64 
3447187 256 
3447252 61 
3447319 151 
3447319 69 
3447398 93 
3447753 91 
3447872 91 
3448488 91 
3448604 91 
3448851 103 
3448851 101 
3449757 100 
3449757 1
3449757 1572
3449757 10
3451759 25 
3451803 75 
3452767 73 
3453361 72 
3453361 70 
3453903 80 
3453970 83 
3454449 64 
3454638 61 
3454703 150 
3454703 68 
3454703 65
3454779 92 
3455213 90 
3456236 103 
3456236 101 
3456274 102 
