0 100 
0 1
0 1573
0 11
1995 25 
2048 75 
2743 72 
2743 70 
3533 80 
3639 83 
3959 64 
4280 62 
4345 150 
4345 68 
4345 65
4427 92 
4985 90 
5876 103 
5876 101 
6385 100 
6385 1
6385 1573
6385 10
8384 25 
8429 75 
9123 72 
9123 70 
9783 80 
9836 83 
10210 64 
10438 63 
10556 151 
10556 69 
10631 93 
12086 103 
12086 101 
12996 100 
12996 1
12996 1573
12996 10
14995 25 
15045 75 
15739 72 
15739 70 
16394 80 
16460 83 
16620 64 
16902 256 
17007 61 
17113 150 
17113 68 
17113 65
17190 92 
17559 90 
18651 103 
18651 101 
19153 100 
19153 1
19153 1573
19153 10
21152 25 
21198 75 
21889 72 
21889 70 
22898 250 
23431 71 
23857 80 
24044 250 
24657 76 
24723 83 
24843 64 
25085 61 
25150 150 
25150 68 
25150 65
25224 92 
25670 90 
26684 103 
26684 101 
27192 100 
27192 1
27192 1573
27192 11
29190 25 
29234 75 
29929 72 
29929 70 
30481 80 
30534 83 
31067 64 
31349 256 
31414 63 
31481 151 
31481 69 
31559 93 
33013 103 
33013 101 
33920 100 
33920 1
33920 1573
33920 10
35921 25 
35964 75 
36656 72 
36656 70 
37198 80 
37251 83 
37625 64 
37973 61 
38038 150 
38038 68 
38038 65
38117 92 
38461 90 
39567 103 
39567 101 
40076 100 
40076 1
40076 1573
40076 11
42077 25 
42126 75 
42821 72 
42821 70 
43369 80 
43422 83 
43689 64 
45035 256 
45103 62 
45168 150 
45168 68 
45168 65
45244 92 
45649 90 
46701 103 
46701 101 
47207 100 
47207 1
47207 1573
47207 11
49208 25 
49254 75 
49948 72 
49948 70 
50499 80 
50552 83 
50619 64 
50847 256 
50912 62 
50979 152 
50979 69 
51056 93 
51609 91 
52512 103 
52512 101 
53417 100 
53417 1
53417 1573
53417 10
55418 25 
55463 75 
56158 72 
56158 70 
56710 80 
56777 83 
57150 64 
57378 256 
57443 61 
57509 150 
57509 68 
57509 65
57590 92 
57992 90 
59042 103 
59042 101 
59550 100 
59550 1
59550 1573
59550 11
61550 25 
61593 75 
62287 72 
62287 70 
62841 80 
62894 83 
63227 64 
63562 256 
63627 61 
63693 151 
63693 69 
63766 93 
65228 103 
65228 101 
66133 100 
66133 1
66133 1573
66133 11
68134 25 
68178 75 
68873 72 
68873 70 
69424 80 
69491 83 
70504 64 
70944 256 
71012 63 
71077 151 
71077 69 
71154 93 
72610 103 
72610 101 
73517 100 
73517 1
73517 1573
73517 11
75517 25 
75562 75 
76254 72 
76254 70 
76808 80 
76875 83 
77408 64 
77823 256 
78154 61 
78221 151 
78221 69 
78294 93 
78734 91 
79020 91 
79228 91 
79566 91 
79754 103 
79754 101 
80659 100 
80659 1
80659 1573
80659 11
82660 25 
82719 75 
83767 73 
84358 72 
84358 70 
85817 71 
86244 80 
86297 83 
87643 64 
87885 256 
87950 62 
88016 152 
88016 69 
88095 93 
88461 91 
88563 91 
89549 103 
89549 101 
90455 100 
90455 1
90455 1573
90455 10
92455 25 
92505 75 
93200 72 
93200 70 
93747 80 
93801 83 
94334 64 
94949 61 
95013 150 
95013 68 
95013 65
95085 92 
95473 90 
96544 103 
96544 101 
97052 100 
97052 1
97052 1573
97052 11
99053 25 
99101 75 
99791 72 
99791 70 
100345 80 
100398 83 
100665 64 
100959 61 
101024 151 
101024 69 
101097 93 
101419 91 
102557 103 
102557 101 
103462 100 
103462 1
103462 1573
103462 10
105463 25 
105509 75 
106201 72 
106201 70 
106742 80 
106795 83 
107115 64 
107517 61 
107581 150 
107581 68 
107581 65
107655 92 
108030 90 
109114 103 
109114 101 
109622 100 
109622 1
109622 1573
109622 10
111621 25 
111665 75 
112356 72 
112356 70 
112899 250 
113446 71 
113712 80 
113779 83 
114792 64 
115673 63 
115738 151 
115738 69 
115814 93 
117268 103 
117268 101 
118178 100 
118178 1
118178 1573
118178 10
120178 25 
120222 75 
120916 72 
120916 70 
121469 80 
121522 83 
122015 64 
122922 61 
122988 150 
122988 68 
122988 65
123061 92 
123551 90 
124521 103 
124521 101 
125028 100 
125028 1
125028 1573
125028 10
127029 25 
127072 75 
127765 72 
127765 70 
128306 80 
128359 83 
128639 64 
128867 256 
128932 61 
128999 150 
128999 68 
128999 65
129076 92 
129661 90 
130532 103 
130532 101 
131039 100 
131039 1
131039 1573
131039 11
133038 25 
133088 75 
133781 72 
133781 70 
134330 80 
134383 83 
134863 64 
135798 256 
135863 62 
135929 150 
135929 68 
135929 65
136005 92 
136392 90 
137458 103 
137458 101 
137969 100 
137969 1
137969 1573
137969 11
139969 25 
140014 75 
140889 73 
141484 72 
141484 70 
142034 80 
142087 83 
142247 64 
142410 256 
142473 62 
142540 150 
142540 68 
142540 65
142615 92 
144069 103 
144069 101 
144579 100 
144579 1
144579 1573
144579 11
146580 25 
146624 75 
147317 72 
147317 70 
147871 80 
147938 250 
148417 76 
148484 83 
148751 64 
148912 62 
148977 150 
148977 68 
148977 65
149055 92 
150508 103 
150508 101 
151017 100 
151017 1
151017 1573
151017 11
153018 25 
153061 75 
153757 72 
153757 70 
154308 80 
154375 83 
154428 64 
154603 256 
154721 62 
154788 150 
154788 68 
154788 65
154862 92 
156318 103 
156318 101 
156828 100 
156828 1
156828 1573
156828 10
158827 25 
158872 75 
159563 72 
159563 70 
160106 80 
160159 83 
160972 76 
165144 76 
167276 64 
167704 256 
167769 62 
167836 151 
167836 69 
167909 93 
169370 103 
169370 101 
170276 100 
170276 1
170276 1573
170276 10
172276 25 
172323 75 
173018 72 
173018 70 
173567 80 
173633 83 
174047 64 
174275 62 
174340 151 
174340 69 
174419 93 
175871 103 
175871 101 
176778 100 
176778 1
176778 1573
176778 10
178779 25 
178827 75 
179520 72 
179520 70 
180071 80 
180124 83 
180604 64 
180832 256 
180897 62 
180964 151 
180964 69 
181040 93 
182495 103 
182495 101 
183402 100 
183402 1
183402 1573
183402 10
185402 25 
185447 75 
186138 72 
186138 70 
186681 80 
186734 83 
187108 64 
187563 256 
187627 61 
187694 150 
187694 68 
187694 65
187767 92 
188126 90 
189227 103 
189227 101 
189734 100 
189734 1
189734 1573
189734 11
191734 25 
191778 75 
192469 72 
192469 70 
193012 80 
193065 83 
197703 64 
198318 62 
198383 150 
198383 68 
198383 65
198462 92 
198865 90 
199916 103 
199916 101 
200426 100 
200426 1
200426 1573
200426 11
202424 25 
202468 75 
203161 72 
203161 70 
203714 80 
203781 83 
203900 64 
204089 62 
204154 150 
204154 68 
204154 65
204231 92 
205686 103 
205686 101 
206192 100 
206192 1
206192 1573
206192 10
208193 25 
208238 75 
208931 72 
208931 70 
209485 80 
209538 83 
209805 64 
210033 256 
210098 63 
210164 153 
210164 68 
210164 65
210242 92 
211698 103 
211698 101 
212205 100 
212205 1
212205 1573
212205 10
214203 25 
214248 75 
214940 72 
214940 70 
215482 80 
215549 83 
215762 64 
216004 63 
216069 151 
216069 69 
216143 93 
217603 103 
217603 101 
218509 100 
218509 1
218509 1573
218509 11
220508 25 
220557 75 
221249 72 
221249 70 
221800 80 
221866 250 
222471 76 
222586 83 
222692 64 
222882 62 
222946 150 
222946 68 
222946 65
223024 92 
224479 103 
224479 101 
224985 100 
224985 1
224985 1573
224985 11
226985 25 
227030 75 
227723 72 
227723 70 
228437 250 
228958 71 
229236 80 
229423 250 
229969 76 
230023 83 
230236 64 
230529 62 
230596 150 
230596 68 
230596 65
230678 92 
232124 90 
232124 103 
232124 101 
232636 100 
232636 1
232636 1573
232636 11
234636 25 
234682 75 
235376 72 
235376 70 
236034 80 
236087 83 
240138 64 
240646 256 
240711 62 
240778 150 
240778 68 
240778 65
240851 92 
241294 90 
242311 103 
242311 101 
242817 100 
242817 1
242817 1573
242817 10
244818 25 
244863 75 
245556 72 
245556 70 
246109 80 
246176 83 
246442 64 
246937 256 
247002 63 
247069 151 
247069 69 
247144 93 
247515 91 
248602 103 
248602 101 
249509 100 
249509 1
249509 1573
249509 10
251508 25 
251557 75 
252251 72 
252251 70 
252800 80 
252853 83 
253226 64 
253588 61 
253653 150 
253653 68 
253653 65
253726 92 
254094 90 
255184 103 
255184 101 
255693 100 
255693 1
255693 1573
255693 10
257692 25 
257737 75 
258430 72 
258430 70 
258984 80 
259050 83 
259437 64 
260038 256 
260103 61 
260170 150 
260170 68 
260170 65
260245 92 
260642 90 
261700 103 
261700 101 
262209 100 
262209 1
262209 1573
262209 10
264210 25 
264254 75 
264949 72 
264949 70 
265501 80 
265568 83 
265887 64 
266182 61 
266247 152 
266247 69 
266321 93 
266755 91 
267778 103 
267778 101 
268685 100 
268685 1
268685 1573
268685 11
270688 25 
270735 75 
271427 72 
271427 70 
271978 80 
272045 250 
272405 76 
272458 83 
272631 64 
272859 256 
272924 62 
272991 150 
272991 68 
272991 65
273066 92 
273502 90 
274523 103 
274523 101 
275033 100 
275033 1
275033 1573
275033 11
277031 25 
277075 75 
277767 72 
277767 70 
278309 80 
278375 83 
278442 64 
278684 256 
278749 62 
278815 150 
278815 68 
278815 65
278890 92 
280346 103 
280346 101 
280856 100 
280856 1
280856 1573
280856 10
282854 25 
282899 75 
283593 72 
283593 70 
284133 80 
284200 83 
284266 64 
284495 256 
284560 61 
284626 150 
284626 68 
284626 65
284706 92 
285184 90 
286155 103 
286155 101 
286665 100 
286665 1
286665 1573
286665 11
288665 25 
288710 75 
289404 72 
289404 70 
289957 80 
290011 83 
290330 64 
290505 256 
290570 62 
290637 150 
290637 68 
290637 65
290712 92 
291127 90 
292166 103 
292166 101 
292676 100 
292676 1
292676 1573
292676 11
294677 25 
294721 75 
295414 72 
295414 70 
295968 80 
296021 83 
296088 64 
296316 256 
296448 62 
296514 150 
296514 68 
296514 65
296595 92 
297617 90 
298045 103 
298045 101 
298554 100 
298554 1
298554 1573
298554 10
300554 25 
300599 75 
301292 72 
301292 70 
301845 80 
301899 83 
302485 64 
303193 256 
303258 61 
303325 150 
303325 68 
303325 65
303397 92 
303774 90 
304859 103 
304859 101 
305364 100 
305364 1
305364 1573
305364 10
307364 25 
307409 75 
308103 72 
308103 70 
308656 80 
308722 83 
309256 64 
309484 256 
309549 61 
309616 150 
309616 68 
309616 65
309690 92 
310313 90 
311153 103 
311153 101 
311667 100 
311667 1
311667 1573
311667 10
313668 25 
313713 75 
314406 72 
314406 70 
314960 80 
315013 83 
315080 64 
315334 256 
315400 61 
315466 150 
315466 68 
315466 65
315546 92 
316996 103 
316996 101 
317506 100 
317506 4
317506 1573
317506 10
317506 78 
319506 25 
319551 75 
320244 72 
320244 70 
320904 250 
321450 71 
321717 80 
321784 83 
322223 64 
322505 256 
322570 61 
322637 151 
322637 69 
322715 93 
323122 91 
324171 103 
324171 101 
325077 100 
325077 4
325077 1573
325077 11
327075 25 
327124 75 
327819 72 
327819 70 
328367 80 
328421 83 
328794 64 
330155 62 
330220 151 
330220 69 
330291 93 
330686 91 
331753 103 
331753 101 
332660 100 
332660 4
332660 1573
332660 11
334659 25 
334704 75 
335396 72 
335396 70 
335951 80 
336004 83 
336217 64 
336659 256 
336724 61 
336791 150 
336791 68 
336791 65
336867 92 
337247 90 
338321 103 
338321 101 
338829 100 
338829 4
338829 1573
338829 11
340830 25 
340875 75 
341566 72 
341566 70 
342108 80 
342162 83 
342228 64 
342457 256 
342521 61 
342588 152 
342588 69 
342665 93 
343051 91 
343551 91 
343854 91 
344014 91 
344119 103 
344119 101 
345028 100 
345028 4
345028 1573
345028 11
347028 25 
347073 75 
347764 72 
347764 70 
348306 80 
348359 83 
348945 64 
349427 61 
349478 150 
349478 68 
349478 65
349550 92 
349967 90 
351013 103 
351013 101 
351518 100 
351518 4
351518 1573
351518 11
353519 25 
353563 75 
354258 72 
354258 70 
354810 80 
354876 250 
355543 76 
355609 83 
355716 64 
356011 61 
356076 150 
356076 68 
356076 65
356154 92 
357165 90 
357609 103 
357609 101 
358114 100 
358114 4
358114 1573
358114 10
360115 25 
360164 75 
360854 72 
360854 70 
361407 80 
361473 83 
362326 64 
362648 256 
362713 62 
362780 150 
362780 68 
362780 65
362851 92 
363247 90 
364311 103 
364311 101 
364818 100 
364818 4
364818 1573
364818 10
366818 25 
366864 75 
367556 72 
367556 70 
368111 80 
368164 83 
368324 64 
368499 256 
368564 62 
368630 150 
368630 68 
368630 65
368705 92 
370165 103 
370165 101 
370669 100 
370669 4
370669 1573
370669 10
372669 25 
372714 75 
373406 72 
373406 70 
373948 80 
374001 83 
374068 64 
374256 256 
374321 62 
374388 150 
374388 68 
374388 65
374468 92 
375922 103 
375922 101 
376428 100 
376428 4
376428 1573
376428 11
378427 25 
378472 75 
379164 72 
379164 70 
379706 80 
379759 83 
379919 64 
380147 256 
380212 61 
380279 150 
380279 68 
380279 65
380353 92 
381409 90 
381812 103 
381812 101 
382319 100 
382319 4
382319 1573
382319 10
384319 25 
384378 75 
385071 72 
385071 70 
385623 80 
385690 83 
386596 64 
387211 62 
387276 150 
387276 68 
387276 65
387351 92 
387754 90 
388807 103 
388807 101 
389315 100 
389315 4
389315 1573
389315 11
391316 25 
391360 75 
392052 72 
392052 70 
392593 80 
392647 83 
393180 64 
393421 256 
393486 61 
393553 150 
393553 68 
393553 65
393628 92 
394132 90 
395087 103 
395087 101 
395592 100 
395592 4
395592 1573
395592 10
397593 25 
397642 75 
398333 72 
398333 70 
398884 80 
398951 83 
399017 64 
399192 256 
399257 62 
399324 150 
399324 68 
399324 65
399402 92 
400858 103 
400858 101 
401363 100 
401363 4
401363 1573
401363 11
403363 25 
403412 75 
404105 72 
404105 70 
404655 80 
404708 83 
404828 64 
405121 61 
405188 152 
405188 69 
405265 93 
405660 91 
406220 91 
406644 91 
406721 103 
406721 101 
407629 100 
407629 4
407629 1573
407629 10
409627 25 
409672 75 
410362 72 
410362 70 
410959 71 
411439 250 
411812 71 
412039 80 
412092 83 
412358 64 
412533 256 
412598 62 
412665 150 
412665 68 
412665 65
412741 92 
414197 103 
414197 101 
414705 100 
414705 4
414705 1573
414705 10
416705 25 
416749 75 
417441 72 
417441 70 
417996 80 
418049 83 
418369 64 
418491 256 
418556 62 
418622 150 
418622 68 
418622 65
418702 92 
420157 103 
420157 101 
420663 100 
420663 4
420663 1573
420663 10
422661 25 
422706 75 
423401 72 
423401 70 
423953 80 
424007 83 
424060 64 
424248 256 
424313 62 
424380 150 
424380 68 
424380 65
424456 92 
425914 103 
425914 101 
426418 100 
426418 4
426418 1573
426418 11
428420 25 
428464 75 
429158 72 
429158 70 
429711 80 
429764 83 
429831 64 
430073 61 
430137 150 
430137 68 
430137 65
430215 92 
430793 90 
431667 103 
431667 101 
432176 100 
432176 4
432176 1573
432176 11
434177 25 
434221 75 
434911 72 
434911 70 
435455 80 
435522 250 
437041 76 
437921 76 
438974 76 
439040 83 
439200 64 
439482 256 
439587 61 
439693 150 
439693 68 
439693 65
439769 92 
440221 90 
441230 103 
441230 101 
441733 100 
441733 3
441733 1573
441733 10
441733 78 
443734 25 
443778 75 
444471 72 
444471 70 
445131 80 
445251 250 
445944 76 
446011 83 
446277 64 
446439 62 
446504 152 
446504 69 
446583 93 
446994 91 
448038 103 
448038 101 
448942 100 
448942 3
448942 1573
448942 11
450944 25 
450988 75 
451684 72 
451684 70 
452355 80 
452461 83 
454967 64 
455542 61 
455607 151 
455607 69 
455676 93 
456099 91 
457141 103 
457141 101 
458046 100 
458046 3
458046 1573
458046 10
460047 25 
462650 75 
463071 73 
463666 72 
463666 70 
466029 250 
466349 71 
466629 80 
466682 83 
467162 64 
467909 62 
467975 150 
467975 68 
467975 65
468051 92 
468544 90 
469507 103 
469507 101 
470013 100 
470013 3
470013 1573
470013 11
472014 25 
472064 75 
472758 72 
472758 70 
473306 80 
473372 83 
473439 64 
473721 256 
473786 61 
473852 151 
473852 69 
473930 93 
474349 91 
474696 91 
475109 91 
475385 103 
475385 101 
476291 100 
476291 3
476291 1573
476291 11
478292 25 
478336 75 
479032 72 
479032 70 
479583 80 
479636 83 
480436 64 
480784 63 
480849 150 
480849 68 
480849 65
480924 92 
481371 90 
482378 103 
482378 101 
482888 100 
482888 3
482888 1573
482888 10
484888 25 
484933 75 
485156 73 
485774 72 
485774 70 
486327 80 
486380 83 
486593 64 
486875 62 
486940 150 
486940 68 
486940 65
487018 92 
487544 90 
488474 103 
488474 101 
488979 100 
488979 3
488979 1573
488979 11
490979 25 
491024 75 
491718 72 
491718 70 
492271 80 
492324 83 
492751 64 
492912 256 
492977 63 
493044 150 
493044 68 
493044 65
493123 92 
494576 103 
494576 101 
495087 100 
495087 3
495087 1573
495087 11
497085 25 
497128 75 
497821 72 
497821 70 
498375 80 
498428 83 
498642 64 
498883 63 
498948 150 
498948 68 
498948 65
499028 92 
500481 103 
500481 101 
500988 100 
500988 3
500988 1573
500988 10
502987 25 
503032 75 
506420 73 
507011 72 
507011 70 
507558 80 
507611 83 
508038 64 
508280 62 
508344 150 
508344 68 
508344 65
508423 92 
508921 90 
509876 103 
509876 101 
510382 100 
510382 3
510382 1573
510382 11
512383 25 
512428 75 
513124 72 
513124 70 
513675 80 
513730 83 
513888 64 
514290 256 
514355 61 
514422 153 
514422 68 
514422 65
514493 92 
514939 90 
515954 103 
515954 101 
516461 100 
516461 3
516461 1573
516461 10
518461 25 
518506 75 
519201 72 
519201 70 
519753 80 
519819 83 
519993 64 
520234 62 
520299 150 
520299 68 
520299 65
520374 92 
520898 90 
521831 103 
521831 101 
522339 100 
522339 3
522339 1573
522339 11
524340 25 
524383 75 
525075 72 
525075 70 
525630 80 
525683 83 
525843 64 
526138 61 
526203 151 
526203 69 
526279 93 
526692 91 
526985 91 
527330 91 
527734 103 
527734 101 
528642 100 
528642 3
528642 1573
528642 10
530642 25 
530687 75 
531380 72 
531380 70 
531934 80 
531987 83 
532414 64 
532709 62 
532774 150 
532774 68 
532774 65
532848 92 
533349 90 
534304 103 
534304 101 
534813 100 
534813 3
534813 1573
534813 10
536813 25 
536861 75 
537554 72 
537554 70 
538105 80 
538171 83 
538238 64 
538426 256 
538491 62 
538558 150 
538558 68 
538558 65
538635 92 
540090 103 
540090 101 
540599 100 
540599 3
540599 1573
540599 11
542597 25 
542642 75 
543332 72 
543332 70 
543876 80 
543942 83 
543996 64 
544291 256 
544422 61 
544489 151 
544489 69 
544568 93 
544961 91 
545452 91 
545725 91 
546022 103 
546022 101 
546928 100 
546928 3
546928 1573
546928 11
548929 25 
548977 75 
549669 72 
549669 70 
550220 80 
550273 83 
550899 64 
551394 256 
551686 62 
551820 151 
551820 69 
551901 93 
552329 91 
552413 91 
553350 103 
553350 101 
554257 100 
554257 3
554257 1573
554257 11
556258 25 
556307 75 
556998 72 
556998 70 
557656 80 
557710 83 
558989 64 
559325 256 
559442 62 
559509 151 
559509 69 
559579 93 
560045 91 
560258 91 
561042 103 
561042 101 
561947 100 
561947 3
561947 1573
561947 10
563948 25 
563993 75 
564690 72 
564690 70 
565347 80 
565400 83 
565773 64 
566040 62 
566159 150 
566159 68 
566159 65
566235 92 
567691 103 
567691 101 
568198 100 
568198 3
568198 1573
568198 10
570200 25 
570244 75 
570935 72 
570935 70 
571584 80 
571690 83 
571797 64 
571932 62 
571997 150 
571997 68 
571997 65
572074 92 
573528 103 
573528 101 
574035 100 
574035 3
574035 1573
574035 10
576037 25 
576084 75 
576777 72 
576777 70 
577435 80 
577501 250 
578061 76 
578128 83 
578301 64 
578476 62 
578541 150 
578541 68 
578541 65
578621 92 
580071 103 
580071 101 
580579 100 
580579 3
580579 1573
580579 10
582581 25 
582627 75 
583318 72 
583318 70 
583872 80 
583939 250 
584498 76 
584565 83 
584778 64 
585006 62 
585071 150 
585071 68 
585071 65
585151 92 
586605 103 
586605 101 
587111 100 
587111 3
587111 1573
587111 10
589112 25 
589157 75 
589849 72 
589849 70 
590403 80 
590457 83 
590562 64 
590751 62 
590816 152 
590816 69 
590889 93 
591328 91 
592349 103 
592349 101 
593254 100 
593254 3
593254 1573
593254 11
595255 25 
595300 75 
597275 73 
597867 72 
597867 70 
598412 80 
598479 83 
599559 64 
600600 256 
600665 61 
600718 151 
600718 69 
600788 93 
601229 91 
601650 91 
602113 91 
602249 103 
602249 101 
603158 100 
603158 3
603158 1573
603158 11
605157 25 
605202 75 
605898 72 
605898 70 
606449 80 
606502 83 
607102 64 
607823 61 
607875 151 
607875 69 
607946 93 
608426 91 
609053 91 
609143 91 
609409 103 
609409 101 
610319 100 
610319 3
610319 1573
610319 11
612316 25 
612360 75 
613056 72 
613056 70 
613606 80 
613659 83 
614032 64 
614794 256 
614859 61 
614912 151 
614912 69 
614983 93 
615474 91 
616445 103 
616445 101 
617351 100 
617351 3
617351 1573
617351 11
619351 25 
619396 75 
620090 72 
620090 70 
620630 80 
620683 83 
622815 64 
624723 62 
624788 151 
624788 69 
624861 93 
625442 91 
626320 103 
626320 101 
627227 100 
627227 3
627227 1573
627227 11
629227 25 
629272 75 
629966 72 
629966 70 
630519 80 
630572 83 
631532 64 
632240 256 
632371 63 
632438 150 
632438 68 
632438 65
632517 92 
632979 90 
633970 103 
633970 101 
634477 100 
634477 3
634477 1573
634477 11
636478 25 
636526 75 
637218 72 
637218 70 
637769 80 
637822 83 
638036 64 
638265 256 
638329 63 
638396 150 
638396 68 
638396 65
638476 92 
639928 103 
639928 101 
640433 100 
640433 3
640433 1573
640433 11
642435 25 
642494 75 
643187 72 
643187 70 
643740 80 
643793 83 
644006 64 
644235 256 
644300 63 
644366 150 
644366 68 
644366 65
644446 92 
645898 103 
645898 101 
646407 100 
646407 3
646407 1573
646407 10
648406 25 
648450 75 
649142 72 
649142 70 
649684 80 
649737 83 
650057 64 
650404 62 
650470 152 
650470 69 
650542 93 
651338 91 
652004 103 
652004 101 
652914 100 
652914 3
652914 1573
652914 11
654911 25 
654955 75 
655645 72 
655645 70 
656188 80 
656241 83 
657041 64 
658415 61 
658480 151 
658480 69 
658553 93 
659171 91 
660014 103 
660014 101 
660920 100 
660920 3
660920 1573
660920 10
662920 25 
662964 75 
663656 72 
663656 70 
664198 80 
664251 83 
665637 64 
666078 256 
666144 62 
666210 150 
666210 68 
666210 65
666281 92 
666710 90 
667741 103 
667741 101 
668251 100 
668251 3
668251 1573
668251 10
670250 25 
670294 75 
670988 72 
670988 70 
671541 80 
671608 250 
673314 76 
673381 83 
673820 64 
674048 62 
674114 150 
674114 68 
674114 65
674191 92 
674683 90 
675642 103 
675642 101 
676152 100 
676152 3
676152 1573
676152 10
678153 25 
678201 75 
678897 72 
678897 70 
679551 80 
679618 83 
679724 64 
679913 62 
679978 150 
679978 68 
679978 65
680055 92 
681511 103 
681511 101 
682020 100 
682020 3
682020 1573
682020 10
684020 25 
684062 75 
684757 72 
684757 70 
685309 80 
685375 250 
685935 76 
685988 83 
686148 64 
686350 62 
686415 150 
686415 68 
686415 65
686494 92 
687945 103 
687945 101 
688455 100 
688455 3
688455 1573
688455 11
690454 25 
690499 75 
691194 72 
691194 70 
691746 80 
691813 83 
691879 64 
692108 63 
692173 152 
692173 69 
692250 93 
692737 91 
693031 91 
693373 91 
693532 91 
693708 103 
693708 101 
694624 100 
694624 3
694624 1573
694624 10
696626 25 
698972 75 
699821 73 
700375 73 
703665 73 
704732 73 
705326 72 
705326 70 
705873 80 
705940 83 
706433 64 
706995 62 
707060 150 
707060 68 
707060 65
707131 92 
707851 90 
708589 103 
708589 101 
709098 100 
709098 3
709098 1573
709098 10
711099 25 
711144 75 
711838 72 
711838 70 
712391 80 
712444 83 
712710 64 
714512 61 
714576 151 
714576 69 
714647 93 
715165 91 
716107 103 
716107 101 
717015 100 
717015 3
717015 1573
717015 11
719017 25 
719073 75 
719768 72 
719768 70 
720320 80 
720387 83 
724066 64 
725306 256 
725372 62 
725438 151 
725438 69 
725509 93 
726247 91 
726581 91 
726968 103 
726968 101 
727877 100 
727877 3
727877 1573
727877 11
729878 25 
729926 75 
730621 72 
730621 70 
731169 80 
731223 83 
732609 64 
732782 256 
734862 62 
734928 151 
734928 69 
735004 93 
735585 91 
736462 103 
736462 101 
737368 100 
737368 3
737368 1573
737368 11
739368 25 
739415 75 
740107 72 
740107 70 
740659 80 
740725 83 
741045 64 
741806 256 
741991 61 
742058 151 
742058 69 
742132 93 
742606 91 
743404 91 
743596 103 
743596 101 
744510 100 
744510 3
744510 1573
744510 11
746510 25 
746555 75 
747248 72 
747248 70 
747802 80 
747869 83 
749308 64 
750456 62 
750521 151 
750521 69 
750592 93 
751179 91 
751455 91 
752053 103 
752053 101 
752959 100 
752959 3
752959 1573
752959 10
754960 25 
756178 75 
756873 72 
756873 70 
757425 80 
757491 83 
757811 64 
758106 62 
758171 150 
758171 68 
758171 65
758250 92 
758707 90 
759701 103 
759701 101 
760214 100 
760214 3
760214 1573
760214 10
762213 25 
762269 75 
762962 72 
762962 70 
763515 80 
763582 83 
763742 64 
763863 256 
763930 62 
763995 150 
763995 68 
763995 65
764071 92 
765174 90 
765524 103 
765524 101 
766034 100 
766034 3
766034 1573
766034 10
768034 25 
768092 75 
768787 72 
768787 70 
769340 80 
769393 83 
769513 64 
769687 256 
769753 62 
769819 150 
769819 68 
769819 65
769896 92 
771353 103 
771353 101 
771860 100 
771860 3
771860 1573
771860 11
773859 25 
773904 75 
774599 72 
774599 70 
775150 80 
775204 83 
775377 64 
775605 256 
775670 63 
775737 150 
775737 68 
775737 65
775813 92 
777266 103 
777266 101 
777777 100 
777777 3
777777 1573
777777 11
779777 25 
779821 75 
780514 72 
780514 70 
781188 80 
781241 83 
781414 64 
781669 63 
781734 150 
781734 68 
781734 65
781813 92 
783265 103 
783265 101 
783775 100 
783775 3
783775 1573
783775 10
785775 25 
785818 75 
786509 72 
786509 70 
787052 80 
787105 83 
787225 64 
787414 256 
787479 62 
787545 150 
787545 68 
787545 65
787627 92 
788075 90 
789078 103 
789078 101 
789584 100 
789584 3
789584 1573
789584 10
791584 25 
791629 75 
792322 72 
792322 70 
792876 80 
792930 83 
793050 64 
793251 62 
793316 150 
793316 68 
793316 65
793395 92 
794849 103 
794849 101 
795356 100 
795356 3
795356 1573
795356 11
797356 25 
797404 75 
798095 72 
798095 70 
798647 80 
798714 250 
799447 76 
800393 76 
800460 83 
800780 64 
801075 63 
801139 150 
801139 68 
801139 65
801221 92 
802673 103 
802673 101 
803180 100 
803180 3
803180 1573
803180 10
805179 25 
805227 75 
805918 72 
805918 70 
806470 80 
806524 83 
806590 64 
806765 256 
806830 62 
806897 150 
806897 68 
806897 65
806973 92 
808427 103 
808427 101 
808937 100 
808937 3
808937 1573
808937 11
810937 25 
811150 75 
811845 72 
811845 70 
812388 80 
812441 83 
812774 64 
813016 63 
813081 150 
813081 68 
813081 65
813159 92 
814614 103 
814614 101 
815120 100 
815120 3
815120 1573
815120 10
817122 25 
817169 75 
817861 72 
817861 70 
818412 80 
818532 250 
819105 76 
819172 83 
819438 64 
819613 62 
819678 150 
819678 68 
819678 65
819754 92 
820334 90 
821207 103 
821207 101 
821716 100 
821716 3
821716 1573
821716 11
823718 25 
823766 75 
824336 73 
824927 72 
824927 70 
825476 80 
825529 83 
825742 64 
825971 256 
826035 63 
826102 150 
826102 68 
826102 65
826180 92 
827632 103 
827632 101 
828154 100 
828154 3
828154 1573
828154 10
830155 25 
830200 75 
830890 72 
830890 70 
831593 250 
831966 71 
832193 80 
832246 83 
833526 64 
833740 256 
833807 62 
833872 152 
833872 69 
833951 93 
835404 103 
835404 101 
836310 100 
836310 3
836310 1573
836310 10
838312 25 
838361 75 
839051 72 
839051 70 
839603 80 
839656 83 
856689 252 
857264 62 
857329 150 
857329 68 
857329 65
857402 92 
857949 90 
858861 103 
858861 101 
859368 100 
859368 3
859368 1573
859368 10
861368 25 
861415 75 
862105 72 
862105 70 
862647 80 
862713 83 
862980 64 
863275 62 
863340 150 
863340 68 
863340 65
863417 92 
863864 90 
864871 103 
864871 101 
865379 100 
865379 3
865379 1573
865379 10
867379 25 
867425 75 
868117 72 
868117 70 
868671 80 
868737 83 
872896 64 
873069 256 
873137 62 
873202 150 
873202 68 
873202 65
873281 92 
873764 90 
874739 103 
874739 101 
875254 100 
875254 3
875254 1573
875254 10
877255 25 
877299 75 
877996 72 
877996 70 
878547 80 
878600 83 
882745 64 
882973 256 
883051 62 
883171 150 
883171 68 
883171 65
883250 92 
883637 90 
884703 103 
884703 101 
885210 100 
885210 2
885210 1573
885210 11
885210 78 
887211 25 
887256 75 
887950 72 
887950 70 
888582 80 
888649 83 
892194 64 
893089 62 
893154 150 
893154 68 
893154 65
893229 92 
893722 90 
894687 103 
894687 101 
895193 100 
895193 2
895193 1573
895193 10
897193 25 
897239 75 
897929 72 
897929 70 
898471 80 
898525 83 
898844 64 
899500 63 
899564 151 
899564 69 
899646 93 
900115 91 
900530 91 
900980 91 
901099 103 
901099 101 
902003 100 
902003 2
902003 1573
902003 11
904005 25 
904052 75 
904743 72 
904743 70 
905295 80 
905348 83 
906415 64 
907014 61 
907149 151 
907149 69 
907227 93 
907763 91 
908419 91 
908681 103 
908681 101 
909587 100 
909587 2
909587 1573
909587 11
911586 25 
914474 75 
915167 72 
915167 70 
915717 80 
915771 83 
916464 64 
917398 62 
917463 151 
917463 69 
917537 93 
918000 91 
918995 103 
918995 101 
919903 100 
919903 2
919903 1573
919903 11
921903 25 
921947 75 
922639 72 
922639 70 
923181 80 
923234 83 
923607 64 
924809 256 
924873 63 
924940 150 
924940 68 
924940 65
925014 92 
925428 90 
926473 103 
926473 101 
926979 100 
926979 2
926979 1573
926979 11
928980 25 
929037 75 
929728 72 
929728 70 
930271 80 
930324 83 
930764 64 
930937 256 
931006 63 
931071 152 
931071 69 
931147 93 
931596 91 
931983 91 
932165 91 
932501 91 
932604 103 
932604 101 
933510 100 
933510 2
933510 1573
933510 11
935510 25 
935558 75 
936249 72 
936249 70 
936802 80 
936868 83 
937681 64 
939082 62 
939147 151 
939147 69 
939221 93 
939661 91 
940682 103 
940682 101 
941587 100 
941587 2
941587 1573
941587 10
943587 25 
943631 75 
944322 72 
944322 70 
944865 80 
944931 83 
945251 64 
945427 256 
945491 62 
945558 151 
945558 69 
945638 93 
946112 91 
946877 91 
947091 103 
947091 101 
947997 100 
947997 2
947997 1573
947997 10
950000 25 
950042 75 
950735 72 
950735 70 
951289 80 
951342 83 
951769 64 
952570 61 
952636 150 
952636 68 
952636 65
952708 92 
953121 90 
954165 103 
954165 101 
954674 100 
954674 2
954674 1573
954674 11
956674 25 
956722 75 
957416 72 
957416 70 
957966 80 
958019 83 
960045 64 
960486 256 
960552 62 
960618 151 
960618 69 
960688 93 
962149 103 
962149 101 
963057 100 
963057 2
963057 1573
963057 11
965057 25 
965103 75 
965799 72 
965799 70 
966349 80 
966402 83 
967749 64 
968190 256 
968312 61 
968375 151 
968375 69 
968450 93 
968880 91 
969472 91 
969906 103 
969906 101 
970813 100 
970813 2
970813 1573
970813 11
972814 25 
972858 75 
973549 72 
973549 70 
974092 80 
974146 83 
974306 64 
975067 256 
975132 61 
975185 153 
975185 68 
975185 65
975255 92 
975647 90 
976719 103 
976719 101 
977225 100 
977225 2
977225 1573
977225 11
979225 25 
979282 75 
979975 72 
979975 70 
980516 80 
980570 83 
980636 64 
980971 256 
981036 61 
981103 151 
981103 69 
981180 93 
981581 91 
982133 91 
982634 103 
982634 101 
983541 100 
983541 2
983541 1573
983541 10
985543 25 
985586 75 
986281 72 
986281 70 
986834 80 
986900 83 
987220 64 
987661 256 
987727 61 
987793 150 
987793 68 
987793 65
987871 92 
988275 90 
989323 103 
989323 101 
989832 100 
989832 2
989832 1573
989832 10
991833 25 
991877 75 
992568 72 
992568 70 
993298 80 
993404 250 
994151 76 
994844 76 
994950 83 
995163 64 
995417 61 
995483 150 
995483 68 
995483 65
995563 92 
996059 90 
997016 103 
997016 101 
997522 100 
997522 2
997522 1573
997522 10
999522 25 
999567 75 
1000260 72 
1000260 70 
1000814 80 
1000881 250 
1001162 76 
1003027 76 
1003093 83 
1003267 64 
1003495 256 
1003560 61 
1003627 150 
1003627 68 
1003627 65
1003707 92 
1004084 90 
1005157 103 
1005157 101 
1005666 100 
1005666 2
1005666 1573
1005666 10
1007667 25 
1007725 75 
1008419 72 
1008419 70 
1008971 80 
1009024 83 
1011103 64 
1012877 61 
1012943 150 
1012943 68 
1012943 65
1013016 92 
1013430 90 
1014472 103 
1014472 101 
1014982 100 
1014982 2
1014982 1573
1014982 10
1016983 25 
1017030 75 
1017725 72 
1017725 70 
1018274 80 
1018340 83 
1018447 64 
1018740 61 
1018807 150 
1018807 68 
1018807 65
1018886 92 
1019450 90 
1020336 103 
1020336 101 
1020846 100 
1020846 2
1020846 1573
1020846 11
1022847 25 
1023287 75 
1023980 72 
1023980 70 
1024524 80 
1024578 83 
1024951 64 
1025232 256 
1025297 63 
1025364 150 
1025364 68 
1025364 65
1025442 92 
1026898 103 
1026898 101 
1027403 100 
1027403 2
1027403 1573
1027403 10
1029404 25 
1029452 75 
1030144 72 
1030144 70 
1030695 80 
1030762 250 
1030990 76 
1031350 76 
1031415 83 
1031521 64 
1031695 62 
1031762 150 
1031762 68 
1031762 65
1031837 92 
1033071 90 
1033293 103 
1033293 101 
1033801 100 
1033801 2
1033801 1573
1033801 10
1035802 25 
1035849 75 
1036542 72 
1036542 70 
1037092 80 
1037159 83 
1037279 64 
1037454 256 
1037519 61 
1037585 150 
1037585 68 
1037585 65
1037663 92 
1038556 90 
1039119 103 
1039119 101 
1039625 100 
1039625 2
1039625 1573
1039625 11
1041625 25 
1041670 75 
1042365 72 
1042365 70 
1042916 80 
1042983 83 
1043196 64 
1043530 63 
1043596 152 
1043596 69 
1043675 93 
1044109 91 
1045130 103 
1045130 101 
1046034 100 
1046034 2
1046034 1573
1046034 10
1048035 25 
1048080 75 
1048771 72 
1048771 70 
1049314 80 
1049367 83 
1049527 64 
1050033 61 
1050100 150 
1050100 68 
1050100 65
1050171 92 
1050566 90 
1051630 103 
1051630 101 
1052139 100 
1052139 2
1052139 1573
1052139 11
1054141 25 
1054188 75 
1054881 72 
1054881 70 
1055431 80 
1055498 83 
1057257 64 
1058565 62 
1058630 151 
1058630 69 
1058704 93 
1059236 91 
1060160 103 
1060160 101 
1061070 100 
1061070 2
1061070 1573
1061070 11
1063070 25 
1063129 75 
1063823 72 
1063823 70 
1064374 80 
1064441 250 
1065947 76 
1066000 83 
1066267 64 
1066508 61 
1066573 151 
1066573 69 
1066647 93 
1067068 91 
1067405 91 
1067821 91 
1068107 103 
1068107 101 
1069011 100 
1069011 2
1069011 1573
1069011 11
1071012 25 
1071057 75 
1071748 72 
1071748 70 
1073090 71 
1073357 80 
1073410 83 
1074956 64 
1075678 61 
1075743 151 
1075743 69 
1075812 93 
1076224 91 
1077273 103 
1077273 101 
1078183 100 
1078183 2
1078183 1573
1078183 10
1080181 25 
1083179 75 
1083871 72 
1083871 70 
1084419 80 
1084485 83 
1084752 64 
1085167 61 
1085232 150 
1085232 68 
1085232 65
1085313 92 
1085718 90 
1085833 90 
1086765 103 
1086765 101 
1087272 100 
1087272 2
1087272 1573
1087272 10
1089272 25 
1089319 75 
1090014 72 
1090014 70 
1090563 80 
1090616 83 
1090883 64 
1091391 61 
1091456 150 
1091456 68 
1091456 65
1091535 92 
1091989 90 
1092989 103 
1092989 101 
1093494 100 
1093494 2
1093494 1573
1093494 11
1095496 25 
1095544 75 
1096237 72 
1096237 70 
1096907 80 
1096960 83 
1097280 64 
1097666 63 
1097733 152 
1097733 69 
1097809 93 
1098184 91 
1099263 103 
1099263 101 
1100172 100 
1100172 2
1100172 1573
1100172 11
1102173 25 
1102512 75 
1103203 72 
1103203 70 
1103757 80 
1103811 83 
1104397 64 
1106398 62 
1106463 151 
1106463 69 
1106539 93 
1107077 91 
1107994 103 
1107994 101 
1108902 100 
1108902 2
1108902 1573
1108902 11
1110903 25 
1110946 75 
1111638 72 
1111638 70 
1112180 80 
1112247 83 
1112673 64 
1114074 256 
1114139 61 
1114206 151 
1114206 69 
1114275 93 
1114739 91 
1115740 103 
1115740 101 
1116645 100 
1116645 2
1116645 1573
1116645 10
1118647 25 
1118720 75 
1119805 73 
1120399 72 
1120399 70 
1120523 250 
1120737 71 
1121163 80 
1121216 83 
1121376 64 
1121618 61 
1121683 150 
1121683 68 
1121683 65
1121766 92 
1122274 90 
1123214 103 
1123214 101 
1123723 100 
1123723 2
1123723 1573
1123723 10
1125722 25 
1125770 75 
1126462 72 
1126462 70 
1127014 80 
1127081 83 
1127147 64 
1127374 61 
1127441 150 
1127441 68 
1127441 65
1127515 92 
1128648 90 
1128971 103 
1128971 101 
1129479 100 
1129479 2
1129479 1573
1129479 11
1131479 25 
1132896 75 
1133588 72 
1133588 70 
1134131 80 
1134184 83 
1135890 64 
1136290 62 
1136357 151 
1136357 69 
1136426 93 
1136837 91 
1137888 103 
1137888 101 
1138797 100 
1138797 2
1138797 1573
1138797 11
1140797 25 
1140841 75 
1141534 72 
1141534 70 
1142088 80 
1142141 83 
1143207 64 
1144075 256 
1144140 61 
1144193 151 
1144193 69 
1144266 93 
1144814 91 
1145725 103 
1145725 101 
1146634 100 
1146634 2
1146634 1573
1146634 10
1148632 25 
1149642 75 
1151814 73 
1152404 72 
1152404 70 
1152950 80 
1153003 83 
1153270 64 
1153617 61 
1153669 150 
1153669 68 
1153669 65
1153745 92 
1154547 90 
1155199 103 
1155199 101 
1155709 100 
1155709 2
1155709 1573
1155709 11
1157708 25 
1157766 75 
1158458 72 
1158458 70 
1159014 80 
1159067 83 
1159920 64 
1160215 256 
1160280 63 
1160346 150 
1160346 68 
1160346 65
1160427 92 
1161875 103 
1161875 101 
1162386 100 
1162386 2
1162386 1573
1162386 11
1164386 25 
1165726 75 
1166419 72 
1166419 70 
1166970 80 
1167024 83 
1167557 64 
1167903 63 
1167970 150 
1167970 68 
1167970 65
1168049 92 
1169500 103 
1169500 101 
1170009 100 
1170009 2
1170009 1573
1170009 11
1172010 25 
1172209 75 
1172922 73 
1173513 72 
1173513 70 
1174061 80 
1174114 83 
1174327 64 
1174568 256 
1174634 63 
1174700 152 
1174700 69 
1174778 93 
1175497 91 
1175866 91 
1176061 91 
1176232 103 
1176232 101 
1177140 100 
1177140 2
1177140 1573
1177140 10
1179139 25 
1180469 75 
1181162 72 
1181162 70 
1181711 80 
1181777 83 
1181897 64 
1182190 61 
1182257 150 
1182257 68 
1182257 65
1182337 92 
1182840 90 
1183791 103 
1183791 101 
1184296 100 
1184296 2
1184296 1573
1184296 11
1186297 25 
1186346 75 
1187037 72 
1187037 70 
1187588 80 
1187655 83 
1188828 64 
1189136 62 
1189201 151 
1189201 69 
1189272 93 
1189701 91 
1190025 91 
1190734 103 
1190734 101 
1191640 100 
1191640 2
1191640 1573
1191640 11
1193641 25 
1193685 75 
1194380 72 
1194380 70 
1194932 80 
1194985 83 
1195838 64 
1196813 256 
1196878 61 
1196984 151 
1196984 69 
1197058 93 
1197488 91 
1198137 91 
1198515 103 
1198515 101 
1199423 100 
1199423 2
1199423 1573
1199423 10
1201423 25 
1201468 75 
1202159 72 
1202159 70 
1202822 80 
1202928 250 
1203635 76 
1204209 76 
1204341 83 
1204448 64 
1204771 61 
1204888 150 
1204888 68 
1204888 65
1204969 92 
1205539 90 
1206418 103 
1206418 101 
1206927 100 
1206927 2
1206927 1573
1206927 10
1208926 25 
1208972 75 
1209663 72 
1209663 70 
1210312 80 
1210418 83 
1210632 64 
1210847 61 
1210965 150 
1210965 68 
1210965 65
1211045 92 
1212499 103 
1212499 101 
1213004 100 
1213004 2
1213004 1573
1213004 10
1215003 25 
1215049 75 
1215745 72 
1215745 70 
1216403 80 
1216456 83 
1216576 64 
1216882 61 
1216949 150 
1216949 68 
1216949 65
1217025 92 
1218226 90 
1218482 103 
1218482 101 
1218989 100 
1218989 2
1218989 1573
1218989 10
1220988 25 
1221033 75 
1221376 73 
1221969 72 
1221969 70 
1222813 250 
1223293 71 
1224146 71 
1224519 71 
1224679 71 
1224946 80 
1225052 83 
1225612 64 
1225827 256 
1225892 61 
1226012 150 
1226012 68 
1226012 65
1226091 92 
1226733 90 
1227545 103 
1227545 101 
1228050 100 
1228050 2
1228050 1573
1228050 11
1230052 25 
1230657 75 
1231348 72 
1231348 70 
1232009 80 
1232063 83 
1232382 64 
1232558 256 
1232689 63 
1232756 150 
1232756 68 
1232756 65
1232838 92 
1234285 103 
1234285 101 
1234798 100 
1234798 2
1234798 1573
1234798 11
1236796 25 
1236873 75 
1237088 73 
1237720 72 
1237720 70 
1238273 80 
1238340 83 
1238500 64 
1238809 63 
1238873 150 
1238873 68 
1238873 65
1238955 92 
1240407 103 
1240407 101 
1240913 100 
1240913 2
1240913 1573
1240913 10
1242912 25 
1242957 75 
1243647 72 
1243647 70 
1244191 80 
1244244 83 
1244364 64 
1244659 61 
1244724 150 
1244724 68 
1244724 65
1244798 92 
1245559 90 
1246253 103 
1246253 101 
1246763 100 
1246763 2
1246763 1573
1246763 10
1248763 25 
1248889 75 
1249579 72 
1249579 70 
1250122 80 
1250175 83 
1254546 64 
1254828 256 
1254893 61 
1254959 150 
1254959 68 
1254959 65
1255039 92 
1255496 90 
1256493 103 
1256493 101 
1256999 100 
1256999 2
1256999 1573
1256999 11
1259000 25 
1259044 75 
1260522 73 
1261113 72 
1261113 70 
1261663 80 
1261717 83 
1261997 64 
1262291 63 
1262356 150 
1262356 68 
1262356 65
1262435 92 
1263891 103 
1263891 101 
1264395 100 
1264395 2
1264395 1573
1264395 10
1266396 25 
1266440 75 
1267136 72 
1267136 70 
1267687 80 
1267741 83 
1267861 64 
1268089 256 
1268154 61 
1268220 150 
1268220 68 
1268220 65
1268298 92 
1269046 90 
1269753 103 
1269753 101 
1270259 100 
1270259 2
1270259 1573
1270259 11
1272259 25 
1272305 75 
1272999 72 
1272999 70 
1273552 80 
1273618 83 
1273778 64 
1274073 63 
1274138 150 
1274138 68 
1274138 65
1274214 92 
1275670 103 
1275670 101 
1276176 100 
1276176 2
1276176 1573
1276176 11
1278178 25 
1279707 75 
1280399 72 
1280399 70 
1280948 80 
1281015 83 
1281561 64 
1282656 256 
1282948 62 
1283001 151 
1283001 69 
1283073 93 
1283543 91 
1284100 91 
1284535 103 
1284535 101 
1285440 100 
1285440 2
1285440 1573
1285440 10
1287441 25 
1287485 75 
1288178 72 
1288178 70 
1288732 80 
1288785 83 
1288998 64 
1289293 61 
1289358 152 
1289358 69 
1289433 93 
1289947 91 
1290276 91 
1290677 91 
1290891 103 
1290891 101 
1291799 100 
1291799 6
1291799 1573
1291799 10
1291799 78 
1293797 25 
1293843 75 
1294535 72 
1294535 70 
1295089 80 
1295156 83 
1295756 64 
1296384 61 
1296448 151 
1296448 69 
1296520 93 
1296926 91 
1297297 91 
1297826 91 
1297982 103 
1297982 101 
1298887 100 
1298887 6
1298887 1573
1298887 10
1300888 25 
1300932 75 
1301626 72 
1301626 70 
1302179 80 
1302246 83 
1302513 64 
1303126 61 
1303192 151 
1303192 69 
1303268 93 
1303865 91 
1304725 103 
1304725 101 
1305632 100 
1305632 6
1305632 1573
1305632 11
1307632 25 
1307689 75 
1308380 72 
1308380 70 
1308923 80 
1308976 83 
1309989 64 
1312416 61 
1312468 150 
1312468 68 
1312468 65
1312539 92 
1313116 90 
1314000 103 
1314000 101 
1314507 100 
1314507 6
1314507 1573
1314507 11
1316509 25 
1316552 75 
1317244 72 
1317244 70 
1317786 80 
1317839 83 
1318212 64 
1319160 61 
1319225 150 
1319225 68 
1319225 65
1319306 92 
1319694 90 
1320756 103 
1320756 101 
1321266 100 
1321266 6
1321266 1573
1321266 11
1323266 25 
1323323 75 
1324013 72 
1324013 70 
1324556 80 
1324610 83 
1325356 64 
1325585 256 
1325649 61 
1325716 150 
1325716 68 
1325716 65
1325791 92 
1326890 90 
1327245 103 
1327245 101 
1327755 100 
1327755 6
1327755 1573
1327755 10
1329755 25 
1329813 75 
1330504 72 
1330504 70 
1331047 80 
1331100 83 
1331314 64 
1332048 63 
1332140 150 
1332140 68 
1332140 65
1332216 92 
1332666 90 
1333673 103 
1333673 101 
1334179 100 
1334179 6
1334179 1573
1334179 10
1336179 25 
1336228 75 
1336921 72 
1336921 70 
1337564 80 
1337645 83 
1337857 64 
1338166 256 
1338257 61 
1338324 153 
1338324 68 
1338324 65
1338405 92 
1338916 90 
1339854 103 
1339854 101 
1340364 100 
1340364 6
1340364 1573
1340364 10
1342363 25 
1342409 75 
1343102 72 
1343102 70 
1343922 250 
1344428 71 
1344921 71 
1345188 80 
1345254 83 
1345641 64 
1345816 256 
1345881 61 
1345947 151 
1345947 69 
1346024 93 
1346454 91 
1347255 91 
1347479 103 
1347479 101 
1348387 100 
1348387 6
1348387 1573
1348387 11
1350386 25 
1350431 75 
1351127 72 
1351127 70 
1351678 80 
1351745 83 
1354091 64 
1354612 61 
1354677 150 
1354677 68 
1354677 65
1354752 92 
1355240 90 
1356207 103 
1356207 101 
1356716 100 
1356716 6
1356716 1573
1356716 11
1358716 25 
1358762 75 
1359453 72 
1359453 70 
1359995 80 
1360061 83 
1360381 64 
1360623 61 
1360688 150 
1360688 68 
1360688 65
1360771 92 
1361975 90 
1362220 103 
1362220 101 
1362729 100 
1362729 6
1362729 1573
1362729 10
1364726 25 
1364776 75 
1365470 72 
1365470 70 
1366019 80 
1366072 83 
1366232 64 
1366527 256 
1366592 61 
1366659 151 
1366659 69 
1366735 93 
1367283 91 
1368095 91 
1368191 103 
1368191 101 
1369099 100 
1369099 6
1369099 1573
1369099 10
1371098 25 
1371143 75 
1371839 72 
1371839 70 
1372389 80 
1372443 83 
1372603 64 
1373137 61 
1373202 151 
1373202 69 
1373278 93 
1373794 91 
1374734 103 
1374734 101 
1375641 100 
1375641 6
1375641 1573
1375641 11
1377643 25 
1377687 75 
1377985 73 
1378575 72 
1378575 70 
1379120 80 
1379173 83 
1379760 64 
1380574 256 
1380639 61 
1380706 150 
1380706 68 
1380706 65
1380778 92 
1381243 90 
1382238 103 
1382238 101 
1382746 100 
1382746 6
1382746 1573
1382746 11
1384746 25 
1384790 75 
1385485 72 
1385485 70 
1386037 80 
1386090 83 
1386210 64 
1386517 61 
1386583 150 
1386583 68 
1386583 65
1386662 92 
1388116 103 
1388116 101 
1388623 100 
1388623 6
1388623 1573
1388623 10
1390622 25 
1390672 75 
1391366 72 
1391366 70 
1391914 80 
1391968 83 
1394060 64 
1394595 61 
1394660 151 
1394660 69 
1394732 93 
1395143 91 
1395713 91 
1396192 103 
1396192 101 
1397100 100 
1397100 6
1397100 1573
1397100 10
1399100 25 
1399144 75 
1399839 72 
1399839 70 
1400391 80 
1400457 83 
1400578 64 
1402591 62 
1402657 151 
1402657 69 
1402733 93 
1403199 91 
1404187 103 
1404187 101 
1405097 100 
1405097 6
1405097 1573
1405097 11
1407096 25 
1407141 75 
1407833 72 
1407833 70 
1408374 80 
1408427 83 
1408867 64 
1409228 61 
1409294 150 
1409294 68 
1409294 65
1409369 92 
1410068 90 
1410826 103 
1410826 101 
1411333 100 
1411333 6
1411333 1573
1411333 10
1413333 25 
1413382 75 
1414072 72 
1414072 70 
1414625 80 
1414678 83 
1415864 64 
1417492 62 
1417557 153 
1417557 68 
1417557 65
1417632 92 
1418104 90 
1419087 103 
1419087 101 
1419597 100 
1419597 6
1419597 1573
1419597 11
1421597 25 
1421641 75 
1422331 72 
1422331 70 
1422875 80 
1422928 83 
1423194 64 
1423528 256 
1423661 61 
1423728 150 
1423728 68 
1423728 65
1423803 92 
1424245 90 
1425258 103 
1425258 101 
1425766 100 
1425766 6
1425766 1573
1425766 11
1427766 25 
1427811 75 
1428504 72 
1428504 70 
1429059 80 
1429112 83 
1429392 64 
1429792 61 
1429858 150 
1429858 68 
1429858 65
1429934 92 
1431389 103 
1431389 101 
1431897 100 
1431897 6
1431897 1573
1431897 10
1433898 25 
1433944 75 
1434634 72 
1434634 70 
1435176 80 
1435376 250 
1436109 76 
1436789 76 
1436855 83 
1437135 64 
1437363 256 
1437428 61 
1437495 151 
1437495 69 
1437568 93 
1438103 91 
1439026 103 
1439026 101 
1439935 100 
1439935 6
1439935 1573
1439935 11
1441934 25 
1441979 75 
1442673 72 
1442673 70 
1443239 80 
1443426 83 
1444039 64 
1446373 256 
1446505 62 
1446611 151 
1446611 69 
1446681 93 
1447283 91 
1447908 91 
1448144 103 
1448144 101 
1449049 100 
1449049 6
1449049 1573
1449049 11
1451051 25 
1451095 75 
1451791 72 
1451791 70 
1452529 80 
1452609 83 
1453088 64 
1453956 256 
1454021 61 
1454101 150 
1454101 68 
1454101 65
1454177 92 
1454579 90 
1455635 103 
1455635 101 
1456141 100 
1456141 6
1456141 1573
1456141 10
1458142 25 
1458187 75 
1458881 72 
1458881 70 
1459539 80 
1459619 83 
1462391 64 
1464698 256 
1464777 61 
1464857 151 
1464857 69 
1464927 93 
1466388 103 
1466388 101 
1467297 100 
1467297 6
1467297 1573
1467297 10
1469296 25 
1469341 75 
1470033 72 
1470033 70 
1470481 71 
1470908 80 
1471094 76 
1471147 83 
1472493 76 
1476132 64 
1477479 61 
1477545 151 
1477545 69 
1477618 93 
1478290 91 
1479077 103 
1479077 101 
1479983 100 
1479983 6
1479983 1573
1479983 10
1481984 25 
1482028 75 
1482723 72 
1482723 70 
1483276 80 
1483329 83 
1484235 64 
1484943 256 
1485008 61 
1485075 151 
1485075 69 
1485143 93 
1485601 91 
1485712 91 
1486052 91 
1486558 91 
1486605 103 
1486605 101 
1487515 100 
1487515 6
1487515 1573
1487515 11
1489515 25 
1489558 75 
1490252 72 
1490252 70 
1490806 80 
1490859 83 
1491299 64 
1491713 61 
1491779 150 
1491779 68 
1491779 65
1491853 92 
1492288 90 
1493307 103 
1493307 101 
1493817 100 
1493817 6
1493817 1573
1493817 11
1495819 25 
1495876 75 
1496568 72 
1496568 70 
1497110 80 
1497163 83 
1497270 64 
1497604 256 
1497736 61 
1497803 150 
1497803 68 
1497803 65
1497879 92 
1498277 90 
1499336 103 
1499336 101 
1499843 100 
1499843 6
1499843 1573
1499843 10
1501843 25 
1501892 75 
1502586 72 
1502586 70 
1503134 80 
1503187 83 
1503507 64 
1504586 256 
1504655 63 
1504720 150 
1504720 68 
1504720 65
1504798 92 
1505222 90 
1506252 103 
1506252 101 
1506759 100 
1506759 6
1506759 1573
1506759 10
1508759 25 
1508804 75 
1509497 72 
1509497 70 
1510051 80 
1510104 83 
1510371 64 
1510651 63 
1510717 150 
1510717 68 
1510717 65
1510793 92 
1512252 103 
1512252 101 
1512758 100 
1512758 6
1512758 1573
1512758 11
1514756 25 
1514801 75 
1515494 72 
1515494 70 
1516035 80 
1516088 83 
1516635 64 
1517089 256 
1517154 63 
1517221 153 
1517221 68 
1517221 65
1517301 92 
1518440 90 
1518753 103 
1518753 101 
1519261 100 
1519261 6
1519261 1573
1519261 10
1521261 25 
1521305 75 
1521999 72 
1521999 70 
1522552 80 
1522605 83 
1523072 64 
1523260 256 
1523325 63 
1523392 150 
1523392 68 
1523392 65
1523469 92 
1524924 103 
1524924 101 
1525431 100 
1525431 6
1525431 1573
1525431 11
1527431 25 
1527476 75 
1528170 72 
1528170 70 
1528723 80 
1528790 83 
1528949 64 
1529444 256 
1529509 61 
1529576 150 
1529576 68 
1529576 65
1529650 92 
1530032 90 
1531108 103 
1531108 101 
1531614 100 
1531614 6
1531614 1573
1531614 10
1533615 25 
1533663 75 
1534355 72 
1534355 70 
1534907 80 
1534960 83 
1535440 64 
1535668 256 
1535733 63 
1535800 150 
1535800 68 
1535800 65
1535875 92 
1537334 103 
1537334 101 
1537842 100 
1537842 6
1537842 1573
1537842 10
1539840 25 
1539884 75 
1540575 72 
1540575 70 
1541118 80 
1541171 83 
1541771 64 
1542758 61 
1542810 151 
1542810 69 
1542881 93 
1543450 91 
1544341 103 
1544341 101 
1545249 100 
1545249 6
1545249 1573
1545249 10
1547250 25 
1547298 75 
1547611 73 
1548273 72 
1548273 70 
1548821 80 
1548874 83 
1549301 64 
1551075 256 
1551140 62 
1551207 151 
1551207 69 
1551283 93 
1552741 103 
1552741 101 
1553648 100 
1553648 6
1553648 1573
1553648 11
1555646 25 
1565685 254 
1565799 75 
1566493 72 
1566493 70 
1567040 80 
1567093 83 
1568759 64 
1569041 256 
1569212 61 
1569279 150 
1569279 68 
1569279 65
1569359 92 
1569830 90 
1570811 103 
1570811 101 
1571318 100 
1571318 6
1571318 1573
1571318 10
1573318 25 
1573377 75 
1574070 72 
1574070 70 
1574730 80 
1574837 83 
1575210 64 
1575505 63 
1575610 150 
1575610 68 
1575610 65
1575684 92 
1576141 90 
1577142 103 
1577142 101 
1577648 100 
1577648 6
1577648 1573
1577648 11
1579650 25 
1579694 75 
1580385 72 
1580385 70 
1581034 80 
1581087 83 
1581300 64 
1581769 61 
1581820 150 
1581820 68 
1581820 65
1581892 92 
1582306 90 
1583351 103 
1583351 101 
1583864 100 
1583864 6
1583864 1573
1583864 11
1585861 25 
1585909 75 
1586602 72 
1586602 70 
1587151 80 
1587218 83 
1588031 64 
1588379 256 
1588444 63 
1588511 153 
1588511 68 
1588511 65
1588586 92 
1589046 90 
1590042 103 
1590042 101 
1590550 100 
1590550 6
1590550 1573
1590550 11
1592550 25 
1592596 75 
1593292 72 
1593292 70 
1593842 80 
1593895 83 
1594162 64 
1594390 256 
1594455 63 
1594521 151 
1594521 69 
1594597 93 
1595163 91 
1595870 91 
1596054 103 
1596054 101 
1596962 100 
1596962 6
1596962 1573
1596962 10
1598961 25 
1599006 75 
1599700 72 
1599700 70 
1600252 80 
1600306 83 
1601425 64 
1601960 256 
1602025 61 
1602092 151 
1602092 69 
1602169 93 
1602638 91 
1603623 103 
1603623 101 
1604530 100 
1604530 6
1604530 1573
1604530 11
1606531 25 
1606579 75 
1607276 72 
1607276 70 
1607822 80 
1607889 83 
1609808 64 
1610303 256 
1610368 61 
1610435 150 
1610435 68 
1610435 65
1610508 92 
1610899 90 
1611890 90 
1611965 103 
1611965 101 
1612475 100 
1612475 6
1612475 1573
1612475 10
1614474 25 
1614519 75 
1615214 72 
1615214 70 
1615766 80 
1615819 83 
1616565 64 
1616900 63 
1616965 150 
1616965 68 
1616965 65
1617041 92 
1617508 90 
1618498 103 
1618498 101 
1619005 100 
1619005 6
1619005 1573
1619005 10
1621005 25 
1621049 75 
1621740 72 
1621740 70 
1622283 80 
1622336 83 
1622816 64 
1623897 62 
1623962 151 
1623962 69 
1624033 93 
1624585 91 
1625010 91 
1625175 91 
1625495 103 
1625495 101 
1626401 100 
1626401 6
1626401 1573
1626401 11
1628402 25 
1628450 75 
1629144 72 
1629144 70 
1629693 80 
1629760 83 
1630200 64 
1630668 61 
1630733 150 
1630733 68 
1630733 65
1630805 92 
1631200 90 
1632267 103 
1632267 101 
1632771 100 
1632771 6
1632771 1573
1632771 10
1634772 25 
1634817 75 
1635510 72 
1635510 70 
1636064 80 
1636117 83 
1636810 64 
1637252 256 
1637317 63 
1637383 150 
1637383 68 
1637383 65
1637455 92 
1637940 90 
1638917 103 
1638917 101 
1639422 100 
1639422 6
1639422 1573
1639422 11
1641424 25 
1641467 75 
1642160 72 
1642160 70 
1642701 80 
1642754 83 
1643567 64 
1644022 256 
1644087 61 
1644154 150 
1644154 68 
1644154 65
1644229 92 
1644655 90 
1645688 103 
1645688 101 
1646193 100 
1646193 6
1646193 1573
1646193 11
1648193 25 
1648237 75 
1648931 72 
1648931 70 
1649485 80 
1649538 83 
1651457 64 
1652112 256 
1652177 61 
1652230 150 
1652230 68 
1652230 65
1652301 92 
1652775 90 
1653760 103 
1653760 101 
1654270 100 
1654270 6
1654270 1573
1654270 10
1656270 25 
1656315 75 
1657007 72 
1657007 70 
1657561 80 
1657628 83 
1658694 64 
1659269 256 
1659989 62 
1660054 151 
1660054 69 
1660122 93 
1660650 91 
1661586 103 
1661586 101 
1662493 100 
1662493 6
1662493 1573
1662493 11
1664493 25 
1664537 75 
1665232 72 
1665232 70 
1665784 80 
1665838 83 
1666797 64 
1667624 61 
1667690 152 
1667690 69 
1667764 93 
1668241 91 
1669222 103 
1669222 101 
1670130 100 
1670130 6
1670130 1573
1670130 10
1672131 25 
1672174 75 
1672866 72 
1672866 70 
1673421 80 
1673474 83 
1674647 64 
1674875 256 
1674941 61 
1675007 151 
1675007 69 
1675082 93 
1675474 91 
1676540 103 
1676540 101 
1677446 100 
1677446 6
1677446 1573
1677446 10
1679446 25 
1679491 75 
1680186 72 
1680186 70 
1680805 80 
1680871 83 
1681218 64 
1681926 256 
1681991 61 
1682058 151 
1682058 69 
1682130 93 
1682629 91 
1683589 103 
1683589 101 
1684496 100 
1684496 6
1684496 1573
1684496 11
1686498 25 
1686543 75 
1687236 72 
1687236 70 
1687855 80 
1687935 83 
1688575 64 
1689056 256 
1689122 61 
1689214 150 
1689214 68 
1689214 65
1689293 92 
1689615 90 
1690745 103 
1690745 101 
1691254 100 
1691254 6
1691254 1573
1691254 10
1693253 25 
1693298 75 
1693989 72 
1693989 70 
1694652 80 
1694732 83 
1694959 64 
1695267 63 
1695360 152 
1695360 69 
1695441 93 
1695817 91 
1696068 91 
1696613 91 
1696815 91 
1696893 103 
1696893 101 
1697798 100 
1697798 6
1697798 1573
1697798 11
1699799 25 
1699842 75 
1700537 72 
1700537 70 
1701196 80 
1701276 83 
1701756 64 
1702064 256 
1702142 61 
1702223 150 
1702223 68 
1702223 65
1702298 92 
1702699 90 
1703753 103 
1703753 101 
1704260 100 
1704260 6
1704260 1573
1704260 10
1706263 25 
1706310 75 
1707004 72 
1707004 70 
1707660 80 
1707713 83 
1708553 64 
1708781 256 
1708873 63 
1708939 150 
1708939 68 
1708939 65
1709016 92 
1709468 90 
1710470 103 
1710470 101 
1710978 100 
1710978 6
1710978 1573
1710978 10
1712980 25 
1713630 75 
1714323 72 
1714323 70 
1714964 80 
1715030 83 
1715310 64 
1715592 256 
1715657 63 
1715723 150 
1715723 68 
1715723 65
1715801 92 
1717255 103 
1717255 101 
1717764 100 
1717764 6
1717764 1573
1717764 11
1719763 25 
1719846 75 
1720539 72 
1720539 70 
1721081 80 
1721134 83 
1721667 64 
1721895 256 
1721961 63 
1722014 151 
1722014 69 
1722092 93 
1722567 91 
1723263 91 
1723546 103 
1723546 101 
1724456 100 
1724456 6
1724456 1573
1724456 11
1726453 25 
1726497 75 
1727189 72 
1727189 70 
1727731 80 
1727785 83 
1728371 64 
1728972 256 
1729038 61 
1729104 150 
1729104 68 
1729104 65
1729178 92 
1729666 90 
1730636 103 
1730636 101 
1731143 100 
1731143 6
1731143 1573
1731143 11
1733144 25 
1733188 75 
1733884 72 
1733884 70 
1734435 80 
1734502 83 
1734875 64 
1735157 256 
1735222 61 
1735288 150 
1735288 68 
1735288 65
1735363 92 
1735778 90 
1736820 103 
1736820 101 
1737328 100 
1737328 6
1737328 1573
1737328 10
1739328 25 
1739376 75 
1740068 72 
1740068 70 
1740619 80 
1740673 83 
1741312 64 
1741647 256 
1741712 63 
1741779 150 
1741779 68 
1741779 65
1741858 92 
1742283 90 
1743311 103 
1743311 101 
1743818 100 
1743818 6
1743818 1573
1743818 11
1745819 25 
1745868 75 
1746563 72 
1746563 70 
1747110 80 
1747177 83 
1747403 64 
1747618 256 
1747683 63 
1747750 151 
1747750 69 
1747822 93 
1748312 91 
1748776 91 
1749060 91 
1749282 103 
1749282 101 
1750188 100 
1750188 6
1750188 1573
1750188 11
1752190 25 
1752234 75 
1752927 72 
1752927 70 
1753480 80 
1753534 83 
1754120 64 
1754668 256 
1755094 61 
1755160 150 
1755160 68 
1755160 65
1755397 90 
1755417 92 
1756694 103 
1756694 101 
1757199 100 
1757199 6
1757199 1573
1757199 10
1759200 25 
1759248 75 
1759942 72 
1759942 70 
1760491 80 
1760544 83 
1762090 64 
1762478 256 
1762543 63 
1762610 152 
1762610 69 
1762688 93 
1763092 91 
1763287 91 
1764075 91 
1764143 103 
1764143 101 
1765050 100 
1765050 6
1765050 1573
1765050 10
1767049 25 
1767098 75 
1767790 72 
1767790 70 
1768341 80 
1768394 83 
1768714 64 
1769542 256 
1769607 61 
1769674 151 
1769674 69 
1769747 93 
1770265 91 
1771087 91 
1771211 103 
1771211 101 
1772127 100 
1772127 6
1772127 1573
1772127 11
1774126 25 
1774172 75 
1774865 72 
1774865 70 
1775418 80 
1775484 83 
1775858 64 
1776139 61 
1776204 150 
1776204 68 
1776204 65
1776281 92 
1777360 90 
1777738 103 
1777738 101 
1778244 100 
1778244 6
1778244 1573
1778244 10
1780246 25 
1780288 75 
1780980 72 
1780980 70 
1781522 80 
1781575 83 
1782655 64 
1783003 256 
1783068 63 
1783134 150 
1783134 68 
1783134 65
1783206 92 
1783637 90 
1784664 103 
1784664 101 
1785175 100 
1785175 6
1785175 1573
1785175 11
1787174 25 
1787218 75 
1787910 72 
1787910 70 
1788452 80 
1788506 83 
1788719 64 
1789001 256 
1789065 63 
1789132 151 
1789132 69 
1789212 93 
1790666 103 
1790666 101 
1791572 100 
1791572 6
1791572 1573
1791572 11
1793571 25 
1794879 75 
1795570 72 
1795570 70 
1796116 80 
1796182 83 
1796569 64 
1796917 61 
1796982 150 
1796982 68 
1796982 65
1797062 92 
1797504 90 
1798515 103 
1798515 101 
1799025 100 
1799025 6
1799025 1573
1799025 10
1801023 25 
1801066 75 
1801761 72 
1801761 70 
1802313 80 
1802367 83 
1803339 64 
1803781 256 
1803846 62 
1803912 151 
1803912 69 
1803989 93 
1804428 91 
1805444 103 
1805444 101 
1806351 100 
1806351 6
1806351 1573
1806351 10
1808352 25 
1813676 75 
1814367 72 
1814367 70 
1815161 80 
1815267 83 
1815654 64 
1816577 256 
1816680 61 
1816787 151 
1816787 69 
1816857 93 
1817289 91 
1818087 91 
1818316 103 
1818316 101 
1819226 100 
1819226 6
1819226 1573
1819226 10
1821227 25 
1821271 75 
1821962 72 
1821962 70 
1822611 80 
1822718 83 
1824384 64 
1824639 256 
1824703 63 
1824770 150 
1824770 68 
1824770 65
1824850 92 
1825294 90 
1826300 103 
1826300 101 
1826813 100 
1826813 6
1826813 1573
1826813 11
1828810 25 
1828854 75 
1829546 72 
1829546 70 
1830274 80 
1830328 83 
1837365 64 
1837540 61 
1837658 150 
1837658 68 
1837658 65
1837741 92 
1838169 90 
1839187 103 
1839187 101 
1839698 100 
1839698 6
1839698 1573
1839698 11
1841699 25 
1841879 75 
1842492 73 
1843083 72 
1843083 70 
1843735 80 
1843789 83 
1844108 64 
1844336 256 
1844402 63 
1844468 151 
1844468 69 
1844543 93 
1844914 91 
1845314 91 
1845514 91 
1846002 103 
1846002 101 
1846906 100 
1846906 6
1846906 1573
1846906 11
1848908 25 
1848956 75 
1849647 72 
1849647 70 
1850199 80 
1850253 83 
1850626 64 
1851187 256 
1851252 61 
1851319 150 
1851319 68 
1851319 65
1851395 92 
1851797 90 
1852368 90 
1852850 103 
1852850 101 
1853358 100 
1853358 6
1853358 1573
1853358 11
1855359 25 
1855403 75 
1856096 72 
1856096 70 
1856650 80 
1856703 83 
1857303 64 
1857851 256 
1857916 61 
1857983 150 
1857983 68 
1857983 65
1858060 92 
1858466 90 
1859513 103 
1859513 101 
1860023 100 
1860023 6
1860023 1573
1860023 10
1862022 25 
1862067 75 
1862762 72 
1862762 70 
1863314 80 
1863367 83 
1863700 64 
1863982 256 
1864047 63 
1864113 150 
1864113 68 
1864113 65
1864188 92 
1865646 103 
1865646 101 
1866152 100 
1866152 6
1866152 1573
1866152 10
1868152 25 
1868198 75 
1868889 72 
1868889 70 
1869431 80 
1869484 83 
1869804 64 
1870085 256 
1870151 63 
1870217 150 
1870217 68 
1870217 65
1870296 92 
1871747 103 
1871747 101 
1872256 100 
1872256 6
1872256 1573
1872256 10
1874256 25 
1874301 75 
1874997 72 
1874997 70 
1875548 80 
1875602 83 
1875775 64 
1876016 63 
1876082 152 
1876082 69 
1876160 93 
1876596 91 
1877078 91 
1877480 91 
1877615 103 
1877615 101 
1878522 100 
1878522 6
1878522 1573
1878522 11
1880522 25 
1883937 75 
1884628 72 
1884628 70 
1885171 80 
1885224 83 
1885544 64 
1885892 256 
1885957 61 
1886024 150 
1886024 68 
1886024 65
1886098 92 
1886586 90 
1887557 103 
1887557 101 
1888067 100 
1888067 6
1888067 1573
1888067 10
1890064 25 
1890108 75 
1890803 72 
1890803 70 
1891355 80 
1891408 83 
1891902 64 
1892236 63 
1892301 150 
1892301 68 
1892301 65
1892378 92 
1893834 103 
1893834 101 
1894340 100 
1894340 6
1894340 1573
1894340 10
1896342 25 
1896386 75 
1897080 72 
1897080 70 
1897632 80 
1897699 83 
1897886 64 
1898114 256 
1898179 63 
1898246 150 
1898246 68 
1898246 65
1898323 92 
1899778 103 
1899778 101 
1900284 100 
1900284 6
1900284 1573
1900284 11
1902284 25 
1902331 75 
1903026 72 
1903026 70 
1903577 80 
1903630 83 
1903896 64 
1904231 256 
1904296 61 
1904363 150 
1904363 68 
1904363 65
1904435 92 
1904933 90 
1905895 103 
1905895 101 
1906406 100 
1906406 6
1906406 1573
1906406 11
1908403 25 
1908447 75 
1909142 72 
1909142 70 
1910014 250 
1910547 71 
1910973 80 
1911027 83 
1911466 64 
1911748 256 
1911813 61 
1911880 150 
1911880 68 
1911880 65
1911957 92 
1913412 103 
1913412 101 
1913919 100 
1913919 6
1913919 1573
1913919 10
1915919 25 
1915969 75 
1916660 72 
1916660 70 
1917211 80 
1917277 83 
1917864 64 
1918093 63 
1918157 152 
1918157 69 
1918233 93 
1918673 91 
1919687 91 
1919687 103 
1919687 101 
1920611 100 
1920611 6
1920611 1573
1920611 11
1922609 25 
1922655 75 
1923346 72 
1923346 70 
1923888 80 
1923941 83 
1924168 64 
1924449 256 
1924514 61 
1924581 150 
1924581 68 
1924581 65
1924661 92 
1925052 90 
1926111 103 
1926111 101 
1926621 100 
1926621 6
1926621 1573
1926621 11
1928620 25 
1938660 254 
1941999 75 
1942694 72 
1942694 70 
1943253 80 
1943320 83 
1943639 64 
1943881 256 
1943946 61 
1944013 150 
1944013 68 
1944013 65
1944095 92 
1944507 90 
1945546 103 
1945546 101 
1946052 100 
1946052 6
1946052 1573
1946052 10
1948053 25 
1948097 75 
1948792 72 
1948792 70 
1949344 80 
1949397 83 
1949690 64 
1949932 256 
1949997 63 
1950063 150 
1950063 68 
1950063 65
1950142 92 
1951594 103 
1951594 101 
1952102 100 
1952102 5
1952102 1573
1952102 10
1952102 78 
1954102 25 
1954148 75 
1954841 72 
1954841 70 
1955394 80 
1955528 250 
1956194 76 
1956261 83 
1956594 64 
1956822 256 
1956887 63 
1956954 150 
1956954 68 
1956954 65
1957029 92 
1958487 103 
1958487 101 
1958994 100 
1958994 5
1958994 1573
1958994 11
1960993 25 
1961038 75 
1961728 72 
1961728 70 
1962272 80 
1962325 83 
1962751 64 
1963033 256 
1963164 61 
1963231 151 
1963231 69 
1963305 93 
1963819 91 
1964438 91 
1964744 91 
1964762 103 
1964762 101 
1965670 100 
1965670 5
1965670 1573
1965670 10
1967671 25 
1971698 75 
1972389 72 
1972389 70 
1972934 80 
1972987 83 
1973373 64 
1973602 256 
1973667 61 
1973720 151 
1973720 69 
1973791 93 
1974275 91 
1975250 103 
1975250 101 
1976160 100 
1976160 5
1976160 1573
1976160 10
1978160 25 
1982593 75 
1983286 72 
1983286 70 
1983836 80 
1983902 83 
1984222 64 
1984730 61 
1984795 151 
1984795 69 
1984869 93 
1985302 91 
1985398 91 
1985464 91 
1985945 91 
1986329 103 
1986329 101 
1987234 100 
1987234 5
1987234 1573
1987234 11
1989235 25 
1989283 75 
1989979 72 
1989979 70 
1990526 80 
1990580 83 
1990966 64 
1991262 256 
1991379 61 
1991446 151 
1991446 69 
1991528 93 
1991885 91 
1992318 91 
1992976 103 
1992976 101 
1993884 100 
1993884 5
1993884 1573
1993884 11
1995886 25 
1995930 75 
1996623 72 
1996623 70 
1997177 80 
1997230 83 
1997870 64 
1998857 61 
1998923 151 
1998923 69 
1998993 93 
1999436 91 
1999561 91 
1999828 91 
2000202 91 
2000414 91 
2000454 103 
2000454 101 
2001363 100 
2001363 5
2001363 1573
2001363 10
2003362 25 
2003407 75 
2004099 72 
2004099 70 
2004653 80 
2004720 83 
2006106 64 
2006281 256 
2006346 61 
2006413 151 
2006413 69 
2006484 93 
2006973 91 
2007945 103 
2007945 101 
2008852 100 
2008852 5
2008852 1573
2008852 11
2010852 25 
2013556 75 
2013764 73 
2014420 72 
2014420 70 
2014969 80 
2015022 83 
2016902 64 
2017288 256 
2017356 61 
2017421 151 
2017421 69 
2017496 93 
2017853 91 
2018472 91 
2018954 103 
2018954 101 
2019860 100 
2019860 5
2019860 1573
2019860 11
2021861 25 
2021909 75 
2022601 72 
2022601 70 
2023153 80 
2023206 83 
2023899 64 
2024339 256 
2024407 61 
2024472 151 
2024472 69 
2024542 93 
2024991 91 
2026005 103 
2026005 101 
2026910 100 
2026910 5
2026910 1573
2026910 10
2028911 25 
2028956 75 
2029650 72 
2029650 70 
2030203 80 
2030269 83 
2031442 64 
2031631 256 
2031695 63 
2031762 150 
2031762 68 
2031762 65
2031841 92 
2033295 103 
2033295 101 
2033803 100 
2033803 5
2033803 1573
2033803 10
2035802 25 
2035846 75 
2036537 72 
2036537 70 
2037080 80 
2037146 250 
2038574 76 
2038639 83 
2038879 64 
2039214 256 
2039279 63 
2039345 152 
2039345 69 
2039416 93 
2039741 91 
2040318 91 
2040787 91 
2040878 103 
2040878 101 
2041785 100 
2041785 5
2041785 1573
2041785 11
2043784 25 
2044317 75 
2045010 72 
2045010 70 
2045676 80 
2045783 83 
2046049 64 
2048291 62 
2048395 150 
2048395 68 
2048395 65
2048470 92 
2049928 103 
2049928 101 
2050433 100 
2050433 5
2050433 1573
2050433 11
2052434 25 
2052479 75 
2053174 72 
2053174 70 
2053912 80 
2053992 83 
2055538 64 
2055941 256 
2056018 62 
2056085 150 
2056085 68 
2056085 65
2056174 92 
2056567 90 
2057565 90 
2057627 103 
2057627 101 
2058138 100 
2058138 5
2058138 1573
2058138 10
2060138 25 
2060182 75 
2060874 72 
2060874 70 
2061536 80 
2061616 83 
2061829 64 
2062084 63 
2062176 150 
2062176 68 
2062176 65
2062253 92 
2063709 103 
2063709 101 
2064216 100 
2064216 5
2064216 1573
2064216 11
2066216 25 
2066273 75 
2066964 72 
2066964 70 
2067600 80 
2067693 83 
2067773 64 
2068002 62 
2068093 150 
2068093 68 
2068093 65
2068169 92 
2069376 90 
2069624 103 
2069624 101 
2070132 100 
2070132 5
2070132 1573
2070132 10
2072132 25 
2072178 75 
2072871 72 
2072871 70 
2073557 80 
2073638 83 
2073717 64 
2074012 256 
2074091 63 
2074184 150 
2074184 68 
2074184 65
2074258 92 
2075716 103 
2075716 101 
2076223 100 
2076223 5
2076223 1573
2076223 10
2078224 25 
2078268 75 
2078960 72 
2078960 70 
2079635 80 
2079795 250 
2080434 76 
2080501 83 
2080714 64 
2081022 62 
2081101 150 
2081101 68 
2081101 65
2081176 92 
2082632 103 
2082632 101 
2083139 100 
2083139 5
2083139 1573
2083139 11
2085140 25 
2085185 75 
2085459 73 
2086153 72 
2086153 70 
2086818 80 
2086898 83 
2087058 64 
2087220 256 
2087285 62 
2087365 150 
2087365 68 
2087365 65
2087442 92 
2088234 90 
2088897 103 
2088897 101 
2089404 100 
2089404 5
2089404 1573
2089404 10
2091405 25 
2091449 75 
2092143 72 
2092143 70 
2092816 80 
2092896 83 
2093069 64 
2093670 256 
2093736 63 
2093802 150 
2093802 68 
2093802 65
2093878 92 
2095335 103 
2095335 101 
2095841 100 
2095841 5
2095841 1573
2095841 11
2097841 25 
2097888 75 
2098580 72 
2098580 70 
2099226 80 
2099306 83 
2099466 64 
2099615 256 
2099706 62 
2099800 150 
2099800 68 
2099800 65
2099875 92 
2101172 90 
2101331 103 
2101331 101 
2101838 100 
2101838 5
2101838 1573
2101838 10
2103839 25 
2103884 75 
2104577 72 
2104577 70 
2105224 80 
2105277 83 
2105597 64 
2105838 256 
2105930 63 
2106024 152 
2106024 69 
2106097 93 
2107271 91 
2107557 103 
2107557 101 
2108462 100 
2108462 5
2108462 1573
2108462 11
2110463 25 
2111350 75 
2111898 73 
2112523 72 
2112523 70 
2113181 80 
2113261 83 
2113740 64 
2113996 256 
2114060 61 
2114153 151 
2114153 69 
2114222 93 
2115688 103 
2115688 101 
2116594 100 
2116594 5
2116594 1573
2116594 11
2118594 25 
2128636 254 
2129249 75 
2133877 73 
2134472 72 
2134472 70 
2135158 80 
2135238 83 
2135718 64 
2135962 256 
2136051 62 
2136117 150 
2136117 68 
2136117 65
2136191 92 
2136624 90 
2137530 90 
2137649 103 
2137649 101 
2138157 100 
2138157 5
2138157 1573
2138157 10
2140156 25 
2140202 75 
2140896 72 
2140896 70 
2141582 80 
2141662 83 
2142408 64 
2143025 61 
2143088 153 
2143088 68 
2143088 65
2143159 92 
2143535 90 
2144621 103 
2144621 101 
2145126 100 
2145126 5
2145126 1573
2145126 11
2147127 25 
2147173 75 
2147865 72 
2147865 70 
2148419 80 
2148486 83 
2148646 64 
2148820 256 
2148885 62 
2148952 150 
2148952 68 
2148952 65
2149029 92 
2150153 90 
2150484 103 
2150484 101 
2150991 100 
2150991 5
2150991 1573
2150991 11
2152992 25 
2153036 75 
2153728 72 
2153728 70 
2154270 80 
2154336 83 
2154456 64 
2154645 62 
2154710 150 
2154710 68 
2154710 65
2154785 92 
2155951 90 
2156211 90 
2156241 103 
2156241 101 
2156750 100 
2156750 5
2156750 1573
2156750 11
2158749 25 
2158807 75 
2159319 73 
2159910 72 
2159910 70 
2160467 80 
2160534 83 
2160707 64 
2160882 256 
2160947 62 
2161014 150 
2161014 68 
2161014 65
2161088 92 
2162146 90 
2162543 103 
2162543 101 
2163053 100 
2163053 5
2163053 1573
2163053 10
2165053 25 
2165350 75 
2166045 72 
2166045 70 
2166598 80 
2166651 83 
2167238 64 
2167584 63 
2167651 150 
2167651 68 
2167651 65
2167724 92 
2169183 103 
2169183 101 
2169691 100 
2169691 2
2169691 1573
2169691 10
2169691 78 
2171690 25 
2171862 75 
2172689 73 
2173280 72 
2173280 70 
2173821 80 
2174021 250 
2174634 76 
2174701 83 
2175128 64 
2175356 256 
2175421 63 
2175487 151 
2175487 69 
2175559 93 
2175962 91 
2176433 91 
2176513 91 
2176939 91 
2177022 103 
2177022 101 
2177927 100 
2177927 2
2177927 1573
2177927 10
2179927 25 
2180830 75 
2181522 72 
2181522 70 
2182071 80 
2182138 83 
2182778 64 
2183019 61 
2183084 150 
2183084 68 
2183084 65
2183159 92 
2184618 103 
2184618 101 
2185122 100 
2185122 2
2185122 1573
2185122 11
2187124 25 
2197168 254 
2210481 75 
2211164 73 
2211755 72 
2211755 70 
2213218 71 
2213551 80 
2213604 83 
2214084 64 
2214325 61 
2214391 151 
2214391 69 
2214468 93 
2215924 103 
2215924 101 
2216831 100 
2216831 2
2216831 1573
2216831 10
2218831 25 
2218876 75 
2219570 72 
2219570 70 
2220122 80 
2220175 83 
2220495 64 
2221256 61 
2221308 150 
2221308 68 
2221308 65
2221382 92 
2221834 90 
2222843 103 
2222843 101 
2223346 100 
2223346 2
2223346 1573
2223346 11
2225347 25 
2225392 75 
2226086 72 
2226086 70 
2226639 80 
2226706 83 
2227039 64 
2227214 256 
2227279 62 
2227345 151 
2227345 69 
2227420 93 
2227789 91 
2228208 91 
2228876 103 
2228876 101 
2229785 100 
2229785 2
2229785 1573
2229785 11
2231785 25 
2231831 75 
2232525 72 
2232525 70 
2233076 80 
2233143 83 
2233369 64 
2233864 256 
2233929 62 
2233982 151 
2233982 69 
2234053 93 
2234823 91 
2235019 91 
2235327 91 
2235516 103 
2235516 101 
2236423 100 
2236423 2
2236423 1573
2236423 10
2238422 25 
2240032 75 
2240724 72 
2240724 70 
2241299 80 
2241353 83 
2241899 64 
2242619 61 
2242699 150 
2242699 68 
2242699 65
2242772 92 
2243251 90 
2244232 103 
2244232 101 
2244741 100 
2244741 2
2244741 1573
2244741 10
2246741 25 
2254915 75 
2255429 73 
2256022 72 
2256022 70 
2256706 80 
2256786 83 
2256946 64 
2257094 256 
2257173 61 
2257253 150 
2257253 68 
2257253 65
2257330 92 
2257878 90 
2258782 103 
2258782 101 
2259291 100 
2259291 2
2259291 1573
2259291 10
2261292 25 
2271332 254 
2290186 75 
2290877 72 
2290877 70 
2291558 80 
2291611 83 
2291944 64 
2292172 256 
2292251 61 
2292331 150 
2292331 68 
2292331 65
2292406 92 
2292776 90 
2293460 90 
2293743 90 
2293863 103 
2293863 101 
2294371 100 
2294371 2
2294371 1573
2294371 11
2296371 25 
2302440 75 
2303134 72 
2303134 70 
2303793 80 
2303846 83 
2304246 64 
2305034 256 
2305112 62 
2305192 151 
2305192 69 
2305263 93 
2305729 91 
2306725 103 
2306725 101 
2307630 100 
2307630 2
2307630 1573
2307630 10
2309631 25 
2309680 75 
2310371 72 
2310371 70 
2311056 80 
2311136 83 
2311416 64 
2312990 62 
2313055 151 
2313055 69 
2313130 93 
2313637 91 
2313971 91 
2314358 91 
2314592 103 
2314592 101 
2315507 100 
2315507 2
2315507 1573
2315507 11
2317509 25 
2317552 75 
2318245 72 
2318245 70 
2318893 80 
2318960 83 
2319333 64 
2319934 61 
2319999 151 
2319999 69 
2320072 93 
2320498 91 
2321529 103 
2321529 101 
2322438 100 
2322438 2
2322438 1573
2322438 10
2324438 25 
2324966 75 
2325658 72 
2325658 70 
2325890 250 
2342443 71 
2342829 80 
2342883 83 
2343363 252 
2343538 256 
2343602 61 
2343669 152 
2343669 69 
2343741 93 
2344096 91 
2344475 91 
2344826 91 
2345004 91 
2345202 103 
2345202 101 
2346108 100 
2346108 2
2346108 1573
2346108 11
2348110 25 
2348153 75 
2348848 72 
2348848 70 
2349400 80 
2349453 83 
2349826 64 
2350214 256 
2350280 61 
2350346 151 
2350346 69 
2350420 93 
2350795 91 
2351546 91 
2351877 103 
2351877 101 
2352789 100 
2352789 2
2352789 1573
2352789 10
2354787 25 
2354834 75 
2355278 73 
2355876 72 
2355876 70 
2356424 80 
2356477 83 
2357063 64 
2357305 61 
2357370 150 
2357370 68 
2357370 65
2357446 92 
2358159 90 
2358904 103 
2358904 101 
2359410 100 
2359410 2
2359410 1573
2359410 11
2361409 25 
2362227 75 
2362790 73 
2371448 254 
2379898 73 
2380492 72 
2380492 70 
2381040 80 
2381093 83 
2381480 64 
2382482 61 
2382546 151 
2382546 69 
2382623 93 
2383034 91 
2384079 103 
2384079 101 
2384984 100 
2384984 2
2384984 1573
2384984 11
2386986 25 
2387370 75 
2387659 73 
2388250 72 
2388250 70 
2388796 80 
2388850 83 
2389276 64 
2389558 61 
2389691 151 
2389691 69 
2389764 93 
2391222 103 
2391222 101 
2392129 100 
2392129 2
2392129 1573
2392129 11
2394130 25 
2394187 75 
2394878 72 
2394878 70 
2395420 80 
2395487 83 
2395913 64 
2396447 63 
2396513 150 
2396513 68 
2396513 65
2396585 92 
2396985 90 
2398048 103 
2398048 101 
2398554 100 
2398554 2
2398554 1573
2398554 10
2400553 25 
2400598 75 
2401290 72 
2401290 70 
2401831 80 
2401885 83 
2402151 64 
2403458 61 
2403524 150 
2403524 68 
2403524 65
2403667 90 
2403691 92 
2405054 103 
2405054 101 
2405564 100 
2405564 2
2405564 1573
2405564 11
2407563 25 
2407608 75 
2408302 72 
2408302 70 
2408855 80 
2408921 83 
2409614 64 
2412670 256 
2413893 61 
2413959 151 
2413959 69 
2418883 91 
2418908 93 
2418908 103 
2418908 101 
2419824 100 
2419824 2
2419824 1573
2419824 11
2421824 25 
2421966 75 
2431862 254 
2447297 73 
2447888 72 
2447888 70 
2448598 80 
2448678 83 
2449024 64 
2449306 61 
2449371 151 
2449371 69 
2449449 93 
2449845 91 
2450560 91 
2450903 103 
2450903 101 
2451810 100 
2451810 2
2451810 1573
2451810 10
2453810 25 
2457321 75 
2458012 72 
2458012 70 
2458553 80 
2458607 83 
2458780 64 
2459062 63 
2459127 153 
2459127 68 
2459127 65
2459202 92 
2460660 103 
2460660 101 
2461167 100 
2461167 2
2461167 1573
2461167 10
2463167 25 
2463211 75 
2463904 72 
2463904 70 
2464458 80 
2464524 83 
2464644 64 
2464873 63 
2464937 151 
2464937 69 
2465013 93 
2465386 91 
2465760 91 
2466188 91 
2466470 103 
2466470 101 
2467381 100 
2467381 2
2467381 1573
2467381 10
2469377 25 
2469425 75 
2470118 72 
2470118 70 
2470668 80 
2470735 83 
2471015 64 
2471456 256 
2471521 63 
2471588 151 
2471588 69 
2471658 93 
2472129 91 
2472609 91 
2472973 91 
2473121 103 
2473121 101 
2474028 100 
2474028 2
2474028 1573
2474028 11
2476028 25 
2480423 75 
2481394 73 
2481985 72 
2481985 70 
2482530 80 
2482583 83 
2482850 64 
2483091 61 
2483156 151 
2483156 69 
2483230 93 
2483582 91 
2483685 91 
2484069 91 
2484413 91 
2484691 103 
2484691 101 
2485596 100 
2485596 2
2485596 1573
2485596 11
2487596 25 
2487641 75 
2488334 72 
2488334 70 
2488887 80 
2488941 83 
2489367 64 
2490155 61 
2490220 151 
2490220 69 
2490298 93 
2490715 91 
2491309 91 
2491723 91 
2491750 103 
2491750 101 
2492659 100 
2492659 2
2492659 1573
2492659 10
2494659 25 
2494705 75 
2495399 72 
2495399 70 
2495951 80 
2496018 83 
2496657 64 
2497898 256 
2497963 62 
2498030 151 
2498030 69 
2498104 93 
2498467 91 
2499232 91 
2499562 103 
2499562 101 
2500472 100 
2500472 2
2500472 1573
2500472 10
2502470 25 
2502514 75 
2503208 72 
2503208 70 
2503761 80 
2503827 83 
2503947 64 
2504189 63 
2504254 151 
2504254 69 
2504335 93 
2504670 91 
2505087 91 
2505787 103 
2505787 101 
2506693 100 
2506693 2
2506693 1573
2506693 10
2508694 25 
2510452 75 
2510897 73 
2514786 73 
2514893 73 
2515271 73 
2515864 72 
2515864 70 
2516409 80 
2516462 83 
2516675 64 
2517356 61 
2517422 152 
2517422 69 
2517499 93 
2517885 91 
2518109 91 
2518362 91 
2518732 91 
2518928 91 
2518954 103 
2518954 101 
2519860 100 
2519860 2
2519860 1573
2519860 10
2521861 25 
2523813 75 
2524505 72 
2524505 70 
2525058 80 
2525125 83 
2525445 64 
2525740 63 
2525805 151 
2525805 69 
2525884 93 
2527336 103 
2527336 101 
2528243 100 
2528243 2
2528243 1573
2528243 11
2530244 25 
2534103 75 
2534795 72 
2534795 70 
2535347 80 
2535401 83 
2536427 64 
2536655 256 
2536720 63 
2536787 150 
2536787 68 
2536787 65
2536870 92 
2538318 103 
2538318 101 
2538825 100 
2538825 2
2538825 1573
2538825 11
2540827 25 
2540871 75 
2541564 72 
2541564 70 
2542118 80 
2542171 83 
2542278 64 
2542506 256 
2542571 63 
2542638 150 
2542638 68 
2542638 65
2542713 92 
2544176 103 
2544176 101 
2544690 100 
2544690 2
2544690 1573
2544690 10
2546691 25 
2546735 75 
2547429 72 
2547429 70 
2547982 80 
2548035 83 
2548289 64 
2548462 63 
2548582 151 
2548582 69 
2548655 93 
2549480 91 
2550097 91 
2550114 103 
2550114 101 
2551022 100 
2551022 2
2551022 1573
2551022 11
2553022 25 
2553066 75 
2553757 72 
2553757 70 
2554433 80 
2554539 83 
2554646 64 
2555687 62 
2555805 151 
2555805 69 
2555880 93 
2556293 91 
2556790 91 
2556908 91 
2557338 103 
2557338 101 
2558244 100 
2558244 2
2558244 1573
2558244 11
2560245 25 
2561018 75 
2561218 73 
2561281 73 
2561873 72 
2561873 70 
2562576 80 
2562629 83 
2563002 64 
2563605 256 
2563695 61 
2563749 151 
2563749 69 
2563823 93 
2564283 91 
2565068 91 
2565280 103 
2565280 101 
2566189 100 
2566189 2
2566189 1573
2566189 10
2568189 25 
2568556 75 
2569251 72 
2569251 70 
2571652 71 
2572145 80 
2572225 83 
2573265 64 
2573546 256 
2573611 62 
2573691 151 
2573691 69 
2573766 93 
2574191 91 
2574601 91 
2574890 91 
2574983 91 
2575224 103 
2575224 101 
2576131 100 
2576131 2
2576131 1573
2576131 10
2578130 25 
2578176 75 
2578867 72 
2578867 70 
2579515 80 
2579595 83 
2579769 64 
2580076 256 
2580155 63 
2580248 151 
2580248 69 
2580319 93 
2580704 91 
2581365 91 
2581778 103 
2581778 101 
2582687 100 
2582687 2
2582687 1573
2582687 10
2584688 25 
2584732 75 
2585964 73 
2586556 72 
2586556 70 
2587192 80 
2587272 83 
2587699 64 
2587954 61 
2588045 150 
2588045 68 
2588045 65
2588121 92 
2589576 103 
2589576 101 
2590085 100 
2590085 2
2590085 1573
2590085 11
2592084 25 
2592129 75 
2597953 73 
2598545 72 
2598545 70 
2599080 71 
2600186 250 
2600586 71 
2600826 80 
2600920 83 
2601719 64 
2602347 61 
2602426 153 
2602426 68 
2602426 65
2602501 92 
2602853 90 
2603957 103 
2603957 101 
2604465 100 
2604465 2
2604465 1573
2604465 11
2606465 25 
2606510 75 
2607203 72 
2607203 70 
2607877 80 
2607943 83 
2609383 64 
2609609 61 
2609702 151 
2609702 69 
2609777 93 
2611236 103 
2611236 101 
2612141 100 
2612141 2
2612141 1573
2612141 11
2614141 25 
2614257 75 
2614951 72 
2614951 70 
2615607 80 
2615660 83 
2623896 64 
2624071 61 
2624136 151 
2624136 69 
2624215 93 
2624694 91 
2624932 91 
2625433 91 
2625670 103 
2625670 101 
2626577 100 
2626577 2
2626577 1573
2626577 10
2628576 25 
2628622 75 
2629318 72 
2629318 70 
2629867 80 
2629934 83 
2630360 64 
2630708 63 
2630773 151 
2630773 69 
2630848 93 
2631331 91 
2631851 91 
2632157 91 
2632308 103 
2632308 101 
2633212 100 
2633212 2
2633212 1573
2633212 11
2635212 25 
2635257 75 
2635949 72 
2635949 70 
2636491 80 
2636558 83 
2637197 64 
2637692 256 
2637757 61 
2637824 151 
2637824 69 
2637897 93 
2638359 91 
2639355 103 
2639355 101 
2640263 100 
2640263 2
2640263 1573
2640263 10
2642264 25 
2642607 75 
2644861 73 
2645452 72 
2645452 70 
2645994 80 
2646047 83 
2646487 64 
2646795 61 
2646860 150 
2646860 68 
2646860 65
2646933 92 
2647349 90 
2648391 103 
2648391 101 
2648898 100 
2648898 2
2648898 1573
2648898 11
2650900 25 
2650944 75 
2651639 72 
2651639 70 
2652191 80 
2652244 83 
2652404 64 
2652646 63 
2652711 150 
2652711 68 
2652711 65
2652793 92 
2654244 103 
2654244 101 
2654749 100 
2654749 2
2654749 1573
2654749 10
2656750 25 
2658163 75 
2658855 72 
2658855 70 
2659401 80 
2659455 83 
2660254 64 
2660829 61 
2660894 150 
2660894 68 
2660894 65
2660968 92 
2662427 103 
2662427 101 
2662934 100 
2662934 2
2662934 1573
2662934 10
2664933 25 
2664980 75 
2665671 72 
2665671 70 
2666438 250 
2666825 71 
2667265 80 
2667331 83 
2667771 64 
2667999 256 
2668064 62 
2668118 151 
2668118 69 
2668187 93 
2668661 91 
2669650 103 
2669650 101 
2670557 100 
2670557 2
2670557 1573
2670557 10
2672556 25 
2672602 75 
2673295 72 
2673295 70 
2673848 80 
2673902 83 
2674395 64 
2674796 62 
2674861 151 
2674861 69 
2674932 93 
2676393 103 
2676393 101 
2677300 100 
2677300 2
2677300 1573
2677300 11
2679302 25 
2681809 75 
2682504 72 
2682504 70 
2684870 250 
2685084 71 
2685350 80 
2685417 83 
2685910 64 
2686205 256 
2686270 62 
2686336 151 
2686336 69 
2686411 93 
2687619 91 
2687871 103 
2687871 101 
2688775 100 
2688775 2
2688775 1573
2688775 10
2690775 25 
2690820 75 
2691513 72 
2691513 70 
2692067 80 
2692121 83 
2750189 252 
2750258 256 
2758866 61 
2758932 150 
2758932 68 
2758932 65
2759009 92 
2760462 103 
2760462 101 
2760973 100 
2760973 2
2760973 1573
2760973 11
2762972 25 
2763016 75 
2763707 72 
2763707 70 
2764250 80 
2764303 83 
2764783 64 
2765011 256 
2765076 63 
2765143 150 
2765143 68 
2765143 65
2765220 92 
2766677 103 
2766677 101 
2767183 100 
2767183 2
2767183 1573
2767183 11
2769182 25 
2769227 75 
2769921 72 
2769921 70 
2770474 80 
2770527 83 
2770754 64 
2770995 62 
2771060 151 
2771060 69 
2771139 93 
2771896 91 
2772515 91 
2772592 103 
2772592 101 
2773500 100 
2773500 2
2773500 1573
2773500 10
2775500 25 
2775544 75 
2776240 72 
2776240 70 
2776791 80 
2776845 83 
2777644 64 
2778471 256 
2778537 63 
2778604 153 
2778604 68 
2778604 65
2778684 92 
2780136 103 
2780136 101 
2780643 100 
2780643 2
2780643 1573
2780643 11
2782644 25 
2782688 75 
2783381 72 
2783381 70 
2783935 80 
2783988 83 
2784308 64 
2784656 63 
2784721 150 
2784721 68 
2784721 65
2784802 92 
2786255 103 
2786255 101 
2786762 100 
2786762 2
2786762 1573
2786762 11
2788761 25 
2788805 75 
2789496 72 
2789496 70 
2790039 80 
2790092 83 
2790412 64 
2790587 256 
2790652 62 
2790719 151 
2790719 69 
2790796 93 
2792252 103 
2792252 101 
2793159 100 
2793159 2
2793159 1573
2793159 10
2795159 25 
2805197 254 
2809730 75 
2812571 73 
2813232 72 
2813232 70 
2813775 80 
2813829 83 
2814362 64 
2814643 256 
2814708 62 
2814775 151 
2814775 69 
2814852 93 
2816307 103 
2816307 101 
2817215 100 
2817215 2
2817215 1573
2817215 10
2819215 25 
2819835 75 
2820528 72 
2820528 70 
2821252 80 
2821359 83 
2821745 64 
2822013 256 
2822119 62 
2822239 151 
2822239 69 
2822313 93 
2822669 91 
2823030 91 
2823773 103 
2823773 101 
2824677 100 
2824677 2
2824677 1573
2824677 10
2826678 25 
2826736 75 
2827428 72 
2827428 70 
2828129 80 
2828183 83 
2828249 64 
2837672 252 
2839299 61 
2839365 152 
2839365 69 
2839439 93 
2839968 91 
2840066 91 
2840901 103 
2840901 101 
2841805 100 
2841805 2
2841805 1573
2841805 11
2843805 25 
2843848 75 
2844543 72 
2844543 70 
2845095 80 
2845149 83 
2845362 64 
2847856 255 
2849334 61 
2849400 151 
2849400 69 
2849472 93 
2849967 91 
2850932 103 
2850932 101 
2851840 100 
2851840 2
2851840 1573
2851840 10
2853840 25 
2853884 75 
2854576 72 
2854576 70 
2855118 80 
2855185 83 
2855718 64 
2856279 63 
2856344 151 
2856344 69 
2856425 93 
2856789 91 
2857335 91 
2857877 103 
2857877 101 
2858783 100 
2858783 2
2858783 1573
2858783 10
2860783 25 
2860831 75 
2861241 73 
2861835 72 
2861835 70 
2862381 80 
2862448 83 
2862981 64 
2863396 61 
2863461 150 
2863461 68 
2863461 65
2863543 92 
2863867 90 
2864993 103 
2864993 101 
2865500 100 
2865500 2
2865500 1573
2865500 11
2867500 25 
2867547 75 
2868242 72 
2868242 70 
2868792 80 
2868845 83 
2869112 64 
2869567 256 
2869632 63 
2869698 150 
2869698 68 
2869698 65
2869777 92 
2871233 103 
2871233 101 
2871738 100 
2871738 2
2871738 1573
2871738 11
2873738 25 
2873783 75 
2874475 72 
2874475 70 
2875029 80 
2875096 83 
2876429 64 
2876683 61 
2876749 151 
2876749 69 
2876827 93 
2877223 91 
2878281 103 
2878281 101 
2879192 100 
2879192 2
2879192 1573
2879192 11
2881189 25 
2891229 254 
2893740 75 
2894430 72 
2894430 70 
2894981 80 
2895048 83 
2895381 64 
2895729 256 
2895794 61 
2895847 151 
2895847 69 
2895923 93 
2896266 91 
2896726 91 
2896856 91 
2897380 103 
2897380 101 
2898287 100 
2898287 2
2898287 1573
2898287 11
2900286 25 
2900332 75 
2901023 72 
2901023 70 
2901565 80 
2901618 83 
2901885 64 
2902299 61 
2902364 151 
2902364 69 
2902438 93 
2903048 91 
2903897 103 
2903897 101 
2904804 100 
2904804 2
2904804 1573
2904804 11
2906804 25 
2906850 75 
2907546 72 
2907546 70 
2908109 80 
2908175 83 
2908495 64 
2908737 63 
2908802 150 
2908802 68 
2908802 65
2908880 92 
2909255 90 
2910333 103 
2910333 101 
2910840 100 
2910840 2
2910840 1573
2910840 11
2912840 25 
2912888 75 
2913580 72 
2913580 70 
2914133 80 
2914186 83 
2914399 64 
2914641 63 
2914706 150 
2914706 68 
2914706 65
2914781 92 
2915278 90 
2916238 103 
2916238 101 
2916745 100 
2916745 2
2916745 1573
2916745 10
2918746 25 
2918790 75 
2919482 72 
2919482 70 
2920037 80 
2920104 83 
2920277 64 
2920931 256 
2920997 61 
2921063 150 
2921063 68 
2921063 65
2921135 92 
2921512 90 
2922594 103 
2922594 101 
2923105 100 
2923105 2
2923105 1573
2923105 10
2925102 25 
2925147 75 
2925840 72 
2925840 70 
2926394 80 
2926448 83 
2926834 64 
2927076 63 
2927141 151 
2927141 69 
2927218 93 
2928479 91 
2928674 103 
2928674 101 
2929581 100 
2929581 2
2929581 1573
2929581 11
2931581 25 
2931628 75 
2931882 73 
2932489 72 
2932489 70 
2933938 250 
2938216 71 
2938656 80 
2938709 83 
2938829 76 
2939215 64 
2939537 61 
2939602 151 
2939602 69 
2939678 93 
2940013 91 
2940794 91 
2941132 103 
2941132 101 
2942041 100 
2942041 2
2942041 1573
2942041 11
2944041 25 
2944089 75 
2944783 72 
2944783 70 
2945333 80 
2945399 83 
2945933 64 
2946267 256 
2946332 63 
2946386 150 
2946386 68 
2946386 65
2946465 92 
2946904 90 
2947916 103 
2947916 101 
2948425 100 
2948425 2
2948425 1573
2948425 10
2950425 25 
2950470 75 
2951167 72 
2951167 70 
2951717 80 
2951770 83 
2952037 64 
2952611 61 
2952676 152 
2952676 69 
2952754 93 
2953475 91 
2954207 103 
2954207 101 
2955117 100 
2955117 2
2955117 1573
2955117 10
2957115 25 
2958421 75 
2959113 72 
2959113 70 
2959660 80 
2959727 83 
2960580 64 
2960808 256 
2960873 61 
2960939 150 
2960939 68 
2960939 65
2961019 92 
2961365 90 
2961944 90 
2962470 103 
2962470 101 
2962979 100 
2962979 2
2962979 1573
2962979 10
2964978 25 
2965023 75 
2965717 72 
2965717 70 
2966164 250 
2966390 71 
2966657 80 
2966724 83 
2967897 76 
2968216 64 
2968444 61 
2968510 150 
2968510 68 
2968510 65
2968585 92 
2970044 103 
2970044 101 
2970548 100 
2970548 2
2970548 1573
2970548 11
2972548 25 
2972595 75 
2973288 72 
2973288 70 
2973841 80 
2973908 83 
2974454 64 
2974629 256 
2974694 63 
2974760 152 
2974760 69 
2974836 93 
2975540 91 
2975968 91 
2976293 103 
2976293 101 
2977200 100 
2977200 2
2977200 1573
2977200 10
2979201 25 
2979244 75 
2979936 72 
2979936 70 
2980478 80 
2980531 83 
2980851 64 
2981093 61 
2981158 150 
2981158 68 
2981158 65
2981233 92 
2981594 90 
2982528 90 
2982689 103 
2982689 101 
2983201 100 
2983201 2
2983201 1573
2983201 11
2985200 25 
2985241 75 
2985932 72 
2985932 70 
2986475 80 
2986529 83 
2986968 64 
2987198 256 
2987262 61 
2987328 151 
2987328 69 
2987404 93 
2987783 91 
2988163 91 
2988770 91 
2988858 103 
2988858 101 
2989769 100 
2989769 2
2989769 1573
2989769 10
2991768 25 
2992400 75 
2992810 73 
2998784 73 
2999378 72 
2999378 70 
2999923 80 
2999989 83 
3000683 64 
3000924 61 
3000989 150 
3000989 68 
3000989 65
3001070 92 
3001899 90 
3002240 90 
3002379 90 
3002520 103 
3002520 101 
3003028 100 
3003028 2
3003028 1573
3003028 10
3005028 25 
3005073 75 
3005767 72 
3005767 70 
3006320 80 
3006373 83 
3006533 64 
3006762 256 
3006827 63 
3006893 151 
3006893 69 
3006969 93 
3007359 91 
3007761 91 
3008426 103 
3008426 101 
3009332 100 
3009332 2
3009332 1573
3009332 11
3011332 25 
3011378 75 
3012242 73 
3012996 73 
3013369 73 
3013775 73 
3014258 73 
3014532 73 
3015150 73 
3015742 72 
3015742 70 
3016289 80 
3016343 83 
3016929 64 
3017369 256 
3017437 61 
3017489 151 
3017489 69 
3017567 93 
3017973 91 
3019021 103 
3019021 101 
3019929 100 
3019929 2
3019929 1573
3019929 10
3021928 25 
3021973 75 
3031045 73 
3031636 72 
3031636 70 
3032189 80 
3032242 83 
3032562 64 
3032870 256 
3032935 61 
3033002 150 
3033002 68 
3033002 65
3033074 92 
3033405 90 
3034007 90 
3034159 90 
3034533 103 
3034533 101 
3034633 102 
