0 100 
0 5
0 1578
0 10
1993 25 
2050 75 
2817 72 
2817 70 
3812 80 
4164 83 
4284 64 
4495 62 
4517 62 
4517 151 
4517 69 
4588 93 
6038 103 
6038 101 
6943 100 
6943 5
6943 1578
6943 11
8945 25 
9005 75 
9773 72 
9773 70 
10591 80 
10933 76 
11037 83 
11456 64 
11682 62 
11702 62 
11702 150 
11702 68 
11702 65
11779 92 
12225 90 
13219 103 
13219 101 
13728 100 
13728 5
13728 1578
13728 11
15729 25 
15775 75 
16540 72 
16540 70 
17350 80 
17705 83 
22451 64 
22643 62 
22663 62 
22663 150 
22663 68 
22663 65
22748 92 
24191 103 
24191 101 
24695 100 
24695 5
24695 1578
24695 11
26696 25 
26745 75 
27511 72 
27511 70 
28349 80 
28993 76 
29096 83 
29771 64 
29996 62 
30015 62 
30015 150 
30015 68 
30015 65
30090 92 
31545 103 
31545 101 
32053 100 
32053 5
32053 1578
32053 10
34053 25 
34101 75 
34869 72 
34869 70 
35577 80 
35898 83 
40427 64 
40918 63 
40938 63 
40938 150 
40938 68 
40938 65
41009 92 
42459 103 
42459 101 
42972 100 
42972 5
42972 1578
42972 10
44970 25 
45030 75 
45793 72 
45793 70 
46504 80 
46826 83 
47664 64 
47915 256 
48269 62 
48289 62 
48289 151 
48289 69 
48365 93 
48949 91 
49819 103 
49819 101 
50724 100 
50724 5
50724 1578
50724 11
52726 25 
52787 75 
53552 72 
53552 70 
54258 80 
54580 83 
64863 64 
65103 256 
67422 62 
67442 62 
67442 150 
67442 68 
67442 65
67519 92 
68975 103 
68975 101 
69491 100 
69491 5
69491 1578
69491 11
71491 25 
71539 75 
72303 72 
72303 70 
73013 80 
73338 83 
74152 64 
74365 62 
74385 62 
74385 150 
74385 68 
74385 65
74465 92 
75918 103 
75918 101 
76434 100 
76434 5
76434 1578
76434 10
78436 25 
78484 75 
79251 72 
79251 70 
79959 80 
80290 83 
81340 64 
81667 63 
81687 63 
81687 152 
81687 69 
81768 93 
83217 103 
83217 101 
84124 100 
84124 5
84124 1578
84124 10
86126 25 
86174 75 
86941 72 
86941 70 
87646 80 
87968 83 
88519 64 
88949 63 
88969 63 
88969 150 
88969 68 
88969 65
89042 92 
90491 103 
90491 101 
91006 100 
91006 5
91006 1578
91006 11
93006 25 
93063 75 
93829 72 
93829 70 
94538 80 
94860 83 
99176 64 
99353 256 
99371 62 
99391 62 
99391 150 
99391 68 
99391 65
99467 92 
100919 103 
100919 101 
101423 100 
101423 5
101423 1578
101423 10
103426 25 
103472 75 
104240 72 
104240 70 
104945 80 
105268 83 
123571 64 
124226 256 
133599 252 
185566 62 
185588 62 
185588 151 
185588 69 
185654 93 
187110 103 
187110 101 
188026 100 
188026 5
188026 1578
188026 11
190027 25 
190075 75 
190836 72 
190836 70 
191634 80 
191990 83 
202786 64 
202963 256 
227732 255 
229917 62 
229938 62 
229938 152 
229938 69 
230017 93 
231460 103 
231460 101 
232367 100 
232367 5
232367 1578
232367 11
234369 25 
234417 75 
235181 72 
235181 70 
235887 80 
236210 83 
242196 64 
245342 256 
245359 62 
245379 62 
245379 150 
245379 68 
245379 65
245464 92 
246906 103 
246906 101 
247415 100 
247415 5
247415 1578
247415 11
249417 25 
249464 75 
250226 72 
250226 70 
250940 80 
251270 83 
259725 64 
262818 62 
262834 62 
262834 150 
262834 68 
262834 65
262905 92 
263287 90 
264357 103 
264357 101 
264861 100 
264861 5
264861 1578
264861 10
266862 25 
266909 75 
267677 72 
267677 70 
268382 80 
268705 83 
273804 64 
274236 256 
281902 63 
281924 63 
281924 150 
281924 68 
281924 65
281995 92 
283449 103 
283449 101 
283963 100 
283963 5
283963 1578
283963 10
285962 25 
286021 75 
286789 72 
286789 70 
287499 80 
287837 83 
288206 64 
288390 256 
288408 63 
288428 63 
288428 150 
288428 68 
288428 65
288505 92 
289959 103 
289959 101 
290476 100 
290476 5
290476 1578
290476 11
292479 25 
292538 75 
293303 72 
293303 70 
294196 80 
295153 76 
295224 83 
295548 64 
295830 62 
295850 62 
295850 150 
295850 68 
295850 65
295938 92 
297378 103 
297378 101 
297887 100 
297887 5
297887 1578
297887 10
299888 25 
299949 75 
300714 72 
300714 70 
301551 80 
301885 83 
302513 64 
302749 63 
302769 63 
302769 150 
302769 68 
302769 65
302846 92 
304297 103 
304297 101 
304804 100 
304804 5
304804 1578
304804 10
306805 25 
306852 75 
307619 72 
307619 70 
308330 80 
308662 83 
308889 64 
309108 63 
309128 63 
309128 150 
309128 68 
309128 65
309203 92 
310648 103 
310648 101 
311163 100 
311163 3
311163 1578
311163 11
311163 78 
313161 25 
313211 75 
313975 72 
313975 70 
314685 80 
315023 83 
315729 64 
315907 62 
315927 62 
315927 151 
315927 69 
315993 93 
316720 91 
317450 103 
317450 101 
318358 100 
318358 3
318358 1578
318358 11
320360 25 
320406 75 
321174 72 
321174 70 
321885 80 
322222 83 
324642 64 
325167 61 
325184 61 
325184 151 
325184 69 
325256 93 
326711 103 
326711 101 
327622 100 
327622 3
327622 1578
327622 11
329623 25 
329682 75 
330442 72 
330442 70 
331144 80 
331468 83 
332000 64 
333408 63 
333430 63 
333430 150 
333430 68 
333430 65
333504 92 
334946 103 
334946 101 
335456 100 
335456 3
335456 1578
335456 11
337456 25 
337506 75 
338271 72 
338271 70 
338984 80 
339320 83 
339867 64 
340189 63 
340209 63 
340209 150 
340209 68 
340209 65
340279 92 
341733 103 
341733 101 
342247 100 
342247 3
342247 1578
342247 10
344245 25 
344303 75 
345071 72 
345071 70 
345778 80 
346099 83 
346417 64 
346685 62 
346705 62 
346705 150 
346705 68 
346705 65
346773 92 
347404 90 
348221 103 
348221 101 
348733 100 
348733 3
348733 1578
348733 11
350731 25 
350781 75 
351543 72 
351543 70 
352253 80 
352575 83 
352701 64 
352918 256 
352937 63 
352957 63 
352957 150 
352957 68 
352957 65
353026 92 
354468 103 
354468 101 
354983 100 
354983 3
354983 1578
354983 10
356984 25 
357044 75 
357809 72 
357809 70 
358523 80 
358856 83 
359511 64 
359724 63 
359745 63 
359745 151 
359745 69 
359817 93 
361275 103 
361275 101 
362192 100 
362192 3
362192 1578
362192 10
364195 25 
364255 75 
365021 72 
365021 70 
365726 80 
366056 83 
376422 64 
376795 256 
376812 63 
376832 63 
376832 151 
376832 69 
376904 93 
378358 103 
378358 101 
379265 100 
379265 3
379265 1578
379265 10
381267 25 
381327 75 
382093 72 
382093 70 
382802 80 
383124 83 
384110 64 
384649 62 
384666 62 
384666 152 
384666 69 
384742 93 
386193 103 
386193 101 
387107 100 
387107 3
387107 1578
387107 10
389104 25 
389168 75 
389936 72 
389936 70 
390639 80 
390965 83 
394353 64 
395327 62 
395347 62 
395347 150 
395347 68 
395347 65
395420 92 
395860 90 
396871 103 
396871 101 
397378 100 
397378 3
397378 1578
397378 11
399378 25 
399426 75 
400196 72 
400196 70 
400902 80 
401367 83 
403559 64 
403866 63 
403885 63 
403885 152 
403885 69 
403966 93 
405414 103 
405414 101 
406321 100 
406321 3
406321 1578
406321 10
408320 25 
408372 75 
409136 72 
409136 70 
409974 80 
410358 83 
418035 64 
418541 62 
418553 62 
418553 150 
418553 68 
418553 65
418617 92 
418983 90 
420076 103 
420076 101 
420596 100 
420596 3
420596 1578
420596 11
422595 25 
422646 75 
423409 72 
423409 70 
424114 80 
424438 83 
425463 64 
425750 256 
425766 63 
425787 63 
425787 150 
425787 68 
425787 65
425867 92 
427308 103 
427308 101 
427820 100 
427820 3
427820 1578
427820 11
429818 25 
429866 75 
430630 72 
430630 70 
431339 80 
431661 83 
432587 64 
432882 63 
432902 63 
432902 150 
432902 68 
432902 65
432978 92 
434431 103 
434431 101 
434936 100 
434936 3
434936 1578
434936 10
436936 25 
436997 75 
437760 72 
437760 70 
438472 80 
438800 83 
438840 64 
439136 256 
439167 62 
439187 62 
439187 150 
439187 68 
439187 65
439268 92 
439838 90 
440721 103 
440721 101 
441239 100 
441239 3
441239 1578
441239 10
443239 25 
443288 75 
444054 72 
444054 70 
444764 80 
445098 83 
445172 64 
445421 62 
445442 62 
445442 150 
445442 68 
445442 65
445521 92 
446970 103 
446970 101 
447476 100 
447476 3
447476 1578
447476 10
449478 25 
455799 75 
456563 72 
456563 70 
457263 80 
457591 83 
457833 64 
458016 62 
458036 62 
458036 150 
458036 68 
458036 65
458122 92 
458696 90 
459566 103 
459566 101 
460084 100 
460084 3
460084 1578
460084 10
462085 25 
462134 75 
462896 72 
462896 70 
463607 80 
464863 76 
464916 83 
465179 64 
465372 62 
465387 62 
465387 150 
465387 68 
465387 65
465457 92 
465995 90 
466905 103 
466905 101 
467417 100 
467417 3
467417 1578
467417 11
469416 25 
469463 75 
470230 72 
470230 70 
470935 80 
472200 76 
472306 83 
472621 64 
473948 62 
473965 62 
473965 151 
473965 69 
474034 93 
475493 103 
475493 101 
476418 100 
476418 3
476418 1578
476418 11
478417 25 
478472 75 
479238 72 
479238 70 
479946 80 
480276 83 
481467 64 
481692 256 
481709 63 
481728 63 
481728 150 
481728 68 
481728 65
481808 92 
483256 103 
483256 101 
483773 100 
483773 3
483773 1578
483773 10
485772 25 
486198 75 
486963 72 
486963 70 
487661 80 
487985 83 
488081 64 
488292 62 
488311 62 
488311 150 
488311 68 
488311 65
488376 92 
489830 103 
489830 101 
490339 100 
490339 3
490339 1578
490339 11
492340 25 
492400 75 
493164 72 
493164 70 
493877 80 
494550 76 
494643 83 
494880 64 
495096 256 
495115 63 
495135 63 
495135 150 
495135 68 
495135 65
495207 92 
496654 103 
496654 101 
497162 100 
497162 4
497162 1578
497162 10
497162 78 
499163 25 
499223 75 
499986 72 
499986 70 
500695 80 
501392 76 
501443 83 
501730 64 
501911 62 
501923 62 
501923 152 
501923 69 
502003 93 
502650 91 
502860 91 
503264 91 
503455 103 
503455 101 
504374 100 
504374 4
504374 1578
504374 11
506373 25 
506421 75 
507183 72 
507183 70 
507894 80 
508221 83 
508887 64 
509652 62 
509672 62 
509672 151 
509672 69 
509743 93 
510355 91 
511194 103 
511194 101 
512103 100 
512103 4
512103 1578
512103 10
514102 25 
514151 75 
514918 72 
514918 70 
515620 80 
515961 83 
516013 64 
516267 62 
516283 62 
516283 150 
516283 68 
516283 65
516351 92 
516948 90 
517811 103 
517811 101 
518326 100 
518326 4
518326 1578
518326 11
520328 25 
520376 75 
521137 72 
521137 70 
522009 80 
522807 76 
522910 83 
523126 64 
523421 63 
523441 63 
523441 151 
523441 69 
523510 93 
524047 91 
524962 103 
524962 101 
525868 100 
525868 4
525868 1578
525868 10
527874 25 
527935 75 
528702 72 
528702 70 
529514 80 
529852 83 
535885 64 
536455 256 
536473 62 
536493 62 
536493 150 
536493 68 
536493 65
536575 92 
536944 90 
538020 103 
538020 101 
538532 100 
538532 4
538532 1578
538532 11
540535 25 
540597 75 
541358 72 
541358 70 
542074 80 
542406 83 
542709 64 
543040 256 
543056 63 
543076 63 
543076 151 
543076 69 
543142 93 
544594 103 
544594 101 
545502 100 
545502 4
545502 1578
545502 11
547501 25 
550086 75 
550858 72 
550858 70 
551571 80 
552811 76 
552867 83 
553212 64 
553647 62 
553662 62 
553662 151 
553662 69 
553735 93 
555191 103 
555191 101 
556098 100 
556098 4
556098 1578
556098 10
558099 25 
558655 75 
559418 72 
559418 70 
560126 80 
560450 83 
561036 64 
562201 62 
562222 62 
562222 150 
562222 68 
562222 65
562291 92 
562749 90 
563740 103 
563740 101 
564254 100 
564254 4
564254 1578
564254 11
566254 25 
566302 75 
567070 72 
567070 70 
567781 80 
568116 83 
568755 64 
569079 63 
569098 63 
569098 151 
569098 69 
569174 93 
569559 91 
570625 103 
570625 101 
571531 100 
571531 4
571531 1578
571531 10
573531 25 
573578 75 
574345 72 
574345 70 
575054 80 
575392 83 
575629 64 
575821 62 
575843 62 
575843 150 
575843 68 
575843 65
575921 92 
577370 103 
577370 101 
577877 100 
577877 4
577877 1578
577877 11
579874 25 
579940 75 
580706 72 
580706 70 
581408 80 
581738 83 
581990 64 
582462 61 
582477 61 
582477 150 
582477 68 
582477 65
582547 92 
583019 90 
584007 103 
584007 101 
584525 100 
584525 4
584525 1578
584525 10
586524 25 
586574 75 
587339 72 
587339 70 
588057 80 
588393 83 
588454 64 
588661 62 
588676 62 
588676 150 
588676 68 
588676 65
588760 92 
590205 103 
590205 101 
590708 100 
590708 4
590708 1578
590708 10
592709 25 
592757 75 
593519 72 
593519 70 
594236 80 
594569 83 
595476 64 
595657 62 
595676 62 
595676 150 
595676 68 
595676 65
595749 92 
597200 103 
597200 101 
597707 100 
597707 4
597707 1578
597707 11
599708 25 
600010 75 
600771 72 
600771 70 
601488 80 
601814 83 
603439 64 
604036 63 
604058 63 
604058 153 
604058 68 
604058 65
604139 92 
605585 103 
605585 101 
606104 100 
606104 4
606104 1578
606104 10
608104 25 
608152 75 
608916 72 
608916 70 
609628 80 
609958 83 
610137 64 
610332 62 
610353 62 
610353 150 
610353 68 
610353 65
610424 92 
611870 103 
611870 101 
612379 100 
612379 4
612379 1578
612379 11
614380 25 
614428 75 
615192 72 
615192 70 
615904 80 
616578 76 
616684 83 
616926 64 
617295 256 
617325 63 
617345 63 
617345 151 
617345 69 
617424 93 
618867 103 
618867 101 
619779 100 
619779 4
619779 1578
619779 11
621778 25 
621824 75 
622588 72 
622588 70 
623305 80 
623637 83 
623827 64 
624585 61 
624601 61 
624601 150 
624601 68 
624601 65
624663 92 
625119 90 
626118 103 
626118 101 
626626 100 
626626 4
626626 1578
626626 10
628626 25 
628679 75 
629446 72 
629446 70 
630335 80 
631115 76 
631188 83 
631442 64 
631624 62 
631635 62 
631635 150 
631635 68 
631635 65
631710 92 
633156 103 
633156 101 
633668 100 
633668 4
633668 1578
633668 10
635666 25 
635725 75 
636489 72 
636489 70 
637348 80 
638065 76 
638168 83 
638367 64 
638581 62 
638600 62 
638600 150 
638600 68 
638600 65
638674 92 
640127 103 
640127 101 
640634 100 
640634 4
640634 1578
640634 11
642634 25 
642687 75 
643454 72 
643454 70 
644259 80 
644582 83 
644925 64 
645247 61 
645267 61 
645267 150 
645267 68 
645267 65
645335 92 
646243 90 
646653 90 
646786 103 
646786 101 
647299 100 
647299 4
647299 1578
647299 11
649299 25 
649346 75 
650112 72 
650112 70 
650820 80 
651142 83 
651426 64 
651668 61 
651684 61 
651684 152 
651684 69 
651757 93 
653200 103 
653200 101 
654112 100 
654112 4
654112 1578
654112 10
656109 25 
656157 75 
656923 72 
656923 70 
657628 80 
657959 83 
658032 64 
658312 62 
658333 62 
658333 150 
658333 68 
658333 65
658405 92 
659851 103 
659851 101 
660359 100 
660359 4
660359 1578
660359 10
662359 25 
662411 75 
663180 72 
663180 70 
663884 80 
664216 83 
664300 64 
664487 62 
664507 62 
664507 150 
664507 68 
664507 65
664583 92 
666035 103 
666035 101 
666544 100 
666544 4
666544 1578
666544 11
668544 25 
668592 75 
669357 72 
669357 70 
670069 80 
670826 76 
670929 83 
671045 64 
671277 61 
671297 61 
671297 150 
671297 68 
671297 65
671374 92 
672818 103 
672818 101 
673326 100 
673326 4
673326 1578
673326 10
675329 25 
675394 75 
676160 72 
676160 70 
676864 80 
677185 83 
677280 64 
677494 62 
677516 62 
677516 150 
677516 68 
677516 65
677586 92 
678291 90 
679042 103 
679042 101 
679553 100 
679553 4
679553 1578
679553 11
681551 25 
681599 75 
682362 72 
682362 70 
683073 80 
683829 76 
683919 83 
684066 64 
684327 61 
684347 61 
684347 150 
684347 68 
684347 65
684417 92 
685871 103 
685871 101 
686376 100 
686376 4
686376 1578
686376 10
688377 25 
688441 75 
689204 72 
689204 70 
689909 80 
690239 83 
690283 64 
690494 62 
690511 62 
690511 150 
690511 68 
690511 65
690586 92 
692036 103 
692036 101 
692547 100 
692547 6
692547 1578
692547 11
692547 78 
694546 25 
694593 75 
695356 72 
695356 70 
696068 80 
696387 83 
696418 64 
696660 61 
696680 61 
696680 150 
696680 68 
696680 65
696751 92 
698207 103 
698207 101 
698716 100 
698716 6
698716 1578
698716 11
700718 25 
700777 75 
701540 72 
701540 70 
702256 80 
703720 76 
704480 76 
704554 83 
704754 64 
705018 61 
705038 61 
705038 150 
705038 68 
705038 65
705117 92 
706566 103 
706566 101 
707074 100 
707074 6
707074 1578
707074 11
709073 25 
711377 75 
712143 72 
712143 70 
712654 71 
712993 80 
713317 83 
713753 64 
714037 62 
714056 62 
714056 151 
714056 69 
714121 93 
715574 103 
715574 101 
716481 100 
716481 6
716481 1578
716481 10
718484 25 
718530 75 
719296 72 
719296 70 
719523 250 
732923 71 
733193 71 
733495 80 
733828 83 
734164 64 
737212 62 
737230 62 
737230 151 
737230 69 
737302 93 
737892 91 
738748 103 
738748 101 
739658 100 
739658 6
739658 1578
739658 10
741658 25 
741707 75 
742468 72 
742468 70 
743184 80 
743519 83 
743697 64 
746867 62 
746881 62 
746881 153 
746881 68 
746881 65
746949 92 
747535 90 
748397 103 
748397 101 
748910 100 
748910 6
748910 1578
748910 11
750908 25 
750960 75 
751721 72 
751721 70 
752612 80 
753054 83 
753556 64 
756450 62 
756462 62 
756462 151 
756462 69 
756530 93 
757981 103 
757981 101 
758889 100 
758889 6
758889 1578
758889 11
760892 25 
760953 75 
761718 72 
761718 70 
762586 80 
762988 83 
765078 64 
765789 256 
765949 61 
765965 61 
765965 150 
765965 68 
765965 65
766040 92 
766542 90 
767489 103 
767489 101 
767995 100 
767995 6
767995 1578
767995 10
769995 25 
770048 75 
770816 72 
770816 70 
771516 80 
771838 83 
777713 64 
778172 256 
778525 61 
778544 61 
778544 151 
778544 69 
778616 93 
780068 103 
780068 101 
780976 100 
780976 6
780976 1578
780976 11
782974 25 
783023 75 
783788 72 
783788 70 
784498 80 
784820 83 
785292 64 
785512 61 
785534 61 
785534 150 
785534 68 
785534 65
785615 92 
787067 103 
787067 101 
787572 100 
787572 6
787572 1578
787572 10
789574 25 
789621 75 
790388 72 
790388 70 
791096 80 
791419 83 
791680 64 
792006 256 
792061 61 
792082 61 
792082 151 
792082 69 
792160 93 
793605 103 
793605 101 
794516 100 
794516 6
794516 1578
794516 10
796516 25 
796568 75 
797332 72 
797332 70 
798042 80 
798384 83 
798422 64 
798669 61 
798690 61 
798690 151 
798690 69 
798771 93 
799727 91 
800220 103 
800220 101 
801127 100 
801127 6
801127 1578
801127 10
803127 25 
803187 75 
803950 72 
803950 70 
804663 80 
804985 83 
805250 64 
806092 256 
806108 61 
806128 61 
806128 151 
806128 69 
806199 93 
807658 103 
807658 101 
808564 100 
808564 6
808564 1578
808564 11
810564 25 
811186 75 
811949 72 
811949 70 
812661 80 
812990 83 
814038 64 
814430 256 
814498 61 
814514 61 
814514 150 
814514 68 
814514 65
814590 92 
815053 90 
816042 103 
816042 101 
816560 100 
816560 6
816560 1578
816560 10
818564 25 
818626 75 
819394 72 
819394 70 
820092 80 
820417 83 
821827 64 
822300 256 
822466 63 
822482 63 
822482 150 
822482 68 
822482 65
822558 92 
823116 90 
824010 103 
824010 101 
824515 100 
824515 6
824515 1578
824515 11
826517 25 
826566 75 
827330 72 
827330 70 
828037 80 
829585 76 
829690 83 
829970 64 
830203 61 
830222 61 
830222 152 
830222 69 
830298 93 
831440 91 
831759 103 
831759 101 
832674 100 
832674 6
832674 1578
832674 11
834673 25 
837113 75 
839514 73 
840205 72 
840205 70 
840916 80 
841248 83 
842123 64 
842610 256 
842626 61 
842642 61 
842642 150 
842642 68 
842642 65
842728 92 
843189 90 
844169 103 
844169 101 
844681 100 
844681 6
844681 1578
844681 11
846682 25 
846729 75 
847498 72 
847498 70 
848197 80 
848526 83 
849160 64 
849576 256 
849592 63 
849612 63 
849612 151 
849612 69 
849680 93 
850115 91 
851131 103 
851131 101 
852040 100 
852040 6
852040 1578
852040 10
854037 25 
854086 75 
854851 72 
854851 70 
855565 80 
855895 83 
856130 64 
856433 61 
856453 61 
856453 151 
856453 69 
856533 93 
857888 91 
857980 103 
857980 101 
858889 100 
858889 6
858889 1578
858889 11
860890 25 
861389 75 
862157 72 
862157 70 
862864 80 
863186 83 
865001 64 
865731 62 
865753 62 
865753 151 
865753 69 
865836 93 
867280 103 
867280 101 
868192 100 
868192 6
868192 1578
868192 10
870191 25 
880231 254 
893737 75 
894497 72 
894497 70 
895366 80 
895778 83 
896804 64 
897938 61 
897955 61 
897955 151 
897955 69 
898028 93 
899486 103 
899486 101 
900405 100 
900405 6
900405 1578
900405 10
902405 25 
902465 75 
903232 72 
903232 70 
904046 80 
904447 83 
904785 64 
906210 62 
906225 62 
906225 151 
906225 69 
906289 93 
907745 103 
907745 101 
908655 100 
908655 6
908655 1578
908655 10
910656 25 
912298 75 
912688 73 
913233 73 
913916 72 
913916 70 
914786 80 
915166 83 
915377 64 
916087 256 
916140 61 
916159 61 
916159 151 
916159 69 
916242 93 
917686 103 
917686 101 
918600 100 
918600 6
918600 1578
918600 11
920599 25 
920662 75 
921431 72 
921431 70 
922291 80 
922671 83 
923564 64 
924526 61 
924545 61 
924545 150 
924545 68 
924545 65
924622 92 
925194 90 
926073 103 
926073 101 
926578 100 
926578 6
926578 1578
926578 10
928579 25 
928632 75 
929394 72 
929394 70 
930234 80 
930640 83 
930818 64 
931057 61 
931076 61 
931076 151 
931076 69 
931149 93 
932602 103 
932602 101 
933509 100 
933509 6
933509 1578
933509 10
935512 25 
935571 75 
936335 72 
936335 70 
937180 80 
937595 83 
938321 64 
939457 61 
939476 61 
939476 151 
939476 69 
939542 93 
940998 103 
940998 101 
941907 100 
941907 6
941907 1578
941907 10
943907 25 
943954 75 
944722 72 
944722 70 
945553 71 
945729 71 
946022 80 
946354 83 
947509 64 
948306 61 
948327 61 
948327 151 
948327 69 
948401 93 
949849 103 
949849 101 
950757 100 
950757 6
950757 1578
950757 10
952759 25 
952822 75 
953590 72 
953590 70 
954295 80 
954628 83 
956905 64 
957107 256 
957126 62 
957146 62 
957146 151 
957146 69 
957218 93 
958675 103 
958675 101 
959591 100 
959591 6
959591 1578
959591 11
961593 25 
961641 75 
962402 72 
962402 70 
963105 80 
963441 83 
974125 64 
974453 61 
974473 61 
974473 152 
974473 69 
974544 93 
975999 103 
975999 101 
976906 100 
976906 6
976906 1578
976906 11
978906 25 
978953 75 
979721 72 
979721 70 
980431 80 
980763 83 
981146 64 
981816 61 
981836 61 
981836 150 
981836 68 
981836 65
981922 92 
982323 90 
983369 103 
983369 101 
983887 100 
983887 6
983887 1578
983887 11
985889 25 
985937 75 
986706 72 
986706 70 
987410 80 
987726 83 
987942 64 
988177 61 
988199 61 
988199 150 
988199 68 
988199 65
988279 92 
989723 103 
989723 101 
990233 100 
990233 6
990233 1578
990233 11
992234 25 
992529 75 
993290 72 
993290 70 
993993 80 
995327 76 
995432 83 
995772 64 
996034 61 
996053 61 
996053 150 
996053 68 
996053 65
996121 92 
997574 103 
997574 101 
998085 100 
998085 6
998085 1578
998085 10
1000084 25 
1000144 75 
1000913 72 
1000913 70 
1001618 80 
1001943 83 
1008396 64 
1008637 61 
1008658 61 
1008658 151 
1008658 69 
1008730 93 
1010186 103 
1010186 101 
1011105 100 
1011105 6
1011105 1578
1011105 11
1013106 25 
1013165 75 
1013927 72 
1013927 70 
1014638 80 
1014964 83 
1017644 64 
1017913 61 
1017932 61 
1017932 150 
1017932 68 
1017932 65
1018012 92 
1019462 103 
1019462 101 
1019966 100 
1019966 6
1019966 1578
1019966 10
1021968 25 
1022016 75 
1022781 72 
1022781 70 
1023494 80 
1023832 83 
1024112 64 
1025421 256 
1025437 61 
1025458 61 
1025458 151 
1025458 69 
1025528 93 
1026973 103 
1026973 101 
1027882 100 
1027882 6
1027882 1578
1027882 10
1029884 25 
1029933 75 
1030695 72 
1030695 70 
1031410 80 
1031743 83 
1033138 64 
1037066 62 
1037079 62 
1037079 151 
1037079 69 
1037146 93 
1038597 103 
1038597 101 
1039503 100 
1039503 6
1039503 1578
1039503 11
1041506 25 
1041571 75 
1042336 72 
1042336 70 
1043045 80 
1043378 83 
1053111 64 
1053654 256 
1053826 61 
1053841 61 
1053841 150 
1053841 68 
1053841 65
1053911 92 
1054311 90 
1055360 103 
1055360 101 
1055871 100 
1055871 6
1055871 1578
1055871 10
1057872 25 
1057925 75 
1058691 72 
1058691 70 
1059578 80 
1060014 83 
1061213 64 
1061505 255 
1061575 256 
1067857 61 
1067877 61 
1067877 151 
1067877 69 
1067948 93 
1069401 103 
1069401 101 
1070318 100 
1070318 6
1070318 1578
1070318 11
1072319 25 
1072367 75 
1073133 72 
1073133 70 
1074029 80 
1074485 83 
1074836 64 
1075085 61 
1075105 61 
1075105 150 
1075105 68 
1075105 65
1075184 92 
1075601 90 
1076633 103 
1076633 101 
1077142 100 
1077142 6
1077142 1578
1077142 11
1079143 25 
1079204 75 
1079970 72 
1079970 70 
1080862 80 
1081292 83 
1081888 64 
1082963 256 
1083073 61 
1083093 61 
1083093 152 
1083093 69 
1083169 93 
1084622 103 
1084622 101 
1085538 100 
1085538 6
1085538 1578
1085538 11
1087541 25 
1087587 75 
1088351 72 
1088351 70 
1089240 80 
1089757 83 
1093110 64 
1096260 62 
1096272 62 
1096272 151 
1096272 69 
1096350 93 
1097805 103 
1097805 101 
1098721 100 
1098721 6
1098721 1578
1098721 10
1100720 25 
1100781 75 
1101542 72 
1101542 70 
1102428 80 
1102860 83 
1102890 64 
1103769 256 
1103942 61 
1103958 61 
1103958 151 
1103958 69 
1104024 93 
1105476 103 
1105476 101 
1106398 100 
1106398 6
1106398 1578
1106398 10
1108397 25 
1108993 75 
1109762 72 
1109762 70 
1110675 80 
1111056 83 
1113939 64 
1114633 62 
1114654 62 
1114654 151 
1114654 69 
1114724 93 
1116180 103 
1116180 101 
1117084 100 
1117084 6
1117084 1578
1117084 10
1119087 25 
1119146 75 
1119911 72 
1119911 70 
1120733 80 
1121064 83 
1123558 64 
1124769 256 
1124837 61 
1124853 61 
1124853 153 
1124853 68 
1124853 65
1124918 92 
1125344 90 
1126183 90 
1126376 103 
1126376 101 
1126893 100 
1126893 6
1126893 1578
1126893 11
1128895 25 
1128943 75 
1129709 72 
1129709 70 
1130414 80 
1130738 83 
1131454 64 
1131981 61 
1132000 61 
1132000 150 
1132000 68 
1132000 65
1132074 92 
1132474 90 
1133530 103 
1133530 101 
1134040 100 
1134040 6
1134040 1578
1134040 11
1136039 25 
1136086 75 
1136852 72 
1136852 70 
1137560 80 
1138579 76 
1138649 83 
1138708 64 
1139039 61 
1139058 61 
1139058 150 
1139058 68 
1139058 65
1139129 92 
1140406 90 
1140579 103 
1140579 101 
1141090 100 
1141090 6
1141090 1578
1141090 11
1143087 25 
1143137 75 
1143899 72 
1143899 70 
1144597 80 
1145511 76 
1145614 83 
1145837 64 
1146131 256 
1146214 61 
1146234 61 
1146234 150 
1146234 68 
1146234 65
1146317 92 
1146748 90 
1147766 103 
1147766 101 
1148271 100 
1148271 6
1148271 1578
1148271 10
1150274 25 
1150417 75 
1151182 72 
1151182 70 
1151890 80 
1152209 83 
1152567 64 
1153199 256 
1153342 61 
1153358 61 
1153358 151 
1153358 69 
1153434 93 
1154881 103 
1154881 101 
1155788 100 
1155788 6
1155788 1578
1155788 11
1157790 25 
1157837 75 
1158600 72 
1158600 70 
1159314 80 
1159648 83 
1160592 64 
1160917 61 
1160936 61 
1160936 150 
1160936 68 
1160936 65
1161017 92 
1162467 103 
1162467 101 
1162973 100 
1162973 6
1162973 1578
1162973 10
1164973 25 
1165020 75 
1165789 72 
1165789 70 
1166491 80 
1166817 83 
1167008 64 
1167394 61 
1167413 61 
1167413 151 
1167413 69 
1167486 93 
1168945 103 
1168945 101 
1169864 100 
1169864 6
1169864 1578
1169864 10
1171863 25 
1171911 75 
1172678 72 
1172678 70 
1173386 80 
1173709 83 
1174708 64 
1179856 256 
1179872 61 
1179892 61 
1179892 151 
1179892 69 
1179967 93 
1181417 103 
1181417 101 
1182326 100 
1182326 6
1182326 1578
1182326 11
1184326 25 
1184372 75 
1185136 72 
1185136 70 
1185850 80 
1186185 83 
1186524 64 
1187289 61 
1187310 61 
1187310 150 
1187310 68 
1187310 65
1187393 92 
1187771 90 
1188838 103 
1188838 101 
1189350 100 
1189350 6
1189350 1578
1189350 10
1191350 25 
1191409 75 
1192256 73 
1192944 72 
1192944 70 
1193656 80 
1193979 83 
1194848 64 
1195235 61 
1195322 61 
1195322 151 
1195322 69 
1195406 93 
1196850 103 
1196850 101 
1197757 100 
1197757 6
1197757 1578
1197757 11
1199758 25 
1200437 75 
1201202 72 
1201202 70 
1201909 80 
1250445 76 
1250497 83 
1251905 64 
1252465 61 
1252484 61 
1252484 150 
1252484 68 
1252484 65
1252565 92 
1253812 90 
1254015 103 
1254015 101 
1254520 100 
1254520 6
1254520 1578
1254520 11
1256521 25 
1256569 75 
1257332 72 
1257332 70 
1258271 80 
1258664 83 
1260607 64 
1260998 255 
1262111 256 
1262331 61 
1262347 61 
1262347 152 
1262347 69 
1262424 93 
1262979 91 
1263875 103 
1263875 101 
1264782 100 
1264782 6
1264782 1578
1264782 10
1266783 25 
1266831 75 
1267594 72 
1267594 70 
1268304 80 
1268628 83 
1269665 64 
1270076 255 
1270131 256 
1274637 61 
1274656 61 
1274656 151 
1274656 69 
1274726 93 
1275240 91 
1276178 103 
1276178 101 
1277086 100 
1277086 6
1277086 1578
1277086 11
1279085 25 
1279145 75 
1279913 72 
1279913 70 
1280617 80 
1280943 83 
1281734 64 
1282402 256 
1282470 61 
1282491 61 
1282491 150 
1282491 68 
1282491 65
1282562 92 
1282947 90 
1283316 90 
1284012 103 
1284012 101 
1284522 100 
1284522 6
1284522 1578
1284522 11
1286521 25 
1286574 75 
1287340 72 
1287340 70 
1288042 80 
1288367 83 
1288595 64 
1288720 62 
1289342 62 
1289342 151 
1289342 69 
1297636 91 
1297661 93 
1297661 103 
1297661 101 
1298582 100 
1298582 6
1298582 1578
1298582 10
1300581 25 
1305771 75 
1306537 72 
1306537 70 
1307253 80 
1307588 83 
1313734 64 
1314528 256 
1320890 62 
1320910 62 
1320910 151 
1320910 69 
1335685 91 
1335704 93 
1335704 103 
1335704 101 
1336618 100 
1336618 6
1336618 1578
1336618 10
1338618 25 
1338668 75 
1339436 72 
1339436 70 
1340142 80 
1340466 83 
1341274 64 
1341791 256 
1343759 62 
1343778 62 
1343778 151 
1343778 69 
1343850 93 
1345308 103 
1345308 101 
1346217 100 
1346217 6
1346217 1578
1346217 10
1348215 25 
1348262 75 
1349026 72 
1349026 70 
1349733 80 
1350064 83 
1352181 64 
1352777 61 
1352796 61 
1352796 151 
1352796 69 
1352862 93 
1353337 91 
1353998 91 
1354319 103 
1354319 101 
1355223 100 
1355223 6
1355223 1578
1355223 11
1357224 25 
1364606 75 
1364738 73 
1365465 72 
1365465 70 
1366330 80 
1366678 83 
1370025 64 
1373264 255 
1373282 256 
1374715 61 
1374735 61 
1374735 150 
1374735 68 
1374735 65
1374804 92 
1376255 103 
1376255 101 
1376763 100 
1376763 6
1376763 1578
1376763 11
1378763 25 
1378823 75 
1379588 72 
1379588 70 
1380397 80 
1380728 83 
1382997 64 
1383264 61 
1383279 61 
1383279 150 
1383279 68 
1383279 65
1383363 92 
1383890 90 
1384807 103 
1384807 101 
1385320 100 
1385320 6
1385320 1578
1385320 10
1387319 25 
1393821 75 
1394587 72 
1394587 70 
1395287 80 
1395615 83 
1396399 64 
1396922 61 
1396941 61 
1396941 151 
1396941 69 
1397021 93 
1397505 91 
1398469 103 
1398469 101 
1399378 100 
1399378 6
1399378 1578
1399378 10
1401378 25 
1401426 75 
1402193 72 
1402193 70 
1402902 80 
1403224 83 
1404596 64 
1405514 256 
1405530 61 
1405549 61 
1405549 151 
1405549 69 
1405609 93 
1406134 91 
1407070 103 
1407070 101 
1407987 100 
1407987 6
1407987 1578
1407987 10
1409988 25 
1410049 75 
1410813 72 
1410813 70 
1411522 80 
1411846 83 
1412297 64 
1413232 61 
1413251 61 
1413251 151 
1413251 69 
1413315 93 
1414769 103 
1414769 101 
1415678 100 
1415678 6
1415678 1578
1415678 11
1417680 25 
1417740 75 
1418516 72 
1418516 70 
1418749 250 
1430069 71 
1430554 80 
1430880 83 
1431567 64 
1432194 61 
1432214 61 
1432214 150 
1432214 68 
1432214 65
1432279 92 
1432738 90 
1433724 90 
1433738 103 
1433738 101 
1434244 100 
1434244 6
1434244 1578
1434244 11
1436244 25 
1436293 75 
1437058 72 
1437058 70 
1437770 80 
1438103 83 
1438486 64 
1438785 61 
1438804 61 
1438804 150 
1438804 68 
1438804 65
1438882 92 
1440218 90 
1440335 103 
1440335 101 
1440856 100 
1440856 6
1440856 1578
1440856 10
1442855 25 
1442903 75 
1443667 72 
1443667 70 
1444376 80 
1445554 76 
1446340 76 
1446390 83 
1446741 64 
1447126 61 
1447146 61 
1447146 153 
1447146 68 
1447146 65
1447226 92 
1447638 90 
1448548 90 
1448676 103 
1448676 101 
1449186 100 
1449186 6
1449186 1578
1449186 11
1451183 25 
1451233 75 
1452001 72 
1452001 70 
1452701 80 
1453030 83 
1455115 64 
1455402 62 
1455419 62 
1455419 151 
1455419 69 
1456271 91 
1466259 91 
1466282 93 
1466282 103 
1466282 101 
1467203 100 
1467203 6
1467203 1578
1467203 10
1469202 25 
1479242 254 
1510553 75 
1511319 72 
1511319 70 
1512204 80 
1529437 76 
1529542 83 
1532909 64 
1534718 256 
1535504 255 
1536541 61 
1536560 61 
1536560 151 
1536560 69 
1536643 93 
1538092 103 
1538092 101 
1538999 100 
1538999 6
1538999 1578
1538999 11
1541000 25 
1550524 75 
1551053 254 
1551238 73 
1551924 72 
1551924 70 
1552763 80 
1553146 83 
1563473 64 
1599496 256 
1600261 62 
1600281 62 
1600281 151 
1600281 69 
1600357 93 
1601811 103 
1601811 101 
1602720 100 
1602720 6
1602720 1578
1602720 11
1604719 25 
1614757 254 
1623909 75 
1624351 73 
1625034 72 
1625034 70 
1625850 80 
1626185 83 
1627228 64 
1636205 62 
1636225 62 
1636225 151 
1636225 69 
1642030 91 
1642050 93 
1642050 103 
1642050 101 
1642968 100 
1642968 6
1642968 1578
1642968 10
1644970 25 
1647574 75 
1655025 254 
1664113 73 
1668086 73 
1668768 72 
1668768 70 
1669480 80 
1669802 83 
1671569 64 
1672112 256 
1679052 61 
1679071 61 
1679071 151 
1679071 69 
1679139 93 
1680592 103 
1680592 101 
1681499 100 
1681499 6
1681499 1578
1681499 10
1683500 25 
1685418 75 
1685714 73 
1686440 73 
1687501 73 
1688996 73 
1689503 73 
1689901 73 
1693535 254 
1795070 73 
1795839 73 
1796522 72 
1796522 70 
1797120 250 
1798157 71 
1798580 80 
1799044 83 
1799491 64 
1803420 256 
1803436 62 
1803456 62 
1803456 151 
1803456 69 
1803528 93 
1804980 103 
1804980 101 
1805887 100 
1805887 6
1805887 1578
1805887 10
1807884 25 
1810665 75 
1811428 72 
1811428 70 
1812251 80 
1812580 83 
1815961 64 
1823138 256 
1839443 61 
1839463 61 
1839463 151 
1839463 69 
1839539 93 
1840991 103 
1840991 101 
1841897 100 
1841897 6
1841897 1578
1841897 10
1843899 25 
1847088 75 
1847271 73 
1847958 72 
1847958 70 
1848656 80 
1848978 83 
1866978 64 
1868569 61 
1868589 61 
1868589 151 
1868589 69 
1868660 93 
1869587 91 
1870109 103 
1870109 101 
1871018 100 
1871018 6
1871018 1578
1871018 11
1873019 25 
1883060 254 
1898669 75 
1965622 73 
1966309 72 
1966309 70 
1967218 80 
1967595 83 
1977388 64 
1977805 62 
1977820 62 
1977820 151 
1977820 69 
1977890 93 
1978488 91 
1979140 91 
1979346 103 
1979346 101 
1980252 100 
1980252 6
1980252 1578
1980252 10
1982252 25 
1992307 254 
2000169 75 
2003930 73 
2004840 73 
2005919 73 
2017102 73 
2021347 73 
2021910 73 
2023434 73 
2074391 73 
2074850 73 
2075535 72 
2075535 70 
2076438 80 
2076921 83 
2077255 64 
2081431 256 
2081998 61 
2082017 61 
2082017 151 
2082017 69 
2082089 93 
2083540 103 
2083540 101 
2084449 100 
2084449 6
2084449 1578
2084449 11
2086448 25 
2091495 75 
2091921 73 
2092306 73 
2092733 73 
2093171 73 
2096500 254 
2138834 73 
2139520 72 
2139520 70 
2140412 80 
2140844 83 
2143539 64 
2143790 63 
2143810 63 
2143810 151 
2143810 69 
2143891 93 
2145341 103 
2145341 101 
2146248 100 
2146248 6
2146248 1578
2146248 11
2148247 25 
2152763 75 
2153527 72 
2153527 70 
2154253 250 
2160324 71 
2160566 71 
2160863 71 
2161215 71 
2161962 71 
2162693 71 
2163391 71 
2163463 71 
2163843 71 
2174385 71 
2174680 80 
2175123 83 
2181297 64 
2183215 256 
2184719 61 
2184738 61 
2184738 150 
2184738 68 
2184738 65
2184822 92 
2185198 90 
2186271 103 
2186271 101 
2186776 100 
2186776 6
2186776 1578
2186776 11
2188776 25 
2188844 75 
2189612 72 
2189612 70 
2190317 80 
2190648 83 
2192335 64 
2192654 63 
2192674 63 
2192674 153 
2192674 68 
2192674 65
2192757 92 
2194200 103 
2194200 101 
2194707 100 
2194707 6
2194707 1578
2194707 10
2196706 25 
2196755 75 
2197521 72 
2197521 70 
2198231 80 
2198564 83 
2199167 64 
2199497 63 
2199516 63 
2199516 150 
2199516 68 
2199516 65
2199591 92 
2200011 90 
2201037 103 
2201037 101 
2201543 100 
2201543 6
2201543 1578
2201543 11
2203546 25 
2203605 75 
2204371 72 
2204371 70 
2205075 80 
2205400 83 
2206266 64 
2206715 61 
2206735 61 
2206735 150 
2206735 68 
2206735 65
2206807 92 
2207207 90 
2208266 103 
2208266 101 
2208786 100 
2208786 6
2208786 1578
2208786 10
2210785 25 
2210844 75 
2211611 72 
2211611 70 
2212320 80 
2212652 83 
2213830 64 
2214052 63 
2214075 63 
2214075 150 
2214075 68 
2214075 65
2214161 92 
2215395 90 
2215605 103 
2215605 101 
2216123 100 
2216123 6
2216123 1578
2216123 11
2218125 25 
2218173 75 
2218940 72 
2218940 70 
2219644 80 
2219970 83 
2220066 64 
2220273 256 
2220291 63 
2220310 63 
2220310 151 
2220310 69 
2220387 93 
2221840 103 
2221840 101 
2222747 100 
2222747 6
2222747 1578
2222747 11
2224749 25 
2224796 75 
2225562 72 
2225562 70 
2226269 80 
2226590 83 
2227349 64 
2227597 63 
2227618 63 
2227618 151 
2227618 69 
2227695 93 
2229147 103 
2229147 101 
2230052 100 
2230052 6
2230052 1578
2230052 11
2232051 25 
2242093 254 
2265867 75 
2266968 73 
2267120 73 
2267801 72 
2267801 70 
2268505 80 
2268833 83 
2286613 64 
2286855 62 
2286870 62 
2286870 153 
2286870 68 
2286870 65
2286950 92 
2287379 90 
2288400 103 
2288400 101 
2288908 100 
2288908 6
2288908 1578
2288908 10
2290906 25 
2290954 75 
2291721 72 
2291721 70 
2292612 80 
2293047 83 
2293441 64 
2293667 63 
2293688 63 
2293688 150 
2293688 68 
2293688 65
2293767 92 
2295211 103 
2295211 101 
2295717 100 
2295717 6
2295717 1578
2295717 11
2297718 25 
2297771 75 
2298535 72 
2298535 70 
2299432 80 
2299869 83 
2299972 64 
2300177 63 
2300197 63 
2300197 151 
2300197 69 
2300277 93 
2301724 103 
2301724 101 
2302634 100 
2302634 6
2302634 1578
2302634 10
2304636 25 
2304695 75 
2305456 72 
2305456 70 
2306294 80 
2306722 83 
2307586 64 
2308015 256 
2308318 63 
2308333 63 
2308333 150 
2308333 68 
2308333 65
2308399 92 
2309853 103 
2309853 101 
2310365 100 
2310365 6
2310365 1578
2310365 10
2312366 25 
2312426 75 
2313195 72 
2313195 70 
2314006 80 
2314329 83 
2315274 64 
2315474 63 
2315495 63 
2315495 150 
2315495 68 
2315495 65
2315580 92 
2316603 90 
2317029 103 
2317029 101 
2317536 100 
2317536 6
2317536 1578
2317536 10
2319535 25 
2319584 75 
2320348 72 
2320348 70 
2321059 80 
2321396 83 
2338828 64 
2340123 255 
2340144 256 
2342854 61 
2342871 61 
2342871 151 
2342871 69 
2342948 93 
2343246 91 
2344398 103 
2344398 101 
2345308 100 
2345308 6
2345308 1578
2345308 11
2347309 25 
2347358 75 
2348122 72 
2348122 70 
2348836 80 
2349172 83 
2349338 64 
2349593 63 
2349613 63 
2349613 151 
2349613 69 
2349683 93 
2351134 103 
2351134 101 
2352040 100 
2352040 6
2352040 1578
2352040 11
2354041 25 
2354102 75 
2354865 72 
2354865 70 
2355574 80 
2355900 83 
2422651 64 
2422804 256 
2448986 61 
2449001 61 
2449001 150 
2449001 68 
2449001 65
2449088 92 
2450536 103 
2450536 101 
2451054 100 
2451054 6
2451054 1578
2451054 11
2453053 25 
2453112 75 
2453880 72 
2453880 70 
2454775 80 
2455278 83 
2456008 64 
2456581 256 
2456597 62 
2456618 62 
2456618 151 
2456618 69 
2456695 93 
2457065 91 
2457579 91 
2457860 91 
2458139 103 
2458139 101 
2459048 100 
2459048 6
2459048 1578
2459048 10
2461048 25 
2463729 75 
2464436 73 
2465297 73 
2465759 73 
2471099 254 
2512115 73 
2512797 72 
2512797 70 
2513620 80 
2513956 83 
2514194 64 
2540984 256 
2541001 61 
2541021 61 
2541021 151 
2541021 69 
2541090 93 
2542549 103 
2542549 101 
2543467 100 
2543467 6
2543467 1578
2543467 10
2545465 25 
2555509 254 
2556751 75 
2557513 72 
2557513 70 
2558223 80 
2558561 83 
2559801 64 
2560196 62 
2560215 62 
2560215 151 
2560215 69 
2560279 93 
2561454 91 
2561737 103 
2561737 101 
2562642 100 
2562642 6
2562642 1578
2562642 10
2564645 25 
2565232 75 
2565996 72 
2565996 70 
2566699 80 
2567220 76 
2567310 83 
2570526 64 
2570870 62 
2570890 62 
2570890 151 
2570890 69 
2570957 93 
2571260 91 
2571587 91 
2571734 91 
2572415 103 
2572415 101 
2573332 100 
2573332 6
2573332 1578
2573332 11
2575333 25 
2585373 254 
2619432 75 
2620195 72 
2620195 70 
2621060 80 
2621417 83 
2623121 64 
2623437 62 
2623458 62 
2623458 153 
2623458 68 
2623458 65
2623544 92 
2623993 90 
2624992 103 
2624992 101 
2625498 100 
2625498 6
2625498 1578
2625498 11
2627497 25 
2627549 75 
2628314 72 
2628314 70 
2629124 80 
2629448 83 
2629694 64 
2629897 62 
2629918 62 
2629918 151 
2629918 69 
2629982 93 
2630624 91 
2630869 91 
2631437 103 
2631437 101 
2632346 100 
2632346 6
2632346 1578
2632346 10
2634348 25 
2641108 75 
2641172 73 
2641762 73 
2642239 73 
2644389 254 
2650604 73 
2651050 73 
2652896 73 
2654192 73 
2655309 73 
2655708 73 
2656303 73 
2656979 73 
2673974 73 
2674526 73 
2675215 72 
2675215 70 
2675913 80 
2676244 83 
2681604 64 
2683482 256 
2684579 62 
2684599 62 
2684599 151 
2684599 69 
2684676 93 
2686121 103 
2686121 101 
2687029 100 
2687029 6
2687029 1578
2687029 10
2689031 25 
2691849 75 
2692612 72 
2692612 70 
2693333 80 
2693665 83 
2695077 64 
2697247 256 
2699654 61 
2699673 61 
2699673 153 
2699673 68 
2699673 65
2699747 92 
2700543 90 
2701197 103 
2701197 101 
2701704 100 
2701704 6
2701704 1578
2701704 10
2703706 25 
2703765 75 
2704532 72 
2704532 70 
2705238 80 
2705566 83 
2705680 64 
2706009 61 
2706028 61 
2706028 151 
2706028 69 
2706100 93 
2706548 91 
2707557 103 
2707557 101 
2708477 100 
2708477 6
2708477 1578
2708477 11
2710476 25 
2711213 75 
2712134 73 
2712822 72 
2712822 70 
2715959 250 
2716939 71 
2717420 80 
2717743 83 
2718717 64 
2718914 63 
2718935 63 
2718935 151 
2718935 69 
2719004 93 
2720463 103 
2720463 101 
2721376 100 
2721376 6
2721376 1578
2721376 11
2723377 25 
2732624 75 
2733388 72 
2733388 70 
2734228 80 
2734593 83 
2735126 64 
2735563 61 
2735584 61 
2735584 150 
2735584 68 
2735584 65
2735669 92 
2736046 90 
2737119 103 
2737119 101 
2737636 100 
2737636 6
2737636 1578
2737636 11
2739635 25 
2739685 75 
2740449 72 
2740449 70 
2741279 80 
2742267 76 
2742318 83 
2742527 64 
2742758 61 
2742777 61 
2742777 150 
2742777 68 
2742777 65
2742847 92 
2744300 103 
2744300 101 
2744806 100 
2744806 6
2744806 1578
2744806 11
2746807 25 
2747477 75 
2748242 72 
2748242 70 
2749067 80 
2749399 83 
2750088 64 
2750456 61 
2750479 61 
2750479 150 
2750479 68 
2750479 65
2750553 92 
2752000 103 
2752000 101 
2752508 100 
2752508 6
2752508 1578
2752508 10
2754509 25 
2764552 254 
2779584 75 
2780352 72 
2780352 70 
2781071 80 
2781395 83 
2782486 64 
2782631 62 
2782652 62 
2782652 151 
2782652 69 
2782998 91 
2783019 93 
2783149 91 
2783443 91 
2784177 103 
2784177 101 
2785084 100 
2785084 6
2785084 1578
2785084 10
2787081 25 
2797124 254 
2810777 75 
2811542 72 
2811542 70 
2812250 80 
2812584 83 
2813321 64 
2813524 61 
2813545 61 
2813545 151 
2813545 69 
2813623 93 
2813789 91 
2815068 103 
2815068 101 
2815977 100 
2815977 6
2815977 1578
2815977 10
2817977 25 
2819099 75 
2827811 73 
2828020 73 
2828020 254 
2828706 72 
2828706 70 
2829410 80 
2829737 83 
2830262 64 
2830450 63 
2830472 63 
2830472 150 
2830472 68 
2830472 65
2830543 92 
2831125 90 
2831590 90 
2831995 103 
2831995 101 
2832501 100 
2832501 6
2832501 1578
2832501 11
2834503 25 
2834551 75 
2835317 72 
2835317 70 
2836020 80 
2836349 83 
2836503 64 
2836713 61 
2836730 61 
2836730 150 
2836730 68 
2836730 65
2836808 92 
2838259 103 
2838259 101 
2838768 100 
2838768 6
2838768 1578
2838768 11
2840765 25 
2840813 75 
2841579 72 
2841579 70 
2842039 250 
2881664 71 
2882146 80 
2882663 83 
2886638 64 
2886918 61 
2886937 61 
2886937 150 
2886937 68 
2886937 65
2887014 92 
2888461 103 
2888461 101 
2888973 100 
2888973 6
2888973 1578
2888973 10
2890973 25 
2901024 254 
3005027 75 
3005789 72 
3005789 70 
3006698 80 
3007179 83 
3012219 64 
3012405 62 
3012421 62 
3012421 153 
3012421 68 
3012421 65
3012493 92 
3013940 103 
3013940 101 
3014452 100 
3014452 6
3014452 1578
3014452 10
3016451 25 
3016500 75 
3017265 72 
3017265 70 
3018202 80 
3018622 83 
3018852 64 
3018940 256 
3019045 255 
3068118 62 
3068139 62 
3068139 151 
3068139 69 
3068223 93 
3069669 103 
3069669 101 
3070574 100 
3070574 6
3070574 1578
3070574 11
3072575 25 
3074406 75 
3075174 72 
3075174 70 
3076088 250 
3081471 71 
3081765 80 
3082233 83 
3083771 64 
3083900 62 
3083922 62 
3083922 151 
3083922 69 
3083992 93 
3085449 103 
3085449 101 
3086355 100 
3086355 6
3086355 1578
3086355 11
3088356 25 
3091747 75 
3092509 72 
3092509 70 
3093351 80 
3093731 83 
3099075 64 
3106467 62 
3106487 62 
3106487 151 
3106487 69 
3106556 93 
3108011 103 
3108011 101 
3108918 100 
3108918 6
3108918 1578
3108918 10
3110919 25 
3113458 75 
3114226 72 
3114226 70 
3115043 80 
3115376 83 
3118483 64 
3124998 62 
3125017 62 
3125017 151 
3125017 69 
3125800 91 
3125823 93 
3126550 103 
3126550 101 
3127458 100 
3127458 6
3127458 1578
3127458 10
3129458 25 
3129517 75 
3130280 72 
3130280 70 
3130990 80 
3131310 83 
3133325 64 
3135319 256 
3136948 61 
3136967 61 
3136967 151 
3136967 69 
3137040 93 
3137363 91 
3138488 103 
3138488 101 
3139397 100 
3139397 6
3139397 1578
3139397 11
3141399 25 
3141931 75 
3142695 72 
3142695 70 
3143401 80 
3143723 83 
3145458 64 
3145663 61 
3145681 61 
3145681 150 
3145681 68 
3145681 65
3145757 92 
3147209 103 
3147209 101 
3147716 100 
3147716 6
3147716 1578
3147716 11
3149714 25 
3149763 75 
3150534 72 
3150534 70 
3151238 80 
3151561 83 
3152012 64 
3152221 256 
3152237 61 
3152256 61 
3152256 150 
3152256 68 
3152256 65
3152331 92 
3153781 103 
3153781 101 
3154284 100 
3154284 6
3154284 1578
3154284 10
3156285 25 
3159418 75 
3159769 73 
3160042 73 
3160466 73 
3160870 73 
3166324 254 
3185046 73 
3185734 72 
3185734 70 
3186434 80 
3186757 83 
3187259 64 
3187629 61 
3187644 61 
3187644 151 
3187644 69 
3187712 93 
3188204 91 
3188887 91 
3189162 103 
3189162 101 
3190070 100 
3190070 6
3190070 1578
3190070 11
3192070 25 
3192131 75 
3192893 72 
3192893 70 
3193601 80 
3193929 83 
3195144 64 
3195540 61 
3195561 61 
3195561 150 
3195561 68 
3195561 65
3195628 92 
3197082 103 
3197082 101 
3197602 100 
3197602 6
3197602 1578
3197602 10
3199600 25 
3199649 75 
3200412 72 
3200412 70 
3201123 80 
3201451 83 
3201513 64 
3201891 61 
3201911 61 
3201911 153 
3201911 68 
3201911 65
3201993 92 
3202582 90 
3203439 103 
3203439 101 
3203945 100 
3203945 6
3203945 1578
3203945 11
3205943 25 
3205997 75 
3206759 72 
3206759 70 
3207472 80 
3207807 83 
3207958 64 
3208177 61 
3208196 61 
3208196 150 
3208196 68 
3208196 65
3208282 92 
3209508 90 
3209727 103 
3209727 101 
3210236 100 
3210236 6
3210236 1578
3210236 11
3212234 25 
3222276 254 
3233603 75 
3234363 72 
3234363 70 
3235328 80 
3235767 83 
3235886 64 
3236107 61 
3236128 61 
3236128 150 
3236128 68 
3236128 65
3236198 92 
3237646 103 
3237646 101 
3238157 100 
3238157 6
3238157 1578
3238157 11
3240154 25 
3250195 254 
3299925 75 
3300690 72 
3300690 70 
3301558 80 
3320102 76 
3320204 83 
3320713 64 
3320883 62 
3320899 62 
3320899 151 
3320899 69 
3320975 93 
3322424 103 
3322424 101 
3323331 100 
3323331 6
3323331 1578
3323331 10
3325334 25 
3335374 254 
3343273 75 
3344036 72 
3344036 70 
3344861 80 
3345182 83 
3346875 64 
3347068 256 
3372583 255 
3373595 61 
3373616 61 
3373616 151 
3373616 69 
3373686 93 
3375138 103 
3375138 101 
3376043 100 
3376043 6
3376043 1578
3376043 10
3378046 25 
3378566 75 
3379331 72 
3379331 70 
3380038 80 
3391943 76 
3391996 83 
3392049 64 
3401457 255 
3403295 256 
3404580 61 
3404601 61 
3404601 151 
3404601 69 
3404667 93 
3406127 103 
3406127 101 
3407045 100 
3407045 6
3407045 1578
3407045 10
3409044 25 
3409093 75 
3409861 72 
3409861 70 
3410570 80 
3410903 83 
3411544 64 
3411747 63 
3411771 63 
3411771 150 
3411771 68 
3411771 65
3411846 92 
3412475 90 
3413296 103 
3413296 101 
3413801 100 
3413801 6
3413801 1578
3413801 11
3415802 25 
3415855 75 
3416623 72 
3416623 70 
3417336 80 
3417667 83 
3417703 64 
3417922 63 
3417946 63 
3417946 151 
3417946 69 
3418022 93 
3419461 103 
3419461 101 
3420374 100 
3420374 6
3420374 1578
3420374 10
3422374 25 
3422433 75 
3423198 72 
3423198 70 
3423913 80 
3424245 83 
3456998 64 
3459427 256 
3460275 255 
3461582 61 
3461602 61 
3461602 151 
3461602 69 
3461676 93 
3463127 103 
3463127 101 
3464035 100 
3464035 6
3464035 1578
3464035 10
3466033 25 
3466089 75 
3466850 72 
3466850 70 
3467812 80 
3468253 83 
3468681 64 
3469200 61 
3469219 61 
3469219 151 
3469219 69 
3469298 93 
3469745 91 
3470138 91 
3470750 103 
3470750 101 
3471655 100 
3471655 6
3471655 1578
3471655 10
3473657 25 
3473704 75 
3474472 72 
3474472 70 
3475345 80 
3475732 83 
3476262 64 
3476579 256 
3476638 63 
3476658 63 
3476658 150 
3476658 68 
3476658 65
3476738 92 
3477351 90 
3478183 103 
3478183 101 
3478698 100 
3478698 6
3478698 1578
3478698 10
3480696 25 
3480755 75 
3481522 72 
3481522 70 
3482336 80 
3482738 83 
3482894 64 
3483130 63 
3483149 63 
3483149 152 
3483149 69 
3483229 93 
3484674 103 
3484674 101 
3485584 100 
3485584 6
3485584 1578
3485584 11
3487586 25 
3487650 75 
3488418 72 
3488418 70 
3488749 250 
3569066 71 
3569551 80 
3569874 83 
3571238 64 
3571465 61 
3571487 61 
3571487 150 
3571487 68 
3571487 65
3571564 92 
3573013 103 
3573013 101 
3573520 100 
3573520 6
3573520 1578
3573520 10
3575521 25 
3575572 75 
3576335 72 
3576335 70 
3577043 80 
3577376 83 
3577795 64 
3593277 256 
3593447 61 
3593463 61 
3593463 151 
3593463 69 
3593542 93 
3594032 91 
3594991 103 
3594991 101 
3595897 100 
3595897 6
3595897 1578
3595897 11
3597897 25 
3605122 75 
3605889 72 
3605889 70 
3606280 250 
3631551 71 
3632031 80 
3632492 83 
3632916 64 
3634938 255 
3634991 256 
3645485 61 
3645506 61 
3645506 150 
3645506 68 
3645506 65
3645581 92 
3645910 90 
3647030 103 
3647030 101 
3647545 100 
3647545 6
3647545 1578
3647545 10
3649543 25 
3649592 75 
3650360 72 
3650360 70 
3651215 80 
3651634 83 
3651700 64 
3651963 61 
3651982 61 
3651982 151 
3651982 69 
3652058 93 
3652618 91 
3653158 91 
3653513 103 
3653513 101 
3654420 100 
3654420 6
3654420 1578
3654420 11
3656419 25 
3659347 75 
3660114 72 
3660114 70 
3660955 80 
3661357 83 
3661601 64 
3661828 63 
3661843 63 
3661843 151 
3661843 69 
3661914 93 
3663362 103 
3663362 101 
3664268 100 
3664268 6
3664268 1578
3664268 11
3666268 25 
3666418 75 
3667000 73 
3669184 73 
3676309 254 
3681498 73 
3681575 73 
3682257 72 
3682257 70 
3683068 80 
3683400 83 
3708745 64 
3708915 62 
3708933 62 
3708933 151 
3708933 69 
3709005 93 
3709435 91 
3709888 91 
3710369 91 
3710465 103 
3710465 101 
3711380 100 
3711380 6
3711380 1578
3711380 11
3713381 25 
3713430 75 
3714195 72 
3714195 70 
3714905 80 
3715245 83 
3715355 64 
3715577 61 
3715598 61 
3715598 150 
3715598 68 
3715598 65
3715684 92 
3716278 90 
3716811 90 
3716982 90 
3717124 103 
3717124 101 
3717637 100 
3717637 6
3717637 1578
3717637 11
3719636 25 
3719693 75 
3720458 72 
3720458 70 
3721169 80 
3721503 83 
3721715 64 
3721887 61 
3721907 61 
3721907 150 
3721907 68 
3721907 65
3721981 92 
3723021 90 
3723351 90 
3723425 103 
3723425 101 
3723936 100 
3723936 6
3723936 1578
3723936 10
3725935 25 
3726450 75 
3728718 73 
3729404 72 
3729404 70 
3730110 80 
3730432 83 
3731089 64 
3731240 62 
3731747 62 
3731747 151 
3731747 69 
3755386 91 
3755417 93 
3755417 103 
3755417 101 
3756336 100 
3756336 6
3756336 1578
3756336 10
3758336 25 
3758384 75 
3759148 72 
3759148 70 
3759862 80 
3760196 83 
3760290 64 
3760508 61 
3760528 61 
3760528 151 
3760528 69 
3760601 93 
3761261 91 
3761676 91 
3762054 103 
3762054 101 
3762962 100 
3762962 6
3762962 1578
3762962 11
3764960 25 
3765172 75 
3765936 72 
3765936 70 
3766650 80 
3766980 83 
3767257 64 
3768480 61 
3768499 61 
3768499 150 
3768499 68 
3768499 65
3768571 92 
3768963 90 
3770021 103 
3770021 101 
3770530 100 
3770530 6
3770530 1578
3770530 10
3772531 25 
3772591 75 
3773359 72 
3773359 70 
3774066 80 
3774404 83 
3774519 64 
3774918 256 
3774971 61 
3774990 61 
3774990 151 
3774990 69 
3775064 93 
3775580 91 
3776048 91 
3776384 91 
3776511 103 
3776511 101 
3777418 100 
3777418 6
3777418 1578
3777418 11
3779420 25 
3779468 75 
3780234 72 
3780234 70 
3780941 80 
3781265 83 
3781945 64 
3782147 61 
3782171 61 
3782171 150 
3782171 68 
3782171 65
3782244 92 
3783696 103 
3783696 101 
3784205 100 
3784205 6
3784205 1578
3784205 10
3786205 25 
3788296 75 
3788591 73 
3791775 73 
3791857 73 
3792023 73 
3792120 73 
3793795 73 
3794621 73 
3795623 73 
3796241 254 
3796423 73 
3797109 72 
3797109 70 
3797926 80 
3805737 76 
3805837 83 
3806434 64 
3806680 61 
3806700 61 
3806700 151 
3806700 69 
3806767 93 
3807273 91 
3808095 91 
3808215 103 
3808215 101 
3809126 100 
3809126 6
3809126 1578
3809126 11
3811128 25 
3811881 75 
3812648 72 
3812648 70 
3813364 80 
3813699 83 
3814161 64 
3814330 61 
3814351 61 
3814351 150 
3814351 68 
3814351 65
3814420 92 
3815867 103 
3815867 101 
3816382 100 
3816382 6
3816382 1578
3816382 11
3818382 25 
3818438 75 
3819201 72 
3819201 70 
3820126 71 
3820365 71 
3820662 80 
3879823 76 
3879929 83 
3881721 64 
3881925 61 
3881945 61 
3881945 150 
3881945 68 
3881945 65
3882017 92 
3883468 103 
3883468 101 
3883976 100 
3883976 6
3883976 1578
3883976 10
3885975 25 
3890883 75 
3896028 254 
3897700 73 
3898214 73 
3898404 73 
3899159 73 
3899699 73 
3900460 73 
3901145 72 
3901145 70 
3902043 80 
3902605 76 
3903427 76 
3903476 83 
3906712 64 
3906840 61 
3906860 61 
3906860 153 
3906860 68 
3906860 65
3906939 92 
3907448 90 
3908393 103 
3908393 101 
3908899 100 
3908899 6
3908899 1578
3908899 10
3910896 25 
3910950 75 
3916356 73 
3920937 254 
3924537 73 
3925224 72 
3925224 70 
3926192 80 
3926643 83 
3926737 64 
3926917 61 
3926936 61 
3926936 151 
3926936 69 
3927009 93 
3928462 103 
3928462 101 
3929371 100 
3929371 6
3929371 1578
3929371 10
3931371 25 
3931772 75 
3932535 72 
3932535 70 
3933427 80 
3933908 83 
3934189 64 
3934437 256 
3934454 61 
3934474 61 
3934474 151 
3934474 69 
3934553 93 
3935023 91 
3935418 91 
3935872 91 
3936002 103 
3936002 101 
3936912 100 
3936912 6
3936912 1578
3936912 10
3938911 25 
3948951 254 
3959689 75 
3960449 72 
3960449 70 
3961320 80 
3961696 83 
3962110 64 
3962587 63 
3962607 63 
3962607 150 
3962607 68 
3962607 65
3962691 92 
3964138 103 
3964138 101 
3964649 100 
3964649 6
3964649 1578
3964649 10
3966648 25 
3966708 75 
3967305 73 
3967988 72 
3967988 70 
3968477 250 
3969338 71 
3969586 71 
3997262 71 
3997409 71 
3999949 71 
4002087 71 
4002773 71 
4013685 71 
4013977 80 
4014430 83 
4014852 64 
4015112 61 
4015132 61 
4015132 153 
4015132 68 
4015132 65
4015202 92 
4015894 90 
4016649 103 
4016649 101 
4017159 100 
4017159 6
4017159 1578
4017159 11
4019159 25 
4019206 75 
4019970 72 
4019970 70 
4020678 80 
4021009 83 
4023407 64 
4023591 61 
4023613 61 
4023613 150 
4023613 68 
4023613 65
4023697 92 
4025138 103 
4025138 101 
4025649 100 
4025649 6
4025649 1578
4025649 11
4027647 25 
4028419 75 
4030843 73 
4031833 73 
4032250 73 
4032586 73 
4032911 73 
4034812 73 
4035248 73 
4035932 72 
4035932 70 
4036398 250 
4037146 71 
4040721 71 
4041092 80 
4041423 83 
4041877 64 
4042467 61 
4042486 61 
4042486 150 
4042486 68 
4042486 65
4042570 92 
4042868 90 
4043101 90 
4043336 90 
4043789 90 
4044013 103 
4044013 101 
4044524 100 
4044524 6
4044524 1578
4044524 11
4046522 25 
4046581 75 
4047342 72 
4047342 70 
4048037 80 
4048361 83 
4048848 64 
4048994 61 
4049014 61 
4049014 150 
4049014 68 
4049014 65
4049095 92 
4050371 90 
4050544 103 
4050544 101 
4051051 100 
4051051 6
4051051 1578
4051051 11
4053050 25 
4063088 254 
4067984 75 
4068750 72 
4068750 70 
4069452 80 
4069777 83 
4070011 64 
4070236 61 
4070256 61 
4070256 150 
4070256 68 
4070256 65
4070335 92 
4071046 90 
4071540 90 
4071784 103 
4071784 101 
4072295 100 
4072295 6
4072295 1578
4072295 11
4074296 25 
4074344 75 
4075106 72 
4075106 70 
4075816 80 
4076136 83 
4076748 64 
4076930 256 
4076948 61 
4076969 61 
4076969 150 
4076969 68 
4076969 65
4077049 92 
4078073 90 
4078298 90 
4078488 103 
4078488 101 
4078998 100 
4078998 6
4078998 1578
4078998 10
4080999 25 
4081064 75 
4081833 72 
4081833 70 
4082531 80 
4106963 76 
4107065 83 
4107293 64 
4107492 61 
4107507 61 
4107507 151 
4107507 69 
4107591 93 
4109045 103 
4109045 101 
4109959 100 
4109959 6
4109959 1578
4109959 11
4111960 25 
4112257 75 
4112730 73 
4113969 73 
4114651 72 
4114651 70 
4115364 80 
4115694 83 
4116108 64 
4116405 61 
4116427 61 
4116427 150 
4116427 68 
4116427 65
4116504 92 
4117144 90 
4117959 103 
4117959 101 
4118476 100 
4118476 6
4118476 1578
4118476 11
4120475 25 
4120945 75 
4121064 73 
4121793 72 
4121793 70 
4122707 80 
4123199 83 
4123790 64 
4124049 63 
4124072 63 
4124072 151 
4124072 69 
4124136 93 
4125588 103 
4125588 101 
4126500 100 
4126500 6
4126500 1578
4126500 10
4128498 25 
4138477 75 
4138533 254 
4139245 72 
4139245 70 
4140138 80 
4140577 83 
4144928 64 
4145674 62 
4145695 62 
4145695 151 
4145695 69 
4145766 93 
4147219 103 
4147219 101 
4148130 100 
4148130 6
4148130 1578
4148130 10
4150129 25 
4150177 75 
4150943 72 
4150943 70 
4151852 80 
4152301 83 
4160522 64 
4160754 62 
4160774 62 
4160774 151 
4160774 69 
4160845 93 
4162302 103 
4162302 101 
4163217 100 
4163217 6
4163217 1578
4163217 10
4165217 25 
4171759 75 
4172341 73 
4173027 72 
4173027 70 
4173902 80 
4174309 83 
4176074 64 
4176270 61 
4176290 61 
4176290 151 
4176290 69 
4176360 93 
4177808 103 
4177808 101 
4178715 100 
4178715 6
4178715 1578
4178715 10
4180715 25 
4180764 75 
4181527 72 
4181527 70 
4182378 80 
4182781 83 
4182910 64 
4183154 61 
4183174 61 
4183174 153 
4183174 68 
4183174 65
4183251 92 
4184497 90 
4184701 103 
4184701 101 
4185206 100 
4185206 6
4185206 1578
4185206 11
4187205 25 
4187259 75 
4188021 72 
4188021 70 
4188731 80 
4189065 83 
4189319 64 
4189583 61 
4189605 61 
4189605 150 
4189605 68 
4189605 65
4189690 92 
4190256 90 
4191136 103 
4191136 101 
4191643 100 
4191643 6
4191643 1578
4191643 11
4193643 25 
4193704 75 
4194466 72 
4194466 70 
4195166 80 
4195488 83 
4232486 64 
4232663 61 
4232684 61 
4232684 150 
4232684 68 
4232684 65
4232766 92 
4233504 90 
4234218 103 
4234218 101 
4234737 100 
4234737 6
4234737 1578
4234737 10
4236735 25 
4236793 75 
4241071 73 
4241759 72 
4241759 70 
4242574 71 
4243056 80 
4243389 83 
4245054 64 
4269851 61 
4269872 61 
4269872 151 
4269872 69 
4269945 93 
4271393 103 
4271393 101 
4272301 100 
4272301 6
4272301 1578
4272301 11
4274304 25 
4274352 75 
4275118 72 
4275118 70 
4275830 80 
4276167 83 
4276249 64 
4276461 61 
4276480 61 
4276480 150 
4276480 68 
4276480 65
4276558 92 
4277343 90 
4277613 90 
4278005 103 
4278005 101 
4278512 100 
4278512 6
4278512 1578
4278512 10
4280515 25 
4280561 75 
4281334 72 
4281334 70 
4281822 250 
4285241 71 
4285536 80 
4286071 83 
4286569 64 
4286803 256 
4286819 255 
4325191 61 
4325211 61 
4325211 151 
4325211 69 
4325282 93 
4326734 103 
4326734 101 
4327651 100 
4327651 6
4327651 1578
4327651 10
4329653 25 
4335142 75 
4335957 73 
4336640 72 
4336640 70 
4337537 80 
4338375 76 
4338478 83 
4338885 64 
4339091 61 
4339111 61 
4339111 151 
4339111 69 
4339181 93 
4339633 91 
4339751 91 
4340025 91 
4340355 91 
4340632 103 
4340632 101 
4341541 100 
4341541 6
4341541 1578
4341541 11
4343541 25 
4343621 75 
4344382 72 
4344382 70 
4344792 250 
4348826 71 
4349307 80 
4349908 83 
4349997 64 
4350230 62 
4350250 62 
4350250 153 
4350250 68 
4350250 65
4350330 92 
4350899 90 
4351164 90 
4351583 90 
4351774 103 
4351774 101 
4352282 100 
4352282 6
4352282 1578
4352282 11
4354284 25 
4354331 75 
4355098 72 
4355098 70 
4356015 80 
4356516 83 
4356769 64 
4357023 61 
4357042 61 
4357042 150 
4357042 68 
4357042 65
4357129 92 
4358573 103 
4358573 101 
4359079 100 
4359079 6
4359079 1578
4359079 10
4361079 25 
4361127 75 
4361894 72 
4361894 70 
4362794 80 
4363313 83 
4363391 64 
4363701 61 
4363720 61 
4363720 151 
4363720 69 
4363794 93 
4364351 91 
4365122 91 
4365252 103 
4365252 101 
4366169 100 
4366169 6
4366169 1578
4366169 10
4368171 25 
4368230 75 
4368995 72 
4368995 70 
4369872 80 
4370269 83 
4370919 64 
4371632 61 
4371647 61 
4371647 151 
4371647 69 
4371722 93 
4372256 91 
4373165 103 
4373165 101 
4374074 100 
4374074 6
4374074 1578
4374074 11
4376074 25 
4386110 254 
4394153 75 
4394917 72 
4394917 70 
4395764 80 
4396160 83 
4396285 64 
4439853 255 
4440598 256 
4442109 61 
4442129 61 
4442129 150 
4442129 68 
4442129 65
4442205 92 
4443657 103 
4443657 101 
4444164 100 
4444164 6
4444164 1578
4444164 11
4446163 25 
4446225 75 
4446989 72 
4446989 70 
4447806 80 
4448137 83 
4448205 64 
4448638 256 
4448653 255 
4452548 62 
4452569 62 
4452569 151 
4452569 69 
4452638 93 
4454089 103 
4454089 101 
4454997 100 
4454997 6
4454997 1578
4454997 11
4457000 25 
4457059 75 
4457826 72 
4457826 70 
4458533 80 
4458856 83 
4459005 64 
4459286 61 
4459302 61 
4459302 150 
4459302 68 
4459302 65
4459369 92 
4459713 90 
4460822 103 
4460822 101 
4461330 100 
4461330 6
4461330 1578
4461330 10
4463330 25 
4463383 75 
4464144 72 
4464144 70 
4464852 80 
4465187 83 
4466174 64 
4466367 61 
4466382 61 
4466382 151 
4466382 69 
4466468 93 
4467322 91 
4467908 103 
4467908 101 
4468819 100 
4468819 6
4468819 1578
4468819 10
4470820 25 
4480874 254 
4494981 75 
4495747 72 
4495747 70 
4496662 250 
4524033 71 
4524327 80 
4524660 83 
4528778 64 
4528986 61 
4529008 61 
4529008 153 
4529008 68 
4529008 65
4529087 92 
4530541 103 
4530541 101 
4531047 100 
4531047 6
4531047 1578
4531047 10
4533047 25 
4533108 75 
4533871 72 
4533871 70 
4534584 80 
4538808 76 
4538997 76 
4539092 83 
4539647 64 
4539909 62 
4539929 62 
4539929 151 
4539929 69 
4540004 93 
4540424 91 
4541090 91 
4541357 91 
4541454 103 
4541454 101 
4542376 100 
4542376 6
4542376 1578
4542376 11
4544376 25 
4548402 75 
4554425 254 
4564546 73 
4565309 72 
4565309 70 
4566212 80 
4566669 83 
4566937 64 
4567109 61 
4567129 61 
4567129 150 
4567129 68 
4567129 65
4567208 92 
4568657 103 
4568657 101 
4569163 100 
4569163 6
4569163 1578
4569163 11
4571162 25 
4571605 75 
4572372 72 
4572372 70 
4573262 80 
4573699 83 
4573812 64 
4573970 61 
4573986 61 
4573986 150 
4573986 68 
4573986 65
4574058 92 
4574646 90 
4575501 103 
4575501 101 
4576012 100 
4576012 6
4576012 1578
4576012 10
4578015 25 
4588066 254 
4611090 75 
4611859 72 
4611859 70 
4612732 80 
4613138 83 
4613421 64 
4613681 61 
4613701 61 
4613701 151 
4613701 69 
4613768 93 
4614261 91 
4615225 103 
4615225 101 
4616142 100 
4616142 6
4616142 1578
4616142 10
4618142 25 
4619151 75 
4620054 73 
4626155 73 
4626881 72 
4626881 70 
4627772 80 
4628185 83 
4628274 64 
4628476 61 
4628495 61 
4628495 151 
4628495 69 
4628573 93 
4629030 91 
4629494 91 
4629915 91 
4630017 103 
4630017 101 
4630923 100 
4630923 6
4630923 1578
4630923 11
4632923 25 
4642963 254 
4667991 75 
4670001 73 
4670277 73 
4670961 72 
4670961 70 
4671805 80 
4678874 76 
4678979 83 
4679458 64 
4679589 61 
4679610 61 
4679610 150 
4679610 68 
4679610 65
4679695 92 
4680468 90 
4681138 103 
4681138 101 
4681649 100 
4681649 6
4681649 1578
4681649 10
4683649 25 
4683710 75 
4684473 72 
4684473 70 
4685330 80 
4685719 83 
4685747 64 
4685948 63 
4685969 63 
4685969 150 
4685969 68 
4685969 65
4686049 92 
4687498 103 
4687498 101 
4688007 100 
4688007 6
4688007 1578
4688007 11
4690007 25 
4690053 75 
4690816 72 
4690816 70 
4691633 80 
4691959 83 
4693826 64 
4694014 61 
4694035 61 
4694035 150 
4694035 68 
4694035 65
4694114 92 
4694822 90 
4695561 103 
4695561 101 
4696068 100 
4696068 6
4696068 1578
4696068 11
4698069 25 
4703124 75 
4704599 73 
4705387 73 
4705511 73 
4708112 254 
4714082 73 
4739413 73 
4740096 72 
4740096 70 
4740804 80 
4741140 83 
4741228 64 
4741442 61 
4741464 61 
4741464 150 
4741464 68 
4741464 65
4741544 92 
4742229 90 
4742992 103 
4742992 101 
4743502 100 
4743502 6
4743502 1578
4743502 10
4745503 25 
4745550 75 
4746317 72 
4746317 70 
4747021 80 
4747347 83 
4748120 64 
4748318 256 
4764942 255 
4775357 61 
4775378 61 
4775378 151 
4775378 69 
4775452 93 
4776900 103 
4776900 101 
4777808 100 
4777808 6
4777808 1578
4777808 11
4779807 25 
4779855 75 
4780620 72 
4780620 70 
4781333 80 
4781662 83 
4782162 64 
4782376 256 
4782423 61 
4782443 61 
4782443 150 
4782443 68 
4782443 65
4782513 92 
4782950 90 
4783964 103 
4783964 101 
4784473 100 
4784473 6
4784473 1578
4784473 11
4786472 25 
4786519 75 
4787284 72 
4787284 70 
4787996 80 
4788316 83 
4791250 64 
4791384 256 
4791602 62 
4791622 62 
4791622 151 
4791622 69 
4791696 93 
4793059 91 
4793147 103 
4793147 101 
4794053 100 
4794053 6
4794053 1578
4794053 11
4796054 25 
4806094 254 
4829273 75 
4830034 72 
4830034 70 
4830938 80 
4831429 83 
4833352 64 
4833595 61 
4833615 61 
4833615 150 
4833615 68 
4833615 65
4833687 92 
4834446 90 
4835139 103 
4835139 101 
4835652 100 
4835652 6
4835652 1578
4835652 10
4837651 25 
4839472 75 
4839900 73 
4840585 72 
4840585 70 
4841479 80 
4841961 83 
4847288 64 
4851614 256 
4852559 255 
4853500 62 
4853521 62 
4853521 151 
4853521 69 
4853592 93 
4854408 91 
4855043 103 
4855043 101 
4855967 100 
4855967 6
4855967 1578
4855967 10
4857966 25 
4858022 75 
4858787 72 
4858787 70 
4859683 80 
4860135 83 
4860630 64 
4860901 256 
4861563 61 
4861582 61 
4861582 151 
4861582 69 
4861645 93 
4863097 91 
4863112 103 
4863112 101 
4864026 100 
4864026 6
4864026 1578
4864026 11
4866024 25 
4866072 75 
4866841 72 
4866841 70 
4867712 80 
4868101 83 
4868136 64 
4868415 256 
4868433 255 
4869658 61 
4869673 61 
4869673 150 
4869673 68 
4869673 65
4869741 92 
4870116 90 
4870484 90 
4871194 103 
4871194 101 
4871702 100 
4871702 6
4871702 1578
4871702 11
4873702 25 
4873748 75 
4874513 72 
4874513 70 
4875333 80 
4876154 76 
4876235 83 
4876421 64 
4876627 61 
4876642 61 
4876642 150 
4876642 68 
4876642 65
4876717 92 
4877301 90 
4878162 103 
4878162 101 
4878673 100 
4878673 6
4878673 1578
4878673 10
4880670 25 
4880719 75 
4881482 72 
4881482 70 
4882284 80 
4882693 83 
4883744 64 
4884216 61 
4884237 61 
4884237 151 
4884237 69 
4884314 93 
4885759 103 
4885759 101 
4886669 100 
4886669 6
4886669 1578
4886669 10
4888669 25 
4888722 75 
4888799 73 
4889564 72 
4889564 70 
4890383 80 
4892299 76 
4892404 83 
4892929 64 
4893097 62 
4893117 62 
4893117 153 
4893117 68 
4893117 65
4893189 92 
4893656 90 
4894029 90 
4894433 90 
4894605 90 
4894638 103 
4894638 101 
4895145 100 
4895145 6
4895145 1578
4895145 10
4897144 25 
4897193 75 
4897959 72 
4897959 70 
4898665 80 
4898987 83 
4900264 64 
4900443 61 
4900465 61 
4900465 151 
4900465 69 
4900546 93 
4901994 103 
4901994 101 
4902901 100 
4902901 6
4902901 1578
4902901 11
4904901 25 
4904949 75 
4905711 72 
4905711 70 
4906429 80 
4906763 83 
4907113 64 
4907324 61 
4907347 61 
4907347 150 
4907347 68 
4907347 65
4907419 92 
4908088 90 
4908872 103 
4908872 101 
4909379 100 
4909379 6
4909379 1578
4909379 11
4911379 25 
4911426 75 
4912188 72 
4912188 70 
4912898 80 
4913236 83 
4913545 64 
4913838 61 
4913860 61 
4913860 150 
4913860 68 
4913860 65
4913935 92 
4914788 90 
4915385 103 
4915385 101 
4915895 100 
4915895 6
4915895 1578
4915895 11
4917896 25 
4917945 75 
4918709 72 
4918709 70 
4919416 80 
4919742 83 
4920454 64 
4922047 256 
4924671 61 
4924691 61 
4924691 150 
4924691 68 
4924691 65
4924762 92 
4926217 103 
4926217 101 
4926729 100 
4926729 6
4926729 1578
4926729 10
4928731 25 
4928779 75 
4929541 72 
4929541 70 
4930253 80 
4930960 76 
4931011 83 
4931198 64 
4931680 63 
4931700 63 
4931700 150 
4931700 68 
4931700 65
4931764 92 
4933222 103 
4933222 101 
4933729 100 
4933729 6
4933729 1578
4933729 11
4935729 25 
4935789 75 
4936556 72 
4936556 70 
4937260 80 
4937589 83 
4938782 64 
4938996 61 
4939018 61 
4939018 150 
4939018 68 
4939018 65
4939088 92 
4940540 103 
4940540 101 
4941043 100 
4941043 6
4941043 1578
4941043 10
4943046 25 
4953097 254 
4965632 75 
4969146 73 
4969829 72 
4969829 70 
4970540 80 
4970861 83 
4971230 64 
4971437 61 
4971458 61 
4971458 151 
4971458 69 
4971526 93 
4972925 91 
4972976 103 
4972976 101 
4973886 100 
4973886 6
4973886 1578
4973886 10
4975884 25 
4975932 75 
4976697 72 
4976697 70 
4977403 80 
4977727 83 
4977917 64 
4978257 256 
4978274 63 
4978293 63 
4978293 150 
4978293 68 
4978293 65
4978366 92 
4979817 103 
4979817 101 
4980336 100 
4980336 6
4980336 1578
4980336 11
4982334 25 
4982383 75 
4983150 72 
4983150 70 
4983860 80 
4984192 83 
4984398 64 
4984582 61 
4984598 61 
4984598 150 
4984598 68 
4984598 65
4984668 92 
4985795 90 
4986123 103 
4986123 101 
4986640 100 
4986640 6
4986640 1578
4986640 10
4988640 25 
4988701 75 
4989464 72 
4989464 70 
4990196 80 
4990708 83 
4991022 64 
4997890 61 
4997910 61 
4997910 153 
4997910 68 
4997910 65
4997976 92 
4999436 103 
4999436 101 
4999955 100 
4999955 6
4999955 1578
4999955 11
5001954 25 
5002001 75 
5002764 72 
5002764 70 
5003652 80 
5004146 83 
5004588 64 
5004964 256 
5004982 61 
5005002 61 
5005002 150 
5005002 68 
5005002 65
5005077 92 
5006526 103 
5006526 101 
5007045 100 
5007045 6
5007045 1578
5007045 10
5009042 25 
5009093 75 
5009855 72 
5009855 70 
5010739 80 
5011170 83 
5011574 64 
5011818 61 
5011838 61 
5011838 151 
5011838 69 
5011913 93 
5012609 91 
5012870 91 
5013025 91 
5013357 103 
5013357 101 
5014266 100 
5014266 6
5014266 1578
5014266 10
5016266 25 
5016539 75 
5017306 72 
5017306 70 
5018180 80 
5018590 83 
5018675 64 
5018899 61 
5018918 61 
5018918 153 
5018918 68 
5018918 65
5018990 92 
5019403 90 
5019737 90 
5020120 90 
5020439 103 
5020439 101 
5020945 100 
5020945 6
5020945 1578
5020945 10
5022944 25 
5022992 75 
5023758 72 
5023758 70 
5024571 80 
5026254 76 
5026311 83 
5026530 64 
5026750 61 
5026769 61 
5026769 151 
5026769 69 
5026839 93 
5027324 91 
5028287 103 
5028287 101 
5029199 100 
5029199 6
5029199 1578
5029199 11
5031198 25 
5031257 75 
5032020 72 
5032020 70 
5032831 80 
5033201 83 
5041056 64 
5042796 255 
5043819 256 
5045083 61 
5045102 61 
5045102 150 
5045102 68 
5045102 65
5045173 92 
5046626 103 
5046626 101 
5047132 100 
5047132 6
5047132 1578
5047132 11
5049134 25 
5049194 75 
5049959 72 
5049959 70 
5050807 80 
5051230 83 
5051337 64 
5051558 61 
5051578 61 
5051578 150 
5051578 68 
5051578 65
5051654 92 
5053104 103 
5053104 101 
5053609 100 
5053609 6
5053609 1578
5053609 10
5055611 25 
5055658 75 
5056425 72 
5056425 70 
5057269 80 
5058224 76 
5058939 76 
5058995 83 
5059354 64 
5059556 61 
5059577 61 
5059577 151 
5059577 69 
5059651 93 
5060277 91 
5061097 103 
5061097 101 
5062008 100 
5062008 6
5062008 1578
5062008 11
5064008 25 
5064060 75 
5064824 72 
5064824 70 
5065657 80 
5066252 76 
5066354 83 
5066470 64 
5066673 61 
5066696 61 
5066696 150 
5066696 68 
5066696 65
5066773 92 
5068222 103 
5068222 101 
5068738 100 
5068738 6
5068738 1578
5068738 11
5070738 25 
5070786 75 
5071550 72 
5071550 70 
5072377 80 
5073788 76 
5073891 83 
5074276 64 
5074541 61 
5074561 61 
5074561 150 
5074561 68 
5074561 65
5074640 92 
5075253 90 
5076093 103 
5076093 101 
5076602 100 
5076602 6
5076602 1578
5076602 10
5078600 25 
5078649 75 
5079410 72 
5079410 70 
5080120 80 
5080447 83 
5081746 64 
5082246 61 
5082266 61 
5082266 151 
5082266 69 
5082346 93 
5083248 91 
5083558 91 
5083795 103 
5083795 101 
5084703 100 
5084703 6
5084703 1578
5084703 11
5086705 25 
5090240 75 
5090801 73 
5091051 73 
5094133 73 
5094871 73 
5095369 73 
5095591 73 
5095630 73 
5096311 72 
5096311 70 
5097023 80 
5097352 83 
5098250 64 
5098474 61 
5098496 61 
5098496 150 
5098496 68 
5098496 65
5098569 92 
5099470 90 
5100022 90 
5100022 103 
5100022 101 
5100542 100 
5100542 6
5100542 1578
5100542 11
5102542 25 
5102598 75 
5112589 254 
5120469 73 
5120642 73 
5121140 73 
5121822 72 
5121822 70 
5122538 80 
5122868 83 
5123836 64 
5124036 61 
5124055 61 
5124055 150 
5124055 68 
5124055 65
5124133 92 
5125577 103 
5125577 101 
5126085 100 
5126085 6
5126085 1578
5126085 10
5128085 25 
5131178 75 
5131939 72 
5131939 70 
5132644 80 
5132969 83 
5141260 64 
5143440 255 
5144682 256 
5144787 61 
5144806 61 
5144806 151 
5144806 69 
5144875 93 
5146328 103 
5146328 101 
5147238 100 
5147238 6
5147238 1578
5147238 11
5149238 25 
5149299 75 
5150061 72 
5150061 70 
5150775 80 
5151113 83 
5151215 64 
5151422 61 
5151443 61 
5151443 150 
5151443 68 
5151443 65
5151520 92 
5152085 90 
5152964 103 
5152964 101 
5153474 100 
5153474 6
5153474 1578
5153474 10
5155475 25 
5155522 75 
5156286 72 
5156286 70 
5156997 80 
5157320 83 
5157488 64 
5157661 61 
5157683 61 
5157683 151 
5157683 69 
5157756 93 
5158731 91 
5158900 91 
5159204 103 
5159204 101 
5160113 100 
5160113 6
5160113 1578
5160113 10
5162111 25 
5162160 75 
5162576 73 
5162713 73 
5163395 72 
5163395 70 
5164101 80 
5164426 83 
5164982 64 
5165240 256 
5165414 61 
5165429 61 
5165429 151 
5165429 69 
5165510 93 
5166961 103 
5166961 101 
5167870 100 
5167870 6
5167870 1578
5167870 10
5169870 25 
5170031 75 
5170799 72 
5170799 70 
5171517 80 
5171872 83 
5172878 64 
5173068 61 
5173090 61 
5173090 151 
5173090 69 
5173160 93 
5174609 103 
5174609 101 
5175517 100 
5175517 6
5175517 1578
5175517 11
5177519 25 
5187561 254 
5188657 75 
5189430 72 
5189430 70 
5190412 80 
5190797 83 
5191225 64 
5191479 61 
5191498 61 
5191498 152 
5191498 69 
5191568 93 
5191970 91 
5192212 91 
5192383 91 
5193020 103 
5193020 101 
5193935 100 
5193935 6
5193935 1578
5193935 11
5195939 25 
5195998 75 
5196764 72 
5196764 70 
5197631 80 
5197984 83 
5198149 64 
5198311 256 
5198330 61 
5198349 61 
5198349 150 
5198349 68 
5198349 65
5198425 92 
5199222 90 
5199546 90 
5199880 103 
5199880 101 
5200388 100 
5200388 6
5200388 1578
5200388 10
5202387 25 
5202441 75 
5203207 72 
5203207 70 
5204042 80 
5204447 83 
5204930 64 
5205148 63 
5205167 63 
5205167 150 
5205167 68 
5205167 65
5205237 92 
5206696 103 
5206696 101 
5207212 100 
5207212 6
5207212 1578
5207212 10
5209211 25 
5209272 75 
5210038 72 
5210038 70 
5211388 250 
5211600 71 
5211895 80 
5212322 83 
5212439 64 
5212648 63 
5212668 63 
5212668 150 
5212668 68 
5212668 65
5212741 92 
5214193 103 
5214193 101 
5214701 100 
5214701 6
5214701 1578
5214701 11
5216702 25 
5216754 75 
5217515 72 
5217515 70 
5218334 80 
5218665 83 
5218826 64 
5219012 61 
5219031 61 
5219031 150 
5219031 68 
5219031 65
5219101 92 
5220010 90 
5220553 103 
5220553 101 
5221072 100 
5221072 6
5221072 1578
5221072 10
5223072 25 
5223120 75 
5223887 72 
5223887 70 
5224596 80 
5224916 83 
5226194 64 
5226407 61 
5226428 61 
5226428 151 
5226428 69 
5226500 93 
5226831 91 
5227097 91 
5227945 103 
5227945 101 
5228856 100 
5228856 6
5228856 1578
5228856 10
5230856 25 
5231584 75 
5231971 73 
5232095 73 
5232428 73 
5233523 73 
5234576 73 
5235315 73 
5235693 73 
5236223 73 
5236534 73 
5237013 73 
5237262 73 
5238301 73 
5238986 73 
5239670 72 
5239670 70 
5240028 250 
5240800 71 
5241420 71 
5242128 71 
5242548 71 
5242965 71 
5243570 71 
5244011 71 
5244383 71 
5244750 71 
5245100 71 
5245434 71 
5245829 71 
5246250 71 
5246547 80 
5247616 76 
5247719 83 
5247952 64 
5248698 62 
5248717 62 
5248717 151 
5248717 69 
5258310 91 
5259080 91 
5259102 93 
5259102 103 
5259102 101 
5260017 100 
5260017 6
5260017 1578
5260017 11
5262017 25 
5271462 75 
5272060 254 
5272225 72 
5272225 70 
5272451 250 
5272492 71 
5272972 80 
5273294 83 
5273659 64 
5273868 61 
5273888 61 
5273888 150 
5273888 68 
5273888 65
5273963 92 
5274676 90 
5274739 90 
5275409 103 
5275409 101 
5275921 100 
5275921 6
5275921 1578
5275921 11
5277922 25 
5277982 75 
5282132 73 
5282818 72 
5282818 70 
5283536 80 
5283866 83 
5284480 64 
5284664 61 
5284684 61 
5284684 150 
5284684 68 
5284684 65
5284758 92 
5285360 90 
5285909 90 
5286201 103 
5286201 101 
5286712 100 
5286712 6
5286712 1578
5286712 11
5288712 25 
5288764 75 
5298752 254 
5300494 73 
5301181 72 
5301181 70 
5301902 80 
5302228 83 
5302339 64 
5302547 61 
5302567 61 
5302567 150 
5302567 68 
5302567 65
5302640 92 
5303178 90 
5303872 90 
5304087 103 
5304087 101 
5304597 100 
5304597 6
5304597 1578
5304597 11
5306598 25 
5307094 75 
5307860 72 
5307860 70 
5308574 80 
5308896 83 
5309207 64 
5309437 61 
5309458 61 
5309458 150 
5309458 68 
5309458 65
5309531 92 
5310980 103 
5310980 101 
5311487 100 
5311487 6
5311487 1578
5311487 10
5313488 25 
5313541 75 
5318732 73 
5319413 72 
5319413 70 
5320305 80 
5320722 83 
5320778 64 
5320968 61 
5320988 61 
5320988 153 
5320988 68 
5320988 65
5321064 92 
5322511 103 
5322511 101 
5323028 100 
5323028 6
5323028 1578
5323028 10
5325029 25 
5325078 75 
5325843 72 
5325843 70 
5326687 80 
5327079 83 
5328432 64 
5328643 61 
5328665 61 
5328665 151 
5328665 69 
5328732 93 
5329190 91 
5330185 103 
5330185 101 
5331094 100 
5331094 6
5331094 1578
5331094 10
5333094 25 
5336811 75 
5337817 73 
5338520 73 
5340475 73 
5341311 73 
5341602 73 
5342098 73 
5342774 73 
5343147 254 
5343213 73 
5343804 73 
5343861 73 
5344696 73 
5345981 73 
5346575 73 
5346807 73 
5347494 72 
5347494 70 
5348773 250 
5348979 71 
5354278 71 
5354568 80 
5354903 83 
5355216 64 
5355401 61 
5355417 61 
5355417 151 
5355417 69 
5355498 93 
5356945 103 
5356945 101 
5357853 100 
5357853 6
5357853 1578
5357853 10
5359855 25 
5359902 75 
5360101 73 
5360819 72 
5360819 70 
5361524 80 
5361844 83 
5362159 64 
5362374 61 
5362394 61 
5362394 151 
5362394 69 
5362466 93 
5363917 103 
5363917 101 
5364826 100 
5364826 6
5364826 1578
5364826 11
5366825 25 
5366886 75 
5367653 72 
5367653 70 
5368362 80 
5368694 83 
5368840 64 
5369044 61 
5369063 61 
5369063 150 
5369063 68 
5369063 65
5369148 92 
5369779 90 
5369925 90 
5370371 90 
5370593 103 
5370593 101 
5371100 100 
5371100 6
5371100 1578
5371100 11
5373101 25 
5373150 75 
5373913 72 
5373913 70 
5374623 80 
5374950 83 
5376331 64 
5376551 61 
5376571 61 
5376571 150 
5376571 68 
5376571 65
5376646 92 
5378099 103 
5378099 101 
5378605 100 
5378605 6
5378605 1578
5378605 11
5380606 25 
5381737 75 
5385167 73 
5385854 72 
5385854 70 
5386565 80 
5386885 83 
5388878 64 
5401438 256 
5402905 62 
5402926 62 
5402926 151 
5402926 69 
5403363 91 
5403385 93 
5403851 91 
5404445 103 
5404445 101 
5405355 100 
5405355 6
5405355 1578
5405355 10
5407356 25 
5408511 75 
5409276 72 
5409276 70 
5409983 80 
5410320 83 
5410868 64 
5411074 61 
5411095 61 
5411095 151 
5411095 69 
5411164 93 
5411740 91 
5412613 103 
5412613 101 
5413522 100 
5413522 6
5413522 1578
5413522 10
5415525 25 
5425563 254 
5430313 75 
5431078 72 
5431078 70 
5431409 250 
5433207 71 
5433610 80 
5433939 83 
5434375 64 
5434832 61 
5434852 61 
5434852 151 
5434852 69 
5434923 93 
5435805 91 
5436381 103 
5436381 101 
5437288 100 
5437288 6
5437288 1578
5437288 11
5439287 25 
5439335 75 
5440102 72 
5440102 70 
5440807 80 
5441134 83 
5441759 64 
5442027 256 
5442552 62 
5442571 62 
5442571 153 
5442571 68 
5442571 65
5442652 92 
5443202 90 
5444096 103 
5444096 101 
5444604 100 
5444604 6
5444604 1578
5444604 10
5446604 25 
5446652 75 
5447416 72 
5447416 70 
5448142 80 
5448939 76 
5449044 83 
5449209 64 
5449410 63 
5449430 63 
5449430 150 
5449430 68 
5449430 65
5449513 92 
5450962 103 
5450962 101 
5451466 100 
5451466 6
5451466 1578
5451466 11
5453467 25 
5456085 75 
5456851 72 
5456851 70 
5457738 80 
5458245 83 
5458305 64 
5458543 63 
5458562 63 
5458562 151 
5458562 69 
5458639 93 
5460087 103 
5460087 101 
5460998 100 
5460998 6
5460998 1578
5460998 10
5462999 25 
5463046 75 
5463812 72 
5463812 70 
5464704 80 
5465202 83 
5468089 64 
5469626 255 
5470104 256 
5471142 61 
5471163 61 
5471163 153 
5471163 68 
5471163 65
5471236 92 
5472682 103 
5472682 101 
5473193 100 
5473193 6
5473193 1578
5473193 11
5475191 25 
5475240 75 
5476008 72 
5476008 70 
5476843 80 
5477177 83 
5477289 64 
5477524 61 
5477545 61 
5477545 150 
5477545 68 
5477545 65
5477622 92 
5478582 90 
5479075 103 
5479075 101 
5479593 100 
5479593 6
5479593 1578
5479593 11
5481593 25 
5481650 75 
5482418 72 
5482418 70 
5483130 80 
5483876 76 
5483974 83 
5484154 64 
5484343 61 
5484363 61 
5484363 150 
5484363 68 
5484363 65
5484445 92 
5485332 90 
5485475 90 
5485895 103 
5485895 101 
5486398 100 
5486398 6
5486398 1578
5486398 11
5488399 25 
5488448 75 
5489212 72 
5489212 70 
5489925 80 
5490260 83 
5490413 64 
5490785 63 
5490807 63 
5490807 151 
5490807 69 
5490881 93 
5492328 103 
5492328 101 
5493239 100 
5493239 6
5493239 1578
5493239 10
5495237 25 
5495297 75 
5496067 72 
5496067 70 
5496771 80 
5497097 83 
5497443 64 
5497929 61 
5497946 61 
5497946 151 
5497946 69 
5498014 93 
5498650 91 
5499133 91 
5499475 103 
5499475 101 
5500381 100 
5500381 6
5500381 1578
5500381 11
5502382 25 
5502441 75 
5503204 72 
5503204 70 
5503919 80 
5504708 76 
5504817 83 
5504926 64 
5505129 61 
5505148 61 
5505148 150 
5505148 68 
5505148 65
5505228 92 
5505919 90 
5506676 103 
5506676 101 
5507190 100 
5507190 6
5507190 1578
5507190 10
5509191 25 
5509239 75 
5510000 72 
5510000 70 
5510715 80 
5511049 83 
5512737 64 
5512973 63 
5512992 63 
5512992 150 
5512992 68 
5512992 65
5513069 92 
5514521 103 
5514521 101 
5515025 100 
5515025 6
5515025 1578
5515025 11
5517027 25 
5517075 75 
5517844 72 
5517844 70 
5518551 80 
5518886 83 
5519204 64 
5519442 256 
5519459 61 
5519478 61 
5519478 150 
5519478 68 
5519478 65
5519562 92 
5520005 90 
5520548 90 
5521009 103 
5521009 101 
5521516 100 
5521516 6
5521516 1578
5521516 10
5523518 25 
5523566 75 
5524328 72 
5524328 70 
5525041 80 
5525360 83 
5526891 64 
5527167 255 
5527239 256 
5540599 62 
5540616 62 
5540616 151 
5540616 69 
5541602 91 
5541627 93 
5542131 103 
5542131 101 
5543043 100 
5543043 6
5543043 1578
5543043 10
5545041 25 
5545089 75 
5545855 72 
5545855 70 
5546564 80 
5546890 83 
5551377 64 
5551610 61 
5551631 61 
5551631 151 
5551631 69 
5551704 93 
5552312 91 
5552587 91 
5553101 91 
5553156 103 
5553156 101 
5554067 100 
5554067 6
5554067 1578
5554067 11
5556066 25 
5556125 75 
5556889 72 
5556889 70 
5557605 80 
5557936 83 
5558006 64 
5592045 256 
5593840 61 
5593860 61 
5593860 150 
5593860 68 
5593860 65
5593946 92 
5594859 90 
5595394 103 
5595394 101 
5595898 100 
5595898 6
5595898 1578
5595898 11
5597899 25 
5604031 75 
5607750 73 
5607952 254 
5608431 72 
5608431 70 
5609302 80 
5609737 83 
5610093 64 
5610267 61 
5610288 61 
5610288 150 
5610288 68 
5610288 65
5610362 92 
5610997 90 
5611815 103 
5611815 101 
5612321 100 
5612321 6
5612321 1578
5612321 10
5614320 25 
5614367 75 
5621593 73 
5622165 73 
5623101 73 
5623687 73 
5624193 73 
5624359 254 
5624493 73 
5624855 73 
5625212 73 
5625861 73 
5626335 73 
5627309 73 
5638168 73 
5639170 73 
5640065 73 
5641869 73 
5642419 73 
5643055 73 
5648151 73 
5651730 73 
5652413 72 
5652413 70 
5653231 80 
5653566 83 
5653980 64 
5654146 61 
5654165 61 
5654165 153 
5654165 68 
5654165 65
5654233 92 
5654949 90 
5655689 103 
5655689 101 
5656192 100 
5656192 6
5656192 1578
5656192 11
5658195 25 
5658247 75 
5663531 73 
5664219 72 
5664219 70 
5664924 80 
5665245 83 
5665293 64 
5665500 61 
5665519 61 
5665519 150 
5665519 68 
5665519 65
5665597 92 
5666423 90 
5666607 90 
5667041 103 
5667041 101 
5667550 100 
5667550 6
5667550 1578
5667550 10
5669550 25 
5669603 75 
5669894 73 
5670096 73 
5670803 72 
5670803 70 
5671510 80 
5671833 83 
5671963 64 
5672174 61 
5672194 61 
5672194 151 
5672194 69 
5672269 93 
5673724 103 
5673724 101 
5674640 100 
5674640 6
5674640 1578
5674640 11
5676640 25 
5684642 75 
5684826 73 
5685514 72 
5685514 70 
5686222 80 
5686549 83 
5686761 64 
5686978 61 
5686998 61 
5686998 150 
5686998 68 
5686998 65
5687075 92 
5687511 90 
5688524 103 
5688524 101 
5689032 100 
5689032 6
5689032 1578
5689032 10
5691034 25 
5691081 75 
5691849 72 
5691849 70 
5692556 80 
5692876 83 
5693977 64 
5694143 61 
5694162 61 
5694162 151 
5694162 69 
5694239 93 
5695680 103 
5695680 101 
5696590 100 
5696590 6
5696590 1578
5696590 10
5698590 25 
5699186 75 
5699952 72 
5699952 70 
5700659 80 
5700982 83 
5701213 64 
5701466 61 
5701487 61 
5701487 151 
5701487 69 
5701565 93 
5702227 91 
5703013 103 
5703013 101 
5703919 100 
5703919 6
5703919 1578
5703919 10
5705920 25 
5705968 75 
5706730 72 
5706730 70 
5707427 80 
5708597 76 
5708655 83 
5708857 64 
5709047 61 
5709062 61 
5709062 151 
5709062 69 
5709136 93 
5709640 91 
5710020 91 
5710415 91 
5710581 103 
5710581 101 
5711491 100 
5711491 6
5711491 1578
5711491 11
5713492 25 
5714159 75 
5714922 72 
5714922 70 
5715624 80 
5715953 83 
5716357 64 
5716737 61 
5716758 61 
5716758 150 
5716758 68 
5716758 65
5716839 92 
5717200 90 
5717679 90 
5718289 103 
5718289 101 
5718798 100 
5718798 6
5718798 1578
5718798 10
5720798 25 
5720855 75 
5721622 72 
5721622 70 
5721944 250 
5727274 71 
5727672 80 
5728005 83 
5728506 64 
5728676 61 
5728691 61 
5728691 151 
5728691 69 
5728764 93 
5729618 91 
5729975 91 
5730211 103 
5730211 101 
5731123 100 
5731123 6
5731123 1578
5731123 10
5733122 25 
5737898 75 
5739053 73 
5739739 72 
5739739 70 
5740442 80 
5742340 76 
5742444 83 
5742779 64 
5742948 61 
5742968 61 
5742968 151 
5742968 69 
5743045 93 
5744490 103 
5744490 101 
5745395 100 
5745395 6
5745395 1578
5745395 11
5747397 25 
5751490 75 
5752250 72 
5752250 70 
5752956 80 
5753480 83 
5757126 64 
5757277 61 
5757300 61 
5757300 150 
5757300 68 
5757300 65
5757381 92 
5758059 90 
5758407 90 
5758831 103 
5758831 101 
5759340 100 
5759340 6
5759340 1578
5759340 11
5761337 25 
5761385 75 
5762150 72 
5762150 70 
5763049 80 
5763538 83 
5763895 64 
5764124 61 
5764143 61 
5764143 150 
5764143 68 
5764143 65
5764218 92 
5765153 90 
5765666 103 
5765666 101 
5766176 100 
5766176 6
5766176 1578
5766176 11
5768176 25 
5768235 75 
5768998 72 
5768998 70 
5769912 80 
5770657 76 
5770760 83 
5770969 64 
5771166 61 
5771181 61 
5771181 150 
5771181 68 
5771181 65
5771256 92 
5771913 90 
5772703 103 
5772703 101 
5773209 100 
5773209 6
5773209 1578
5773209 10
5775211 25 
5785270 254 
5829274 75 
5836538 73 
5856601 73 
5857290 72 
5857290 70 
5857932 250 
5863916 71 
5864215 80 
5864644 83 
5865531 64 
5865726 61 
5865747 61 
5865747 151 
5865747 69 
5865823 93 
5866337 91 
5866736 91 
5867274 103 
5867274 101 
5868185 100 
5868185 6
5868185 1578
5868185 10
5870184 25 
5877082 75 
5877848 72 
5877848 70 
5878665 80 
5879021 83 
5879149 64 
5879401 61 
5879420 61 
5879420 151 
5879420 69 
5879504 93 
5879813 91 
5880175 91 
5880848 91 
5880953 103 
5880953 101 
5881871 100 
5881871 6
5881871 1578
5881871 11
5883872 25 
5883933 75 
5884695 72 
5884695 70 
5885406 80 
5886347 76 
5886398 83 
5886617 64 
5886807 61 
5886822 61 
5886822 152 
5886822 69 
5886901 93 
5888344 103 
5888344 101 
5889253 100 
5889253 6
5889253 1578
5889253 10
5891255 25 
5891309 75 
5892072 72 
5892072 70 
5892884 80 
5893208 83 
5893718 64 
5894041 61 
5894057 61 
5894057 151 
5894057 69 
5894138 93 
5895584 103 
5895584 101 
5896493 100 
5896493 6
5896493 1578
5896493 11
5898491 25 
5898540 75 
5899302 72 
5899302 70 
5900018 80 
5900352 83 
5900534 64 
5900827 63 
5900847 63 
5900847 151 
5900847 69 
5900915 93 
5901521 91 
5901906 91 
5902370 103 
5902370 101 
5903274 100 
5903274 6
5903274 1578
5903274 10
5905275 25 
5905711 75 
5906477 72 
5906477 70 
5906700 250 
5957942 71 
5958423 80 
5958754 83 
5958978 64 
5959162 61 
5959183 61 
5959183 151 
5959183 69 
5959261 93 
5959706 91 
5959877 91 
5960487 91 
5960703 103 
5960703 101 
5961612 100 
5961612 6
5961612 1578
5961612 10
5963612 25 
5963672 75 
5964433 72 
5964433 70 
5965148 80 
5965486 83 
5966070 64 
5966266 256 
5966284 63 
5966305 63 
5966305 150 
5966305 68 
5966305 65
5966384 92 
5967836 103 
5967836 101 
5968340 100 
5968340 6
5968340 1578
5968340 11
5970341 25 
5970391 75 
5971152 72 
5971152 70 
5971862 80 
5972191 83 
5972645 64 
5972894 61 
5972915 61 
5972915 150 
5972915 68 
5972915 65
5972996 92 
5973678 90 
5974116 90 
5974449 103 
5974449 101 
5974964 100 
5974964 6
5974964 1578
5974964 10
5976965 25 
5977199 75 
5987001 254 
5987342 73 
5988022 72 
5988022 70 
5988723 80 
5989048 83 
5989139 64 
5989349 61 
5989365 61 
5989365 151 
5989365 69 
5989443 93 
5990891 103 
5990891 101 
5991798 100 
5991798 6
5991798 1578
5991798 10
5993797 25 
5993846 75 
5994614 72 
5994614 70 
5995481 80 
5995845 83 
5996198 64 
5996437 61 
5996453 61 
5996453 153 
5996453 68 
5996453 65
5996580 90 
5996602 92 
5997981 103 
5997981 101 
5998491 100 
5998491 6
5998491 1578
5998491 11
6000489 25 
6000536 75 
6001304 72 
6001304 70 
6002147 80 
6002561 83 
6002831 64 
6003054 63 
6003075 63 
6003075 151 
6003075 69 
6003154 93 
6003776 91 
6004511 91 
6004606 103 
6004606 101 
6005512 100 
6005512 6
6005512 1578
6005512 11
6007512 25 
6008068 75 
6008831 72 
6008831 70 
6009675 80 
6010078 83 
6010313 64 
6010573 61 
6010595 61 
6010595 150 
6010595 68 
6010595 65
6010672 92 
6011564 90 
6012123 103 
6012123 101 
6012628 100 
6012628 6
6012628 1578
6012628 11
6014630 25 
6014690 75 
6015455 72 
6015455 70 
6016294 80 
6016703 83 
6016970 64 
6017278 61 
6017298 61 
6017298 150 
6017298 68 
6017298 65
6017378 92 
6018785 90 
6018827 103 
6018827 101 
6019345 100 
6019345 6
6019345 1578
6019345 11
6021345 25 
6021434 75 
6022201 72 
6022201 70 
6023042 80 
6023444 83 
6023716 64 
6023925 61 
6023945 61 
6023945 150 
6023945 68 
6023945 65
6024035 92 
6024685 90 
6025475 103 
6025475 101 
6025981 100 
6025981 6
6025981 1578
6025981 10
6027983 25 
6037925 75 
6038025 254 
6038692 72 
6038692 70 
6039528 80 
6039936 83 
6040198 64 
6040373 61 
6040395 61 
6040395 151 
6040395 69 
6040473 93 
6041925 103 
6041925 101 
6042841 100 
6042841 6
6042841 1578
6042841 11
6044843 25 
6054896 254 
6072239 75 
6073001 72 
6073001 70 
6073824 80 
6074156 83 
6074373 64 
6074611 61 
6074631 61 
6074631 150 
6074631 68 
6074631 65
6074710 92 
6075184 90 
6075448 90 
6076161 103 
6076161 101 
6076669 100 
6076669 6
6076669 1578
6076669 11
6078669 25 
6078717 75 
6079473 73 
6088707 254 
6103480 73 
6104168 72 
6104168 70 
6104878 80 
6105210 83 
6105237 64 
6105407 61 
6105427 61 
6105427 152 
6105427 69 
6105500 93 
6106051 91 
6106314 91 
6106779 91 
6106953 103 
6106953 101 
6107870 100 
6107870 6
6107870 1578
6107870 10
6109870 25 
6110436 75 
6110830 73 
6111141 73 
6119924 254 
6120342 73 
6121026 72 
6121026 70 
6121859 71 
6124113 71 
6124435 80 
6124763 83 
6125214 64 
6125420 61 
6125440 61 
6125440 151 
6125440 69 
6125513 93 
6126968 103 
6126968 101 
6127872 100 
6127872 6
6127872 1578
6127872 10
6129873 25 
6129927 75 
6133031 73 
6133800 72 
6133800 70 
6134500 80 
6134826 83 
6134955 64 
6135160 61 
6135180 61 
6135180 151 
6135180 69 
6135255 93 
6136710 103 
6136710 101 
6137617 100 
6137617 6
6137617 1578
6137617 10
6139616 25 
6139677 75 
6140440 72 
6140440 70 
6141148 80 
6141469 83 
6141662 64 
6141971 61 
6141992 61 
6141992 151 
6141992 69 
6142069 93 
6142460 91 
6142760 91 
6143517 103 
6143517 101 
6144426 100 
6144426 6
6144426 1578
6144426 10
6146425 25 
6146945 75 
6147710 72 
6147710 70 
6147933 250 
6148157 71 
6148388 71 
6148826 80 
6149149 83 
6149630 64 
6150225 61 
6150245 61 
6150245 151 
6150245 69 
6150314 93 
6150749 91 
6151398 91 
6151767 103 
6151767 101 
6152679 100 
6152679 6
6152679 1578
6152679 11
6154679 25 
6154736 75 
6155502 72 
6155502 70 
6156206 80 
6157170 76 
6157227 83 
6157483 64 
6157661 61 
6157681 61 
6157681 150 
6157681 68 
6157681 65
6157756 92 
6158833 90 
6159209 103 
6159209 101 
6159714 100 
6159714 6
6159714 1578
6159714 10
6161712 25 
6161761 75 
6162604 73 
6163286 72 
6163286 70 
6163995 80 
6164315 83 
6191715 64 
6194002 256 
6194685 255 
6195836 61 
6195855 61 
6195855 151 
6195855 69 
6195926 93 
6197378 103 
6197378 101 
6198284 100 
6198284 6
6198284 1578
6198284 11
6200283 25 
6200344 75 
6201110 72 
6201110 70 
6201926 80 
6202352 83 
6202454 64 
6202690 61 
6202710 61 
6202710 150 
6202710 68 
6202710 65
6202790 92 
6203141 90 
6204240 103 
6204240 101 
6204748 100 
6204748 6
6204748 1578
6204748 11
6206748 25 
6206809 75 
6207578 72 
6207578 70 
6208388 80 
6208767 83 
6208808 64 
6209060 61 
6209079 61 
6209079 150 
6209079 68 
6209079 65
6209164 92 
6209631 90 
6210256 90 
6210607 103 
6210607 101 
6211119 100 
6211119 6
6211119 1578
6211119 10
6213120 25 
6214343 75 
6215108 72 
6215108 70 
6215809 80 
6216131 83 
6216965 64 
6217183 61 
6217203 61 
6217203 153 
6217203 68 
6217203 65
6217281 92 
6218724 103 
6218724 101 
6219239 100 
6219239 6
6219239 1578
6219239 10
6221237 25 
6221296 75 
6222065 72 
6222065 70 
6222765 80 
6223092 83 
6223606 64 
6223831 256 
6223849 61 
6223868 61 
6223868 151 
6223868 69 
6223937 93 
6225393 103 
6225393 101 
6226312 100 
6226312 6
6226312 1578
6226312 11
6228312 25 
6234064 75 
6234828 72 
6234828 70 
6235540 80 
6235874 83 
6298233 64 
6298495 256 
6298512 61 
6298526 61 
6298526 150 
6298526 68 
6298526 65
6298603 92 
6298866 90 
6299218 90 
6300056 103 
6300056 101 
6300572 100 
6300572 6
6300572 1578
6300572 11
6302573 25 
6302620 75 
6303386 72 
6303386 70 
6303772 250 
6307320 71 
6307663 80 
6307991 83 
6308208 64 
6308418 61 
6308439 61 
6308439 150 
6308439 68 
6308439 65
6308525 92 
6309453 90 
6309970 103 
6309970 101 
6310476 100 
6310476 6
6310476 1578
6310476 10
6312476 25 
6312523 75 
6313285 72 
6313285 70 
6314218 80 
6314625 83 
6315663 64 
6315866 61 
6315885 61 
6315885 151 
6315885 69 
6315955 93 
6317402 103 
6317402 101 
6318314 100 
6318314 6
6318314 1578
6318314 10
6320313 25 
6320933 75 
6321698 72 
6321698 70 
6322646 80 
6366950 76 
6367050 83 
6368500 64 
6368778 61 
6368799 61 
6368799 151 
6368799 69 
6368872 93 
6370330 103 
6370330 101 
6371237 100 
6371237 6
6371237 1578
6371237 11
6373236 25 
6373288 75 
6373685 73 
6374406 72 
6374406 70 
6375296 80 
6375791 83 
6376889 64 
6377101 61 
6377122 61 
6377122 150 
6377122 68 
6377122 65
6377196 92 
6378376 90 
6378645 103 
6378645 101 
6378695 102 
