0 100 
0 5
0 1548
0 10
1993 25 
2455 75 
3010 72 
3010 70 
4066 80 
4199 83 
4572 64 
4947 256 
5079 63 
5212 150 
5212 68 
5212 65
5289 92 
5621 90 
6741 103 
6741 101 
7250 100 
7250 5
7250 1548
7250 11
9252 25 
9337 75 
9891 72 
9891 70 
10516 80 
10650 83 
11023 64 
11158 256 
11289 62 
11423 150 
11423 68 
11423 65
11505 92 
11865 90 
12968 103 
12968 101 
13481 100 
13481 5
13481 1548
13481 10
15479 25 
15561 75 
16118 72 
16118 70 
16740 80 
16874 83 
16994 64 
17250 256 
17380 63 
17513 150 
17513 68 
17513 65
17584 92 
19043 103 
19043 101 
19553 100 
19553 5
19553 1548
19553 11
21553 25 
21630 75 
22192 72 
22192 70 
22804 80 
22924 83 
23164 64 
23299 256 
23431 62 
23564 150 
23564 68 
23564 65
23637 92 
24011 90 
25096 103 
25096 101 
25607 100 
25607 5
25607 1548
25607 10
27606 25 
27689 75 
28246 72 
28246 70 
28868 80 
28988 83 
30694 64 
31190 256 
31321 63 
31454 150 
31454 68 
31454 65
31521 92 
31944 90 
32988 103 
32988 101 
33508 100 
33508 5
33508 1548
33508 11
35506 25 
35580 75 
36132 72 
36132 70 
36732 80 
36852 83 
41903 64 
42039 256 
42169 62 
42303 152 
42303 69 
42386 93 
43845 103 
43845 101 
44754 100 
44754 5
44754 1548
44754 11
46754 25 
51031 75 
51456 73 
51910 72 
51910 70 
52525 80 
52645 83 
54964 64 
55099 256 
55230 62 
55364 150 
55364 68 
55364 65
55450 92 
56909 103 
56909 101 
57416 100 
57416 5
57416 1548
57416 11
59416 25 
59507 75 
60061 72 
60061 70 
60695 80 
60828 83 
60961 64 
61217 256 
61348 62 
61481 150 
61481 68 
61481 65
61554 92 
63017 90 
63017 103 
63017 101 
63533 100 
63533 5
63533 1548
63533 10
65533 25 
65606 75 
66157 72 
66157 70 
66785 80 
66919 83 
67052 64 
67308 256 
67439 63 
67572 150 
67572 68 
67572 65
67659 92 
69115 103 
69115 101 
69622 100 
69622 5
69622 1548
69622 10
71625 25 
71711 75 
72267 72 
72267 70 
72890 80 
73023 83 
73396 64 
73652 256 
73782 63 
73916 150 
73916 68 
73916 65
73986 92 
75446 103 
75446 101 
75955 100 
75955 5
75955 1548
75955 10
77956 25 
78041 75 
78595 72 
78595 70 
79207 80 
79327 83 
79447 64 
79716 63 
79846 150 
79846 68 
79846 65
79917 92 
81378 103 
81378 101 
81886 100 
81886 5
81886 1548
81886 11
83885 25 
83959 75 
84511 72 
84511 70 
85111 80 
85231 83 
85484 64 
85753 256 
85884 62 
86017 150 
86017 68 
86017 65
86100 92 
87560 103 
87560 101 
88072 100 
88072 5
88072 1548
88072 10
90069 25 
90156 75 
90713 72 
90713 70 
91335 80 
91455 83 
93521 64 
93789 256 
93920 63 
94054 152 
94054 69 
94139 93 
95600 103 
95600 101 
96518 100 
96518 5
96518 1548
96518 10
98519 25 
98610 75 
99167 72 
99167 70 
99771 80 
99891 83 
102557 64 
102812 256 
102943 62 
103077 151 
103077 69 
103146 93 
103780 91 
104609 103 
104609 101 
105514 100 
105514 5
105514 1548
105514 11
107515 25 
107589 75 
108145 72 
108145 70 
109087 250 
109223 71 
109460 80 
109580 83 
109954 64 
110089 256 
110220 62 
110353 150 
110353 68 
110353 65
110437 92 
110779 90 
111900 103 
111900 101 
112405 100 
112405 5
112405 1548
112405 11
114406 25 
114491 75 
115042 72 
115042 70 
115658 80 
115778 83 
115911 64 
116047 256 
116178 62 
116311 150 
116311 68 
116311 65
116387 92 
117794 90 
117838 103 
117838 101 
118351 100 
118351 5
118351 1548
118351 10
120349 25 
120440 75 
120995 72 
120995 70 
121589 80 
121708 83 
121828 64 
122085 256 
122215 63 
122348 150 
122348 68 
122348 65
122417 92 
123878 103 
123878 101 
124386 100 
124386 5
124386 1548
124386 11
126387 25 
126478 75 
127030 72 
127030 70 
127641 80 
127773 83 
127893 64 
128028 256 
128159 62 
128292 150 
128292 68 
128292 65
128363 92 
128784 90 
129826 103 
129826 101 
130345 100 
130345 5
130345 1548
130345 10
132345 25 
132424 75 
132980 72 
132980 70 
133597 80 
133730 83 
133970 64 
134240 256 
134370 63 
134503 150 
134503 68 
134503 65
134578 92 
135930 90 
136035 103 
136035 101 
136542 100 
136542 5
136542 1548
136542 11
138542 25 
138615 75 
139166 72 
139166 70 
139794 80 
139927 83 
140167 64 
140436 256 
140567 62 
140700 150 
140700 68 
140700 65
140784 92 
141232 90 
142242 103 
142242 101 
142754 100 
142754 2
142754 1548
142754 11
142754 78 
144752 25 
144839 75 
145396 72 
145396 70 
146018 80 
146151 83 
147964 64 
148219 256 
148350 62 
148484 151 
148484 69 
148554 93 
150013 103 
150013 101 
150922 100 
150922 2
150922 1548
150922 10
152922 25 
152994 75 
153545 72 
153545 70 
154175 80 
154294 83 
154654 64 
155028 61 
155161 150 
155161 68 
155161 65
155245 92 
155586 90 
156708 103 
156708 101 
157219 100 
157219 2
157219 1548
157219 11
159217 25 
159299 75 
159855 72 
159855 70 
160479 80 
160598 83 
160838 64 
161092 256 
161232 61 
161358 153 
161358 68 
161358 65
161430 92 
161827 90 
162889 103 
162889 101 
163397 100 
163397 2
163397 1548
163397 10
165398 25 
165758 75 
165847 73 
166406 72 
166406 70 
167022 80 
167156 83 
167289 64 
167544 256 
167675 61 
167809 150 
167809 68 
167809 65
167879 92 
168297 90 
169336 103 
169336 101 
169848 100 
169848 2
169848 1548
169848 10
171849 25 
171933 75 
172491 72 
172491 70 
173113 80 
173246 250 
174128 76 
174259 83 
174393 64 
174662 61 
174792 150 
174792 68 
174792 65
174862 92 
175267 90 
176326 103 
176326 101 
176831 100 
176831 2
176831 1548
176831 10
178831 25 
178903 75 
179461 72 
179461 70 
180083 80 
180217 83 
180470 64 
180725 256 
180856 61 
180990 150 
180990 68 
180990 65
181074 92 
181430 90 
182534 103 
182534 101 
183042 100 
183042 2
183042 1548
183042 10
185042 25 
185114 75 
185667 72 
185667 70 
186281 80 
186401 83 
187120 64 
188349 62 
188480 151 
188480 69 
188549 93 
190011 103 
190011 101 
190919 100 
190919 2
190919 1548
190919 11
192920 25 
193006 75 
193560 72 
193560 70 
194184 80 
194304 83 
194784 64 
195759 256 
195890 61 
196023 151 
196023 69 
196094 93 
197557 103 
197557 101 
198463 100 
198463 2
198463 1548
198463 11
200462 25 
201413 75 
201686 73 
202162 72 
202162 70 
202780 80 
202900 83 
204579 64 
205075 256 
205193 61 
205326 151 
205326 69 
205398 93 
206860 103 
206860 101 
207764 100 
207764 2
207764 1548
207764 11
209765 25 
209861 75 
210411 72 
210411 70 
211696 250 
212176 71 
212416 80 
212536 83 
213629 64 
213885 256 
214015 61 
214149 151 
214149 69 
214217 93 
214614 91 
215681 103 
215681 101 
216586 100 
216586 2
216586 1548
216586 10
218587 25 
218676 75 
219232 72 
219232 70 
219840 80 
219960 83 
220319 64 
220588 61 
220719 150 
220719 68 
220719 65
220793 92 
221158 90 
222248 103 
222248 101 
222758 100 
222758 2
222758 1548
222758 10
224759 25 
224849 75 
225406 72 
225406 70 
226024 80 
226144 250 
226930 76 
227836 76 
227956 83 
228093 64 
228359 61 
228489 150 
228489 68 
228489 65
228560 92 
228929 90 
230017 103 
230017 101 
230527 100 
230527 2
230527 1548
230527 10
232529 25 
232614 75 
233169 72 
233169 70 
233807 80 
233940 83 
234073 64 
234328 256 
234460 61 
234593 150 
234593 68 
234593 65
234667 92 
235029 90 
236127 103 
236127 101 
236632 100 
236632 2
236632 1548
236632 11
238632 25 
238713 75 
239270 72 
239270 70 
239884 80 
240018 83 
240377 64 
240886 63 
241017 150 
241017 68 
241017 65
241090 92 
242551 103 
242551 101 
243068 100 
243068 2
243068 1548
243068 11
245070 25 
245144 75 
245699 72 
245699 70 
246322 80 
246455 250 
248241 76 
249280 76 
249414 83 
249547 64 
249922 256 
250053 63 
250187 150 
250187 68 
250187 65
250259 92 
251715 103 
251715 101 
252225 100 
252225 2
252225 1548
252225 10
254225 25 
254311 75 
254864 72 
254864 70 
255611 71 
255971 250 
256584 71 
256824 80 
256944 83 
257317 64 
257572 256 
257703 61 
257837 150 
257837 68 
257837 65
257924 92 
258230 90 
259380 103 
259380 101 
259894 100 
259894 2
259894 1548
259894 11
261892 25 
261975 75 
262532 72 
262532 70 
263141 80 
263261 83 
263741 64 
264596 256 
264727 62 
264860 151 
264860 69 
264927 93 
266394 103 
266394 101 
267300 100 
267300 2
267300 1548
267300 10
269300 25 
269374 75 
269929 72 
269929 70 
270538 80 
270658 83 
271018 64 
271286 61 
271417 150 
271417 68 
271417 65
271489 92 
271889 90 
272951 103 
272951 101 
273457 100 
273457 2
273457 1548
273457 11
275457 25 
275542 75 
276093 72 
276093 70 
276722 80 
276855 83 
278308 64 
278696 62 
278828 151 
278828 69 
278899 93 
279314 91 
280357 103 
280357 101 
281267 100 
281267 2
281267 1548
281267 11
283267 25 
283353 75 
283906 72 
283906 70 
284532 80 
284652 83 
285491 64 
286626 61 
286758 153 
286758 68 
286758 65
286822 92 
287186 90 
288290 103 
288290 101 
288798 100 
288798 2
288798 1548
288798 10
290797 25 
290882 75 
291437 72 
291437 70 
292062 80 
292195 83 
292688 64 
293303 256 
293435 61 
293568 150 
293568 68 
293568 65
293641 92 
293924 90 
295097 103 
295097 101 
295609 100 
295609 2
295609 1548
295609 10
297606 25 
297694 75 
298247 72 
298247 70 
298859 80 
298992 83 
299365 64 
299620 256 
299752 61 
299885 150 
299885 68 
299885 65
299958 92 
300323 90 
301417 103 
301417 101 
301923 100 
301923 2
301923 1548
301923 10
303925 25 
303997 75 
304549 72 
304549 70 
305176 80 
305310 83 
305443 64 
305698 256 
305829 61 
305963 150 
305963 68 
305963 65
306031 92 
306394 90 
307491 103 
307491 101 
308002 100 
308002 2
308002 1548
308002 11
310002 25 
310076 75 
310626 72 
310626 70 
311574 80 
311707 250 
312469 76 
312600 83 
312733 64 
313121 62 
313253 150 
313253 68 
313253 65
313326 92 
313806 90 
314787 103 
314787 101 
315305 100 
315305 2
315305 1548
315305 10
317305 25 
317380 75 
317933 72 
317933 70 
318544 80 
318677 250 
319424 76 
321209 76 
321329 83 
321449 64 
321705 256 
321836 61 
321969 150 
321969 68 
321969 65
322040 92 
322408 90 
323498 103 
323498 101 
324009 100 
324009 2
324009 1548
324009 10
326009 25 
326094 75 
326649 72 
326649 70 
327260 80 
327393 83 
328233 64 
328488 256 
328619 61 
328740 150 
328740 68 
328740 65
328819 92 
329227 90 
330281 103 
330281 101 
330790 100 
330790 2
330790 1548
330790 11
332791 25 
332880 75 
333434 72 
333434 70 
334057 80 
334444 250 
335870 76 
336763 76 
336896 83 
337162 64 
337431 62 
337562 152 
337562 69 
337646 93 
339109 103 
339109 101 
340014 100 
340014 2
340014 1548
340014 11
342014 25 
342088 75 
342642 72 
342642 70 
343253 80 
343386 83 
343760 64 
345001 256 
345132 62 
345266 151 
345266 69 
345331 93 
345727 91 
346797 103 
346797 101 
347705 100 
347705 2
347705 1548
347705 11
349707 25 
349795 75 
349954 73 
350508 72 
350508 70 
351130 80 
351250 83 
353650 64 
355477 61 
355608 151 
355608 69 
355674 93 
356087 91 
357142 103 
357142 101 
358047 100 
358047 2
358047 1548
358047 11
360047 25 
360137 75 
360690 72 
360690 70 
361312 80 
361432 83 
362751 64 
363007 63 
363138 150 
363138 68 
363138 65
363212 92 
364672 103 
364672 101 
365179 100 
365179 2
365179 1548
365179 11
367177 25 
367268 75 
367825 72 
367825 70 
368442 80 
368576 83 
368709 64 
368965 63 
369095 150 
369095 68 
369095 65
369180 92 
370643 103 
370643 101 
371160 100 
371160 2
371160 1548
371160 11
373162 25 
373254 75 
373425 73 
373897 72 
373897 70 
374520 80 
374653 250 
376306 76 
377319 76 
377452 83 
377585 64 
377974 63 
378105 150 
378105 68 
378105 65
378189 92 
379650 103 
379650 101 
380156 100 
380156 2
380156 1548
380156 10
382159 25 
382243 75 
382796 72 
382796 70 
383423 80 
383543 83 
383782 64 
384171 256 
384302 61 
384436 150 
384436 68 
384436 65
384502 92 
384836 90 
385966 103 
385966 101 
386473 100 
386473 2
386473 1548
386473 10
388475 25 
388565 75 
389116 72 
389116 70 
389740 80 
389873 250 
390647 76 
391419 76 
391552 83 
391806 64 
391927 256 
392059 61 
392192 150 
392192 68 
392192 65
392262 92 
392601 90 
393721 103 
393721 101 
394230 100 
394230 2
394230 1548
394230 11
396232 25 
396322 75 
396878 72 
396878 70 
397497 80 
397630 83 
398963 64 
399485 62 
399616 151 
399616 69 
399688 93 
400285 91 
401148 103 
401148 101 
402056 100 
402056 2
402056 1548
402056 10
404054 25 
404290 75 
404842 72 
404842 70 
405466 80 
405600 83 
405840 64 
406095 256 
406226 61 
406359 150 
406359 68 
406359 65
406446 92 
406794 90 
407903 103 
407903 101 
408413 100 
408413 2
408413 1548
408413 10
410413 25 
410486 75 
411045 72 
411045 70 
412130 250 
412663 71 
412903 80 
413023 83 
413743 64 
414478 256 
414609 61 
414743 152 
414743 69 
414815 93 
415193 91 
416274 103 
416274 101 
417182 100 
417182 2
417182 1548
417182 11
419181 25 
419268 75 
419820 72 
419820 70 
420433 80 
420567 83 
421047 64 
422649 256 
422779 62 
422912 151 
422912 69 
422979 93 
423381 91 
423445 91 
424448 103 
424448 101 
425364 100 
425364 2
425364 1548
425364 10
427364 25 
427450 75 
428004 72 
428004 70 
428630 80 
428763 83 
429016 64 
429285 61 
429416 150 
429416 68 
429416 65
429491 92 
429846 90 
430946 103 
430946 101 
431461 100 
431461 2
431461 1548
431461 11
433459 25 
433541 75 
434095 72 
434095 70 
434707 80 
434827 83 
435573 64 
436440 62 
436573 151 
436573 69 
436656 93 
437311 91 
438119 103 
438119 101 
439025 100 
439025 2
439025 1548
439025 11
441025 25 
441099 75 
441653 72 
441653 70 
442277 80 
442411 83 
443024 64 
444130 63 
444263 150 
444263 68 
444263 65
444335 92 
444759 90 
445796 103 
445796 101 
446301 100 
446301 2
446301 1548
446301 10
448302 25 
448392 75 
448946 72 
448946 70 
449554 80 
449674 83 
449914 64 
450529 256 
450660 61 
450794 150 
450794 68 
450794 65
450865 92 
451189 90 
452327 103 
452327 101 
452836 100 
452836 2
452836 1548
452836 10
454836 25 
454918 75 
455473 72 
455473 70 
456098 80 
456218 83 
456351 64 
456608 256 
456738 61 
456871 152 
456871 69 
456944 93 
458404 103 
458404 101 
459309 100 
459309 2
459309 1548
459309 11
461312 25 
461396 75 
461948 72 
461948 70 
462562 80 
462682 83 
464601 64 
465230 256 
465361 62 
465494 151 
465494 69 
465563 93 
465954 91 
466183 91 
466464 91 
467023 103 
467023 101 
467932 100 
467932 2
467932 1548
467932 10
469933 25 
470019 75 
470575 72 
470575 70 
471198 80 
471318 83 
471560 64 
471946 61 
472078 150 
472078 68 
472078 65
472150 92 
472532 90 
473611 103 
473611 101 
474116 100 
474116 2
474116 1548
474116 11
476116 25 
476207 75 
476762 72 
476762 70 
477369 80 
477489 83 
477849 64 
478104 256 
478235 63 
478368 150 
478368 68 
478368 65
478440 92 
479896 103 
479896 101 
480407 100 
480407 2
480407 1548
480407 10
482409 25 
482498 75 
483056 72 
483056 70 
483673 80 
483793 83 
484033 64 
484408 256 
484539 61 
484672 150 
484672 68 
484672 65
484753 92 
485085 90 
486214 103 
486214 101 
486725 100 
486725 2
486725 1548
486725 11
488726 25 
488817 75 
489375 72 
489375 70 
489990 80 
490110 83 
490363 64 
490632 63 
490763 150 
490763 68 
490763 65
490837 92 
492292 103 
492292 101 
492803 100 
492803 2
492803 1548
492803 11
494802 25 
494888 75 
495443 72 
495443 70 
496067 80 
496201 83 
496707 64 
496963 256 
497094 63 
497227 150 
497227 68 
497227 65
497312 92 
498772 103 
498772 101 
499278 100 
499278 2
499278 1548
499278 10
501279 25 
501357 75 
501911 72 
501911 70 
502531 80 
502665 83 
502798 64 
503067 61 
503198 150 
503198 68 
503198 65
503286 92 
503604 90 
504741 103 
504741 101 
505249 100 
505249 2
505249 1548
505249 10
507251 25 
507341 75 
507894 72 
507894 70 
508515 80 
508636 83 
508769 64 
509024 256 
509155 61 
509289 150 
509289 68 
509289 65
509362 92 
509808 90 
510818 103 
510818 101 
511326 100 
511326 2
511326 1548
511326 11
513326 25 
513402 75 
513958 72 
513958 70 
514886 80 
515019 83 
515526 64 
515795 63 
515926 150 
515926 68 
515926 65
515995 92 
516421 90 
517457 103 
517457 101 
517965 100 
517965 2
517965 1548
517965 10
519965 25 
520056 75 
520612 72 
520612 70 
521230 80 
521363 83 
521497 64 
521752 256 
521883 61 
522016 152 
522016 69 
522090 93 
522516 91 
523504 91 
523544 103 
523544 101 
524454 100 
524454 2
524454 1548
524454 10
526455 25 
526536 75 
526684 73 
527136 72 
527136 70 
527747 80 
527880 83 
528014 64 
528512 256 
528640 61 
528773 150 
528773 68 
528773 65
528846 92 
529169 90 
530302 103 
530302 101 
530811 100 
530811 2
530811 1548
530811 11
532812 25 
532899 75 
533455 72 
533455 70 
534078 80 
534211 83 
534453 64 
534720 256 
534851 63 
534984 150 
534984 68 
534984 65
535055 92 
536514 103 
536514 101 
537023 100 
537023 3
537023 1548
537023 11
537023 78 
539023 25 
539114 75 
539669 72 
539669 70 
540288 80 
540422 83 
540662 64 
540797 256 
540928 63 
541061 150 
541061 68 
541061 65
541149 92 
542608 103 
542608 101 
543133 100 
543133 3
543133 1548
543133 10
545132 25 
545213 75 
545764 72 
545764 70 
546379 80 
546499 83 
546619 64 
547007 61 
547139 151 
547139 69 
547209 93 
548359 91 
548673 103 
548673 101 
549582 100 
549582 3
549582 1548
549582 11
551579 25 
551668 75 
552227 72 
552227 70 
552843 80 
552963 83 
554176 64 
554445 256 
554576 62 
554709 151 
554709 69 
554776 93 
555170 91 
556243 103 
556243 101 
557147 100 
557147 3
557147 1548
557147 11
559147 25 
559225 75 
559778 72 
559778 70 
560400 80 
560520 83 
561959 64 
562454 256 
562586 62 
562719 151 
562719 69 
562782 93 
563246 91 
564149 91 
564251 103 
564251 101 
565157 100 
565157 3
565157 1548
565157 10
567157 25 
567230 75 
567785 72 
567785 70 
568396 80 
568516 83 
568756 64 
569132 256 
569263 61 
569396 151 
569396 69 
569464 93 
570928 103 
570928 101 
571834 100 
571834 3
571834 1548
571834 11
573834 25 
573912 75 
574466 72 
574466 70 
575089 80 
575220 83 
575953 64 
577661 61 
577792 153 
577792 68 
577792 65
577862 92 
578241 90 
579320 103 
579320 101 
579830 100 
579830 3
579830 1548
579830 10
581831 25 
581903 75 
582455 72 
582455 70 
583057 80 
583177 83 
583776 64 
584512 256 
584643 62 
584776 150 
584776 68 
584776 65
584848 92 
585182 90 
586307 103 
586307 101 
586812 100 
586812 3
586812 1548
586812 11
588816 25 
588901 75 
589454 72 
589454 70 
590054 80 
590174 83 
591133 64 
591389 61 
591520 151 
591520 69 
591588 93 
593055 103 
593055 101 
593973 100 
593973 3
593973 1548
593973 10
595972 25 
596049 75 
596197 73 
596752 72 
596752 70 
597371 80 
597504 83 
597744 64 
597999 256 
598130 62 
598263 150 
598263 68 
598263 65
598334 92 
599798 103 
599798 101 
600303 100 
600303 3
600303 1548
600303 11
602303 25 
602394 75 
602947 72 
602947 70 
603568 80 
603688 83 
604314 64 
604570 256 
604701 61 
604834 151 
604834 69 
604902 93 
606365 103 
606365 101 
607274 100 
607274 3
607274 1548
607274 11
609273 25 
609353 75 
609907 72 
609907 70 
610525 80 
610647 83 
611125 64 
611380 256 
611511 63 
611644 150 
611644 68 
611644 65
611728 92 
613191 103 
613191 101 
613696 100 
613696 3
613696 1548
613696 11
615697 25 
615788 75 
616345 72 
616345 70 
617389 80 
617522 250 
617923 76 
618055 83 
618535 64 
619631 256 
619761 62 
619894 151 
619894 69 
619968 93 
620388 91 
621354 91 
621425 103 
621425 101 
622335 100 
622335 3
622335 1548
622335 10
624334 25 
624424 75 
624978 72 
624978 70 
625598 80 
625719 83 
625972 64 
626241 62 
626371 150 
626371 68 
626371 65
626457 92 
626989 90 
627915 103 
627915 101 
628423 100 
628423 3
628423 1548
628423 10
630425 25 
630514 75 
631071 72 
631071 70 
631689 80 
631822 83 
631956 64 
632091 256 
632222 62 
632355 150 
632355 68 
632355 65
632441 92 
633903 103 
633903 101 
634409 100 
634409 3
634409 1548
634409 10
636409 25 
636494 75 
637046 72 
637046 70 
637660 80 
637780 83 
637913 64 
638049 256 
638180 62 
638313 150 
638313 68 
638313 65
638377 92 
639843 103 
639843 101 
640351 100 
640351 3
640351 1548
640351 10
642351 25 
642430 75 
642981 72 
642981 70 
643591 80 
643724 83 
643857 64 
643991 256 
644126 62 
644257 150 
644257 68 
644257 65
644342 92 
645797 103 
645797 101 
646308 100 
646308 3
646308 1548
646308 11
648309 25 
648400 75 
648614 73 
649073 72 
649073 70 
649695 80 
649815 83 
649948 64 
650203 256 
650334 63 
650468 150 
650468 68 
650468 65
650543 92 
651997 103 
651997 101 
652508 100 
652508 3
652508 1548
652508 11
654507 25 
654598 75 
655152 72 
655152 70 
655772 80 
655905 83 
656039 64 
656295 256 
656425 63 
656559 150 
656559 68 
656559 65
656627 92 
658093 103 
658093 101 
658612 100 
658612 3
658612 1548
658612 10
660611 25 
660702 75 
661258 72 
661258 70 
661876 80 
661996 83 
662129 64 
662516 62 
662649 150 
662649 68 
662649 65
662734 92 
663154 90 
664192 103 
664192 101 
664700 100 
664700 3
664700 1548
664700 11
666702 25 
666779 75 
667331 72 
667331 70 
667954 80 
668087 250 
668860 76 
669755 76 
670632 76 
670766 83 
670899 64 
671274 256 
671405 63 
671539 150 
671539 68 
671539 65
671611 92 
673073 103 
673073 101 
673579 100 
673579 3
673579 1548
673579 11
675579 25 
675663 75 
676218 72 
676218 70 
676830 80 
676950 83 
677549 64 
678789 61 
678922 151 
678922 69 
679005 93 
679436 91 
679557 91 
680067 91 
680126 91 
680470 103 
680470 101 
681374 100 
681374 3
681374 1548
681374 11
683375 25 
683460 75 
684011 72 
684011 70 
684626 80 
684760 83 
685613 64 
685855 256 
685986 62 
686119 151 
686119 69 
686187 93 
686644 91 
687264 91 
687609 91 
687646 103 
687646 101 
688559 100 
688559 3
688559 1548
688559 10
690557 25 
690649 75 
691206 72 
691206 70 
691823 80 
691943 83 
692183 64 
692318 256 
692450 62 
692583 150 
692583 68 
692583 65
692668 92 
694124 103 
694124 101 
694633 100 
694633 3
694633 1548
694633 10
696635 25 
696726 75 
697280 72 
697280 70 
697901 80 
698021 83 
698141 64 
698276 256 
698407 62 
698540 152 
698540 69 
698610 93 
699185 91 
699279 91 
700073 103 
700073 101 
700980 100 
700980 3
700980 1548
700980 10
702979 25 
703107 75 
703658 72 
703658 70 
704285 80 
704405 83 
704644 64 
705019 256 
705151 62 
705284 150 
705284 68 
705284 65
705357 92 
705744 90 
706815 103 
706815 101 
707325 100 
707325 3
707325 1548
707325 11
709324 25 
709409 75 
709962 72 
709962 70 
710575 80 
710695 83 
710815 64 
711070 256 
711202 63 
711348 150 
711348 68 
711348 65
711419 92 
711863 90 
712881 103 
712881 101 
713388 100 
713388 3
713388 1548
713388 10
715385 25 
715460 75 
716015 72 
716015 70 
716866 250 
717466 71 
717668 80 
717865 83 
718065 64 
718321 256 
718452 62 
718585 150 
718585 68 
718585 65
718669 92 
719055 90 
720133 103 
720133 101 
720654 100 
720654 3
720654 1548
720654 11
722651 25 
722743 75 
723295 72 
723295 70 
723903 80 
724036 83 
724169 64 
724425 256 
724556 63 
724689 150 
724689 68 
724689 65
724779 92 
726236 103 
726236 101 
726741 100 
726741 3
726741 1548
726741 10
728744 25 
728832 75 
729388 72 
729388 70 
730007 80 
730127 83 
730260 64 
730396 256 
730527 62 
730660 150 
730660 68 
730660 65
730734 92 
731256 90 
732188 103 
732188 101 
732698 100 
732698 3
732698 1548
732698 11
734700 25 
734785 75 
735337 72 
735337 70 
735964 80 
736098 83 
736231 64 
736499 63 
736631 150 
736631 68 
736631 65
736702 92 
738164 103 
738164 101 
738670 100 
738670 4
738670 1548
738670 10
738670 78 
740671 25 
740756 75 
741285 73 
741736 72 
741736 70 
742348 80 
742468 83 
742948 76 
743068 64 
743324 256 
743454 62 
743588 150 
743588 68 
743588 65
743660 92 
744158 90 
745120 103 
745120 101 
745627 100 
745627 4
745627 1548
745627 10
747628 25 
747900 75 
748452 72 
748452 70 
749065 80 
749199 83 
749319 64 
749454 256 
749585 62 
749718 152 
749718 69 
749788 93 
750645 91 
751249 103 
751249 101 
752156 100 
752156 4
752156 1548
752156 11
754157 25 
754244 75 
754798 72 
754798 70 
755409 80 
755529 83 
756009 64 
756278 256 
756409 61 
756542 150 
756542 68 
756542 65
756614 92 
757036 90 
758076 103 
758076 101 
758582 100 
758582 4
758582 1548
758582 10
760582 25 
760667 75 
761223 72 
761223 70 
761833 80 
761953 83 
762313 64 
762573 256 
762699 62 
762833 150 
762833 68 
762833 65
762901 92 
763244 90 
764367 103 
764367 101 
764870 100 
764870 4
764870 1548
764870 11
766871 25 
766963 75 
767518 72 
767518 70 
768137 80 
768257 83 
768377 64 
768634 256 
768763 61 
768897 150 
768897 68 
768897 65
768983 92 
769301 90 
770439 103 
770439 101 
770950 100 
770950 4
770950 1548
770950 11
772950 25 
773035 75 
773586 72 
773586 70 
774201 80 
774321 83 
774454 64 
774724 256 
774854 61 
774987 150 
774987 68 
774987 65
775063 92 
775432 90 
776516 103 
776516 101 
777027 100 
777027 4
777027 1548
777027 11
779028 25 
779113 75 
779665 72 
779665 70 
780279 80 
780412 83 
781851 64 
782106 256 
782238 63 
782371 151 
782371 69 
782437 93 
782872 91 
783901 103 
783901 101 
784814 100 
784814 4
784814 1548
784814 11
786812 25 
786901 75 
787459 72 
787459 70 
788075 80 
788208 83 
789048 64 
790409 62 
790541 152 
790541 69 
790622 93 
792085 103 
792085 101 
792993 100 
792993 4
792993 1548
792993 10
794995 25 
795085 75 
795638 72 
795638 70 
796258 80 
796380 83 
797111 64 
798139 61 
798271 151 
798271 69 
798342 93 
798730 91 
799805 103 
799805 101 
800711 100 
800711 4
800711 1548
800711 10
802710 25 
802796 75 
803353 72 
803353 70 
803962 80 
804082 83 
804348 64 
805694 61 
805828 151 
805828 69 
805894 93 
806353 91 
806998 91 
807357 103 
807357 101 
808267 100 
808267 4
808267 1548
808267 10
810267 25 
810353 75 
810907 72 
810907 70 
811532 80 
811665 83 
812398 64 
815199 256 
815330 62 
815464 150 
815464 68 
815464 65
815532 92 
815910 90 
816994 103 
816994 101 
817503 100 
817503 4
817503 1548
817503 11
819502 25 
819713 75 
820270 72 
820270 70 
821234 80 
821355 83 
822340 64 
822596 256 
822727 61 
822860 150 
822860 68 
822860 65
822931 92 
823256 90 
824391 103 
824391 101 
824899 100 
824899 4
824899 1548
824899 10
826899 25 
826977 75 
827533 72 
827533 70 
828165 80 
828298 83 
829497 64 
829753 256 
829884 62 
830017 150 
830017 68 
830017 65
830090 92 
830479 90 
831550 103 
831550 101 
832071 100 
832071 4
832071 1548
832071 10
834069 25 
834162 75 
834713 72 
834713 70 
835335 80 
835455 83 
835588 64 
835857 62 
835988 150 
835988 68 
835988 65
836065 92 
836648 90 
837514 103 
837514 101 
838027 100 
838027 4
838027 1548
838027 11
840026 25 
840114 75 
840669 72 
840669 70 
841292 80 
841426 83 
841559 64 
841814 256 
841945 61 
842079 150 
842079 68 
842079 65
842166 92 
842477 90 
843626 103 
843626 101 
844146 100 
844146 4
844146 1548
844146 10
846144 25 
846217 75 
846770 72 
846770 70 
847396 80 
847516 83 
847770 64 
847905 256 
848036 62 
848169 152 
848169 69 
848253 93 
848722 91 
849052 91 
849715 103 
849715 101 
850621 100 
850621 4
850621 1548
850621 11
852621 25 
852695 75 
853248 72 
853248 70 
853874 80 
853994 83 
854127 64 
854502 256 
854633 61 
854767 150 
854767 68 
854767 65
854855 92 
855189 90 
856314 103 
856314 101 
856818 100 
856818 4
856818 1548
856818 10
858819 25 
858905 75 
859455 72 
859455 70 
860071 80 
860191 83 
860551 64 
860806 256 
860937 62 
861070 150 
861070 68 
861070 65
861143 92 
861483 90 
862604 103 
862604 101 
863108 100 
863108 4
863108 1548
863108 11
865109 25 
865202 75 
865754 72 
865754 70 
866375 80 
866508 250 
868187 76 
868321 83 
868454 64 
868589 256 
868721 61 
868854 150 
868854 68 
868854 65
868928 92 
869279 90 
870382 103 
870382 101 
870893 100 
870893 4
870893 1548
870893 10
872894 25 
872979 75 
873534 72 
873534 70 
874172 80 
874305 83 
874438 64 
874693 256 
874825 62 
874958 150 
874958 68 
874958 65
875043 92 
875573 90 
876505 103 
876505 101 
877011 100 
877011 1
877011 1548
877011 11
877011 78 
879009 25 
879101 75 
879653 72 
879653 70 
880276 80 
880409 250 
881182 76 
881981 76 
882115 83 
882248 64 
882384 256 
882515 61 
882648 151 
882648 69 
882718 93 
884177 103 
884177 101 
885088 100 
885088 1
885088 1548
885088 10
887086 25 
887172 75 
887726 72 
887726 70 
888339 80 
888459 83 
889418 64 
890154 256 
890285 62 
890418 151 
890418 69 
890483 93 
890951 91 
891063 91 
891539 91 
891740 91 
891951 103 
891951 101 
892855 100 
892855 1
892855 1548
892855 10
894857 25 
894942 75 
895493 72 
895493 70 
896109 80 
896229 83 
896962 64 
898203 256 
898334 61 
898468 150 
898468 68 
898468 65
898538 92 
898881 90 
899066 90 
899998 103 
899998 101 
900505 100 
900505 1
900505 1548
900505 11
902507 25 
902599 75 
903154 72 
903154 70 
903774 80 
903892 83 
904625 64 
904881 63 
905012 151 
905012 69 
905081 93 
905781 91 
906545 103 
906545 101 
907449 100 
907449 1
907449 1548
907449 11
909451 25 
909542 75 
910097 72 
910097 70 
910716 80 
910836 83 
911435 64 
911824 256 
911955 61 
912089 151 
912089 69 
912157 93 
912563 91 
912682 91 
913238 91 
913618 103 
913618 101 
914526 100 
914526 1
914526 1548
914526 10
916528 25 
916613 75 
917168 72 
917168 70 
917793 80 
917926 83 
918539 64 
919301 256 
919565 61 
919699 150 
919699 68 
919699 65
919771 92 
920141 90 
921232 103 
921232 101 
921738 100 
921738 1
921738 1548
921738 10
923738 25 
923817 75 
924375 72 
924375 70 
925283 80 
925416 83 
925909 64 
926045 256 
926176 61 
926309 152 
926309 69 
926382 93 
927842 103 
927842 101 
928748 100 
928748 1
928748 1548
928748 10
930748 25 
930834 75 
931389 72 
931389 70 
932015 80 
932147 83 
932773 64 
933628 256 
933759 61 
933893 150 
933893 68 
933893 65
933966 92 
934298 90 
935422 103 
935422 101 
935932 100 
935932 1
935932 1548
935932 11
937931 25 
938011 75 
938565 72 
938565 70 
939184 80 
939303 83 
939903 64 
940531 256 
940663 63 
940796 151 
940796 69 
940865 93 
941412 91 
942330 103 
942330 101 
943234 100 
943234 1
943234 1548
943234 11
945236 25 
945325 75 
945881 72 
945881 70 
946500 80 
946620 83 
947607 64 
947995 256 
948126 62 
948273 150 
948273 68 
948273 65
948351 92 
948708 90 
949805 103 
949805 101 
950313 100 
950313 1
950313 1548
950313 10
952312 25 
952398 75 
952951 72 
952951 70 
953564 80 
953684 83 
953924 64 
954299 256 
954430 61 
954564 150 
954564 68 
954564 65
954634 92 
954997 90 
956091 103 
956091 101 
956601 100 
956601 1
956601 1548
956601 11
958602 25 
958675 75 
959227 72 
959227 70 
959868 80 
959988 83 
960254 64 
960869 256 
961001 62 
961134 150 
961134 68 
961134 65
961222 92 
961600 90 
962678 103 
962678 101 
963187 100 
963187 1
963187 1548
963187 10
965188 25 
965272 75 
965824 72 
965824 70 
966465 80 
966598 83 
966972 64 
967107 256 
967238 61 
967371 150 
967371 68 
967371 65
967445 92 
967839 90 
968901 103 
968901 101 
969409 100 
969409 1
969409 1548
969409 11
971411 25 
971501 75 
972058 72 
972058 70 
972676 80 
972796 83 
972916 64 
973171 256 
973302 62 
973449 150 
973449 68 
973449 65
973534 92 
974996 103 
974996 101 
975519 100 
975519 1
975519 1548
975519 11
977518 25 
977610 75 
978162 72 
978162 70 
978780 80 
979033 250 
979699 76 
982525 76 
982658 83 
983018 64 
983154 256 
983285 62 
983405 150 
983405 68 
983405 65
983475 92 
983894 90 
984938 103 
984938 101 
985444 100 
985444 1
985444 1548
985444 10
987444 25 
987535 75 
988089 72 
988089 70 
988709 80 
988829 83 
988962 64 
989362 256 
989495 61 
989629 150 
989629 68 
989629 65
989699 92 
990048 90 
991157 103 
991157 101 
991668 100 
991668 1
991668 1548
991668 11
993668 25 
993758 75 
994311 72 
994311 70 
994946 80 
995066 250 
995733 76 
995866 83 
995999 64 
996268 62 
996399 150 
996399 68 
996399 65
996471 92 
996893 90 
997927 103 
997927 101 
998438 100 
998438 1
998438 1548
998438 10
1000438 25 
1000529 75 
1001082 72 
1001082 70 
1001703 80 
1001823 83 
1001957 64 
1002212 256 
1002343 61 
1002476 150 
1002476 68 
1002476 65
1002561 92 
1002941 90 
1004021 103 
1004021 101 
1004533 100 
1004533 1
1004533 1548
1004533 10
1006531 25 
1006619 75 
1007172 72 
1007172 70 
1007781 80 
1007914 83 
1008514 76 
1008994 64 
1009740 61 
1009873 150 
1009873 68 
1009873 65
1009947 92 
1010299 90 
1011408 103 
1011408 101 
1011913 100 
1011913 1
1011913 1548
1011913 10
1013913 25 
1013987 75 
1014540 72 
1014540 70 
1015164 80 
1015284 83 
1015418 64 
1015691 61 
1015817 150 
1015817 68 
1015817 65
1015888 92 
1016565 90 
1017352 103 
1017352 101 
1017869 100 
1017869 1
1017869 1548
1017869 11
1019871 25 
1019948 75 
1020502 72 
1020502 70 
1021122 80 
1021242 83 
1021375 64 
1021644 62 
1021775 150 
1021775 68 
1021775 65
1021846 92 
1022352 90 
1023306 103 
1023306 101 
1023814 100 
1023814 1
1023814 1548
1023814 11
1025814 25 
1025905 75 
1026461 72 
1026461 70 
1027466 80 
1027665 250 
1028145 76 
1029145 76 
1030038 76 
1030171 83 
1030304 64 
1030560 256 
1030691 62 
1030824 150 
1030824 68 
1030824 65
1030898 92 
1032359 103 
1032359 101 
1032876 100 
1032876 6
1032876 1548
1032876 10
1032876 78 
1034878 25 
1034962 75 
1035513 72 
1035513 70 
1036142 80 
1036275 250 
1038954 76 
1039074 83 
1039327 64 
1039463 256 
1039594 61 
1039727 153 
1039727 68 
1039727 65
1039810 92 
1040142 90 
1041272 103 
1041272 101 
1041779 100 
1041779 6
1041779 1548
1041779 11
1043780 25 
1043865 75 
1044417 72 
1044417 70 
1045031 80 
1045151 83 
1045391 64 
1045527 256 
1045658 62 
1045791 151 
1045791 69 
1045861 93 
1047324 103 
1047324 101 
1048230 100 
1048230 6
1048230 1548
1048230 11
1050229 25 
1050316 75 
1050928 73 
1051384 72 
1051384 70 
1052002 80 
1052122 83 
1052961 64 
1053350 61 
1053481 150 
1053481 68 
1053481 65
1053557 92 
1053961 90 
1055011 103 
1055011 101 
1055519 100 
1055519 6
1055519 1548
1055519 10
1057521 25 
1057611 75 
1058164 72 
1058164 70 
1058785 80 
1058905 83 
1059745 64 
1059881 256 
1060012 63 
1060145 150 
1060145 68 
1060145 65
1060218 92 
1061679 103 
1061679 101 
1062198 100 
1062198 6
1062198 1548
1062198 11
1064197 25 
1064280 75 
1064833 72 
1064833 70 
1065449 80 
1065569 83 
1066529 64 
1066797 62 
1066929 151 
1066929 69 
1066997 93 
1067461 91 
1068458 103 
1068458 101 
1069368 100 
1069368 6
1069368 1548
1069368 11
1071367 25 
1071454 75 
1072011 72 
1072011 70 
1072619 80 
1072740 83 
1073579 64 
1074194 61 
1074325 150 
1074325 68 
1074325 65
1074411 92 
1074744 90 
1075867 103 
1075867 101 
1076377 100 
1076377 6
1076377 1548
1076377 11
1078377 25 
1078463 75 
1079016 72 
1079016 70 
1079656 80 
1079790 83 
1080043 64 
1080299 256 
1080429 61 
1080563 150 
1080563 68 
1080563 65
1080634 92 
1081035 90 
1082093 103 
1082093 101 
1082601 100 
1082601 6
1082601 1548
1082601 10
1084601 25 
1084705 75 
1086098 73 
1086549 72 
1086549 70 
1087160 80 
1087280 83 
1087773 64 
1089481 256 
1089612 62 
1089746 151 
1089746 69 
1089814 93 
1090250 91 
1091276 103 
1091276 101 
1092186 100 
1092186 6
1092186 1548
1092186 11
1094185 25 
1094257 75 
1094816 72 
1094816 70 
1095423 80 
1095556 83 
1097609 64 
1098597 256 
1098728 61 
1098862 150 
1098862 68 
1098862 65
1098935 92 
1099295 90 
1100391 103 
1100391 101 
1100899 100 
1100899 6
1100899 1548
1100899 11
1102901 25 
1102987 75 
1103537 72 
1103537 70 
1104179 80 
1104313 83 
1104686 64 
1105061 256 
1105192 62 
1105325 153 
1105325 68 
1105325 65
1105405 92 
1105827 90 
1106872 103 
1106872 101 
1107377 100 
1107377 6
1107377 1548
1107377 10
1109379 25 
1109463 75 
1110016 72 
1110016 70 
1110630 80 
1110750 83 
1110990 64 
1111245 256 
1111376 61 
1111509 151 
1111509 69 
1111581 93 
1112647 91 
1113043 103 
1113043 101 
1113949 100 
1113949 6
1113949 1548
1113949 10
1115949 25 
1116035 75 
1116591 72 
1116591 70 
1117200 80 
1117322 83 
1117707 64 
1118216 61 
1118346 151 
1118346 69 
1118414 93 
1118880 91 
1119883 103 
1119883 101 
1120800 100 
1120800 6
1120800 1548
1120800 10
1122800 25 
1122885 75 
1123440 72 
1123440 70 
1124064 80 
1124184 83 
1124784 64 
1126945 256 
1127156 63 
1127369 150 
1127369 68 
1127369 65
1127441 92 
1127893 90 
1128902 103 
1128902 101 
1129427 100 
1129427 6
1129427 1548
1129427 10
1131424 25 
1131513 75 
1132070 72 
1132070 70 
1132993 250 
1133620 71 
1133860 80 
1133980 83 
1135433 64 
1136407 256 
1136539 61 
1136672 153 
1136672 68 
1136672 65
1136750 92 
1137113 90 
1138216 103 
1138216 101 
1138723 100 
1138723 6
1138723 1548
1138723 10
1140725 25 
1141003 75 
1141558 72 
1141558 70 
1142176 80 
1142296 83 
1142549 64 
1142925 256 
1143056 61 
1143189 151 
1143189 69 
1143262 93 
1144723 103 
1144723 101 
1145629 100 
1145629 6
1145629 1548
1145629 11
1147630 25 
1147720 75 
1150074 73 
1150530 72 
1150530 70 
1151146 80 
1151266 83 
1154637 64 
1155252 256 
1155384 61 
1155517 150 
1155517 68 
1155517 65
1155589 92 
1155954 90 
1157047 103 
1157047 101 
1157556 100 
1157556 6
1157556 1548
1157556 10
1159555 25 
1159633 75 
1160194 72 
1160194 70 
1160808 80 
1160928 83 
1161195 64 
1161570 256 
1161701 61 
1161834 151 
1161834 69 
1161903 93 
1162566 91 
1163370 103 
1163370 101 
1164285 100 
1164285 6
1164285 1548
1164285 10
1166287 25 
1166373 75 
1166930 72 
1166930 70 
1167552 80 
1167685 83 
1168285 64 
1170007 61 
1170137 151 
1170137 69 
1170203 93 
1170679 91 
1171671 103 
1171671 101 
1172577 100 
1172577 6
1172577 1548
1172577 11
1174577 25 
1174656 75 
1174945 73 
1175397 72 
1175397 70 
1176015 80 
1176135 83 
1177215 64 
1178096 256 
1178227 61 
1178361 150 
1178361 68 
1178361 65
1178428 92 
1178818 90 
1179889 103 
1179889 101 
1180398 100 
1180398 6
1180398 1548
1180398 11
1182399 25 
1182493 75 
1183050 72 
1183050 70 
1183678 80 
1183798 83 
1184278 64 
1185253 256 
1185384 61 
1185518 150 
1185518 68 
1185518 65
1185591 92 
1185943 90 
1187048 103 
1187048 101 
1187558 100 
1187558 6
1187558 1548
1187558 11
1189556 25 
1189629 75 
1190180 72 
1190180 70 
1190795 80 
1190915 83 
1191528 64 
1192157 61 
1192288 150 
1192288 68 
1192288 65
1192361 92 
1192718 90 
1193817 103 
1193817 101 
1194328 100 
1194328 6
1194328 1548
1194328 10
1196328 25 
1196406 75 
1196961 72 
1196961 70 
1197579 80 
1197699 83 
1198059 64 
1198195 256 
1198325 63 
1198459 150 
1198459 68 
1198459 65
1198530 92 
1199993 103 
1199993 101 
1200510 100 
1200510 6
1200510 1548
1200510 11
1202512 25 
1202584 75 
1203139 72 
1203139 70 
1203763 80 
1203883 83 
1204844 64 
1205338 256 
1205845 61 
1205975 150 
1205975 68 
1205975 65
1206048 92 
1206458 90 
1207506 103 
1207506 101 
1208015 100 
1208015 6
1208015 1548
1208015 10
1210013 25 
1210101 75 
1210656 72 
1210656 70 
1211280 80 
1211400 83 
1211893 64 
1212149 256 
1212279 63 
1212413 150 
1212413 68 
1212413 65
1212500 92 
1213960 103 
1213960 101 
1214466 100 
1214466 6
1214466 1548
1214466 10
1216466 25 
1216551 75 
1217107 72 
1217107 70 
1217717 80 
1217837 83 
1218090 64 
1218359 63 
1218490 150 
1218490 68 
1218490 65
1218561 92 
1220019 103 
1220019 101 
1220529 100 
1220529 6
1220529 1548
1220529 10
1222529 25 
1222619 75 
1223175 72 
1223175 70 
1223794 80 
1223914 83 
1224048 64 
1224303 256 
1224434 63 
1224567 150 
1224567 68 
1224567 65
1224642 92 
1226099 103 
1226099 101 
1226605 100 
1226605 6
1226605 1548
1226605 11
1228606 25 
1228698 75 
1229251 72 
1229251 70 
1229858 80 
1229978 83 
1230365 64 
1230860 256 
1230991 61 
1231125 150 
1231125 68 
1231125 65
1231205 92 
1231541 90 
1232667 103 
1232667 101 
1233176 100 
1233176 6
1233176 1548
1233176 11
1235178 25 
1235269 75 
1235826 72 
1235826 70 
1236762 80 
1236895 83 
1237495 64 
1238124 61 
1238255 150 
1238255 68 
1238255 65
1238329 92 
1238734 90 
1239783 103 
1239783 101 
1240293 100 
1240293 6
1240293 1548
1240293 11
1242294 25 
1242372 75 
1242930 72 
1242930 70 
1243559 80 
1243679 83 
1244052 64 
1244308 256 
1244439 61 
1244572 150 
1244572 68 
1244572 65
1244644 92 
1244987 90 
1246103 103 
1246103 101 
1246612 100 
1246612 6
1246612 1548
1246612 11
1248612 25 
1248697 75 
1249254 72 
1249254 70 
1249863 80 
1249983 83 
1255035 64 
1255530 256 
1255661 61 
1255797 152 
1255797 69 
1255865 93 
1257328 103 
1257328 101 
1258233 100 
1258233 6
1258233 1548
1258233 10
1260233 25 
1266707 75 
1267241 73 
1267691 72 
1267691 70 
1268309 80 
1268442 83 
1268828 64 
1269084 256 
1269217 61 
1269348 151 
1269348 69 
1269421 93 
1270882 103 
1270882 101 
1271788 100 
1271788 6
1271788 1548
1271788 10
1273786 25 
1273859 75 
1274411 72 
1274411 70 
1275012 80 
1275132 83 
1275372 64 
1275761 256 
1275892 61 
1276025 151 
1276025 69 
1276096 93 
1276525 91 
1277554 103 
1277554 101 
1278463 100 
1278463 6
1278463 1548
1278463 11
1280465 25 
1280550 75 
1281106 72 
1281106 70 
1281729 80 
1281850 83 
1282449 64 
1282705 256 
1282836 61 
1282969 150 
1282969 68 
1282969 65
1283042 92 
1283387 90 
1284497 103 
1284497 101 
1285006 100 
1285006 6
1285006 1548
1285006 11
1287008 25 
1287094 75 
1287650 72 
1287650 70 
1288273 80 
1288393 83 
1288900 64 
1289155 256 
1289286 63 
1289420 151 
1289420 69 
1289489 93 
1290023 91 
1290400 91 
1290826 91 
1290954 103 
1290954 101 
1291859 100 
1291859 6
1291859 1548
1291859 11
1293858 25 
1293945 75 
1294297 73 
1295166 73 
1295623 72 
1295623 70 
1295883 250 
1299295 71 
1299655 80 
1299775 83 
1300388 64 
1300644 256 
1300775 61 
1300908 150 
1300908 68 
1300908 65
1300982 92 
1301371 90 
1302437 103 
1302437 101 
1302948 100 
1302948 6
1302948 1548
1302948 11
1304947 25 
1305024 75 
1305576 72 
1305576 70 
1306199 80 
1306319 83 
1307052 64 
1307307 256 
1307438 61 
1307572 152 
1307572 69 
1307640 93 
1308455 91 
1308622 91 
1309102 103 
1309102 101 
1310011 100 
1310011 6
1310011 1548
1310011 10
1312010 25 
1312084 75 
1312640 72 
1312640 70 
1313264 80 
1313383 83 
1314102 64 
1316156 256 
1316288 62 
1316421 151 
1316421 69 
1316493 93 
1317006 91 
1317260 91 
1317953 103 
1317953 101 
1318861 100 
1318861 6
1318861 1548
1318861 10
1320862 25 
1320946 75 
1321503 72 
1321503 70 
1322112 80 
1322232 83 
1322952 64 
1323445 61 
1324074 151 
1324074 69 
1324153 93 
1324695 91 
1324813 91 
1325389 91 
1325616 103 
1325616 101 
1326523 100 
1326523 6
1326523 1548
1326523 10
1328524 25 
1331335 75 
1331560 73 
1332116 72 
1332116 70 
1332734 80 
1332854 83 
1333574 64 
1334085 256 
1334214 61 
1334347 151 
1334347 69 
1334419 93 
1334855 91 
1335880 103 
1335880 101 
1336786 100 
1336786 6
1336786 1548
1336786 10
1338786 25 
1338858 75 
1339414 72 
1339414 70 
1340304 80 
1340438 83 
1340798 64 
1341413 256 
1341544 61 
1341677 151 
1341677 69 
1341748 93 
1342185 91 
1343211 103 
1343211 101 
1344115 100 
1344115 6
1344115 1548
1344115 11
1346116 25 
1349925 75 
1350612 73 
1350969 73 
1351359 73 
1351815 72 
1351815 70 
1352432 80 
1352566 83 
1353299 64 
1353688 61 
1353818 150 
1353818 68 
1353818 65
1354242 90 
1354257 92 
1355344 103 
1355344 101 
1355858 100 
1355858 6
1355858 1548
1355858 10
1357858 25 
1357937 75 
1358491 72 
1358491 70 
1359110 80 
1359230 83 
1359709 64 
1359965 256 
1360096 63 
1360229 150 
1360229 68 
1360229 65
1360300 92 
1361760 103 
1361760 101 
1362269 100 
1362269 6
1362269 1548
1362269 11
1364269 25 
1364354 75 
1364911 72 
1364911 70 
1365533 80 
1365667 83 
1366266 64 
1367015 61 
1367146 150 
1367146 68 
1367146 65
1367231 92 
1367629 90 
1368687 103 
1368687 101 
1369197 100 
1369197 6
1369197 1548
1369197 10
1371200 25 
1371811 75 
1372363 72 
1372363 70 
1372984 80 
1373104 83 
1373463 64 
1373851 63 
1373983 152 
1373983 69 
1374053 93 
1374585 91 
1375301 91 
1375515 103 
1375515 101 
1376421 100 
1376421 6
1376421 1548
1376421 11
1378421 25 
1378497 75 
1379047 72 
1379047 70 
1379661 80 
1379781 83 
1380034 64 
1381009 61 
1381140 150 
1381140 68 
1381140 65
1381211 92 
1381559 90 
1382669 103 
1382669 101 
1383180 100 
1383180 6
1383180 1548
1383180 10
1385179 25 
1385262 75 
1385816 72 
1385816 70 
1386431 80 
1386564 83 
1387297 64 
1388899 62 
1389043 151 
1389043 69 
1389112 93 
1389520 91 
1390575 103 
1390575 101 
1391482 100 
1391482 6
1391482 1548
1391482 11
1393482 25 
1393560 75 
1393903 73 
1394355 72 
1394355 70 
1394974 80 
1395094 83 
1395694 64 
1395949 256 
1396080 61 
1396214 150 
1396214 68 
1396214 65
1396299 92 
1396718 90 
1397753 103 
1397753 101 
1398266 100 
1398266 6
1398266 1548
1398266 11
1400266 25 
1400357 75 
1400910 72 
1400910 70 
1401518 80 
1402118 250 
1402984 76 
1404677 76 
1404810 83 
1405063 64 
1405321 256 
1405450 62 
1405583 151 
1405583 69 
1405648 93 
1406879 91 
1407115 103 
1407115 101 
1408023 100 
1408023 6
1408023 1548
1408023 10
1410022 25 
1410107 75 
1410661 72 
1410661 70 
1411274 80 
1411394 83 
1411874 64 
1412489 256 
1412622 61 
1412753 151 
1412753 69 
1412825 93 
1413229 91 
1413290 91 
1413750 91 
1414281 103 
1414281 101 
1415194 100 
1415194 6
1415194 1548
1415194 11
1417193 25 
1417278 75 
1417835 72 
1417835 70 
1418457 80 
1418577 83 
1419417 64 
1419792 256 
1419923 61 
1420057 150 
1420057 68 
1420057 65
1420142 92 
1420503 90 
1421602 103 
1421602 101 
1422110 100 
1422110 6
1422110 1548
1422110 11
1424109 25 
1424195 75 
1424753 72 
1424753 70 
1425375 80 
1425494 83 
1425987 64 
1426709 256 
1426840 61 
1426974 150 
1426974 68 
1426974 65
1427045 92 
1427480 90 
1428505 103 
1428505 101 
1429014 100 
1429014 6
1429014 1548
1429014 10
1431013 25 
1431098 75 
1431653 72 
1431653 70 
1432265 80 
1432385 83 
1432745 64 
1433000 256 
1433131 63 
1433264 150 
1433264 68 
1433264 65
1433335 92 
1434794 103 
1434794 101 
1435302 100 
1435302 6
1435302 1548
1435302 10
1437302 25 
1437381 75 
1437939 72 
1437939 70 
1438555 80 
1438675 83 
1440501 64 
1440637 256 
1440768 61 
1440901 151 
1440901 69 
1440986 93 
1441548 91 
1442445 103 
1442445 101 
1443352 100 
1443352 6
1443352 1548
1443352 11
1445353 25 
1445439 75 
1445995 72 
1445995 70 
1446619 80 
1446752 83 
1447472 64 
1447967 256 
1448098 61 
1448231 152 
1448231 69 
1448301 93 
1448737 91 
1449765 103 
1449765 101 
1450669 100 
1450669 6
1450669 1548
1450669 10
1452671 25 
1452755 75 
1453312 72 
1453312 70 
1453922 80 
1454042 83 
1455135 64 
1455750 256 
1455881 61 
1456015 151 
1456015 69 
1456087 93 
1456714 91 
1457473 91 
1457546 103 
1457546 101 
1458454 100 
1458454 6
1458454 1548
1458454 10
1460453 25 
1460531 75 
1461084 72 
1461084 70 
1461705 80 
1461825 83 
1462545 64 
1463893 256 
1464025 63 
1464158 150 
1464158 68 
1464158 65
1464227 92 
1464650 90 
1465689 103 
1465689 101 
1466196 100 
1466196 6
1466196 1548
1466196 10
1468198 25 
1468287 75 
1468839 72 
1468839 70 
1469462 80 
1469582 83 
1469702 64 
1469957 256 
1470088 63 
1470222 150 
1470222 68 
1470222 65
1470292 92 
1471755 103 
1471755 101 
1472262 100 
1472262 6
1472262 1548
1472262 10
1474262 25 
1474347 75 
1474898 72 
1474898 70 
1475513 80 
1475633 83 
1475766 64 
1476023 256 
1476153 63 
1476286 150 
1476286 68 
1476286 65
1476355 92 
1477817 103 
1477817 101 
1478325 100 
1478325 6
1478325 1548
1478325 11
1480326 25 
1482468 75 
1483021 72 
1483021 70 
1483629 80 
1483749 83 
1484122 64 
1485218 256 
1485349 61 
1485482 150 
1485482 68 
1485482 65
1485554 92 
1485915 90 
1487013 103 
1487013 101 
1487522 100 
1487522 6
1487522 1548
1487522 10
1489522 25 
1489606 75 
1490159 72 
1490159 70 
1490760 80 
1490880 83 
1492346 64 
1492468 256 
1492599 61 
1492732 151 
1492732 69 
1492803 93 
1494264 103 
1494264 101 
1495170 100 
1495170 6
1495170 1548
1495170 11
1497173 25 
1502010 75 
1502563 72 
1502563 70 
1503194 71 
1503674 250 
1504167 71 
1504420 80 
1504554 83 
1505167 64 
1505542 256 
1505673 61 
1505806 150 
1505806 68 
1505806 65
1505877 92 
1506252 90 
1507343 103 
1507343 101 
1507860 100 
1507860 6
1507860 1548
1507860 11
1509858 25 
1509931 75 
1510486 72 
1510486 70 
1511124 80 
1511257 83 
1511617 64 
1511873 256 
1512004 63 
1512137 151 
1512137 69 
1512210 93 
1513426 91 
1513668 103 
1513668 101 
1514575 100 
1514575 6
1514575 1548
1514575 11
1516577 25 
1516650 75 
1517202 72 
1517202 70 
1517815 80 
1517935 83 
1518428 64 
1518921 61 
1519054 150 
1519054 68 
1519054 65
1519128 92 
1519476 90 
1520587 103 
1520587 101 
1521094 100 
1521094 6
1521094 1548
1521094 11
1523095 25 
1523174 75 
1523727 72 
1523727 70 
1524345 80 
1524478 83 
1524732 64 
1524988 256 
1525118 61 
1525251 150 
1525251 68 
1525251 65
1525321 92 
1525700 90 
1525933 90 
1526785 103 
1526785 101 
1527289 100 
1527289 6
1527289 1548
1527289 11
1529290 25 
1529378 75 
1529932 72 
1529932 70 
1530543 80 
1530809 250 
1531675 76 
1531809 83 
1532062 64 
1532317 256 
1532689 61 
1532821 150 
1532821 68 
1532821 65
1532893 92 
1533261 90 
1534230 90 
1534355 103 
1534355 101 
1534859 100 
1534859 6
1534859 1548
1534859 10
1536862 25 
1536934 75 
1537486 72 
1537486 70 
1538099 80 
1538233 83 
1538592 64 
1538848 256 
1538979 63 
1539112 150 
1539112 68 
1539112 65
1539183 92 
1540646 103 
1540646 101 
1541165 100 
1541165 6
1541165 1548
1541165 10
1543164 25 
1543237 75 
1543795 72 
1543795 70 
1544710 80 
1544843 250 
1547255 76 
1547389 83 
1547642 64 
1547911 62 
1548042 152 
1548042 69 
1548113 93 
1549574 103 
1549574 101 
1550481 100 
1550481 6
1550481 1548
1550481 10
1552482 25 
1552766 75 
1553321 72 
1553321 70 
1553932 80 
1554052 83 
1554772 64 
1555278 61 
1555412 151 
1555412 69 
1555480 93 
1555904 91 
1555977 91 
1556353 91 
1556945 103 
1556945 101 
1557850 100 
1557850 6
1557850 1548
1557850 11
1559852 25 
1560855 75 
1561411 72 
1561411 70 
1562036 80 
1562156 83 
1562889 64 
1563144 256 
1563275 61 
1563408 150 
1563408 68 
1563408 65
1563491 92 
1563868 90 
1564132 90 
1564806 90 
1564955 103 
1564955 101 
1565462 100 
1565462 6
1565462 1548
1565462 10
1567461 25 
1568847 75 
1569398 72 
1569398 70 
1570019 80 
1570139 83 
1573391 64 
1573660 62 
1573791 151 
1573791 69 
1573859 93 
1574393 91 
1575325 103 
1575325 101 
1576230 100 
1576230 6
1576230 1548
1576230 10
1578231 25 
1588308 254 
1592412 75 
1592964 72 
1592964 70 
1593475 71 
1593849 80 
1593982 83 
1594718 64 
1595115 61 
1595248 151 
1595248 69 
1595311 93 
1596766 91 
1596779 103 
1596779 101 
1597686 100 
1597686 6
1597686 1548
1597686 11
1599691 25 
1599780 75 
1600335 72 
1600335 70 
1600952 80 
1601085 83 
1601579 64 
1601953 256 
1602085 61 
1602218 150 
1602218 68 
1602218 65
1602290 92 
1602676 90 
1603748 103 
1603748 101 
1604257 100 
1604257 6
1604257 1548
1604257 11
1606259 25 
1606349 75 
1606903 72 
1606903 70 
1607523 80 
1607643 83 
1607896 64 
1608538 61 
1608669 150 
1608669 68 
1608669 65
1608740 92 
1609232 90 
1610197 103 
1610197 101 
1610707 100 
1610707 6
1610707 1548
1610707 10
1612709 25 
1612794 75 
1613346 72 
1613346 70 
1613973 80 
1614106 83 
1614346 64 
1614615 63 
1614746 150 
1614746 68 
1614746 65
1614819 92 
1616281 103 
1616281 101 
1616784 100 
1616784 6
1616784 1548
1616784 10
1618786 25 
1618876 75 
1619428 72 
1619428 70 
1620037 80 
1620171 250 
1621863 76 
1621996 83 
1622116 64 
1622503 63 
1622636 150 
1622636 68 
1622636 65
1622707 92 
1624165 103 
1624165 101 
1624675 100 
1624675 6
1624675 1548
1624675 11
1626675 25 
1626755 75 
1627310 72 
1627310 70 
1627927 80 
1628047 83 
1628647 64 
1629036 61 
1629167 150 
1629167 68 
1629167 65
1629238 92 
1629638 90 
1630538 90 
1630703 103 
1630703 101 
1631218 100 
1631218 6
1631218 1548
1631218 11
1633219 25 
1633306 75 
1633857 72 
1633857 70 
1634458 80 
1634951 250 
1635591 76 
1635724 83 
1635857 64 
1636126 61 
1636257 150 
1636257 68 
1636257 65
1636329 92 
1636767 90 
1637575 90 
1637788 103 
1637788 101 
1638299 100 
1638299 6
1638299 1548
1638299 10
1640297 25 
1640984 75 
1642505 73 
1642955 72 
1642955 70 
1643574 80 
1643707 83 
1644520 64 
1644655 256 
1644853 63 
1645067 150 
1645067 68 
1645067 65
1645139 92 
1646598 103 
1646598 101 
1647107 100 
1647107 6
1647107 1548
1647107 11
1649106 25 
1649198 75 
1653750 73 
1654165 73 
1654617 72 
1654617 70 
1655355 80 
1655475 83 
1655849 64 
1656104 256 
1656235 61 
1656368 150 
1656368 68 
1656368 65
1656452 92 
1656986 90 
1657912 103 
1657912 101 
1658421 100 
1658421 6
1658421 1548
1658421 10
1660419 25 
1660506 75 
1661058 72 
1661058 70 
1661673 80 
1661806 83 
1662312 64 
1662581 256 
1662712 63 
1662846 150 
1662846 68 
1662846 65
1662920 92 
1664375 103 
1664375 101 
1664885 100 
1664885 6
1664885 1548
1664885 11
1666886 25 
1676962 254 
1705822 75 
1706246 73 
1706699 72 
1706699 70 
1707320 80 
1707453 83 
1708426 64 
1708685 256 
1708813 61 
1708946 150 
1708946 68 
1708946 65
1709019 92 
1710480 103 
1710480 101 
1710985 100 
1710985 6
1710985 1548
1710985 10
1712986 25 
1713071 75 
1713625 72 
1713625 70 
1714237 80 
1714357 83 
1715796 64 
1719064 256 
1719195 61 
1719328 153 
1719328 68 
1719328 65
1719401 92 
1719925 90 
1720857 103 
1720857 101 
1721366 100 
1721366 6
1721366 1548
1721366 11
1723368 25 
1723453 75 
1724009 72 
1724009 70 
1724632 80 
1724752 83 
1728591 64 
1728846 256 
1728977 61 
1729110 150 
1729110 68 
1729110 65
1729183 92 
1729651 90 
1730638 103 
1730638 101 
1731149 100 
1731149 6
1731149 1548
1731149 11
1733150 25 
1743214 254 
1753426 75 
1753976 72 
1753976 70 
1754593 80 
1754726 83 
1756660 76 
1757885 64 
1758154 62 
1758298 150 
1758298 68 
1758298 65
1758381 92 
1758871 90 
1759844 103 
1759844 101 
1760352 100 
1760352 6
1760352 1548
1760352 11
1762350 25 
1762437 75 
1762900 73 
1763306 73 
1763758 72 
1763758 70 
1764389 80 
1764522 83 
1766214 64 
1766470 256 
1766601 61 
1766734 150 
1766734 68 
1766734 65
1766806 92 
1767234 90 
1768273 103 
1768273 101 
1768788 100 
1768788 6
1768788 1548
1768788 10
1770786 25 
1775821 75 
1776159 73 
1776612 72 
1776612 70 
1777237 80 
1777370 83 
1777849 64 
1778118 63 
1778249 150 
1778249 68 
1778249 65
1778334 92 
1779790 103 
1779790 101 
1780300 100 
1780300 6
1780300 1548
1780300 10
1782302 25 
1782388 75 
1782943 72 
1782943 70 
1783567 80 
1783700 83 
1783940 64 
1784196 256 
1784327 63 
1784460 150 
1784460 68 
1784460 65
1784534 92 
1785994 103 
1785994 101 
1786511 100 
1786511 6
1786511 1548
1786511 10
1788511 25 
1792614 75 
1793170 72 
1793170 70 
1793789 80 
1793923 83 
1795015 64 
1795284 61 
1795415 151 
1795415 69 
1795489 93 
1796948 103 
1796948 101 
1797854 100 
1797854 6
1797854 1548
1797854 11
1799854 25 
1809921 254 
1819787 75 
1820347 72 
1820347 70 
1820964 80 
1821084 83 
1821564 64 
1821833 61 
1821977 150 
1821977 68 
1821977 65
1822051 92 
1823130 90 
1823508 103 
1823508 101 
1824017 100 
1824017 6
1824017 1548
1824017 10
1826017 25 
1826091 75 
1826647 72 
1826647 70 
1827255 80 
1827388 83 
1827508 64 
1827764 256 
1827895 63 
1828028 150 
1828028 68 
1828028 65
1828103 92 
1829556 103 
1829556 101 
1830068 100 
1830068 3
1830068 1548
1830068 11
1830068 78 
1832066 25 
1835139 75 
1835695 72 
1835695 70 
1836304 80 
1836424 83 
1837251 64 
1837997 61 
1838130 153 
1838130 68 
1838130 65
1838193 92 
1838581 90 
1839664 103 
1839664 101 
1840168 100 
1840168 3
1840168 1548
1840168 11
1842169 25 
1842259 75 
1842818 72 
1842818 70 
1843435 80 
1843568 83 
1843701 64 
1843943 256 
1844074 61 
1844208 151 
1844208 69 
1844283 93 
1844749 91 
1845737 103 
1845737 101 
1846647 100 
1846647 3
1846647 1548
1846647 10
1848646 25 
1850799 75 
1851351 72 
1851351 70 
1851964 80 
1852084 83 
1852324 64 
1852593 63 
1852724 151 
1852724 69 
1852792 93 
1853375 91 
1854260 103 
1854260 101 
1855175 100 
1855175 3
1855175 1548
1855175 10
1857176 25 
1857773 75 
1858326 72 
1858326 70 
1859281 80 
1859414 83 
1859894 64 
1860163 256 
1860294 61 
1860427 151 
1860427 69 
1860493 93 
1860908 91 
1861178 91 
1861963 103 
1861963 101 
1862883 100 
1862883 3
1862883 1548
1862883 10
1864881 25 
1873787 75 
1874338 72 
1874338 70 
1874954 80 
1875074 83 
1875434 64 
1875703 256 
1875834 61 
1875967 151 
1875967 69 
1876050 93 
1876452 91 
1876910 91 
1877071 91 
1877489 91 
1877511 103 
1877511 101 
1878418 100 
1878418 3
1878418 1548
1878418 11
1880420 25 
1884142 75 
1884694 72 
1884694 70 
1885310 80 
1885443 83 
1886523 64 
1886658 256 
1886789 61 
1886922 151 
1886922 69 
1886993 93 
1887473 91 
1887609 91 
1888058 91 
1888450 103 
1888450 101 
1889361 100 
1889361 3
1889361 1548
1889361 10
1891363 25 
1891447 75 
1891999 72 
1891999 70 
1892627 80 
1892749 83 
1893346 64 
1894081 256 
1894213 63 
1894346 151 
1894346 69 
1894413 93 
1894879 91 
1895327 91 
1895877 103 
1895877 101 
1896786 100 
1896786 3
1896786 1548
1896786 10
1898784 25 
1900009 75 
1900417 73 
1901812 73 
1902363 73 
1902868 73 
1903898 73 
1904307 73 
1904736 73 
1905421 73 
1908850 254 
1911154 73 
1911608 72 
1911608 70 
1912352 250 
1914457 71 
1914697 80 
1914817 83 
1915417 64 
1915672 61 
1915803 151 
1915803 69 
1915873 93 
1916286 91 
1916426 91 
1916902 91 
1917333 103 
1917333 101 
1918243 100 
1918243 3
1918243 1548
1918243 11
1920244 25 
1920336 75 
1920887 72 
1920887 70 
1921508 80 
1921628 83 
1922347 64 
1922602 61 
1922734 151 
1922734 69 
1922806 93 
1923349 91 
1923992 91 
1924186 91 
1924265 103 
1924265 101 
1925173 100 
1925173 3
1925173 1548
1925173 11
1927174 25 
1927264 75 
1927822 72 
1927822 70 
1928451 80 
1928571 83 
1929424 64 
1929679 256 
1929811 63 
1929944 150 
1929944 68 
1929944 65
1930017 92 
1930417 90 
1931476 103 
1931476 101 
1931982 100 
1931982 3
1931982 1548
1931982 10
1933983 25 
1934069 75 
1934626 72 
1934626 70 
1935252 80 
1935368 83 
1935502 64 
1935888 63 
1936021 151 
1936021 69 
1936093 93 
1936584 91 
1937167 91 
1937556 91 
1937556 103 
1937556 101 
1938474 100 
1938474 3
1938474 1548
1938474 11
1940473 25 
1940546 75 
1941104 72 
1941104 70 
1941726 80 
1941846 83 
1942512 76 
1943005 76 
1946057 76 
1947150 76 
1947510 76 
1948003 76 
1948749 76 
1949229 76 
1955386 252 
1955898 256 
1956039 62 
1956173 151 
1956173 69 
1956257 93 
1956997 91 
1957717 103 
1957717 101 
1958628 100 
1958628 3
1958628 1548
1958628 11
1960625 25 
1960698 75 
1961251 72 
1961251 70 
1962237 80 
1962517 83 
1963316 64 
1963732 256 
1964036 61 
1964303 153 
1964303 68 
1964303 65
1964376 92 
1964872 90 
1965834 103 
1965834 101 
1966345 100 
1966345 3
1966345 1548
1966345 10
1968344 25 
1968427 75 
1968983 72 
1968983 70 
1970087 80 
1970367 250 
1970926 76 
1971046 83 
1971406 64 
1971539 256 
1971675 63 
1971806 151 
1971806 69 
1971889 93 
1972323 91 
1973042 91 
1973352 103 
1973352 101 
1974257 100 
1974257 3
1974257 1548
1974257 11
1976259 25 
1976344 75 
1976902 72 
1976902 70 
1977524 80 
1977643 83 
1978137 64 
1978392 256 
1978523 61 
1978656 151 
1978656 69 
1978728 93 
1979162 91 
1980186 103 
1980186 101 
1981094 100 
1981094 3
1981094 1548
1981094 11
1983096 25 
1985747 75 
1986051 73 
1986505 72 
1986505 70 
1987119 80 
1987239 83 
1988319 64 
1988455 256 
1988585 61 
1988719 151 
1988719 69 
1988789 93 
1989238 91 
1989768 91 
1990189 91 
1990252 103 
1990252 101 
1991157 100 
1991157 3
1991157 1548
1991157 11
1993157 25 
1995768 75 
1996143 73 
1996599 72 
1996599 70 
1997222 80 
1997342 83 
1999634 64 
1999902 61 
2000034 151 
2000034 69 
2000119 93 
2000840 91 
2001580 103 
2001580 101 
2002514 100 
2002514 3
2002514 1548
2002514 10
2004514 25 
2004586 75 
2005140 72 
2005140 70 
2005765 80 
2005898 83 
2006378 64 
2006873 256 
2007004 61 
2007137 151 
2007137 69 
2007207 93 
2007646 91 
2007701 91 
2008230 91 
2008667 103 
2008667 101 
2009577 100 
2009577 3
2009577 1548
2009577 10
2011578 25 
2011662 75 
2012220 72 
2012220 70 
2012842 80 
2012975 83 
2013242 64 
2013633 63 
2013761 151 
2013761 69 
2013833 93 
2014237 91 
2014644 91 
2014873 91 
2015287 103 
2015287 101 
2016200 100 
2016200 3
2016200 1548
2016200 10
2018201 25 
2018291 75 
2018848 72 
2018848 70 
2019466 80 
2019585 83 
2020185 64 
2022400 61 
2022531 153 
2022531 68 
2022531 65
2022600 92 
2023169 90 
2023950 90 
2024063 103 
2024063 101 
2024569 100 
2024569 3
2024569 1548
2024569 11
2026570 25 
2026661 75 
2027216 72 
2027216 70 
2027835 80 
2027968 83 
2028222 64 
2028611 63 
2028742 150 
2028742 68 
2028742 65
2028819 92 
2030274 103 
2030274 101 
2030782 100 
2030782 3
2030782 1548
2030782 11
2032782 25 
2032867 75 
2033424 72 
2033424 70 
2034046 80 
2034179 83 
2034552 64 
2034808 256 
2034939 63 
2035072 150 
2035072 68 
2035072 65
2035160 92 
2036619 103 
2036619 101 
2037123 100 
2037123 3
2037123 1548
2037123 10
2039124 25 
2039210 75 
2039764 72 
2039764 70 
2040390 80 
2040510 83 
2040763 64 
2041019 256 
2041149 63 
2041283 151 
2041283 69 
2041353 93 
2042816 103 
2042816 101 
2043723 100 
2043723 3
2043723 1548
2043723 11
2045721 25 
2055791 254 
2066785 75 
2067340 72 
2067340 70 
2067965 80 
2068085 83 
2068684 64 
2068820 256 
2068951 61 
2069084 151 
2069084 69 
2069155 93 
2069745 91 
2070618 103 
2070618 101 
2071522 100 
2071522 3
2071522 1548
2071522 10
2073523 25 
2075777 75 
2076333 72 
2076333 70 
2077241 80 
2077374 83 
2077867 64 
2078123 256 
2078254 61 
2078387 151 
2078387 69 
2078457 93 
2079918 103 
2079918 101 
2080827 100 
2080827 3
2080827 1548
2080827 10
2082826 25 
2082917 75 
2083472 72 
2083472 70 
2084091 80 
2084224 83 
2085184 64 
2085693 256 
2085824 62 
2085957 150 
2085957 68 
2085957 65
2086030 92 
2086492 90 
2087486 103 
2087486 101 
2087994 100 
2087994 3
2087994 1548
2087994 11
2089997 25 
2090082 75 
2090634 72 
2090634 70 
2091248 80 
2091381 83 
2091861 64 
2092116 256 
2092247 62 
2092381 151 
2092381 69 
2092454 93 
2092894 91 
2093915 103 
2093915 101 
2094819 100 
2094819 3
2094819 1548
2094819 10
2096821 25 
2106898 254 
2112574 75 
2113132 72 
2113132 70 
2113745 80 
2113865 83 
2114944 64 
2115200 256 
2115331 61 
2115464 151 
2115464 69 
2115534 93 
2115942 91 
2116558 91 
2116995 103 
2116995 101 
2117903 100 
2117903 3
2117903 1548
2117903 11
2119903 25 
2119989 75 
2120542 72 
2120542 70 
2121168 80 
2121302 83 
2121781 64 
2121915 256 
2122050 61 
2122181 151 
2122181 69 
2122251 93 
2122746 91 
2123716 103 
2123716 101 
2124634 100 
2124634 3
2124634 1548
2124634 11
2126634 25 
2126724 75 
2127280 72 
2127280 70 
2127885 80 
2128005 83 
2128605 64 
2129474 63 
2129605 150 
2129605 68 
2129605 65
2129675 92 
2130124 90 
2131135 103 
2131135 101 
2131644 100 
2131644 3
2131644 1548
2131644 10
2133645 25 
2133734 75 
2134296 72 
2134296 70 
2134923 80 
2135056 83 
2135789 64 
2136044 256 
2136175 61 
2136309 151 
2136309 69 
2136379 93 
2137840 103 
2137840 101 
2138749 100 
2138749 3
2138749 1548
2138749 11
2140747 25 
2150825 254 
2163386 75 
2163943 72 
2163943 70 
2164563 80 
2164683 83 
2165056 64 
2165192 256 
2165323 61 
2165456 153 
2165456 68 
2165456 65
2165545 92 
2166601 90 
2167000 103 
2167000 101 
2167509 100 
2167509 3
2167509 1548
2167509 10
2169509 25 
2169595 75 
2170147 72 
2170147 70 
2170747 80 
2170867 83 
2171347 64 
2171615 256 
2171747 63 
2171880 151 
2171880 69 
2171950 93 
2172365 91 
2172766 91 
2173412 103 
2173412 101 
2174319 100 
2174319 3
2174319 1548
2174319 11
2176318 25 
2176392 75 
2176943 72 
2176943 70 
2177917 80 
2178131 83 
2178330 64 
2178548 256 
2178744 61 
2178957 151 
2178957 69 
2179029 93 
2179474 91 
2179611 91 
2179987 91 
2180139 91 
2180452 91 
2180489 103 
2180489 101 
2181402 100 
2181402 3
2181402 1548
2181402 11
2183401 25 
2183766 75 
2184321 72 
2184321 70 
2185194 80 
2185314 83 
2186394 64 
2186650 256 
2186780 61 
2186913 153 
2186913 68 
2186913 65
2186998 92 
2188141 90 
2188457 103 
2188457 101 
2188965 100 
2188965 3
2188965 1548
2188965 11
2190967 25 
2191052 75 
2191611 72 
2191611 70 
2192231 80 
2192364 83 
2192964 64 
2193219 256 
2193351 63 
2193484 150 
2193484 68 
2193484 65
2193574 92 
2195030 103 
2195030 101 
2195548 100 
2195548 3
2195548 1548
2195548 10
2197551 25 
2197640 75 
2198014 73 
2198471 72 
2198471 70 
2199082 80 
2199215 83 
2199695 64 
2199830 256 
2199961 61 
2200108 151 
2200108 69 
2200180 93 
2200587 91 
2201121 91 
2201641 103 
2201641 101 
2202548 100 
2202548 3
2202548 1548
2202548 10
2204546 25 
2214615 254 
2247787 75 
2248343 72 
2248343 70 
2248967 80 
2249087 83 
2249806 64 
2249942 256 
2250073 61 
2250206 151 
2250206 69 
2250279 93 
2250720 91 
2251461 91 
2251740 103 
2251740 101 
2252645 100 
2252645 3
2252645 1548
2252645 10
2254647 25 
2254718 75 
2255269 72 
2255269 70 
2255884 80 
2256004 83 
2256510 64 
2256646 256 
2256777 61 
2256910 151 
2256910 69 
2256982 93 
2258440 103 
2258440 101 
2259348 100 
2259348 3
2259348 1548
2259348 10
2261349 25 
2271420 254 
2284482 75 
2285040 72 
2285040 70 
2285938 80 
2286071 83 
2286804 64 
2286939 256 
2287070 61 
2287204 151 
2287204 69 
2287271 93 
2287760 91 
2288018 91 
2288735 103 
2288735 101 
2289643 100 
2289643 3
2289643 1548
2289643 11
2291643 25 
2291729 75 
2292283 72 
2292283 70 
2292895 80 
2293014 83 
2293494 64 
2293749 256 
2293881 63 
2294014 150 
2294014 68 
2294014 65
2294092 92 
2295543 103 
2295543 101 
2296052 100 
2296052 3
2296052 1548
2296052 10
2298054 25 
2298140 75 
2298695 72 
2298695 70 
2299318 80 
2299438 83 
2299918 64 
2300174 256 
2300305 61 
2300438 151 
2300438 69 
2300510 93 
2300934 91 
2301101 91 
2301873 91 
2301968 103 
2301968 101 
2302877 100 
2302877 3
2302877 1548
2302877 11
2304878 25 
2314123 75 
2314290 73 
2314844 72 
2314844 70 
2315471 80 
2315591 83 
2317657 64 
2317913 256 
2318044 63 
2318177 150 
2318177 68 
2318177 65
2318252 92 
2319034 90 
2319708 103 
2319708 101 
2320217 100 
2320217 3
2320217 1548
2320217 11
2322216 25 
2322302 75 
2322859 72 
2322859 70 
2323481 80 
2323615 83 
2323988 64 
2324256 63 
2324388 150 
2324388 68 
2324388 65
2324457 92 
2325094 90 
2325920 103 
2325920 101 
2326429 100 
2326429 3
2326429 1548
2326429 10
2328426 25 
2328499 75 
2329051 72 
2329051 70 
2329665 80 
2329799 83 
2329919 64 
2331160 61 
2331291 151 
2331291 69 
2331371 93 
2331972 91 
2332839 103 
2332839 101 
2333740 100 
2333740 3
2333740 1548
2333740 11
2335744 25 
2338518 75 
2339072 72 
2339072 70 
2339678 80 
2339808 83 
2340287 64 
2340556 61 
2340687 151 
2340687 69 
2340757 93 
2342222 103 
2342222 101 
2343125 100 
2343125 3
2343125 1548
2343125 11
2345127 25 
2345212 75 
2345768 72 
2345768 70 
2346392 80 
2346511 83 
2347111 64 
2347367 256 
2347498 63 
2347631 152 
2347631 69 
2347703 93 
2348137 91 
2348644 91 
2349033 91 
2349164 103 
2349164 101 
2350070 100 
2350070 3
2350070 1548
2350070 11
2352071 25 
2356791 75 
2362152 254 
2364671 73 
2365127 72 
2365127 70 
2365743 80 
2365863 83 
2368915 64 
2369290 256 
2369422 63 
2369555 150 
2369555 68 
2369555 65
2369629 92 
2370125 90 
2371087 103 
2371087 101 
2371593 100 
2371593 3
2371593 1548
2371593 10
2373594 25 
2373680 75 
2374232 72 
2374232 70 
2374846 80 
2374966 83 
2375446 64 
2375715 256 
2375845 63 
2375979 151 
2375979 69 
2376063 93 
2376511 91 
2377128 91 
2377525 103 
2377525 101 
2378432 100 
2378432 3
2378432 1548
2378432 10
2380431 25 
2390496 254 
2422525 75 
2423079 72 
2423079 70 
2424011 80 
2424131 83 
2424625 64 
2424880 256 
2425011 61 
2425144 151 
2425144 69 
2425215 93 
2425681 91 
2426251 91 
2426678 103 
2426678 101 
2427582 100 
2427582 3
2427582 1548
2427582 10
2429584 25 
2429669 75 
2430224 72 
2430224 70 
2430849 80 
2430982 83 
2431715 64 
2431970 256 
2432101 63 
2432235 151 
2432235 69 
2432318 93 
2432712 91 
2433187 91 
2433781 103 
2433781 101 
2434687 100 
2434687 3
2434687 1548
2434687 10
2436687 25 
2445918 75 
2446575 73 
2446752 254 
2458760 73 
2459217 72 
2459217 70 
2459836 80 
2459956 83 
2460449 64 
2460585 256 
2460716 61 
2460849 151 
2460849 69 
2460920 93 
2462380 103 
2462380 101 
2463287 100 
2463287 3
2463287 1548
2463287 11
2465287 25 
2466038 75 
2466599 72 
2466599 70 
2467233 80 
2467366 83 
2467979 64 
2468235 256 
2468366 63 
2468499 150 
2468499 68 
2468499 65
2468586 92 
2470043 103 
2470043 101 
2470553 100 
2470553 3
2470553 1548
2470553 10
2472553 25 
2472638 75 
2473191 72 
2473191 70 
2473817 80 
2473937 83 
2474296 64 
2474554 256 
2474683 63 
2474816 151 
2474816 69 
2474887 93 
2475331 91 
2476346 103 
2476346 101 
2477255 100 
2477255 3
2477255 1548
2477255 10
2479255 25 
2479341 75 
2479898 72 
2479898 70 
2480507 80 
2480627 83 
2481227 64 
2481724 256 
2481853 61 
2481987 151 
2481987 69 
2482056 93 
2482538 91 
2482625 91 
2483047 91 
2483518 103 
2483518 101 
2484425 100 
2484425 3
2484425 1548
2484425 10
2486425 25 
2486615 75 
2487169 72 
2487169 70 
2487784 80 
2487904 83 
2488624 64 
2489373 256 
2489503 62 
2489637 150 
2489637 68 
2489637 65
2489718 92 
2490146 90 
2491182 103 
2491182 101 
2491690 100 
2491690 3
2491690 1548
2491690 11
2493688 25 
2493762 75 
2494319 72 
2494319 70 
2494941 80 
2495061 83 
2495196 64 
2495450 256 
2495581 63 
2495714 150 
2495714 68 
2495714 65
2495785 92 
2497248 103 
2497248 101 
2497753 100 
2497753 3
2497753 1548
2497753 11
2499754 25 
2499838 75 
2500393 72 
2500393 70 
2501005 80 
2501125 83 
2501725 64 
2501993 256 
2502124 63 
2502258 150 
2502258 68 
2502258 65
2502341 92 
2503804 103 
2503804 101 
2504310 100 
2504310 3
2504310 1548
2504310 11
2506311 25 
2506396 75 
2506954 72 
2506954 70 
2507575 80 
2507695 83 
2508055 64 
2508311 256 
2508442 63 
2508575 150 
2508575 68 
2508575 65
2508647 92 
2510107 103 
2510107 101 
2510618 100 
2510618 3
2510618 1548
2510618 10
2512617 25 
2513083 75 
2513640 72 
2513640 70 
2514253 80 
2514373 83 
2526901 252 
2529233 61 
2529366 153 
2529366 68 
2529366 65
2529450 92 
2530182 90 
2530911 103 
2530911 101 
2531420 100 
2531420 3
2531420 1548
2531420 11
2533418 25 
2533505 75 
2534056 72 
2534056 70 
2534671 80 
2534790 83 
2535030 64 
2535299 256 
2535430 63 
2535563 150 
2535563 68 
2535563 65
2535634 92 
2537096 103 
2537096 101 
2537602 100 
2537602 3
2537602 1548
2537602 11
2539602 25 
2539688 75 
2540240 72 
2540240 70 
2540855 80 
2540975 83 
2541694 64 
2541827 256 
2541963 63 
2542094 150 
2542094 68 
2542094 65
2542167 92 
2543625 103 
2543625 101 
2544133 100 
2544133 3
2544133 1548
2544133 10
2546134 25 
2546219 75 
2546774 72 
2546774 70 
2547385 80 
2547505 83 
2548118 64 
2548374 256 
2548505 63 
2548638 151 
2548638 69 
2548706 93 
2550169 103 
2550169 101 
2551078 100 
2551078 3
2551078 1548
2551078 11
2553077 25 
2554584 75 
2555138 72 
2555138 70 
2555755 80 
2555888 83 
2556275 64 
2556530 256 
2556661 61 
2556794 151 
2556794 69 
2556862 93 
2557285 91 
2557402 91 
2557808 91 
2558328 103 
2558328 101 
2559232 100 
2559232 3
2559232 1548
2559232 10
2561236 25 
2571311 254 
2586467 75 
2587639 73 
2588051 73 
2610169 73 
2610623 72 
2610623 70 
2611238 80 
2611358 83 
2613437 76 
2618488 64 
2620780 252 
2621623 256 
2621753 62 
2621886 150 
2621886 68 
2621886 65
2621973 92 
2623431 103 
2623431 101 
2623942 100 
2623942 3
2623942 1548
2623942 10
2625939 25 
2627031 75 
2627584 72 
2627584 70 
2628497 80 
2628630 83 
2629363 64 
2629632 63 
2629763 151 
2629763 69 
2629834 93 
2630285 91 
2631139 91 
2631294 103 
2631294 101 
2632203 100 
2632203 3
2632203 1548
2632203 10
2634202 25 
2634275 75 
2634827 72 
2634827 70 
2635440 80 
2635561 83 
2635934 64 
2636203 61 
2636333 151 
2636333 69 
2636404 93 
2636826 91 
2637862 103 
2637862 101 
2638772 100 
2638772 3
2638772 1548
2638772 11
2640773 25 
2641914 75 
2646184 73 
2646735 72 
2646735 70 
2647382 250 
2648368 71 
2648621 80 
2648755 83 
2652487 64 
2652742 256 
2652873 61 
2653006 151 
2653006 69 
2653072 93 
2654539 103 
2654539 101 
2655446 100 
2655446 3
2655446 1548
2655446 11
2657445 25 
2667527 254 
2699434 75 
2699605 73 
2700068 72 
2700068 70 
2700679 80 
2700812 83 
2701305 64 
2701441 256 
2701572 61 
2701705 151 
2701705 69 
2701778 93 
2703237 103 
2703237 101 
2704144 100 
2704144 3
2704144 1548
2704144 11
2706145 25 
2706236 75 
2706792 72 
2706792 70 
2707410 80 
2707543 83 
2707903 64 
2708038 256 
2708169 63 
2708302 150 
2708302 68 
2708302 65
2708387 92 
2709074 90 
2709847 103 
2709847 101 
2710355 100 
2710355 3
2710355 1548
2710355 10
2712355 25 
2712440 75 
2712995 72 
2712995 70 
2713620 80 
2713740 83 
2714233 64 
2714369 256 
2714500 61 
2714633 151 
2714633 69 
2714703 93 
2716163 103 
2716163 101 
2717072 100 
2717072 3
2717072 1548
2717072 10
2719074 25 
2727839 75 
2728397 72 
2728397 70 
2729200 71 
2729613 80 
2730440 250 
2731293 76 
2731426 83 
2731559 64 
2731828 256 
2731959 61 
2732092 151 
2732092 69 
2732176 93 
2732559 91 
2733635 103 
2733635 101 
2734551 100 
2734551 3
2734551 1548
2734551 11
2736549 25 
2738531 75 
2739082 72 
2739082 70 
2739342 250 
2740196 71 
2740555 80 
2740689 83 
2741048 76 
2741888 64 
2742160 62 
2742288 152 
2742288 69 
2742361 93 
2743818 103 
2743818 101 
2744727 100 
2744727 3
2744727 1548
2744727 10
2746727 25 
2747169 75 
2747721 72 
2747721 70 
2748339 80 
2748472 83 
2748952 64 
2749222 61 
2749351 151 
2749351 69 
2749425 93 
2750886 103 
2750886 101 
2751790 100 
2751790 3
2751790 1548
2751790 10
2753792 25 
2763870 254 
2776920 75 
2778034 73 
2778325 73 
2778780 72 
2778780 70 
2780125 250 
2783857 71 
2784216 80 
2784350 83 
2784830 64 
2785221 61 
2785349 151 
2785349 69 
2785419 93 
2786038 91 
2786700 91 
2786881 103 
2786881 101 
2787789 100 
2787789 3
2787789 1548
2787789 10
2789789 25 
2799855 254 
2819302 75 
2819859 72 
2819859 70 
2820241 250 
2821814 71 
2822187 80 
2822322 83 
2822933 64 
2823202 256 
2823333 61 
2823466 153 
2823466 68 
2823466 65
2823540 92 
2824999 103 
2824999 101 
2825506 100 
2825506 3
2825506 1548
2825506 11
2827506 25 
2827591 75 
2828146 72 
2828146 70 
2828864 80 
2829064 83 
2829197 64 
2829532 63 
2829744 150 
2829744 68 
2829744 65
2829813 92 
2831277 103 
2831277 101 
2831782 100 
2831782 3
2831782 1548
2831782 10
2833784 25 
2833868 75 
2834425 72 
2834425 70 
2835301 80 
2835434 83 
2835688 64 
2835823 256 
2835954 63 
2836088 151 
2836088 69 
2836158 93 
2836688 91 
2837618 103 
2837618 101 
2838527 100 
2838527 3
2838527 1548
2838527 11
2840526 25 
2850607 254 
2861483 75 
2861745 73 
2862225 72 
2862225 70 
2862823 80 
2862943 83 
2863556 64 
2863689 256 
2863824 61 
2863956 151 
2863956 69 
2864025 93 
2865485 103 
2865485 101 
2866394 100 
2866394 3
2866394 1548
2866394 10
2868395 25 
2868481 75 
2869037 72 
2869037 70 
2869660 80 
2869793 83 
2870033 64 
2870288 256 
2870419 63 
2870553 151 
2870553 69 
2870626 93 
2871117 91 
2872084 91 
2872084 103 
2872084 101 
2872991 100 
2872991 3
2872991 1548
2872991 11
2874991 25 
2876067 75 
2876624 72 
2876624 70 
2877243 80 
2877376 83 
2878349 64 
2878618 61 
2878749 151 
2878749 69 
2878833 93 
2879371 91 
2879451 91 
2880293 103 
2880293 101 
2881201 100 
2881201 3
2881201 1548
2881201 11
2883201 25 
2883288 75 
2883843 72 
2883843 70 
2884467 80 
2884600 83 
2885080 64 
2885455 256 
2886479 61 
2886612 151 
2886612 69 
2886681 93 
2887085 91 
2888147 103 
2888147 101 
2889051 100 
2889051 3
2889051 1548
2889051 11
2891052 25 
2901116 254 
2908504 75 
2909279 73 
2909736 72 
2909736 70 
2910362 80 
2910482 83 
2911082 64 
2911365 61 
2911495 151 
2911495 69 
2911566 93 
2911976 91 
2912172 91 
2912384 91 
2912492 91 
2913026 103 
2913026 101 
2913935 100 
2913935 3
2913935 1548
2913935 10
2915935 25 
2916020 75 
2916575 72 
2916575 70 
2917213 80 
2917346 83 
2917599 64 
2917869 63 
2917999 151 
2917999 69 
2918070 93 
2918581 91 
2919528 91 
2919528 103 
2919528 101 
2920436 100 
2920436 3
2920436 1548
2920436 11
2922441 25 
2928984 75 
2932520 254 
2940844 73 
2941297 72 
2941297 70 
2941975 250 
2951838 71 
2952211 80 
2952331 83 
2956782 252 
2957051 61 
2957182 151 
2957182 69 
2957251 93 
2958715 103 
2958715 101 
2959621 100 
2959621 3
2959621 1548
2959621 11
2961620 25 
2961696 75 
2962248 72 
2962248 70 
2962873 80 
2963006 83 
2963379 64 
2963514 256 
2963646 63 
2963779 150 
2963779 68 
2963779 65
2963853 92 
2965313 103 
2965313 101 
2965831 100 
2965831 3
2965831 1548
2965831 11
2967833 25 
2967917 75 
2968469 72 
2968469 70 
2969084 80 
2969217 83 
2969350 64 
2969605 256 
2969737 63 
2969870 150 
2969870 68 
2969870 65
2969944 92 
2970508 90 
2971404 103 
2971404 101 
2971910 100 
2971910 3
2971910 1548
2971910 10
2973909 25 
2973995 75 
2974550 72 
2974550 70 
2975161 80 
2975281 83 
2975521 64 
2976147 61 
2976281 151 
2976281 69 
2976353 93 
2976921 91 
2977809 103 
2977809 101 
2978719 100 
2978719 3
2978719 1548
2978719 10
2980719 25 
2986132 75 
2986690 72 
2986690 70 
2987302 80 
2987436 83 
2987689 76 
2987929 64 
2988067 256 
2988195 61 
2988329 151 
2988329 69 
2988399 93 
2989857 103 
2989857 101 
2990768 100 
2990768 3
2990768 1548
2990768 11
2992768 25 
2994452 75 
2995005 72 
2995005 70 
2995632 80 
2995765 83 
2996379 64 
2996647 62 
2996778 150 
2996778 68 
2996778 65
2996852 92 
2998317 103 
2998317 101 
2998831 100 
2998831 3
2998831 1548
2998831 10
3000832 25 
3000916 75 
3001470 72 
3001470 70 
3002096 80 
3002216 83 
3002456 64 
3002592 256 
3002723 63 
3002856 153 
3002856 68 
3002856 65
3002928 92 
3004389 103 
3004389 101 
3004893 100 
3004893 3
3004893 1548
3004893 11
3006894 25 
3007326 75 
3007879 72 
3007879 70 
3008480 80 
3008613 83 
3009107 64 
3009242 256 
3009373 61 
3009506 151 
3009506 69 
3009590 93 
3011051 103 
3011051 101 
3011959 100 
3011959 3
3011959 1548
3011959 10
3013958 25 
3021105 75 
3021238 73 
3021711 72 
3021711 70 
3022327 80 
3022447 83 
3023047 64 
3023302 256 
3023434 61 
3023567 151 
3023567 69 
3023640 93 
3024084 91 
3024328 91 
3024978 91 
3025096 103 
3025096 101 
3026005 100 
3026005 3
3026005 1548
3026005 11
3028006 25 
3028091 75 
3028648 72 
3028648 70 
3029258 80 
3029391 83 
3029751 64 
3029886 256 
3030017 63 
3030151 150 
3030151 68 
3030151 65
3030222 92 
3031686 103 
3031686 101 
3032190 100 
3032190 3
3032190 1548
3032190 10
3034190 25 
3034262 75 
3034819 72 
3034819 70 
3035428 80 
3035549 83 
3035802 64 
3036070 63 
3036202 151 
3036202 69 
3036269 93 
3036939 91 
3037732 103 
3037732 101 
3038640 100 
3038640 3
3038640 1548
3038640 10
3040641 25 
3041969 75 
3043218 73 
3043935 73 
3044390 72 
3044390 70 
3045331 80 
3045464 83 
3045957 64 
3046692 256 
3046824 61 
3046957 151 
3046957 69 
3047022 93 
3047569 91 
3047886 91 
3048177 91 
3048410 91 
3048489 103 
3048489 101 
3049394 100 
3049394 3
3049394 1548
3049394 11
3051397 25 
3061475 254 
3070187 75 
3070751 72 
3070751 70 
3071013 250 
3078357 71 
3078716 80 
3078850 83 
3079330 64 
3079465 256 
3079596 61 
3079729 151 
3079729 69 
3079799 93 
3080155 91 
3080262 91 
3081261 103 
3081261 101 
3082169 100 
3082169 3
3082169 1548
3082169 10
3084168 25 
3084241 75 
3084795 72 
3084795 70 
3085420 80 
3085540 83 
3086047 64 
3086302 256 
3086433 255 
3087713 61 
3087846 151 
3087846 69 
3087913 93 
3089376 103 
3089376 101 
3090284 100 
3090284 3
3090284 1548
3090284 10
3092286 25 
3102349 254 
3104535 75 
3105087 72 
3105087 70 
3105718 80 
3105838 83 
3106211 64 
3106466 61 
3106598 153 
3106598 68 
3106598 65
3106667 92 
3108127 103 
3108127 101 
3108635 100 
3108635 3
3108635 1548
3108635 10
3110638 25 
3110723 75 
3111279 72 
3111279 70 
3111902 80 
3112022 83 
3112275 64 
3112544 61 
3112675 151 
3112675 69 
3112758 93 
3113258 91 
3113793 91 
3114220 103 
3114220 101 
3115126 100 
3115126 3
3115126 1548
3115126 11
3117129 25 
3120325 75 
3120879 72 
3120879 70 
3121498 80 
3121631 83 
3122111 64 
3122380 256 
3122511 62 
3122644 151 
3122644 69 
3122711 93 
3124176 103 
3124176 101 
3125083 100 
3125083 3
3125083 1548
3125083 11
3127082 25 
3127169 75 
3127723 72 
3127723 70 
3128095 250 
3136585 71 
3136958 80 
3137091 83 
3140810 252 
3140945 256 
3141076 61 
3141210 151 
3141210 69 
3141281 93 
3142743 103 
3142743 101 
3143648 100 
3143648 3
3143648 1548
3143648 11
3145649 25 
3145734 75 
3146289 72 
3146289 70 
3147260 80 
3147380 83 
3147860 64 
3148129 256 
3148260 63 
3148393 150 
3148393 68 
3148393 65
3148465 92 
3148911 90 
3149924 103 
3149924 101 
3150433 100 
3150433 3
3150433 1548
3150433 10
3152434 25 
3152518 75 
3153074 72 
3153074 70 
3153684 80 
3153818 83 
3154058 64 
3154446 61 
3154577 151 
3154577 69 
3154643 93 
3155455 91 
3156110 103 
3156110 101 
3157020 100 
3157020 3
3157020 1548
3157020 11
3159018 25 
3159102 75 
3159660 72 
3159660 70 
3160281 80 
3160401 83 
3161254 64 
3161521 61 
3161654 151 
3161654 69 
3161725 93 
3163186 103 
3163186 101 
3164094 100 
3164094 3
3164094 1548
3164094 11
3166093 25 
3166179 75 
3166731 72 
3166731 70 
3167332 80 
3167452 83 
3168531 64 
3168786 256 
3168918 63 
3169051 150 
3169051 68 
3169051 65
3169123 92 
3170582 103 
3170582 101 
3171089 100 
3171089 3
3171089 1548
3171089 10
3173088 25 
3173176 75 
3173729 72 
3173729 70 
3174355 80 
3174475 83 
3175195 64 
3175331 256 
3175462 61 
3175595 151 
3175595 69 
3175666 93 
3177124 103 
3177124 101 
3178034 100 
3178034 3
3178034 1548
3178034 11
3180035 25 
3180124 75 
3180677 72 
3180677 70 
3181299 80 
3181432 83 
3182152 64 
3182778 61 
3182912 151 
3182912 69 
3182977 93 
3183422 91 
3183607 91 
3184153 91 
3184442 103 
3184442 101 
3185350 100 
3185350 3
3185350 1548
3185350 10
3187352 25 
3190726 75 
3191276 72 
3191276 70 
3191895 80 
3192014 83 
3192494 64 
3192750 256 
3192881 62 
3193014 150 
3193014 68 
3193014 65
3193087 92 
3193698 90 
3194546 103 
3194546 101 
3195053 100 
3195053 3
3195053 1548
3195053 10
3197054 25 
3197143 75 
3198581 73 
3199037 72 
3199037 70 
3199651 80 
3199784 83 
3200264 64 
3200522 256 
3200651 63 
3200784 153 
3200784 68 
3200784 65
3200855 92 
3201344 90 
3202315 103 
3202315 101 
3202822 100 
3202822 3
3202822 1548
3202822 10
3204823 25 
3204908 75 
3205461 72 
3205461 70 
3206075 80 
3206195 83 
3206328 64 
3207916 255 
3209662 61 
3209793 151 
3209793 69 
3209865 93 
3210366 91 
3210742 91 
3210865 91 
3211327 103 
3211327 101 
3212231 100 
3212231 3
3212231 1548
3212231 11
3214234 25 
3214318 75 
3214870 72 
3214870 70 
3215484 80 
3215618 83 
3216111 64 
3216246 256 
3216377 61 
3216511 151 
3216511 69 
3216581 93 
3218042 103 
3218042 101 
3218955 100 
3218955 3
3218955 1548
3218955 11
3220954 25 
3223025 75 
3223580 72 
3223580 70 
3224187 80 
3224321 83 
3224560 64 
3224952 61 
3225080 151 
3225080 69 
3225152 93 
3225805 91 
3226485 91 
3226613 103 
3226613 101 
3227519 100 
3227519 3
3227519 1548
3227519 10
3229521 25 
3229605 75 
3230158 72 
3230158 70 
3230771 80 
3230891 83 
3231491 64 
3231866 256 
3232490 61 
3232624 151 
3232624 69 
3232693 93 
3233154 91 
3233678 91 
3234157 103 
3234157 101 
3235063 100 
3235063 3
3235063 1548
3235063 10
3237062 25 
3237444 75 
3237999 72 
3237999 70 
3238608 80 
3238728 83 
3239807 64 
3239942 256 
3240327 61 
3240460 151 
3240460 69 
3262395 91 
3262412 93 
3262412 103 
3262412 101 
3263331 100 
3263331 3
3263331 1548
3263331 11
3265330 25 
3265530 75 
3266085 72 
3266085 70 
3267102 80 
3267235 83 
3267595 64 
3267730 256 
3267862 63 
3267995 150 
3267995 68 
3267995 65
3268071 92 
3269529 103 
3269529 101 
3270039 100 
3270039 3
3270039 1548
3270039 10
3272038 25 
3272120 75 
3272677 72 
3272677 70 
3273300 80 
3273419 83 
3273659 64 
3273914 63 
3274059 153 
3274059 68 
3274059 65
3274130 92 
3275591 103 
3275591 101 
3276097 100 
3276097 3
3276097 1548
3276097 11
3278099 25 
3278171 75 
3278726 72 
3278726 70 
3279350 80 
3279470 83 
3279950 64 
3280085 256 
3280216 63 
3280350 150 
3280350 68 
3280350 65
3280418 92 
3281879 103 
3281879 101 
3282387 100 
3282387 3
3282387 1548
3282387 11
3284390 25 
3294455 254 
3296212 75 
3296767 72 
3296767 70 
3297023 250 
3299195 71 
3299568 80 
3299688 83 
3303047 64 
3303182 63 
3303313 150 
3303313 68 
3303313 65
3303385 92 
3304846 103 
3304846 101 
3305352 100 
3305352 3
3305352 1548
3305352 10
3307352 25 
3307429 75 
3307987 72 
3307987 70 
3308604 80 
3308738 83 
3309111 64 
3309499 256 
3309631 61 
3309764 151 
3309764 69 
3309830 93 
3310264 91 
3310450 91 
3310866 91 
3311294 103 
3311294 101 
3312203 100 
3312203 3
3312203 1548
3312203 11
3314204 25 
3314293 75 
3314529 73 
3314997 72 
3314997 70 
3315615 80 
3315735 83 
3316214 64 
3316483 256 
3316614 63 
3316747 150 
3316747 68 
3316747 65
3316821 92 
3318285 103 
3318285 101 
3318801 100 
3318801 3
3318801 1548
3318801 10
3320800 25 
3320872 75 
3321429 72 
3321429 70 
3322038 80 
3322158 83 
3322638 64 
3324811 61 
3324944 151 
3324944 69 
3326329 91 
3326340 93 
3326477 103 
3326477 101 
3327382 100 
3327382 3
3327382 1548
3327382 11
3329383 25 
3329474 75 
3330028 72 
3330028 70 
3330648 80 
3330781 83 
3331275 64 
3331543 61 
3331674 151 
3331674 69 
3331746 93 
3332385 91 
3332664 91 
3333203 103 
3333203 101 
3334115 100 
3334115 3
3334115 1548
3334115 11
3336113 25 
3336188 75 
3336742 72 
3336742 70 
3337365 80 
3337485 83 
3337845 64 
3338113 63 
3338245 152 
3338245 69 
3338312 93 
3338728 91 
3339774 103 
3339774 101 
3340685 100 
3340685 3
3340685 1548
3340685 10
3342685 25 
3342774 75 
3343330 72 
3343330 70 
3343589 250 
3344671 71 
3346830 71 
3350906 71 
3351146 71 
3351506 80 
3351639 83 
3352732 64 
3352867 256 
3352998 61 
3353132 151 
3353132 69 
3353202 93 
3354661 103 
3354661 101 
3355571 100 
3355571 3
3355571 1548
3355571 10
3357572 25 
3366938 75 
3367653 254 
3367726 73 
3368606 73 
3372640 73 
3374199 73 
3374621 73 
3377914 73 
3378370 72 
3378370 70 
3379360 80 
3379574 83 
3380294 64 
3380695 61 
3380906 151 
3380906 69 
3380981 93 
3382273 91 
3382407 91 
3382438 103 
3382438 101 
3383345 100 
3383345 3
3383345 1548
3383345 10
3385347 25 
3385431 75 
3385984 72 
3385984 70 
3386744 80 
3386864 83 
3393101 64 
3393357 61 
3393488 151 
3393488 69 
3393555 93 
3394047 91 
3394213 91 
3394520 91 
3395020 103 
3395020 101 
3395927 100 
3395927 3
3395927 1548
3395927 11
3397927 25 
3398000 75 
3398556 72 
3398556 70 
3399165 80 
3399299 83 
3399792 64 
3400393 256 
3400778 61 
3400911 151 
3400911 69 
3400979 93 
3401421 91 
3401726 91 
3402445 103 
3402445 101 
3403352 100 
3403352 3
3403352 1548
3403352 10
3405350 25 
3415415 254 
3425720 75 
3426272 72 
3426272 70 
3426889 80 
3427020 83 
3427487 64 
3427755 61 
3427886 151 
3427886 69 
3427955 93 
3429418 103 
3429418 101 
3430327 100 
3430327 3
3430327 1548
3430327 10
3432325 25 
3442405 254 
3456209 75 
3456770 72 
3456770 70 
3471148 71 
3471401 80 
3471521 83 
3503374 252 
3505082 256 
3505839 61 
3505973 151 
3505973 69 
3507035 91 
3507045 93 
3507374 91 
3507502 103 
3507502 101 
3508410 100 
3508410 3
3508410 1548
3508410 11
3510411 25 
3510502 75 
3511670 73 
3512122 72 
3512122 70 
3512743 80 
3512863 83 
3514076 76 
3516355 76 
3516475 64 
3516610 256 
3516741 61 
3516878 151 
3516878 69 
3516945 93 
3517497 91 
3517778 91 
3517863 91 
3518405 103 
3518405 101 
3519315 100 
3519315 3
3519315 1548
3519315 11
3521315 25 
3521399 75 
3521953 72 
3521953 70 
3522566 80 
3522685 83 
3523285 64 
3523554 256 
3523685 63 
3523818 150 
3523818 68 
3523818 65
3523888 92 
3525350 103 
3525350 101 
3525857 100 
3525857 3
3525857 1548
3525857 11
3527857 25 
3527930 75 
3528482 72 
3528482 70 
3529096 80 
3529336 250 
3529989 76 
3530122 83 
3530376 64 
3530630 256 
3530762 63 
3530895 150 
3530895 68 
3530895 65
3530969 92 
3532248 90 
3532424 103 
3532424 101 
3532933 100 
3532933 3
3532933 1548
3532933 10
3534934 25 
3535020 75 
3535572 72 
3535572 70 
3536186 80 
3536306 83 
3536546 64 
3536669 256 
3536799 63 
3536933 151 
3536933 69 
3537002 93 
3537466 91 
3538173 91 
3538276 91 
3538465 103 
3538465 101 
3539373 100 
3539373 3
3539373 1548
3539373 11
3541373 25 
3541462 75 
3542018 72 
3542018 70 
3542637 80 
3542757 83 
3543357 64 
3543612 256 
3543743 63 
3543876 150 
3543876 68 
3543876 65
3543946 92 
3545188 90 
3545411 103 
3545411 101 
3545916 100 
3545916 3
3545916 1548
3545916 11
3547916 25 
3548489 75 
3549042 72 
3549042 70 
3549661 80 
3549781 83 
3550020 64 
3550276 256 
3550407 63 
3550540 150 
3550540 68 
3550540 65
3550616 92 
3551635 90 
3552074 103 
3552074 101 
3552581 100 
3552581 3
3552581 1548
3552581 10
3554579 25 
3556787 75 
3557844 73 
3560432 73 
3560607 73 
3561062 72 
3561062 70 
3561682 80 
3561815 83 
3562188 64 
3562430 61 
3562562 151 
3562562 69 
3562632 93 
3564091 103 
3564091 101 
3564999 100 
3564999 3
3564999 1548
3564999 10
3567001 25 
3567086 75 
3567639 72 
3567639 70 
3568253 80 
3568373 83 
3568749 64 
3569001 256 
3569132 63 
3569265 151 
3569265 69 
3569333 93 
3569794 91 
3570797 103 
3570797 101 
3571709 100 
3571709 3
3571709 1548
3571709 11
3573707 25 
3576300 75 
3576860 72 
3576860 70 
3577475 80 
3577609 83 
3578208 64 
3578463 256 
3578595 63 
3578728 150 
3578728 68 
3578728 65
3578796 92 
3580157 90 
3580264 103 
3580264 101 
3580321 102 
