0 100 
0 3
0 1580
0 11
1995 25 
2256 75 
2507 73 
3193 72 
3193 70 
4168 80 
4981 76 
5032 83 
7260 64 
7476 62 
7497 62 
7497 151 
7497 69 
7573 93 
9019 103 
9019 101 
9929 100 
9929 3
9929 1580
9929 11
11932 25 
11979 75 
12742 72 
12742 70 
13552 80 
14299 76 
14379 83 
14545 64 
14770 62 
14787 62 
14787 151 
14787 69 
14863 93 
16313 103 
16313 101 
17221 100 
17221 3
17221 1580
17221 10
19220 25 
19285 75 
20048 72 
20048 70 
20749 80 
21393 76 
21458 83 
21700 64 
21893 62 
21908 62 
21908 150 
21908 68 
21908 65
21989 92 
23433 103 
23433 101 
23951 100 
23951 3
23951 1580
23951 10
25951 25 
26000 75 
26764 72 
26764 70 
27475 80 
27795 83 
28235 64 
28406 62 
28428 62 
28428 150 
28428 68 
28428 65
28499 92 
29950 103 
29950 101 
30460 100 
30460 3
30460 1580
30460 11
32457 25 
32515 75 
33282 72 
33282 70 
33988 80 
34757 76 
34810 83 
35076 64 
35314 63 
35334 63 
35334 150 
35334 68 
35334 65
35416 92 
36866 103 
36866 101 
37376 100 
37376 3
37376 1580
37376 10
39374 25 
39432 75 
40196 72 
40196 70 
40902 80 
41592 76 
41648 83 
41859 64 
42030 62 
42048 62 
42048 150 
42048 68 
42048 65
42120 92 
42550 90 
43566 103 
43566 101 
44075 100 
44075 3
44075 1580
44075 10
46077 25 
46141 75 
46908 72 
46908 70 
47612 80 
48167 76 
48274 83 
48315 64 
48524 62 
48539 62 
48539 150 
48539 68 
48539 65
48627 92 
49107 90 
50071 103 
50071 101 
50579 100 
50579 3
50579 1580
50579 11
52580 25 
52627 75 
53389 72 
53389 70 
54097 80 
54423 83 
55892 64 
56154 63 
56174 63 
56174 152 
56174 69 
56242 93 
57693 103 
57693 101 
58603 100 
58603 3
58603 1580
58603 10
60603 25 
60650 75 
61412 72 
61412 70 
62113 80 
62765 76 
62817 83 
63096 64 
63293 62 
63309 62 
63309 150 
63309 68 
63309 65
63392 92 
64836 103 
64836 101 
65348 100 
65348 3
65348 1580
65348 11
67346 25 
67394 75 
68155 72 
68155 70 
68860 80 
69182 83 
69871 64 
70109 63 
70127 63 
70127 150 
70127 68 
70127 65
70198 92 
71652 103 
71652 101 
72156 100 
72156 3
72156 1580
72156 10
74156 25 
74205 75 
74967 72 
74967 70 
75660 80 
76258 76 
76363 83 
76473 64 
76690 62 
76707 62 
76707 150 
76707 68 
76707 65
76781 92 
77277 90 
78231 103 
78231 101 
78741 100 
78741 3
78741 1580
78741 10
80742 25 
80802 75 
81565 72 
81565 70 
82274 80 
82598 83 
88320 64 
88509 256 
88527 62 
88547 62 
88547 150 
88547 68 
88547 65
88619 92 
90073 103 
90073 101 
90588 100 
90588 3
90588 1580
90588 10
92589 25 
92638 75 
93406 72 
93406 70 
94106 80 
94788 76 
94845 83 
95019 64 
95209 62 
95227 62 
95227 150 
95227 68 
95227 65
95297 92 
96749 103 
96749 101 
97252 100 
97252 3
97252 1580
97252 11
99254 25 
99301 75 
100067 72 
100067 70 
100768 80 
101427 76 
101532 83 
101708 64 
101918 63 
101940 63 
101940 150 
101940 68 
101940 65
102010 92 
103463 103 
103463 101 
103975 100 
103975 3
103975 1580
103975 11
105972 25 
106019 75 
106788 72 
106788 70 
107488 80 
107813 83 
107883 64 
108127 62 
108143 62 
108143 151 
108143 69 
108225 93 
109673 103 
109673 101 
110581 100 
110581 3
110581 1580
110581 11
112580 25 
112628 75 
113389 72 
113389 70 
114325 80 
115185 76 
115695 76 
115799 83 
115998 64 
116208 256 
116227 63 
116246 63 
116246 150 
116246 68 
116246 65
116323 92 
117780 103 
117780 101 
118289 100 
118289 3
118289 1580
118289 11
120287 25 
120345 75 
121110 72 
121110 70 
122015 80 
122799 76 
122869 83 
123377 64 
123651 63 
123671 63 
123671 150 
123671 68 
123671 65
123748 92 
125201 103 
125201 101 
125708 100 
125708 3
125708 1580
125708 10
127710 25 
127769 75 
128529 72 
128529 70 
129422 80 
129875 83 
135359 64 
135548 62 
135567 62 
135567 152 
135567 69 
135639 93 
137088 103 
137088 101 
137995 100 
137995 3
137995 1580
137995 10
139997 25 
140043 75 
140810 72 
140810 70 
141691 80 
142139 83 
142466 64 
142684 63 
142704 63 
142704 151 
142704 69 
142779 93 
144233 103 
144233 101 
145152 100 
145152 3
145152 1580
145152 11
147154 25 
147214 75 
147978 72 
147978 70 
148890 80 
150709 76 
150813 83 
151170 64 
151459 61 
151474 61 
151474 151 
151474 69 
151548 93 
152162 91 
153005 103 
153005 101 
153910 100 
153910 3
153910 1580
153910 10
155910 25 
155957 75 
156722 72 
156722 70 
157631 80 
158001 83 
159519 64 
159971 256 
159987 61 
160004 61 
160004 151 
160004 69 
160075 93 
160557 91 
161530 103 
161530 101 
162439 100 
162439 3
162439 1580
162439 11
164440 25 
164500 75 
165262 72 
165262 70 
166133 80 
166638 83 
166971 64 
167182 63 
167201 63 
167201 152 
167201 69 
167280 93 
168731 103 
168731 101 
169650 100 
169650 3
169650 1580
169650 11
171649 25 
174287 75 
175049 72 
175049 70 
175937 80 
176384 83 
177044 64 
177611 61 
177622 61 
177622 151 
177622 69 
177692 93 
178105 91 
179153 103 
179153 101 
180071 100 
180071 3
180071 1580
180071 11
182072 25 
183560 75 
184323 72 
184323 70 
185243 80 
185622 83 
188589 64 
189249 63 
189265 63 
189265 150 
189265 68 
189265 65
189332 92 
189689 90 
190782 103 
190782 101 
191293 100 
191293 3
191293 1580
191293 11
193293 25 
193355 75 
194118 72 
194118 70 
194934 80 
195253 83 
195362 64 
195600 63 
195619 63 
195619 150 
195619 68 
195619 65
195694 92 
197145 103 
197145 101 
197651 100 
197651 3
197651 1580
197651 10
199652 25 
199698 75 
200467 72 
200467 70 
201164 80 
201494 83 
201889 64 
203089 62 
203105 62 
203105 150 
203105 68 
203105 65
203178 92 
203557 90 
204635 103 
204635 101 
205143 100 
205143 3
205143 1580
205143 10
207141 25 
207202 75 
207969 72 
207969 70 
208677 80 
209296 76 
209396 83 
209546 64 
209765 62 
209781 62 
209781 150 
209781 68 
209781 65
209860 92 
210395 90 
211314 103 
211314 101 
211832 100 
211832 3
211832 1580
211832 10
213832 25 
213879 75 
214642 72 
214642 70 
215353 80 
215986 76 
216043 83 
216232 64 
216426 62 
216448 62 
216448 150 
216448 68 
216448 65
216528 92 
217974 103 
217974 101 
218481 100 
218481 3
218481 1580
218481 10
220483 25 
220548 75 
221310 72 
221310 70 
222016 80 
222612 76 
222716 83 
222764 64 
222977 62 
222997 62 
222997 150 
222997 68 
222997 65
223064 92 
224515 103 
224515 101 
225026 100 
225026 3
225026 1580
225026 11
227026 25 
227075 75 
227840 72 
227840 70 
228544 80 
228877 83 
228911 64 
229141 63 
229158 63 
229158 150 
229158 68 
229158 65
229241 92 
230689 103 
230689 101 
231197 100 
231197 3
231197 1580
231197 11
233196 25 
233245 75 
234005 72 
234005 70 
234700 80 
235275 76 
235898 76 
235955 83 
236162 64 
236391 63 
236407 63 
236407 150 
236407 68 
236407 65
236477 92 
237927 103 
237927 101 
238434 100 
238434 3
238434 1580
238434 10
240436 25 
240495 75 
241258 72 
241258 70 
241955 80 
242570 76 
242622 83 
242792 64 
242975 62 
242992 62 
242992 150 
242992 68 
242992 65
243074 92 
243631 90 
244521 103 
244521 101 
245032 100 
245032 3
245032 1580
245032 10
247031 25 
247079 75 
247848 72 
247848 70 
248554 80 
249147 76 
249198 83 
249358 64 
249565 62 
249581 62 
249581 150 
249581 68 
249581 65
249657 92 
251110 103 
251110 101 
251613 100 
251613 3
251613 1580
251613 11
253617 25 
253667 75 
254434 72 
254434 70 
255134 80 
255460 83 
255500 64 
255746 63 
255765 63 
255765 150 
255765 68 
255765 65
255833 92 
257287 103 
257287 101 
257800 100 
257800 3
257800 1580
257800 10
259799 25 
259847 75 
260608 72 
260608 70 
261305 80 
261627 83 
261657 64 
261876 256 
261893 62 
261913 62 
261913 150 
261913 68 
261913 65
261990 92 
263433 103 
263433 101 
263942 100 
263942 3
263942 1580
263942 10
265943 25 
265991 75 
266754 72 
266754 70 
267460 80 
268108 76 
268164 83 
268375 64 
268552 62 
268564 62 
268564 150 
268564 68 
268564 65
268639 92 
270089 103 
270089 101 
270595 100 
270595 3
270595 1580
270595 11
272595 25 
272642 75 
273406 72 
273406 70 
274120 80 
274451 83 
274553 64 
274786 63 
274806 63 
274806 150 
274806 68 
274806 65
274880 92 
276335 103 
276335 101 
276844 100 
276844 3
276844 1580
276844 10
278845 25 
278893 75 
279656 72 
279656 70 
280363 80 
281009 76 
281064 83 
281235 64 
281434 62 
281449 62 
281449 150 
281449 68 
281449 65
281527 92 
282974 103 
282974 101 
283480 100 
283480 3
283480 1580
283480 11
285483 25 
285530 75 
286294 72 
286294 70 
286999 80 
287331 76 
287437 83 
287568 64 
287791 63 
287808 63 
287808 150 
287808 68 
287808 65
287887 92 
289329 103 
289329 101 
289840 100 
289840 4
289840 1580
289840 11
289840 78 
291839 25 
294077 75 
294842 72 
294842 70 
295692 80 
296102 83 
299260 64 
299495 63 
299514 63 
299514 153 
299514 68 
299514 65
299592 92 
301033 103 
301033 101 
301542 100 
301542 4
301542 1580
301542 11
303541 25 
303589 75 
304353 72 
304353 70 
305230 80 
305636 83 
305697 64 
305912 63 
305927 63 
305927 151 
305927 69 
306010 93 
307457 103 
307457 101 
308365 100 
308365 4
308365 1580
308365 11
310365 25 
310412 75 
311181 72 
311181 70 
312000 80 
312330 83 
312726 64 
312948 63 
312966 63 
312966 151 
312966 69 
313043 93 
314493 103 
314493 101 
315401 100 
315401 4
315401 1580
315401 10
317402 25 
317468 75 
318235 72 
318235 70 
318940 80 
319270 83 
319333 64 
319618 62 
319633 62 
319633 150 
319633 68 
319633 65
319706 92 
321160 103 
321160 101 
321681 100 
321681 4
321681 1580
321681 11
323680 25 
323740 75 
324506 72 
324506 70 
325214 80 
325540 83 
325769 64 
325974 63 
325990 63 
325990 151 
325990 69 
326073 93 
327514 103 
327514 101 
328422 100 
328422 4
328422 1580
328422 10
330422 25 
330471 75 
331232 72 
331232 70 
331936 80 
332571 76 
332650 83 
332831 64 
333013 62 
333029 62 
333029 150 
333029 68 
333029 65
333106 92 
333578 90 
334555 103 
334555 101 
335072 100 
335072 4
335072 1580
335072 10
337076 25 
337123 75 
337889 72 
337889 70 
338590 80 
339197 76 
339297 83 
339447 64 
339645 62 
339656 62 
339656 150 
339656 68 
339656 65
339725 92 
341175 103 
341175 101 
341686 100 
341686 4
341686 1580
341686 11
343686 25 
343751 75 
344513 72 
344513 70 
345221 80 
345560 83 
345635 64 
345852 63 
345872 63 
345872 151 
345872 69 
345950 93 
347399 103 
347399 101 
348308 100 
348308 4
348308 1580
348308 11
350308 25 
350362 75 
351129 72 
351129 70 
351846 80 
352177 83 
353067 64 
353625 62 
353643 62 
353643 153 
353643 68 
353643 65
353715 92 
354164 90 
355166 103 
355166 101 
355678 100 
355678 4
355678 1580
355678 10
357679 25 
357739 75 
358505 72 
358505 70 
359215 80 
359549 83 
359604 64 
359981 62 
360003 62 
360003 150 
360003 68 
360003 65
360073 92 
360852 90 
361526 103 
361526 101 
362036 100 
362036 4
362036 1580
362036 10
364037 25 
364096 75 
364860 72 
364860 70 
365573 80 
366266 76 
366367 83 
366493 64 
366757 62 
366772 62 
366772 150 
366772 68 
366772 65
366847 92 
368294 103 
368294 101 
368805 100 
368805 4
368805 1580
368805 10
370806 25 
370854 75 
371617 72 
371617 70 
372335 80 
372661 83 
372761 64 
372960 62 
372980 62 
372980 150 
372980 68 
372980 65
373059 92 
374509 103 
374509 101 
375023 100 
375023 4
375023 1580
375023 10
377022 25 
377078 75 
377845 72 
377845 70 
378553 80 
379223 76 
379278 83 
379507 64 
379688 62 
379703 62 
379703 150 
379703 68 
379703 65
379784 92 
381224 103 
381224 101 
381733 100 
381733 4
381733 1580
381733 11
383734 25 
383782 75 
384546 72 
384546 70 
385251 80 
385584 83 
386039 64 
386686 63 
386702 63 
386702 153 
386702 68 
386702 65
386771 92 
387147 90 
388223 103 
388223 101 
388732 100 
388732 4
388732 1580
388732 10
390732 25 
390780 75 
391544 72 
391544 70 
392255 80 
392906 76 
392973 83 
393180 64 
393390 62 
393406 62 
393406 150 
393406 68 
393406 65
393478 92 
394119 90 
394920 103 
394920 101 
395436 100 
395436 4
395436 1580
395436 11
397435 25 
397483 75 
398247 72 
398247 70 
398959 80 
399826 76 
399933 83 
400232 64 
400465 63 
400480 63 
400480 151 
400480 69 
400553 93 
402003 103 
402003 101 
402911 100 
402911 4
402911 1580
402911 10
404912 25 
404977 75 
405330 73 
406018 72 
406018 70 
406729 80 
407345 76 
407420 83 
407582 64 
407834 62 
407857 62 
407857 150 
407857 68 
407857 65
407943 92 
409386 103 
409386 101 
409898 100 
409898 4
409898 1580
409898 10
411895 25 
412085 75 
412849 72 
412849 70 
413729 80 
414288 76 
414393 83 
414543 64 
414765 62 
414781 62 
414781 150 
414781 68 
414781 65
414851 92 
416302 103 
416302 101 
416815 100 
416815 4
416815 1580
416815 11
418814 25 
418874 75 
419638 72 
419638 70 
420477 80 
420883 83 
421501 64 
421990 62 
422008 62 
422008 151 
422008 69 
422075 93 
423527 103 
423527 101 
424435 100 
424435 4
424435 1580
424435 11
426438 25 
426485 75 
427249 72 
427249 70 
428087 80 
428511 83 
431583 64 
432055 256 
432072 61 
432088 61 
432088 150 
432088 68 
432088 65
432166 92 
432565 90 
433621 103 
433621 101 
434140 100 
434140 4
434140 1580
434140 11
436140 25 
437998 75 
438759 72 
438759 70 
439568 80 
439887 83 
440396 64 
440599 61 
440620 61 
440620 150 
440620 68 
440620 65
440698 92 
442150 103 
442150 101 
442655 100 
442655 4
442655 1580
442655 10
444655 25 
444705 75 
445473 72 
445473 70 
446179 80 
446508 83 
447288 64 
447478 62 
447499 62 
447499 152 
447499 69 
447575 93 
448264 91 
449025 103 
449025 101 
449933 100 
449933 4
449933 1580
449933 11
451933 25 
451995 75 
452759 72 
452759 70 
453466 80 
453783 83 
453910 64 
454217 61 
454234 61 
454234 150 
454234 68 
454234 65
454310 92 
455755 103 
455755 101 
456262 100 
456262 4
456262 1580
456262 10
458263 25 
458311 75 
459075 72 
459075 70 
459782 80 
460107 83 
460790 64 
461048 61 
461068 61 
461068 151 
461068 69 
461139 93 
462596 103 
462596 101 
463515 100 
463515 4
463515 1580
463515 10
465514 25 
465574 75 
466336 72 
466336 70 
467031 80 
467358 83 
468011 64 
468705 62 
468725 62 
468725 150 
468725 68 
468725 65
468802 92 
469174 90 
470255 103 
470255 101 
470765 100 
470765 4
470765 1580
470765 10
472765 25 
472826 75 
473594 72 
473594 70 
474300 80 
474989 76 
475044 83 
475244 64 
475456 62 
475472 62 
475472 150 
475472 68 
475472 65
475554 92 
476076 90 
476999 103 
476999 101 
477509 100 
477509 4
477509 1580
477509 11
479508 25 
479560 75 
480331 72 
480331 70 
481044 80 
481383 83 
481444 64 
481686 61 
481706 61 
481706 150 
481706 68 
481706 65
481787 92 
483233 103 
483233 101 
483746 100 
483746 4
483746 1580
483746 10
485745 25 
485793 75 
486562 72 
486562 70 
487263 80 
487595 83 
487707 64 
487929 62 
487945 62 
487945 150 
487945 68 
487945 65
488027 92 
489478 103 
489478 101 
489996 100 
489996 4
489996 1580
489996 11
491996 25 
492043 75 
492811 72 
492811 70 
493518 80 
494359 76 
494415 83 
494620 64 
494822 61 
494841 61 
494841 150 
494841 68 
494841 65
494914 92 
496155 90 
496368 103 
496368 101 
496887 100 
496887 4
496887 1580
496887 11
498887 25 
498934 75 
499697 72 
499697 70 
500407 80 
501728 76 
501831 83 
502147 64 
502335 256 
502354 61 
502369 61 
502369 150 
502369 68 
502369 65
502446 92 
503899 103 
503899 101 
504417 100 
504417 4
504417 1580
504417 11
506417 25 
506477 75 
507245 72 
507245 70 
507953 80 
508292 83 
508426 64 
508702 61 
508721 61 
508721 150 
508721 68 
508721 65
508797 92 
510254 103 
510254 101 
510764 100 
510764 4
510764 1580
510764 10
512763 25 
512821 75 
513587 72 
513587 70 
514296 80 
514625 83 
514803 64 
514989 62 
515005 62 
515005 150 
515005 68 
515005 65
515085 92 
515761 90 
516532 103 
516532 101 
517049 100 
517049 4
517049 1580
517049 11
519052 25 
519099 75 
519867 72 
519867 70 
520575 80 
520911 83 
521480 64 
521695 61 
521714 61 
521714 150 
521714 68 
521714 65
521784 92 
523231 103 
523231 101 
523743 100 
523743 4
523743 1580
523743 11
525742 25 
525790 75 
526557 72 
526557 70 
527268 80 
527598 83 
527673 64 
527966 61 
527987 61 
527987 152 
527987 69 
528058 93 
529514 103 
529514 101 
530432 100 
530432 2
530432 1580
530432 11
530432 78 
532433 25 
532563 75 
532814 73 
533497 72 
533497 70 
534207 80 
534533 83 
534818 64 
535350 61 
535366 61 
535366 151 
535366 69 
535442 93 
536896 103 
536896 101 
537804 100 
537804 2
537804 1580
537804 10
539801 25 
548414 75 
549182 72 
549182 70 
550127 80 
550618 83 
550949 64 
551797 61 
551812 61 
551812 150 
551812 68 
551812 65
551888 92 
552264 90 
553337 103 
553337 101 
553848 100 
553848 2
553848 1580
553848 10
555849 25 
555899 75 
556665 72 
556665 70 
557661 80 
558103 83 
558280 64 
558554 61 
558571 61 
558571 150 
558571 68 
558571 65
558653 92 
560097 103 
560097 101 
560606 100 
560606 2
560606 1580
560606 10
562607 25 
562667 75 
563433 72 
563433 70 
564393 80 
564827 83 
564985 64 
565237 61 
565259 61 
565259 150 
565259 68 
565259 65
565339 92 
566795 90 
566795 103 
566795 101 
567310 100 
567310 2
567310 1580
567310 11
569310 25 
569360 75 
570124 72 
570124 70 
571014 80 
571421 83 
572094 64 
572322 63 
572342 63 
572342 150 
572342 68 
572342 65
572418 92 
573867 103 
573867 101 
574375 100 
574375 2
574375 1580
574375 10
576373 25 
576423 75 
577190 72 
577190 70 
578047 80 
578456 83 
578825 64 
579048 61 
579069 61 
579069 150 
579069 68 
579069 65
579146 92 
580595 103 
580595 101 
581105 100 
581105 2
581105 1580
581105 11
583104 25 
583157 75 
583920 72 
583920 70 
584625 80 
584949 83 
586564 64 
586803 63 
586824 63 
586824 150 
586824 68 
586824 65
586911 92 
588349 103 
588349 101 
588864 100 
588864 2
588864 1580
588864 11
590863 25 
590922 75 
591691 72 
591691 70 
592393 80 
592719 83 
593237 64 
593880 61 
593899 61 
593899 151 
593899 69 
593983 93 
595431 103 
595431 101 
596340 100 
596340 2
596340 1580
596340 10
598338 25 
600254 75 
601023 72 
601023 70 
601728 80 
602063 83 
602633 64 
603810 61 
603827 61 
603827 150 
603827 68 
603827 65
603890 92 
604349 90 
605344 103 
605344 101 
605852 100 
605852 2
605852 1580
605852 11
607854 25 
607907 75 
608674 72 
608674 70 
609378 80 
609712 83 
610402 64 
611982 61 
612000 61 
612000 153 
612000 68 
612000 65
612076 92 
612443 90 
613525 103 
613525 101 
614039 100 
614039 2
614039 1580
614039 10
616038 25 
616098 75 
616862 72 
616862 70 
617570 80 
617896 83 
619015 64 
619748 62 
619763 62 
619763 151 
619763 69 
619830 93 
620169 91 
621285 103 
621285 101 
622194 100 
622194 2
622194 1580
622194 10
624195 25 
624254 75 
625017 72 
625017 70 
625728 80 
626047 83 
626421 64 
626811 61 
626827 61 
626827 150 
626827 68 
626827 65
626904 92 
627293 90 
628348 103 
628348 101 
628858 100 
628858 2
628858 1580
628858 11
630858 25 
630906 75 
631674 72 
631674 70 
632385 80 
632710 83 
633508 64 
634545 62 
634561 62 
634561 151 
634561 69 
634622 93 
636082 103 
636082 101 
636989 100 
636989 2
636989 1580
636989 10
638989 25 
639817 75 
640581 72 
640581 70 
641285 80 
641760 76 
641864 83 
641986 64 
642531 61 
642549 61 
642549 150 
642549 68 
642549 65
642628 92 
643400 90 
644075 103 
644075 101 
644582 100 
644582 2
644582 1580
644582 11
646585 25 
646794 75 
647559 72 
647559 70 
648262 80 
648593 83 
648629 64 
648998 61 
649013 61 
649013 151 
649013 69 
649089 93 
650099 91 
650541 103 
650541 101 
651447 100 
651447 2
651447 1580
651447 10
653449 25 
653497 75 
654259 72 
654259 70 
654967 80 
655296 83 
655778 64 
656496 61 
656512 61 
656512 150 
656512 68 
656512 65
656594 92 
656983 90 
658041 103 
658041 101 
658552 100 
658552 2
658552 1580
658552 11
660553 25 
660740 75 
661503 72 
661503 70 
662205 80 
662526 83 
662562 64 
663060 61 
663080 61 
663080 151 
663080 69 
663150 93 
664222 91 
664602 103 
664602 101 
665507 100 
665507 2
665507 1580
665507 10
667511 25 
667558 75 
668321 72 
668321 70 
669027 80 
669354 83 
669956 64 
670441 61 
670456 61 
670456 150 
670456 68 
670456 65
670534 92 
671981 90 
671981 103 
671981 101 
672492 100 
672492 2
672492 1580
672492 11
674493 25 
674545 75 
675312 72 
675312 70 
676012 80 
676338 83 
676510 64 
677017 61 
677037 61 
677037 151 
677037 69 
677103 93 
678562 103 
678562 101 
679477 100 
679477 2
679477 1580
679477 11
681478 25 
681537 75 
682304 72 
682304 70 
683204 80 
683629 83 
683960 64 
685239 61 
685255 61 
685255 151 
685255 69 
685322 93 
686782 103 
686782 101 
687701 100 
687701 2
687701 1580
687701 10
689701 25 
689754 75 
690522 72 
690522 70 
691328 80 
691719 83 
692125 64 
693486 62 
693503 62 
693503 151 
693503 69 
693572 93 
695032 103 
695032 101 
695951 100 
695951 2
695951 1580
695951 10
697950 25 
698002 75 
698770 72 
698770 70 
699573 80 
699898 83 
700562 64 
702421 61 
702440 61 
702440 152 
702440 69 
702502 93 
703961 103 
703961 101 
704881 100 
704881 2
704881 1580
704881 11
706880 25 
712100 75 
712333 73 
712696 73 
713384 72 
713384 70 
714087 80 
714504 76 
714562 83 
717498 64 
717929 61 
717949 61 
717949 151 
717949 69 
718027 93 
719475 103 
719475 101 
720391 100 
720391 2
720391 1580
720391 11
722394 25 
722454 75 
723222 72 
723222 70 
723925 80 
724247 83 
725161 64 
725689 256 
725727 61 
725913 61 
725913 151 
725913 69 
725987 93 
727440 103 
727440 101 
728349 100 
728349 2
728349 1580
728349 11
730349 25 
730397 75 
731157 72 
731157 70 
731854 80 
732174 83 
733508 64 
733733 63 
733754 63 
733754 150 
733754 68 
733754 65
733833 92 
735275 103 
735275 101 
735787 100 
735787 2
735787 1580
735787 10
737785 25 
737835 75 
738598 72 
738598 70 
739308 80 
739629 83 
739746 64 
741010 61 
741026 61 
741026 150 
741026 68 
741026 65
741100 92 
741532 90 
742556 103 
742556 101 
743065 100 
743065 2
743065 1580
743065 10
745064 25 
745116 75 
745881 72 
745881 70 
746583 80 
746909 83 
747914 64 
748149 63 
748170 63 
748170 151 
748170 69 
748248 93 
749701 103 
749701 101 
750608 100 
750608 2
750608 1580
750608 11
752606 25 
752654 75 
754303 73 
754985 72 
754985 70 
755684 80 
756011 83 
756661 64 
758192 62 
758208 62 
758208 151 
758208 69 
758279 93 
758633 91 
759727 91 
759741 103 
759741 101 
760655 100 
760655 2
760655 1580
760655 10
762657 25 
762705 75 
763467 72 
763467 70 
764179 80 
764508 83 
766082 64 
767827 63 
767843 63 
767843 151 
767843 69 
767919 93 
768266 91 
769373 103 
769373 101 
770280 100 
770280 2
770280 1580
770280 11
772280 25 
775418 75 
776181 72 
776181 70 
776894 80 
777218 83 
778117 64 
779635 61 
779651 61 
779651 151 
779651 69 
779721 93 
780186 91 
781176 103 
781176 101 
782088 100 
782088 2
782088 1580
782088 11
784089 25 
784152 75 
784918 72 
784918 70 
785624 80 
785958 83 
787807 64 
789102 62 
789120 62 
789120 151 
789120 69 
789242 91 
789265 93 
789556 91 
790643 103 
790643 101 
791548 100 
791548 2
791548 1580
791548 10
793549 25 
793597 75 
794360 72 
794360 70 
795075 80 
795404 83 
795679 64 
795935 61 
795955 61 
795955 150 
795955 68 
795955 65
796029 92 
797482 103 
797482 101 
797987 100 
797987 2
797987 1580
797987 10
799987 25 
800035 75 
800804 72 
800804 70 
801695 80 
802123 83 
802362 64 
802580 256 
802599 61 
802618 61 
802618 150 
802618 68 
802618 65
802695 92 
803461 90 
804139 103 
804139 101 
804652 100 
804652 2
804652 1580
804652 11
806650 25 
806698 75 
807462 72 
807462 70 
808284 80 
809061 76 
809116 83 
809353 64 
809580 61 
809597 61 
809597 153 
809597 68 
809597 65
809681 92 
810418 90 
811123 103 
811123 101 
811636 100 
811636 2
811636 1580
811636 10
813636 25 
813695 75 
814460 72 
814460 70 
815172 80 
815503 83 
816446 64 
816662 63 
816682 63 
816682 151 
816682 69 
816754 93 
817651 91 
818202 103 
818202 101 
819113 100 
819113 2
819113 1580
819113 10
821112 25 
821161 75 
821926 72 
821926 70 
822639 80 
822967 83 
823213 64 
823535 61 
823556 61 
823556 150 
823556 68 
823556 65
823632 92 
825082 103 
825082 101 
825588 100 
825588 2
825588 1580
825588 11
827590 25 
827638 75 
828400 72 
828400 70 
829108 80 
829434 83 
832388 64 
832831 61 
832853 61 
832853 151 
832853 69 
832922 93 
834376 103 
834376 101 
835293 100 
835293 2
835293 1580
835293 10
837291 25 
837339 75 
838107 72 
838107 70 
838818 80 
839158 83 
839215 64 
839539 61 
839555 61 
839555 150 
839555 68 
839555 65
839629 92 
841077 103 
841077 101 
841596 100 
841596 2
841596 1580
841596 10
843596 25 
843643 75 
844408 72 
844408 70 
845119 80 
845449 83 
845522 64 
845864 61 
845884 61 
845884 150 
845884 68 
845884 65
845954 92 
847406 103 
847406 101 
847914 100 
847914 2
847914 1580
847914 11
849914 25 
849961 75 
850725 72 
850725 70 
851437 80 
851769 83 
851945 64 
853649 63 
853664 63 
853664 150 
853664 68 
853664 65
853734 92 
854088 90 
855184 103 
855184 101 
855695 100 
855695 2
855695 1580
855695 11
857696 25 
857745 75 
858513 72 
858513 70 
859211 80 
859537 83 
859622 64 
859921 61 
859945 61 
859945 151 
859945 69 
860014 93 
861467 103 
861467 101 
862375 100 
862375 2
862375 1580
862375 11
864374 25 
865000 75 
865763 72 
865763 70 
866474 80 
866806 83 
868354 64 
868634 63 
868654 63 
868654 150 
868654 68 
868654 65
868738 92 
870184 103 
870184 101 
870688 100 
870688 2
870688 1580
870688 10
872690 25 
872751 75 
873517 72 
873517 70 
874225 80 
874545 83 
874890 64 
876425 61 
876440 61 
876440 150 
876440 68 
876440 65
876511 92 
876936 90 
877961 103 
877961 101 
878475 100 
878475 2
878475 1580
878475 10
880474 25 
880526 75 
881291 72 
881291 70 
881992 80 
882318 83 
882658 64 
883488 61 
883639 61 
883639 150 
883639 68 
883639 65
883707 92 
884124 90 
885163 103 
885163 101 
885683 100 
885683 2
885683 1580
885683 11
887684 25 
887737 75 
888502 72 
888502 70 
889204 80 
889525 83 
889705 64 
889930 63 
889949 63 
889949 150 
889949 68 
889949 65
890034 92 
891477 103 
891477 101 
891989 100 
891989 2
891989 1580
891989 10
893988 25 
894035 75 
894797 72 
894797 70 
895505 80 
895835 83 
896105 64 
896932 61 
896947 61 
896947 150 
896947 68 
896947 65
897022 92 
897414 90 
898480 103 
898480 101 
898997 100 
898997 2
898997 1580
898997 11
900999 25 
901050 75 
901812 72 
901812 70 
902517 80 
902837 83 
903053 64 
903307 63 
903327 63 
903327 152 
903327 69 
903398 93 
904469 91 
904848 103 
904848 101 
905756 100 
905756 2
905756 1580
905756 11
907755 25 
908987 75 
909754 72 
909754 70 
910459 80 
910792 83 
911850 64 
912927 61 
912942 61 
912942 151 
912942 69 
913017 93 
914470 103 
914470 101 
915379 100 
915379 2
915379 1580
915379 10
917381 25 
917605 75 
918367 72 
918367 70 
919252 80 
919637 83 
920176 64 
921058 61 
921075 61 
921075 150 
921075 68 
921075 65
921150 92 
921514 90 
922603 103 
922603 101 
923120 100 
923120 2
923120 1580
923120 10
925122 25 
925170 75 
925933 72 
925933 70 
926739 80 
927134 83 
927284 64 
927943 63 
927959 63 
927959 151 
927959 69 
928030 93 
929480 103 
929480 101 
930399 100 
930399 2
930399 1580
930399 11
932398 25 
932446 75 
933214 72 
933214 70 
933917 80 
934359 83 
938089 64 
938936 61 
938953 61 
938953 153 
938953 68 
938953 65
939140 90 
939162 92 
939469 90 
940471 103 
940471 101 
940980 100 
940980 2
940980 1580
940980 11
942981 25 
943028 75 
943792 72 
943792 70 
944509 80 
944845 83 
945065 64 
945707 63 
945725 63 
945725 150 
945725 68 
945725 65
945809 92 
946195 90 
947257 103 
947257 101 
947765 100 
947765 2
947765 1580
947765 10
949764 25 
949812 75 
950576 72 
950576 70 
951285 80 
951614 83 
952096 64 
952931 61 
952949 61 
952949 150 
952949 68 
952949 65
953027 92 
953403 90 
954480 103 
954480 101 
954987 100 
954987 2
954987 1580
954987 10
956987 25 
957036 75 
957803 72 
957803 70 
958511 80 
958843 83 
959746 64 
960028 61 
960049 61 
960049 150 
960049 68 
960049 65
960122 92 
961571 103 
961571 101 
962081 100 
962081 2
962081 1580
962081 11
964080 25 
964139 75 
964904 72 
964904 70 
965621 80 
965955 83 
966278 64 
966506 63 
966526 63 
966526 150 
966526 68 
966526 65
966598 92 
968046 103 
968046 101 
968557 100 
968557 2
968557 1580
968557 11
970556 25 
970617 75 
971388 72 
971388 70 
972088 80 
972415 83 
972889 64 
973228 61 
973248 61 
973248 151 
973248 69 
973334 93 
974779 103 
974779 101 
975688 100 
975688 2
975688 1580
975688 10
977685 25 
978806 75 
979567 72 
979567 70 
980273 80 
980595 83 
980846 64 
982318 61 
982333 61 
982333 150 
982333 68 
982333 65
982399 92 
982835 90 
983850 103 
983850 101 
984361 100 
984361 2
984361 1580
984361 11
986364 25 
986412 75 
987178 72 
987178 70 
987888 80 
988222 83 
988471 64 
988705 63 
988722 63 
988722 150 
988722 68 
988722 65
988806 92 
990251 103 
990251 101 
990759 100 
990759 2
990759 1580
990759 10
992761 25 
992821 75 
993589 72 
993589 70 
994295 80 
994613 83 
994783 64 
995636 61 
995653 61 
995653 150 
995653 68 
995653 65
995734 92 
996140 90 
997184 103 
997184 101 
997702 100 
997702 2
997702 1580
997702 10
999704 25 
999753 75 
1000519 72 
1000519 70 
1001226 80 
1001550 83 
1002069 64 
1002338 61 
1002354 61 
1002354 150 
1002354 68 
1002354 65
1002439 92 
1003886 103 
1003886 101 
1004396 100 
1004396 2
1004396 1580
1004396 10
1006394 25 
1006455 75 
1007219 72 
1007219 70 
1007929 80 
1008253 83 
1008523 64 
1008746 61 
1008763 61 
1008763 150 
1008763 68 
1008763 65
1008833 92 
1010283 103 
1010283 101 
1010789 100 
1010789 2
1010789 1580
1010789 11
1012792 25 
1012841 75 
1013603 72 
1013603 70 
1014312 80 
1014635 83 
1015093 64 
1015822 61 
1015838 61 
1015838 151 
1015838 69 
1015904 93 
1016626 91 
1016778 91 
1017110 91 
1017354 91 
1017362 103 
1017362 101 
1018268 100 
1018268 2
1018268 1580
1018268 11
1020270 25 
1020329 75 
1021097 72 
1021097 70 
1021804 80 
1022127 83 
1023230 64 
1024118 256 
1024137 61 
1024152 61 
1024152 153 
1024152 68 
1024152 65
1024221 92 
1024678 90 
1025679 103 
1025679 101 
1026200 100 
1026200 2
1026200 1580
1026200 10
1028200 25 
1028264 75 
1029032 72 
1029032 70 
1029738 80 
1030068 83 
1030350 64 
1030731 61 
1030751 61 
1030751 150 
1030751 68 
1030751 65
1030825 92 
1032273 103 
1032273 101 
1032782 100 
1032782 2
1032782 1580
1032782 10
1034783 25 
1037234 75 
1038002 72 
1038002 70 
1038873 80 
1039280 83 
1040304 64 
1040564 63 
1040584 63 
1040584 151 
1040584 69 
1040659 93 
1042110 103 
1042110 101 
1043019 100 
1043019 2
1043019 1580
1043019 11
1045020 25 
1045079 75 
1045347 73 
1045717 73 
1046036 73 
1046137 73 
1046874 73 
1047033 73 
1047992 73 
1048676 72 
1048676 70 
1049527 80 
1049942 83 
1050725 64 
1051954 61 
1051971 61 
1051971 151 
1051971 69 
1052037 93 
1053491 103 
1053491 101 
1054401 100 
1054401 2
1054401 1580
1054401 11
1056399 25 
1056447 75 
1057209 72 
1057209 70 
1058047 80 
1058456 83 
1059799 64 
1061147 61 
1061165 61 
1061165 151 
1061165 69 
1061231 93 
1062688 103 
1062688 101 
1063594 100 
1063594 2
1063594 1580
1063594 11
1065596 25 
1067443 75 
1068204 72 
1068204 70 
1069026 80 
1069365 83 
1070790 64 
1072509 62 
1072525 62 
1072525 151 
1072525 69 
1072590 93 
1074042 103 
1074042 101 
1074951 100 
1074951 2
1074951 1580
1074951 11
1076951 25 
1077005 75 
1077768 72 
1077768 70 
1078472 80 
1078798 83 
1079629 64 
1081173 61 
1081191 61 
1081191 151 
1081191 69 
1081265 93 
1081999 91 
1082723 103 
1082723 101 
1083639 100 
1083639 2
1083639 1580
1083639 10
1085641 25 
1091759 75 
1092522 72 
1092522 70 
1093225 80 
1093556 83 
1094284 64 
1095394 61 
1095409 61 
1095409 150 
1095409 68 
1095409 65
1095485 92 
1095950 90 
1096942 103 
1096942 101 
1097461 100 
1097461 2
1097461 1580
1097461 10
1099461 25 
1099511 75 
1100279 72 
1100279 70 
1100986 80 
1101324 83 
1102011 64 
1102322 61 
1102344 61 
1102344 150 
1102344 68 
1102344 65
1102422 92 
1103870 103 
1103870 101 
1104380 100 
1104380 2
1104380 1580
1104380 11
1106382 25 
1106577 75 
1107341 72 
1107341 70 
1108046 80 
1108370 83 
1108579 64 
1108818 63 
1108839 63 
1108839 150 
1108839 68 
1108839 65
1108917 92 
1110361 103 
1110361 101 
1110871 100 
1110871 2
1110871 1580
1110871 10
1112870 25 
1112935 75 
1113704 72 
1113704 70 
1114401 80 
1114731 83 
1115243 64 
1115474 63 
1115496 63 
1115496 153 
1115496 68 
1115496 65
1115580 92 
1117023 103 
1117023 101 
1117535 100 
1117535 2
1117535 1580
1117535 11
1119533 25 
1119582 75 
1120351 72 
1120351 70 
1121055 80 
1121380 83 
1121832 64 
1122094 61 
1122113 61 
1122113 151 
1122113 69 
1122183 93 
1122967 91 
1123347 91 
1123633 103 
1123633 101 
1124543 100 
1124543 2
1124543 1580
1124543 10
1126546 25 
1126606 75 
1127369 72 
1127369 70 
1128091 80 
1128416 83 
1128926 64 
1129552 61 
1129567 61 
1129567 150 
1129567 68 
1129567 65
1129632 92 
1130054 90 
1131085 103 
1131085 101 
1131597 100 
1131597 2
1131597 1580
1131597 10
1133596 25 
1133655 75 
1134418 72 
1134418 70 
1135131 80 
1135463 83 
1136417 64 
1136642 63 
1136662 63 
1136662 151 
1136662 69 
1136748 93 
1137783 91 
1138197 103 
1138197 101 
1139112 100 
1139112 2
1139112 1580
1139112 11
1141110 25 
1141589 75 
1142354 72 
1142354 70 
1143061 80 
1143324 76 
1143430 83 
1143571 64 
1145426 61 
1145444 61 
1145444 151 
1145444 69 
1145518 93 
1146976 103 
1146976 101 
1147893 100 
1147893 2
1147893 1580
1147893 10
1149894 25 
1149955 75 
1150725 72 
1150725 70 
1151426 80 
1151751 83 
1151892 64 
1152553 61 
1152569 61 
1152569 150 
1152569 68 
1152569 65
1152644 92 
1153115 90 
1154096 103 
1154096 101 
1154613 100 
1154613 2
1154613 1580
1154613 10
1156612 25 
1156676 75 
1157445 72 
1157445 70 
1158145 80 
1158484 83 
1158651 64 
1159158 61 
1159176 61 
1159176 150 
1159176 68 
1159176 65
1159257 92 
1159864 90 
1160698 103 
1160698 101 
1161209 100 
1161209 2
1161209 1580
1161209 11
1163211 25 
1163276 75 
1164040 72 
1164040 70 
1164748 80 
1165078 83 
1165210 64 
1165465 63 
1165485 63 
1165485 150 
1165485 68 
1165485 65
1165558 92 
1167005 103 
1167005 101 
1167511 100 
1167511 2
1167511 1580
1167511 11
1169514 25 
1169573 75 
1170338 72 
1170338 70 
1171318 80 
1172290 76 
1172347 83 
1172563 64 
1172804 63 
1172824 63 
1172824 150 
1172824 68 
1172824 65
1172898 92 
1174346 103 
1174346 101 
1174858 100 
1174858 2
1174858 1580
1174858 10
1176856 25 
1176917 75 
1177679 72 
1177679 70 
1178562 80 
1178998 83 
1179088 64 
1179405 61 
1179425 61 
1179425 150 
1179425 68 
1179425 65
1179499 92 
1180945 103 
1180945 101 
1181453 100 
1181453 2
1181453 1580
1181453 11
1183454 25 
1183514 75 
1184278 72 
1184278 70 
1185160 80 
1185593 83 
1187092 64 
1188536 61 
1188554 61 
1188554 153 
1188554 68 
1188554 65
1188619 92 
1189051 90 
1190075 103 
1190075 101 
1190584 100 
1190584 2
1190584 1580
1190584 10
1192582 25 
1192630 75 
1193398 72 
1193398 70 
1194288 80 
1194782 83 
1195030 64 
1195706 61 
1195723 61 
1195723 150 
1195723 68 
1195723 65
1195796 92 
1197133 90 
1197247 103 
1197247 101 
1197766 100 
1197766 2
1197766 1580
1197766 11
1199766 25 
1199819 75 
1200586 72 
1200586 70 
1201399 80 
1201803 83 
1202244 64 
1202786 61 
1202806 61 
1202806 151 
1202806 69 
1202880 93 
1204335 103 
1204335 101 
1205242 100 
1205242 2
1205242 1580
1205242 11
1207243 25 
1211961 75 
1212724 72 
1212724 70 
1213604 80 
1214008 83 
1216755 64 
1218388 256 
1218608 61 
1218623 61 
1218623 151 
1218623 69 
1218690 93 
1220145 103 
1220145 101 
1221065 100 
1221065 2
1221065 1580
1221065 10
1223064 25 
1224301 75 
1225060 72 
1225060 70 
1225863 80 
1226192 83 
1226844 64 
1227557 61 
1227569 61 
1227569 150 
1227569 68 
1227569 65
1227644 92 
1228022 90 
1229100 103 
1229100 101 
1229607 100 
1229607 2
1229607 1580
1229607 10
1231608 25 
1231659 75 
1232422 72 
1232422 70 
1233126 80 
1233453 83 
1233547 64 
1233871 61 
1233890 61 
1233890 150 
1233890 68 
1233890 65
1233969 92 
1235417 103 
1235417 101 
1235925 100 
1235925 2
1235925 1580
1235925 11
1237924 25 
1237978 75 
1238746 72 
1238746 70 
1239458 80 
1239794 83 
1239823 64 
1240064 63 
1240086 63 
1240086 150 
1240086 68 
1240086 65
1240161 92 
1241615 103 
1241615 101 
1242121 100 
1242121 2
1242121 1580
1242121 11
1244120 25 
1244182 75 
1244948 72 
1244948 70 
1245657 80 
1245982 83 
1246303 64 
1246499 63 
1246520 63 
1246520 150 
1246520 68 
1246520 65
1246604 92 
1248052 103 
1248052 101 
1248559 100 
1248559 2
1248559 1580
1248559 10
1250560 25 
1250626 75 
1251393 72 
1251393 70 
1252098 80 
1252432 83 
1252639 64 
1252856 61 
1252878 61 
1252878 152 
1252878 69 
1252957 93 
1254409 103 
1254409 101 
1255315 100 
1255315 2
1255315 1580
1255315 10
1257316 25 
1260552 75 
1261315 72 
1261315 70 
1262023 80 
1262350 83 
1262638 64 
1262991 61 
1263007 61 
1263007 150 
1263007 68 
1263007 65
1263087 92 
1263507 90 
1264540 103 
1264540 101 
1265059 100 
1265059 2
1265059 1580
1265059 10
1267057 25 
1267597 75 
1268360 72 
1268360 70 
1269072 80 
1269397 83 
1269425 64 
1269721 61 
1269739 61 
1269739 150 
1269739 68 
1269739 65
1269823 92 
1271263 103 
1271263 101 
1271774 100 
1271774 2
1271774 1580
1271774 10
1273776 25 
1274223 75 
1274988 72 
1274988 70 
1275700 80 
1276037 83 
1276076 64 
1276344 61 
1276361 61 
1276361 150 
1276361 68 
1276361 65
1276442 92 
1277826 90 
1277897 103 
1277897 101 
1278412 100 
1278412 2
1278412 1580
1278412 11
1280413 25 
1280474 75 
1281237 72 
1281237 70 
1281944 80 
1282266 83 
1282339 64 
1282556 63 
1282580 63 
1282580 150 
1282580 68 
1282580 65
1282657 92 
1284099 103 
1284099 101 
1284611 100 
1284611 2
1284611 1580
1284611 11
1286611 25 
1286671 75 
1287435 72 
1287435 70 
1288144 80 
1288471 83 
1289237 64 
1289421 63 
1289441 63 
1289441 150 
1289441 68 
1289441 65
1289520 92 
1290966 103 
1290966 101 
1291474 100 
1291474 2
1291474 1580
1291474 11
1293475 25 
1293523 75 
1294290 72 
1294290 70 
1294993 80 
1295318 83 
1295630 64 
1297666 61 
1297681 61 
1297681 151 
1297681 69 
1297748 93 
1298319 91 
1299203 103 
1299203 101 
1300125 100 
1300125 2
1300125 1580
1300125 10
1302124 25 
1302185 75 
1302947 72 
1302947 70 
1303657 80 
1303984 83 
1304881 64 
1305186 61 
1305202 61 
1305202 150 
1305202 68 
1305202 65
1305281 92 
1306740 103 
1306740 101 
1307255 100 
1307255 2
1307255 1580
1307255 11
1309255 25 
1309304 75 
1310069 72 
1310069 70 
1310775 80 
1311104 83 
1311608 64 
1311891 61 
1311908 61 
1311908 151 
1311908 69 
1311990 93 
1313437 103 
1313437 101 
1314344 100 
1314344 2
1314344 1580
1314344 11
1316345 25 
1321976 75 
1322743 72 
1322743 70 
1323458 80 
1323789 83 
1331112 64 
1334394 256 
1334489 62 
1334501 62 
1334501 151 
1334501 69 
1334576 93 
1336027 103 
1336027 101 
1336935 100 
1336935 2
1336935 1580
1336935 10
1338935 25 
1348973 254 
1352131 75 
1352898 72 
1352898 70 
1353852 80 
1354278 83 
1354608 64 
1354826 61 
1354847 61 
1354847 150 
1354847 68 
1354847 65
1354934 92 
1356380 103 
1356380 101 
1356886 100 
1356886 2
1356886 1580
1356886 10
1358886 25 
1358934 75 
1359703 72 
1359703 70 
1360570 80 
1360951 83 
1361215 64 
1361521 61 
1361542 61 
1361542 150 
1361542 68 
1361542 65
1361621 92 
1363068 103 
1363068 101 
1363579 100 
1363579 2
1363579 1580
1363579 11
1365578 25 
1365706 75 
1366469 72 
1366469 70 
1367187 80 
1368667 76 
1368724 83 
1369030 64 
1369258 63 
1369279 63 
1369279 150 
1369279 68 
1369279 65
1369349 92 
1370801 103 
1370801 101 
1371306 100 
1371306 2
1371306 1580
1371306 10
1373308 25 
1373368 75 
1374136 72 
1374136 70 
1374838 80 
1375160 83 
1375284 64 
1375552 61 
1375570 61 
1375570 152 
1375570 69 
1375641 93 
1377092 103 
1377092 101 
1378008 100 
1378008 2
1378008 1580
1378008 10
1380010 25 
1380065 75 
1380826 72 
1380826 70 
1381140 250 
1381254 71 
1381658 80 
1381995 83 
1386020 64 
1386272 61 
1386292 61 
1386292 150 
1386292 68 
1386292 65
1386375 92 
1387820 103 
1387820 101 
1388327 100 
1388327 2
1388327 1580
1388327 11
1390326 25 
1390374 75 
1391138 72 
1391138 70 
1391844 80 
1392174 83 
1397063 64 
1397811 63 
1397828 63 
1397828 150 
1397828 68 
1397828 65
1397900 92 
1398324 90 
1399347 103 
1399347 101 
1399855 100 
1399855 1
1399855 1580
1399855 11
1399855 78 
1401856 25 
1401916 75 
1402680 72 
1402680 70 
1403392 80 
1403733 83 
1404433 64 
1404659 256 
1404675 63 
1404696 63 
1404696 151 
1404696 69 
1404779 93 
1406228 103 
1406228 101 
1407147 100 
1407147 1
1407147 1580
1407147 11
1409147 25 
1409206 75 
1409969 72 
1409969 70 
1410681 80 
1411003 83 
1411986 64 
1412582 63 
1412601 63 
1412601 151 
1412601 69 
1412676 93 
1413184 91 
1414131 103 
1414131 101 
1415048 100 
1415048 1
1415048 1580
1415048 10
1417050 25 
1422013 75 
1422778 72 
1422778 70 
1423494 80 
1423831 83 
1424177 64 
1424395 61 
1424413 61 
1424413 150 
1424413 68 
1424413 65
1424491 92 
1425935 103 
1425935 101 
1426445 100 
1426445 1
1426445 1580
1426445 10
1428443 25 
1428496 75 
1429259 72 
1429259 70 
1429971 80 
1430304 83 
1433807 64 
1434030 61 
1434045 61 
1434045 150 
1434045 68 
1434045 65
1434123 92 
1435573 103 
1435573 101 
1436079 100 
1436079 1
1436079 1580
1436079 11
1438080 25 
1438141 75 
1438907 72 
1438907 70 
1439614 80 
1439940 83 
1440373 64 
1440599 63 
1440620 63 
1440620 151 
1440620 69 
1440695 93 
1442138 103 
1442138 101 
1443051 100 
1443051 1
1443051 1580
1443051 10
1445051 25 
1454912 75 
1455105 254 
1455675 72 
1455675 70 
1456386 80 
1456722 83 
1457258 64 
1457492 61 
1457514 61 
1457514 150 
1457514 68 
1457514 65
1457592 92 
1459039 103 
1459039 101 
1459552 100 
1459552 1
1459552 1580
1459552 11
1461551 25 
1461611 75 
1462376 72 
1462376 70 
1463087 80 
1463406 83 
1465515 64 
1466779 63 
1466790 63 
1466790 153 
1466790 68 
1466790 65
1466868 92 
1467329 90 
1468321 103 
1468321 101 
1468838 100 
1468838 1
1468838 1580
1468838 10
1470840 25 
1470889 75 
1471653 72 
1471653 70 
1472560 80 
1472991 83 
1473475 64 
1473750 61 
1473769 61 
1473769 150 
1473769 68 
1473769 65
1473843 92 
1475292 103 
1475292 101 
1475796 100 
1475796 1
1475796 1580
1475796 11
1477796 25 
1480920 75 
1481685 72 
1481685 70 
1482500 80 
1482825 83 
1483191 64 
1484064 63 
1484083 63 
1484083 151 
1484083 69 
1484154 93 
1484516 91 
1485608 103 
1485608 101 
1486525 100 
1486525 1
1486525 1580
1486525 11
1488527 25 
1488587 75 
1489351 72 
1489351 70 
1490054 80 
1490386 83 
1491379 64 
1493683 256 
1493701 62 
1493717 62 
1493717 150 
1493717 68 
1493717 65
1493785 92 
1494215 90 
1495239 103 
1495239 101 
1495749 100 
1495749 1
1495749 1580
1495749 10
1497750 25 
1497814 75 
1498581 72 
1498581 70 
1499290 80 
1500105 76 
1500208 83 
1500359 64 
1500615 61 
1500636 61 
1500636 150 
1500636 68 
1500636 65
1500713 92 
1502155 103 
1502155 101 
1502666 100 
1502666 1
1502666 1580
1502666 10
1504667 25 
1504727 75 
1505488 72 
1505488 70 
1506197 80 
1506521 83 
1506787 64 
1506990 61 
1507010 61 
1507010 150 
1507010 68 
1507010 65
1507096 92 
1508543 103 
1508543 101 
1509051 100 
1509051 1
1509051 1580
1509051 10
1511050 25 
1511401 75 
1512163 72 
1512163 70 
1512873 80 
1513587 76 
1514238 76 
1514311 83 
1514646 64 
1514868 61 
1514888 61 
1514888 152 
1514888 69 
1514974 93 
1516417 103 
1516417 101 
1517325 100 
1517325 1
1517325 1580
1517325 10
1519326 25 
1519376 75 
1520139 72 
1520139 70 
1520856 80 
1521191 83 
1523250 64 
1523748 61 
1523768 61 
1523768 150 
1523768 68 
1523768 65
1523842 92 
1525294 103 
1525294 101 
1525803 100 
1525803 1
1525803 1580
1525803 10
1527802 25 
1527850 75 
1528618 72 
1528618 70 
1529322 80 
1529648 83 
1529699 64 
1530042 61 
1530062 61 
1530062 150 
1530062 68 
1530062 65
1530140 92 
1530977 90 
1531589 103 
1531589 101 
1532107 100 
1532107 1
1532107 1580
1532107 10
1534108 25 
1534167 75 
1534928 72 
1534928 70 
1535637 80 
1535964 83 
1536174 64 
1536427 61 
1536446 61 
1536446 150 
1536446 68 
1536446 65
1536519 92 
1537971 103 
1537971 101 
1538480 100 
1538480 1
1538480 1580
1538480 11
1540478 25 
1540588 75 
1541356 72 
1541356 70 
1542062 80 
1542384 83 
1542489 64 
1542819 63 
1542839 63 
1542839 151 
1542839 69 
1542916 93 
1543352 91 
1543709 91 
1544367 103 
1544367 101 
1545276 100 
1545276 1
1545276 1580
1545276 11
1547275 25 
1557313 254 
1570370 75 
1572446 73 
1573131 72 
1573131 70 
1573839 80 
1574168 83 
1578074 64 
1578901 61 
1578918 61 
1578918 151 
1578918 69 
1578988 93 
1579671 91 
1580447 103 
1580447 101 
1581354 100 
1581354 1
1581354 1580
1581354 11
1583352 25 
1587272 75 
1588038 72 
1588038 70 
1589007 80 
1589458 83 
1590339 64 
1591493 61 
1591508 61 
1591508 151 
1591508 69 
1591584 93 
1592110 91 
1592684 91 
1593037 103 
1593037 101 
1593947 100 
1593947 1
1593947 1580
1593947 11
1595949 25 
1596008 75 
1596771 72 
1596771 70 
1597660 80 
1598098 83 
1599603 64 
1599921 63 
1599941 63 
1599941 151 
1599941 69 
1600011 93 
1600402 91 
1601030 91 
1601460 103 
1601460 101 
1602370 100 
1602370 1
1602370 1580
1602370 11
1604371 25 
1604432 75 
1604685 73 
1605380 72 
1605380 70 
1606244 80 
1606625 83 
1607847 64 
1609506 61 
1609523 61 
1609523 151 
1609523 69 
1609588 93 
1611048 103 
1611048 101 
1611953 100 
1611953 1
1611953 1580
1611953 11
1613955 25 
1619133 75 
1619901 72 
1619901 70 
1620735 80 
1621126 83 
1622473 64 
1622801 63 
1622816 63 
1622816 153 
1622816 68 
1622816 65
1622895 92 
1623288 90 
1624349 103 
1624349 101 
1624869 100 
1624869 1
1624869 1580
1624869 10
1626869 25 
1626928 75 
1627690 72 
1627690 70 
1628497 80 
1628886 83 
1629323 64 
1629557 61 
1629572 61 
1629572 150 
1629572 68 
1629572 65
1629657 92 
1631101 103 
1631101 101 
1631612 100 
1631612 1
1631612 1580
1631612 11
1633613 25 
1633673 75 
1634435 72 
1634435 70 
1635263 80 
1635610 83 
1635924 64 
1636168 63 
1636188 63 
1636188 151 
1636188 69 
1636262 93 
1637721 103 
1637721 101 
1638635 100 
1638635 1
1638635 1580
1638635 10
1640636 25 
1640906 75 
1646736 73 
1647501 72 
1647501 70 
1648206 80 
1648530 83 
1654794 64 
1655131 61 
1655152 61 
1655152 150 
1655152 68 
1655152 65
1655228 92 
1656680 103 
1656680 101 
1657188 100 
1657188 1
1657188 1580
1657188 10
1659188 25 
1659236 75 
1659309 73 
1660029 72 
1660029 70 
1660736 80 
1661053 83 
1661127 64 
1661377 61 
1661393 61 
1661393 150 
1661393 68 
1661393 65
1661465 92 
1662672 90 
1662920 103 
1662920 101 
1663440 100 
1663440 1
1663440 1580
1663440 11
1665438 25 
1665499 75 
1666267 72 
1666267 70 
1666976 80 
1667307 83 
1667747 64 
1667992 63 
1668013 63 
1668013 151 
1668013 69 
1668089 93 
1668944 91 
1669179 91 
1669540 103 
1669540 101 
1670449 100 
1670449 1
1670449 1580
1670449 10
1672449 25 
1672496 75 
1673260 72 
1673260 70 
1673968 80 
1674294 83 
1674756 64 
1675123 61 
1675145 61 
1675145 150 
1675145 68 
1675145 65
1675225 92 
1675701 90 
1676674 103 
1676674 101 
1677191 100 
1677191 1
1677191 1580
1677191 11
1679192 25 
1680326 75 
1681091 72 
1681091 70 
1681793 80 
1682111 83 
1683332 64 
1684775 61 
1684790 61 
1684790 151 
1684790 69 
1684863 93 
1686321 103 
1686321 101 
1687229 100 
1687229 1
1687229 1580
1687229 10
1689228 25 
1699270 254 
1713037 75 
1713673 73 
1714031 73 
1714225 73 
1714906 72 
1714906 70 
1715603 80 
1715928 83 
1717651 64 
1718051 61 
1718072 61 
1718072 150 
1718072 68 
1718072 65
1718152 92 
1719574 90 
1719599 103 
1719599 101 
1720109 100 
1720109 1
1720109 1580
1720109 11
1722107 25 
1722155 75 
1722918 72 
1722918 70 
1723629 80 
1723947 83 
1724324 64 
1724994 63 
1725010 63 
1725010 151 
1725010 69 
1725085 93 
1725522 91 
1725904 91 
1726529 103 
1726529 101 
1727439 100 
1727439 1
1727439 1580
1727439 10
1729440 25 
1729499 75 
1730261 72 
1730261 70 
1730954 80 
1731282 83 
1731538 64 
1732976 61 
1732992 61 
1732992 150 
1732992 68 
1732992 65
1733059 92 
1733578 90 
1734511 103 
1734511 101 
1735020 100 
1735020 1
1735020 1580
1735020 10
1737022 25 
1737069 75 
1737832 72 
1737832 70 
1738773 80 
1739168 83 
1739203 64 
1739437 61 
1739453 61 
1739453 150 
1739453 68 
1739453 65
1739528 92 
1740979 103 
1740979 101 
1741485 100 
1741485 1
1741485 1580
1741485 11
1743486 25 
1743547 75 
1744314 72 
1744314 70 
1745025 80 
1745358 83 
1746342 64 
1746576 61 
1746596 61 
1746596 151 
1746596 69 
1746664 93 
1747788 91 
1748124 103 
1748124 101 
1749041 100 
1749041 1
1749041 1580
1749041 11
1751044 25 
1751478 75 
1752242 72 
1752242 70 
1752950 80 
1753268 83 
1754678 64 
1755959 256 
1757624 61 
1757641 61 
1757641 153 
1757641 68 
1757641 65
1757715 92 
1759168 103 
1759168 101 
1759679 100 
1759679 1
1759679 1580
1759679 10
1761677 25 
1771718 254 
1772030 75 
1772798 72 
1772798 70 
1773504 80 
1773829 83 
1774134 64 
1774426 61 
1774442 61 
1774442 150 
1774442 68 
1774442 65
1774519 92 
1774944 90 
1775962 103 
1775962 101 
1776473 100 
1776473 1
1776473 1580
1776473 11
1778472 25 
1779160 75 
1779373 73 
1780059 72 
1780059 70 
1780769 80 
1781103 83 
1782281 64 
1783230 62 
1783246 62 
1783246 150 
1783246 68 
1783246 65
1783320 92 
1783727 90 
1784769 103 
1784769 101 
1785282 100 
1785282 1
1785282 1580
1785282 10
1787281 25 
1788188 75 
1788950 72 
1788950 70 
1789658 80 
1790511 76 
1791188 76 
1791240 83 
1791771 64 
1794518 62 
1794532 62 
1794532 151 
1794532 69 
1794606 93 
1796064 103 
1796064 101 
1796982 100 
1796982 1
1796982 1580
1796982 11
1798984 25 
1809033 254 
1817707 75 
1821055 73 
1821780 72 
1821780 70 
1822504 80 
1822830 83 
1823522 64 
1824584 61 
1824599 61 
1824599 151 
1824599 69 
1824672 93 
1826126 103 
1826126 101 
1827038 100 
1827038 1
1827038 1580
1827038 11
1829036 25 
1829097 75 
1829861 72 
1829861 70 
1830573 80 
1830912 83 
1831913 64 
1833063 62 
1833079 62 
1833079 150 
1833079 68 
1833079 65
1833152 92 
1833627 90 
1834605 103 
1834605 101 
1835111 100 
1835111 1
1835111 1580
1835111 10
1837115 25 
1837174 75 
1837941 72 
1837941 70 
1838843 80 
1839325 83 
1840113 64 
1840854 62 
1840869 62 
1840869 151 
1840869 69 
1840932 93 
1841633 91 
1842387 103 
1842387 101 
1843296 100 
1843296 1
1843296 1580
1843296 11
1845297 25 
1855340 254 
1855529 75 
1856297 72 
1856297 70 
1857117 80 
1857446 83 
1859201 64 
1861124 256 
1863298 62 
1863314 62 
1863314 150 
1863314 68 
1863314 65
1863378 92 
1863807 90 
1864834 103 
1864834 101 
1865341 100 
1865341 1
1865341 1580
1865341 11
1867341 25 
1867760 75 
1868526 72 
1868526 70 
1869234 80 
1869555 83 
1869654 64 
1869933 62 
1869950 62 
1869950 150 
1869950 68 
1869950 65
1870020 92 
1870573 90 
1871466 103 
1871466 101 
1871979 100 
1871979 1
1871979 1580
1871979 10
1873979 25 
1874513 75 
1875277 72 
1875277 70 
1875979 80 
1877484 76 
1877585 83 
1877812 64 
1879088 61 
1879109 61 
1879109 152 
1879109 69 
1879184 93 
1880640 103 
1880640 101 
1881546 100 
1881546 1
1881546 1580
1881546 10
1883547 25 
1883608 75 
1884372 72 
1884372 70 
1885079 80 
1885404 83 
1904544 64 
1904779 62 
1904799 62 
1904799 151 
1904799 69 
1904869 93 
1905721 91 
1906320 103 
1906320 101 
1907228 100 
1907228 1
1907228 1580
1907228 11
1909231 25 
1909291 75 
1910058 72 
1910058 70 
1910767 80 
1911100 83 
1912887 64 
1913321 62 
1913343 62 
1913343 150 
1913343 68 
1913343 65
1913412 92 
1914050 90 
1914865 103 
1914865 101 
1915372 100 
1915372 1
1915372 1580
1915372 11
1917374 25 
1917434 75 
1918196 72 
1918196 70 
1918905 80 
1919589 76 
1919646 83 
1919879 64 
1920099 62 
1920115 62 
1920115 150 
1920115 68 
1920115 65
1920187 92 
1921635 103 
1921635 101 
1922143 100 
1922143 1
1922143 1580
1922143 10
1924143 25 
1924191 75 
1924954 72 
1924954 70 
1925667 80 
1925996 83 
1930091 64 
1936334 62 
1936354 62 
1936354 151 
1936354 69 
1936432 93 
1937888 103 
1937888 101 
1938802 100 
1938802 1
1938802 1580
1938802 10
1940804 25 
1940864 75 
1941626 72 
1941626 70 
1942340 80 
1943053 76 
1943135 83 
1943341 64 
1943562 62 
1943578 62 
1943578 151 
1943578 69 
1943657 93 
1944938 91 
1945103 103 
1945103 101 
1946015 100 
1946015 1
1946015 1580
1946015 10
1948013 25 
1948963 75 
1949724 72 
1949724 70 
1950432 80 
1950761 83 
1951146 64 
1951439 62 
1951456 62 
1951456 151 
1951456 69 
1951536 93 
1952148 91 
1952982 103 
1952982 101 
1953890 100 
1953890 1
1953890 1580
1953890 11
1955892 25 
1955951 75 
1956718 72 
1956718 70 
1957644 80 
1958083 83 
1958153 64 
1958381 62 
1958401 62 
1958401 150 
1958401 68 
1958401 65
1958478 92 
1959925 103 
1959925 101 
1960433 100 
1960433 1
1960433 1580
1960433 10
1962433 25 
1962482 75 
1963247 72 
1963247 70 
1964151 80 
1964612 83 
1969953 64 
1970520 61 
1970535 61 
1970535 150 
1970535 68 
1970535 65
1970603 92 
1971074 90 
1972055 103 
1972055 101 
1972561 100 
1972561 1
1972561 1580
1972561 10
1974563 25 
1974624 75 
1975393 72 
1975393 70 
1976263 80 
1976682 83 
1977938 64 
1978389 62 
1978405 62 
1978405 151 
1978405 69 
1978472 93 
1979934 103 
1979934 101 
1980839 100 
1980839 1
1980839 1580
1980839 10
1982839 25 
1982900 75 
1983666 72 
1983666 70 
1984512 80 
1984925 83 
1998707 64 
1999204 62 
1999220 62 
1999220 151 
1999220 69 
1999299 93 
2000748 103 
2000748 101 
2001656 100 
2001656 1
2001656 1580
2001656 11
2003657 25 
2003717 75 
2004481 72 
2004481 70 
2005301 80 
2009130 76 
2009231 83 
2009575 64 
2009967 62 
2009984 62 
2009984 150 
2009984 68 
2009984 65
2010059 92 
2010438 90 
2011508 103 
2011508 101 
2012025 100 
2012025 1
2012025 1580
2012025 10
2014025 25 
2015830 75 
2021640 73 
2022321 72 
2022321 70 
2023024 80 
2023347 83 
2024098 64 
2024337 62 
2024357 62 
2024357 151 
2024357 69 
2024440 93 
2025885 103 
2025885 101 
2026791 100 
2026791 1
2026791 1580
2026791 11
2028797 25 
2028855 75 
2029210 73 
2029891 72 
2029891 70 
2030632 250 
2031589 71 
2031942 80 
2032274 83 
2033134 64 
2034002 62 
2034019 62 
2034019 150 
2034019 68 
2034019 65
2034093 92 
2034481 90 
2035545 103 
2035545 101 
2036057 100 
2036057 1
2036057 1580
2036057 11
2038057 25 
2038117 75 
2038879 72 
2038879 70 
2039586 80 
2039916 83 
2040408 64 
2040583 62 
2040602 62 
2040602 150 
2040602 68 
2040602 65
2040683 92 
2042130 103 
2042130 101 
2042641 100 
2042641 1
2042641 1580
2042641 11
2044640 25 
2054694 254 
2074156 75 
2079433 73 
2080116 72 
2080116 70 
2080828 80 
2081165 83 
2081680 64 
2081881 62 
2081901 62 
2081901 150 
2081901 68 
2081901 65
2081971 92 
2083418 103 
2083418 101 
2083928 100 
2083928 1
2083928 1580
2083928 10
2085928 25 
2085977 75 
2086746 72 
2086746 70 
2087449 80 
2087780 83 
2088393 64 
2088676 63 
2088694 63 
2088694 153 
2088694 68 
2088694 65
2088767 92 
2089197 90 
2090217 103 
2090217 101 
2090724 100 
2090724 1
2090724 1580
2090724 11
2092727 25 
2092787 75 
2093554 72 
2093554 70 
2093967 250 
2101141 71 
2101445 80 
2101782 83 
2108480 64 
2108662 62 
2108681 62 
2108681 150 
2108681 68 
2108681 65
2108755 92 
2110213 103 
2110213 101 
2110719 100 
2110719 1
2110719 1580
2110719 11
2112719 25 
2122759 254 
2143673 75 
2144316 73 
2145004 72 
2145004 70 
2145961 80 
2146476 83 
2146583 64 
2146838 62 
2146855 62 
2146855 150 
2146855 68 
2146855 65
2146934 92 
2148199 90 
2148376 103 
2148376 101 
2148889 100 
2148889 1
2148889 1580
2148889 10
2150890 25 
2150954 75 
2151723 72 
2151723 70 
2152527 80 
2152912 83 
2153807 64 
2154090 62 
2154111 62 
2154111 151 
2154111 69 
2154177 93 
2155144 91 
2155629 103 
2155629 101 
2156540 100 
2156540 1
2156540 1580
2156540 10
2158538 25 
2158800 75 
2159562 72 
2159562 70 
2160408 80 
2160768 83 
2161258 64 
2161797 61 
2161813 61 
2161813 150 
2161813 68 
2161813 65
2161880 92 
2162305 90 
2163338 103 
2163338 101 
2163842 100 
2163842 1
2163842 1580
2163842 11
2165842 25 
2165908 75 
2166669 72 
2166669 70 
2167546 80 
2168248 76 
2168353 83 
2168469 64 
2168714 62 
2168731 62 
2168731 150 
2168731 68 
2168731 65
2168808 92 
2170255 103 
2170255 101 
2170758 100 
2170758 1
2170758 1580
2170758 10
2172761 25 
2172820 75 
2173590 72 
2173590 70 
2174400 80 
2174724 83 
2181574 64 
2181813 62 
2181836 62 
2181836 151 
2181836 69 
2181915 93 
2183367 103 
2183367 101 
2184272 100 
2184272 1
2184272 1580
2184272 11
2186275 25 
2186334 75 
2187099 72 
2187099 70 
2187811 80 
2188144 83 
2195939 64 
2196119 62 
2196138 62 
2196138 150 
2196138 68 
2196138 65
2196211 92 
2197666 103 
2197666 101 
2198174 100 
2198174 1
2198174 1580
2198174 11
2200174 25 
2200222 75 
2200986 72 
2200986 70 
2201694 80 
2202018 83 
2206337 64 
2206549 62 
2206564 62 
2206564 150 
2206564 68 
2206564 65
2206646 92 
2207919 90 
2208088 103 
2208088 101 
2208595 100 
2208595 1
2208595 1580
2208595 11
2210598 25 
2210658 75 
2211421 72 
2211421 70 
2212128 80 
2212450 83 
2222147 64 
2222367 62 
2222387 62 
2222387 150 
2222387 68 
2222387 65
2222459 92 
2223908 103 
2223908 101 
2224419 100 
2224419 1
2224419 1580
2224419 10
2226417 25 
2226465 75 
2227230 72 
2227230 70 
2227939 80 
2228263 83 
2238738 64 
2240400 256 
2242787 62 
2242807 62 
2242807 153 
2242807 68 
2242807 65
2242871 92 
2243417 90 
2244314 90 
2244328 103 
2244328 101 
2244836 100 
2244836 1
2244836 1580
2244836 10
2246835 25 
2246883 75 
2247645 72 
2247645 70 
2248357 80 
2248681 83 
2254437 64 
2255799 61 
2255815 61 
2255815 150 
2255815 68 
2255815 65
2255881 92 
2257337 103 
2257337 101 
2257843 100 
2257843 1
2257843 1580
2257843 11
2259843 25 
2259891 75 
2260652 72 
2260652 70 
2261363 80 
2261689 83 
2262896 64 
2263109 62 
2263131 62 
2263131 150 
2263131 68 
2263131 65
2263199 92 
2264651 103 
2264651 101 
2265159 100 
2265159 1
2265159 1580
2265159 11
2267159 25 
2267208 75 
2267974 72 
2267974 70 
2268690 80 
2269018 83 
2270729 64 
2270890 62 
2270910 62 
2270910 150 
2270910 68 
2270910 65
2270985 92 
2272434 103 
2272434 101 
2272942 100 
2272942 1
2272942 1580
2272942 10
2274943 25 
2275004 75 
2275768 72 
2275768 70 
2276726 80 
2277158 83 
2278265 64 
2288287 252 
2292830 62 
2292851 62 
2292851 151 
2292851 69 
2292924 93 
2293364 91 
2294374 103 
2294374 101 
2295282 100 
2295282 1
2295282 1580
2295282 10
2297280 25 
2297328 75 
2298096 72 
2298096 70 
2299076 80 
2299975 76 
2300032 83 
2300307 64 
2300529 62 
2300546 62 
2300546 151 
2300546 69 
2300627 93 
2301703 91 
2301935 91 
2302075 103 
2302075 101 
2302989 100 
2302989 1
2302989 1580
2302989 11
2304987 25 
2305707 75 
2306471 72 
2306471 70 
2307414 80 
2307857 83 
2310166 64 
2310439 62 
2310458 62 
2310458 152 
2310458 69 
2310528 93 
2311324 91 
2311980 103 
2311980 101 
2312888 100 
2312888 1
2312888 1580
2312888 10
2314887 25 
2324925 254 
2335310 75 
2336072 72 
2336072 70 
2337036 80 
2337468 83 
2338819 64 
2348746 61 
2348766 61 
2348766 150 
2348766 68 
2348766 65
2348844 92 
2350295 103 
2350295 101 
2350803 100 
2350803 1
2350803 1580
2350803 11
2352803 25 
2352853 75 
2353615 72 
2353615 70 
2354556 80 
2355013 83 
2355271 64 
2355447 62 
2355467 62 
2355467 150 
2355467 68 
2355467 65
2355538 92 
2356988 103 
2356988 101 
2357493 100 
2357493 1
2357493 1580
2357493 10
2359494 25 
2366540 75 
2367302 72 
2367302 70 
2368250 80 
2368692 83 
2369978 64 
2370313 256 
2370331 61 
2370347 61 
2370347 150 
2370347 68 
2370347 65
2370417 92 
2371877 103 
2371877 101 
2372381 100 
2372381 1
2372381 1580
2372381 10
2374381 25 
2374431 75 
2375197 72 
2375197 70 
2376088 80 
2376518 83 
2407243 64 
2408775 62 
2408790 62 
2408790 151 
2408790 69 
2408855 93 
2409473 91 
2410308 103 
2410308 101 
2411219 100 
2411219 1
2411219 1580
2411219 11
2413219 25 
2423272 254 
2449782 75 
2450543 72 
2450543 70 
2451478 80 
2451875 83 
2453531 64 
2453813 62 
2453830 62 
2453830 150 
2453830 68 
2453830 65
2453905 92 
2455356 103 
2455356 101 
2455868 100 
2455868 1
2455868 1580
2455868 11
2457868 25 
2467909 254 
2474945 75 
2475711 72 
2475711 70 
2476419 80 
2476746 83 
2486607 64 
2486778 62 
2486799 62 
2486799 150 
2486799 68 
2486799 65
2486864 92 
2488322 103 
2488322 101 
2488838 100 
2488838 1
2488838 1580
2488838 10
2490841 25 
2490900 75 
2491666 72 
2491666 70 
2492375 80 
2492695 83 
2493519 64 
2494126 256 
2496130 62 
2496148 62 
2496148 153 
2496148 68 
2496148 65
2504456 90 
2504480 92 
2504480 103 
2504480 101 
2504991 100 
2504991 1
2504991 1580
2504991 11
2506994 25 
2517036 254 
2527077 75 
2529134 73 
2529298 73 
2530995 73 
2531140 73 
2531826 72 
2531826 70 
2532527 80 
2532854 83 
2541114 64 
2541291 62 
2541312 62 
2541312 150 
2541312 68 
2541312 65
2541396 92 
2542846 103 
2542846 101 
2543351 100 
2543351 1
2543351 1580
2543351 10
2545350 25 
2555392 254 
2568419 75 
2568752 73 
2569437 72 
2569437 70 
2570326 80 
2570733 83 
2575115 64 
2575328 62 
2575344 62 
2575344 151 
2575344 69 
2575421 93 
2576871 103 
2576871 101 
2577790 100 
2577790 1
2577790 1580
2577790 11
2579790 25 
2581240 75 
2582008 72 
2582008 70 
2582842 80 
2583192 83 
2684766 64 
2684998 62 
2685021 62 
2685021 150 
2685021 68 
2685021 65
2685092 92 
2686541 103 
2686541 101 
2687049 100 
2687049 1
2687049 1580
2687049 11
2689052 25 
2691851 75 
2692050 73 
2692165 73 
2692324 73 
2693004 72 
2693004 70 
2693903 80 
2694327 83 
2695323 64 
2723619 62 
2723640 62 
2723640 150 
2723640 68 
2723640 65
2723714 92 
2725167 103 
2725167 101 
2725677 100 
2725677 1
2725677 1580
2725677 10
2727676 25 
2734971 75 
2735735 72 
2735735 70 
2736632 80 
2737066 83 
2744216 64 
2745457 61 
2745472 61 
2745472 150 
2745472 68 
2745472 65
2745541 92 
2746993 103 
2746993 101 
2747507 100 
2747507 1
2747507 1580
2747507 10
2749505 25 
2757518 75 
2758279 72 
2758279 70 
2759216 80 
2759657 83 
2761864 64 
2762095 61 
2762115 61 
2762115 150 
2762115 68 
2762115 65
2762198 92 
2763256 90 
2763641 103 
2763641 101 
2764150 100 
2764150 1
2764150 1580
2764150 11
2766153 25 
2766216 75 
2766982 72 
2766982 70 
2767856 80 
2768234 83 
2783888 64 
2784082 62 
2784101 62 
2784101 150 
2784101 68 
2784101 65
2784185 92 
2785634 103 
2785634 101 
2786141 100 
2786141 1
2786141 1580
2786141 10
2788143 25 
2795315 75 
2796076 72 
2796076 70 
2796912 80 
2797320 83 
2807837 64 
2808046 62 
2808065 62 
2808065 151 
2808065 69 
2808132 93 
2809587 103 
2809587 101 
2810507 100 
2810507 1
2810507 1580
2810507 11
2812505 25 
2813467 75 
2814228 72 
2814228 70 
2814470 71 
2814956 80 
2815686 76 
2815742 83 
2815940 64 
2816147 62 
2816165 62 
2816165 150 
2816165 68 
2816165 65
2816235 92 
2817659 90 
2817690 103 
2817690 101 
2818207 100 
2818207 1
2818207 1580
2818207 11
2820208 25 
2820258 75 
2821020 72 
2821020 70 
2821731 80 
2822361 76 
2822426 83 
2822577 64 
2822778 62 
2822793 62 
2822793 150 
2822793 68 
2822793 65
2822875 92 
2824324 103 
2824324 101 
2824838 100 
2824838 1
2824838 1580
2824838 11
2826836 25 
2828639 75 
2829063 73 
2829748 72 
2829748 70 
2830463 80 
2830798 83 
2844196 64 
2844436 62 
2844456 62 
2844456 150 
2844456 68 
2844456 65
2844526 92 
2845980 103 
2845980 101 
2846488 100 
2846488 1
2846488 1580
2846488 10
2848491 25 
2858528 254 
2872987 75 
2886147 73 
2886834 72 
2886834 70 
2887553 80 
2887881 83 
2889826 64 
2890036 62 
2890056 62 
2890056 151 
2890056 69 
2891070 91 
2891094 93 
2891580 103 
2891580 101 
2892499 100 
2892499 1
2892499 1580
2892499 11
2894498 25 
2894545 75 
2895310 72 
2895310 70 
2896018 80 
2896355 83 
2902208 64 
2902386 62 
2902407 62 
2902407 150 
2902407 68 
2902407 65
2902478 92 
2903640 90 
2903757 90 
2903926 103 
2903926 101 
2904439 100 
2904439 1
2904439 1580
2904439 11
2906438 25 
2906487 75 
2907254 72 
2907254 70 
2907960 80 
2908280 83 
2938317 64 
2938495 62 
2938516 62 
2938516 152 
2938516 69 
2938588 93 
2940035 103 
2940035 101 
2940943 100 
2940943 1
2940943 1580
2940943 10
2942945 25 
2943793 75 
2948165 73 
2948852 72 
2948852 70 
2949804 80 
2950254 83 
2951381 64 
2951592 256 
2956712 62 
2956729 62 
2956729 151 
2956729 69 
2957271 91 
2957295 93 
2958255 103 
2958255 101 
2959162 100 
2959162 1
2959162 1580
2959162 10
2961164 25 
2966196 75 
2966958 72 
2966958 70 
2967925 80 
2968356 83 
2971459 64 
2997615 255 
2997714 256 
2999447 61 
2999468 61 
2999468 150 
2999468 68 
2999468 65
2999546 92 
3001004 103 
3001004 101 
3001521 100 
3001521 1
3001521 1580
3001521 10
3003521 25 
3005160 75 
3005922 72 
3005922 70 
3006804 80 
3007193 83 
3007539 64 
3007808 61 
3007830 61 
3007830 150 
3007830 68 
3007830 65
3007909 92 
3009354 103 
3009354 101 
3009863 100 
3009863 1
3009863 1580
3009863 10
3011865 25 
3012694 75 
3013457 72 
3013457 70 
3014301 80 
3014724 83 
3015028 64 
3016091 256 
3016691 62 
3016707 62 
3016707 151 
3016707 69 
3016772 93 
3017341 91 
3018229 103 
3018229 101 
3019137 100 
3019137 1
3019137 1580
3019137 11
3021138 25 
3031178 254 
3069268 75 
3070036 72 
3070036 70 
3070290 250 
3070765 71 
3071250 80 
3071577 83 
3072394 64 
3072583 62 
3072604 62 
3072604 150 
3072604 68 
3072604 65
3072676 92 
3073734 90 
3074124 103 
3074124 101 
3074634 100 
3074634 1
3074634 1580
3074634 11
3076633 25 
3082015 75 
3082783 72 
3082783 70 
3083493 80 
3083824 83 
3086129 64 
3086293 256 
3086310 61 
3086330 61 
3086330 151 
3086330 69 
3086402 93 
3087858 103 
3087858 101 
3088778 100 
3088778 1
3088778 1580
3088778 10
3090775 25 
3100815 254 
3110462 75 
3110815 73 
3111233 73 
3111631 73 
3111928 73 
3112015 73 
3112699 72 
3112699 70 
3113404 80 
3113727 83 
3116093 64 
3116468 62 
3116480 62 
3116480 151 
3116480 69 
3116543 93 
3117035 91 
3117998 103 
3117998 101 
3118910 100 
3118910 1
3118910 1580
3118910 11
3120910 25 
3121615 75 
3122384 72 
3122384 70 
3123263 80 
3123698 83 
3137134 64 
3153475 256 
3154120 62 
3154140 62 
3154140 150 
3154140 68 
3154140 65
3154221 92 
3155663 103 
3155663 101 
3156175 100 
3156175 1
3156175 1580
3156175 10
3158174 25 
3158223 75 
3168213 254 
3222274 73 
3225432 73 
3226119 72 
3226119 70 
3227035 80 
3227414 83 
3227713 64 
3228205 61 
3228222 61 
3228222 150 
3228222 68 
3228222 65
3228287 92 
3228640 90 
3229741 103 
3229741 101 
3230251 100 
3230251 1
3230251 1580
3230251 11
3232250 25 
3237815 75 
3238583 72 
3238583 70 
3239481 80 
3239930 83 
3243006 64 
3257063 256 
3257158 62 
3257180 62 
3257180 152 
3257180 69 
3257252 93 
3257734 91 
3258704 103 
3258704 101 
3259612 100 
3259612 1
3259612 1580
3259612 11
3261611 25 
3261659 75 
3262422 72 
3262422 70 
3263308 80 
3263747 83 
3265151 64 
3284148 256 
3284785 62 
3284807 62 
3284807 150 
3284807 68 
3284807 65
3284880 92 
3286331 103 
3286331 101 
3286838 100 
3286838 1
3286838 1580
3286838 10
3288841 25 
3288900 75 
3289666 72 
3289666 70 
3290560 80 
3290961 83 
3324564 64 
3324761 61 
3324782 61 
3324782 150 
3324782 68 
3324782 65
3324851 92 
3325411 90 
3326305 103 
3326305 101 
3326821 100 
3326821 1
3326821 1580
3326821 10
3328822 25 
3330211 75 
3338865 254 
3355460 73 
3356146 72 
3356146 70 
3357062 80 
3357499 83 
3392133 64 
3405697 255 
3406895 256 
3407787 61 
3407807 61 
3407807 150 
3407807 68 
3407807 65
3407886 92 
3408028 90 
3409333 103 
3409333 101 
3409840 100 
3409840 1
3409840 1580
3409840 10
3411843 25 
3413303 75 
3414066 72 
3414066 70 
3414962 80 
3415463 83 
3415572 64 
3415924 61 
3415939 61 
3415939 150 
3415939 68 
3415939 65
3416007 92 
3417464 103 
3417464 101 
3417972 100 
3417972 1
3417972 1580
3417972 11
3419971 25 
3420032 75 
3420795 72 
3420795 70 
3421647 80 
3422057 83 
3422706 64 
3422881 62 
3422900 62 
3422900 152 
3422900 69 
3422974 93 
3424418 103 
3424418 101 
3425329 100 
3425329 1
3425329 1580
3425329 10
3427328 25 
3427393 75 
3427728 73 
3428411 72 
3428411 70 
3428818 71 
3429274 250 
3429856 71 
3430134 71 
3430929 71 
3431454 71 
3432857 71 
3433152 80 
3433754 76 
3433858 83 
3434881 64 
3439560 256 
3440020 62 
3446377 255 
3467380 62 
3467380 151 
3467380 69 
3467460 93 
3468909 103 
3468909 101 
3469815 100 
3469815 1
3469815 1580
3469815 11
3471815 25 
3471864 75 
3472626 72 
3472626 70 
3473467 80 
3473876 83 
3514079 64 
3523974 256 
3524631 62 
3524652 62 
3524652 150 
3524652 68 
3524652 65
3524728 92 
3525269 90 
3526153 90 
3526180 103 
3526180 101 
3526706 100 
3526706 1
3526706 1580
3526706 10
3528706 25 
3529732 75 
3530492 72 
3530492 70 
3531312 80 
3531640 83 
3531920 64 
3533540 62 
3533562 62 
3533562 151 
3533562 69 
3533628 93 
3534617 91 
3535084 103 
3535084 101 
3536002 100 
3536002 1
3536002 1580
3536002 10
3538003 25 
3538177 75 
3539631 73 
3540319 72 
3540319 70 
3541104 250 
3542147 71 
3542723 71 
3543672 71 
3544110 71 
3545921 71 
3547713 71 
3549154 71 
3550230 71 
3550526 80 
3550860 83 
3553545 64 
3553676 62 
3553687 62 
3553687 151 
3553687 69 
3553764 93 
3555210 103 
3555210 101 
3556127 100 
3556127 1
3556127 1580
3556127 10
3558128 25 
3568183 254 
3591396 75 
3635754 73 
3636445 72 
3636445 70 
3637401 80 
3637838 83 
3639118 64 
3639323 61 
3639345 61 
3639345 150 
3639345 68 
3639345 65
3639427 92 
3640875 103 
3640875 101 
3641386 100 
3641386 1
3641386 1580
3641386 11
3643386 25 
3653436 254 
3657304 75 
3657874 73 
3658561 72 
3658561 70 
3661324 71 
3661807 80 
3662354 76 
3662458 83 
3662828 64 
3666327 256 
3673092 62 
3673113 62 
3673113 150 
3673113 68 
3673113 65
3673180 92 
3674635 103 
3674635 101 
3675145 100 
3675145 1
3675145 1580
3675145 11
3677144 25 
3683887 75 
3687197 254 
3692921 73 
3693027 73 
3697680 73 
3697726 73 
3712553 73 
3714268 73 
3714952 72 
3714952 70 
3715721 250 
3724571 71 
3724959 80 
3725487 83 
3730015 64 
3732720 255 
3736092 256 
3736616 61 
3736632 61 
3736632 151 
3736632 69 
3736761 91 
3789885 91 
3789906 93 
3789906 103 
3789906 101 
3790820 100 
3790820 1
3790820 1580
3790820 10
3792820 25 
3794371 75 
3794679 73 
3795324 73 
3795693 73 
3796377 72 
3796377 70 
3797272 80 
3797670 83 
3799532 64 
3799756 61 
3799776 61 
3799776 150 
3799776 68 
3799776 65
3799854 92 
3801304 103 
3801304 101 
3801811 100 
3801811 1
3801811 1580
3801811 11
3803811 25 
3804373 75 
3805141 72 
3805141 70 
3805954 80 
3806281 83 
3808842 64 
3809057 256 
3809077 62 
3809093 62 
3809093 150 
3809093 68 
3809093 65
3809169 92 
3809579 90 
3810615 103 
3810615 101 
3811131 100 
3811131 1
3811131 1580
3811131 10
3813129 25 
3819307 75 
3820073 72 
3820073 70 
3820776 80 
3821102 83 
3939364 64 
3941279 255 
3942793 256 
3950100 61 
3950116 61 
3950116 150 
3950116 68 
3950116 65
3950191 92 
3951638 103 
3951638 101 
3952149 100 
3952149 1
3952149 1580
3952149 11
3954149 25 
3964200 254 
3972990 75 
3973759 72 
3973759 70 
3974278 250 
4051786 71 
4052191 80 
4052717 83 
4057223 64 
4057434 61 
4057453 61 
4057453 151 
4057453 69 
4057530 93 
4058979 103 
4058979 101 
4059891 100 
4059891 1
4059891 1580
4059891 11
4061891 25 
4067043 75 
4067811 72 
4067811 70 
4068714 80 
4069101 83 
4069241 64 
4069459 256 
4069512 62 
4069527 62 
4069527 150 
4069527 68 
4069527 65
4069605 92 
4071060 103 
4071060 101 
4071566 100 
4071566 1
4071566 1580
4071566 10
4073564 25 
4083604 254 
4084853 75 
4085069 73 
4086814 73 
4087501 72 
4087501 70 
4087958 71 
4088342 250 
4124496 71 
4124789 80 
4125255 83 
4128351 64 
4128546 61 
4128566 61 
4128566 150 
4128566 68 
4128566 65
4128636 92 
4130092 103 
4130092 101 
4130605 100 
4130605 1
4130605 1580
4130605 11
4132607 25 
4142646 254 
4146983 75 
4166683 73 
4166786 73 
4167241 73 
4167927 72 
4167927 70 
4168766 80 
4169116 83 
4169712 64 
4169909 61 
4169925 61 
4169925 153 
4169925 68 
4169925 65
4170003 92 
4171461 103 
4171461 101 
4171975 100 
4171975 1
4171975 1580
4171975 10
4173977 25 
4174037 75 
4174799 72 
4174799 70 
4175498 80 
4175814 83 
4177189 64 
4177401 61 
4177424 61 
4177424 150 
4177424 68 
4177424 65
4177501 92 
4178946 103 
4178946 101 
4179451 100 
4179451 1
4179451 1580
4179451 10
4181453 25 
4191494 254 
4214529 75 
4215290 72 
4215290 70 
4216000 80 
4216326 83 
4216590 64 
4217101 63 
4217117 63 
4217117 151 
4217117 69 
4217202 93 
4217860 91 
4218126 91 
4218650 103 
4218650 101 
4219556 100 
4219556 1
4219556 1580
4219556 11
4221557 25 
4231610 254 
4245891 75 
4246658 72 
4246658 70 
4247356 80 
4247688 83 
4248518 64 
4256259 255 
4257099 256 
4257148 61 
4257167 61 
4257167 151 
4257167 69 
4257247 93 
4258701 103 
4258701 101 
4259620 100 
4259620 1
4259620 1580
4259620 11
4261621 25 
4261680 75 
4262447 72 
4262447 70 
4263152 80 
4263473 83 
4268883 64 
4269142 63 
4269165 63 
4269165 151 
4269165 69 
4269245 93 
4269945 91 
4270392 91 
4270694 103 
4270694 101 
4271599 100 
4271599 1
4271599 1580
4271599 10
4273600 25 
4273649 75 
4274412 72 
4274412 70 
4275287 80 
4275721 83 
4276307 64 
4276603 61 
4276618 61 
4276618 150 
4276618 68 
4276618 65
4276702 92 
4277157 90 
4278146 103 
4278146 101 
4278650 100 
4278650 1
4278650 1580
4278650 11
4280651 25 
4280701 75 
4281469 72 
4281469 70 
4282276 80 
4282667 83 
4282741 64 
4283040 256 
4286502 255 
4289624 62 
4289644 62 
4289644 150 
4289644 68 
4289644 65
4289713 90 
4289742 92 
4289895 90 
4290817 90 
4291165 103 
4291165 101 
4291674 100 
4291674 1
4291674 1580
4291674 10
4293674 25 
4297726 75 
4298127 73 
4298813 72 
4298813 70 
4299523 80 
4299845 83 
4300289 64 
4300678 255 
4300762 256 
4303121 62 
4303136 62 
4303136 151 
4303136 69 
4303215 93 
4303925 91 
4304434 91 
4304664 103 
4304664 101 
4305574 100 
4305574 1
4305574 1580
4305574 10
4307574 25 
4307626 75 
4308008 73 
4308736 72 
4308736 70 
4309174 250 
4309401 71 
4309755 71 
4310295 71 
4310595 71 
4311084 71 
4311595 71 
4312440 71 
4312818 71 
4313230 71 
4313411 71 
4313706 80 
4314136 76 
4315121 76 
4315174 83 
4315284 64 
4315492 61 
4315513 61 
4315513 150 
4315513 68 
4315513 65
4315586 92 
4317031 103 
4317031 101 
4317541 100 
4317541 1
4317541 1580
4317541 11
4319542 25 
4319896 75 
4320398 73 
4321237 73 
4321497 73 
4322720 73 
4323406 72 
4323406 70 
4324114 80 
4324436 83 
4325949 64 
4326173 256 
4326194 61 
4326210 61 
4326210 151 
4326210 69 
4326294 93 
4327734 103 
4327734 101 
4328643 100 
4328643 1
4328643 1580
4328643 11
4330643 25 
4340685 254 
4393958 75 
4409032 73 
4410221 73 
4410435 73 
4411116 72 
4411116 70 
4412039 80 
4412415 83 
4412987 64 
4413189 63 
4413209 63 
4413209 153 
4413209 68 
4413209 65
4413290 92 
4414740 103 
4414740 101 
4415247 100 
4415247 1
4415247 1580
4415247 11
4417248 25 
4417295 75 
4418056 72 
4418056 70 
4418976 80 
4419408 83 
4419821 64 
4420026 63 
4420042 63 
4420042 151 
4420042 69 
4420115 93 
4421563 103 
4421563 101 
4422471 100 
4422471 1
4422471 1580
4422471 10
4424472 25 
4433097 75 
4433862 72 
4433862 70 
4434768 80 
4435208 83 
4476072 64 
4477884 255 
4480168 256 
4480201 61 
4480222 61 
4480222 150 
4480222 68 
4480222 65
4480311 92 
4481749 103 
4481749 101 
4482258 100 
4482258 1
4482258 1580
4482258 11
4484260 25 
4484311 75 
4484930 73 
4485612 72 
4485612 70 
4486494 80 
4486942 83 
4487746 64 
4487940 61 
4487961 61 
4487961 151 
4487961 69 
4488033 93 
4488609 91 
4488884 91 
4489479 103 
4489479 101 
4490390 100 
4490390 1
4490390 1580
4490390 10
4492394 25 
4492450 75 
4493213 72 
4493213 70 
4493598 250 
4497770 71 
4498249 80 
4498712 83 
4499918 64 
4500186 256 
4501333 62 
4501353 62 
4501353 151 
4501353 69 
4501423 93 
4501925 91 
4502876 103 
4502876 101 
4503783 100 
4503783 1
4503783 1580
4503783 10
4505784 25 
4505833 75 
4506600 72 
4506600 70 
4507453 80 
4507849 83 
4510050 64 
4510865 255 
4525701 256 
4526298 62 
4526315 62 
4526315 151 
4526315 69 
4526382 93 
4527835 103 
4527835 101 
4528748 100 
4528748 1
4528748 1580
4528748 11
4530746 25 
4530799 75 
4531563 72 
4531563 70 
4532401 80 
4532773 83 
4533309 64 
4533619 255 
4538087 256 
4549545 62 
4549562 62 
4549562 150 
4549562 68 
4549562 65
4549633 92 
4551080 103 
4551080 101 
4551588 100 
4551588 1
4551588 1580
4551588 11
4553590 25 
4553638 75 
4554401 72 
4554401 70 
4555213 80 
4555596 83 
4556316 64 
4556588 256 
4556607 255 
4572454 62 
4572475 62 
4572475 150 
4572475 68 
4572475 65
4572559 92 
4574006 103 
4574006 101 
4574515 100 
4574515 1
4574515 1580
4574515 10
4576515 25 
4576562 75 
4577330 72 
4577330 70 
4577987 250 
4587397 71 
4587743 71 
4588301 71 
4588596 80 
4589034 83 
4591048 64 
4593402 255 
4595538 256 
4595570 62 
4595590 62 
4595590 151 
4595590 69 
4595708 91 
4595733 93 
4596239 91 
4597116 103 
4597116 101 
4598024 100 
4598024 1
4598024 1580
4598024 10
4600026 25 
4600723 75 
4601484 72 
4601484 70 
4602186 80 
4602519 83 
4602980 64 
4603333 62 
4603392 62 
4603392 151 
4603392 69 
4603539 91 
4604116 91 
4604138 93 
4604242 91 
4604436 91 
4604915 103 
4604915 101 
4605820 100 
4605820 1
4605820 1580
4605820 11
4607822 25 
4610852 75 
4611619 72 
4611619 70 
4612325 80 
4612649 83 
4612940 64 
4613234 255 
4613500 256 
4618416 62 
4618437 62 
4618437 152 
4618437 69 
4618511 93 
4619962 103 
4619962 101 
4620882 100 
4620882 1
4620882 1580
4620882 11
4622881 25 
4622930 75 
4623696 72 
4623696 70 
4624397 80 
4624725 83 
4628019 64 
4628209 61 
4628231 61 
4628231 151 
4628231 69 
4628304 93 
4629038 91 
4629728 91 
4629759 103 
4629759 101 
4630677 100 
4630677 1
4630677 1580
4630677 10
4632677 25 
4632725 75 
4633492 72 
4633492 70 
4633714 250 
4650869 71 
4651350 80 
4651673 83 
4670215 64 
4670397 61 
4670419 61 
4670419 150 
4670419 68 
4670419 65
4670489 92 
4671307 90 
4671767 90 
4671942 103 
4671942 101 
4672459 100 
4672459 1
4672459 1580
4672459 10
4674461 25 
4674508 75 
4675278 72 
4675278 70 
4675977 80 
4676303 83 
4676616 64 
4676786 61 
4676808 61 
4676808 150 
4676808 68 
4676808 65
4676889 92 
4677455 90 
4678338 103 
4678338 101 
4678844 100 
4678844 1
4678844 1580
4678844 10
4680843 25 
4680896 75 
4681663 72 
4681663 70 
4682360 80 
4682689 83 
4682805 64 
4683000 61 
4683020 61 
4683020 150 
4683020 68 
4683020 65
4683102 92 
4684023 90 
4684542 103 
4684542 101 
4685056 100 
4685056 1
4685056 1580
4685056 11
4687056 25 
4687204 75 
4687421 73 
4688108 72 
4688108 70 
4688814 80 
4689321 83 
4802890 64 
4804853 255 
4806043 256 
4806291 61 
4806311 61 
4806311 151 
4806311 69 
4814602 91 
4814625 93 
4814625 103 
4814625 101 
4815535 100 
4815535 1
4815535 1580
4815535 10
4817535 25 
4817595 75 
4818360 72 
4818360 70 
4819250 80 
4819629 83 
4820924 64 
4821116 61 
4821138 61 
4821138 150 
4821138 68 
4821138 65
4821212 92 
4822153 90 
4822665 103 
4822665 101 
4823172 100 
4823172 1
4823172 1580
4823172 11
4825171 25 
4825219 75 
4825986 72 
4825986 70 
4826817 80 
4827181 83 
4827241 64 
4827415 61 
4827434 61 
4827434 151 
4827434 69 
4827511 93 
4828202 91 
4828956 103 
4828956 101 
4829876 100 
4829876 1
4829876 1580
4829876 11
4831874 25 
4832352 75 
4833115 72 
4833115 70 
4833922 80 
4834345 83 
4909187 64 
4911515 256 
4913631 61 
4913646 61 
4913646 151 
4913646 69 
4913724 93 
4915169 103 
4915169 101 
4916076 100 
4916076 1
4916076 1580
4916076 10
4918080 25 
4918473 75 
4919239 72 
4919239 70 
4920051 80 
4920450 83 
4920483 64 
4920634 61 
4920653 61 
4920653 150 
4920653 68 
4920653 65
4920729 92 
4922182 103 
4922182 101 
4922689 100 
4922689 1
4922689 1580
4922689 10
4924688 25 
4924736 75 
4925498 72 
4925498 70 
4926311 80 
4926723 83 
4927373 64 
4927595 61 
4927614 61 
4927614 150 
4927614 68 
4927614 65
4927690 92 
4929141 103 
4929141 101 
4929658 100 
4929658 1
4929658 1580
4929658 10
4931660 25 
4931832 75 
4932411 73 
4932643 73 
4932839 73 
4941713 254 
4948295 73 
4948984 72 
4948984 70 
4949806 80 
4950138 83 
4951273 64 
4954125 256 
4958285 62 
4958301 62 
4958301 151 
4958301 69 
4975216 91 
4975237 93 
4975237 103 
4975237 101 
4976147 100 
4976147 1
4976147 1580
4976147 11
4978147 25 
4983382 75 
4984920 73 
4985971 73 
4986653 72 
4986653 70 
4987357 80 
4987679 83 
4988147 64 
4988364 256 
4988384 61 
4988404 61 
4988404 153 
4988404 68 
4988404 65
4988479 92 
4989928 103 
4989928 101 
4990434 100 
4990434 1
4990434 1580
4990434 11
4992433 25 
5002473 254 
5033333 75 
5034100 72 
5034100 70 
5034802 80 
5035125 83 
5039610 64 
5044121 256 
5053965 62 
5053986 62 
5053986 150 
5053986 68 
5053986 65
5054548 90 
5054572 92 
5054960 90 
5055513 103 
5055513 101 
5056019 100 
5056019 1
5056019 1580
5056019 11
5058020 25 
5066672 75 
5067439 72 
5067439 70 
5068338 80 
5075755 76 
5075818 83 
5076067 64 
5081809 62 
5081821 62 
5081821 150 
5081821 68 
5081821 65
5082155 90 
5082178 92 
5082373 90 
5083053 90 
5083355 103 
5083355 101 
5083875 100 
5083875 1
5083875 1580
5083875 10
5085876 25 
5093250 75 
5093522 73 
5094237 72 
5094237 70 
5094934 80 
5095261 83 
5095568 64 
5095812 61 
5095834 61 
5095834 150 
5095834 68 
5095834 65
5095911 92 
5096682 90 
5097358 103 
5097358 101 
5097868 100 
5097868 1
5097868 1580
5097868 11
5099868 25 
5101193 75 
5101964 72 
5101964 70 
5102672 80 
5103010 83 
5103049 64 
5103199 61 
5103219 61 
5103219 151 
5103219 69 
5103299 93 
5104743 103 
5104743 101 
5105653 100 
5105653 1
5105653 1580
5105653 11
5107653 25 
5117709 254 
5130707 75 
5132120 73 
5132950 73 
5133756 73 
5134634 73 
5135384 73 
5136629 73 
5137177 73 
5137569 73 
5137975 73 
5138923 73 
5139524 73 
5140744 73 
5141426 72 
5141426 70 
5143442 250 
5175069 71 
5175191 71 
5175487 80 
5176022 83 
5176726 64 
5176965 61 
5176991 61 
5176991 151 
5176991 69 
5177081 93 
5177513 91 
5178025 91 
5178528 103 
5178528 101 
5179450 100 
5179450 1
5179450 1580
5179450 10
5181447 25 
5182037 75 
5182238 73 
5182650 73 
5182813 73 
5184008 73 
5184693 72 
5184693 70 
5185730 80 
5186267 83 
5187140 64 
5187323 256 
5187349 61 
5187376 61 
5187376 150 
5187376 68 
5187376 65
5187463 92 
5188911 103 
5188911 101 
5189428 100 
5189428 1
5189428 1580
5189428 10
5191432 25 
5200216 75 
5201502 254 
5242902 73 
5243588 72 
5243588 70 
5244675 80 
5245166 83 
5246138 64 
5246359 63 
5246387 63 
5246387 153 
5246387 68 
5246387 65
5246482 92 
5247084 90 
5247460 90 
5247928 103 
5247928 101 
5248447 100 
5248447 1
5248447 1580
5248447 10
5250446 25 
5250522 75 
5251285 72 
5251285 70 
5252206 80 
5252644 83 
5253288 64 
5253492 256 
5253511 63 
5253530 63 
5253530 151 
5253530 69 
5253606 93 
5255057 103 
5255057 101 
5255974 100 
5255974 1
5255974 1580
5255974 10
5257976 25 
5262529 75 
5263294 72 
5263294 70 
5264271 71 
5264568 80 
5265088 83 
5265382 64 
5265625 62 
5265648 62 
5265648 151 
5265648 69 
5265718 93 
5266307 91 
5267167 103 
5267167 101 
5268075 100 
5268075 1
5268075 1580
5268075 11
5270078 25 
5270125 75 
5270885 72 
5270885 70 
5271787 80 
5272231 83 
5272270 64 
5272472 61 
5272490 61 
5272490 151 
5272490 69 
5272574 93 
5273084 91 
5274023 103 
5274023 101 
5274943 100 
5274943 1
5274943 1580
5274943 10
5276941 25 
5277007 75 
5277768 72 
5277768 70 
5278682 80 
5279720 76 
5279776 83 
5280484 64 
5280657 61 
5280673 61 
5280673 150 
5280673 68 
5280673 65
5280754 92 
5282080 90 
5282211 103 
5282211 101 
5282723 100 
5282723 1
5282723 1580
5282723 11
5284725 25 
5284774 75 
5285539 72 
5285539 70 
5286501 80 
5287427 76 
5287537 83 
5287598 64 
5287782 61 
5287804 61 
5287804 151 
5287804 69 
5287884 93 
5288777 91 
5289336 103 
5289336 101 
5290259 100 
5290259 1
5290259 1580
5290259 11
5292257 25 
5294396 75 
5295157 72 
5295157 70 
5296022 80 
5296405 83 
5303411 64 
5303700 255 
5303906 256 
5320730 62 
5320751 62 
5320751 150 
5320751 68 
5320751 65
5320832 92 
5322280 103 
5322280 101 
5322790 100 
5322790 1
5322790 1580
5322790 10
5324789 25 
5324837 75 
5325605 72 
5325605 70 
5326311 80 
5326641 83 
5329127 64 
5329367 255 
5330713 256 
5330804 62 
5330824 62 
5330824 151 
5330824 69 
5345024 91 
5345044 93 
5345044 103 
5345044 101 
5345969 100 
5345969 1
5345969 1580
5345969 10
5347967 25 
5348027 75 
5348789 72 
5348789 70 
5349503 80 
5349836 83 
5350749 64 
5350956 63 
5350976 63 
5350976 151 
5350976 69 
5351047 93 
5351917 91 
5352281 91 
5352499 103 
5352499 101 
5353418 100 
5353418 1
5353418 1580
5353418 11
5355417 25 
5355465 75 
5356226 72 
5356226 70 
5356932 80 
5357262 83 
5357622 64 
5359440 255 
5361401 256 
5374258 62 
5374278 62 
5374278 150 
5374278 68 
5374278 65
5374359 92 
5375331 90 
5375697 90 
5375800 103 
5375800 101 
5376311 100 
5376311 1
5376311 1580
5376311 11
5378311 25 
5378360 75 
5379130 72 
5379130 70 
5379832 80 
5380155 83 
5380186 64 
5385262 256 
5385278 62 
5385299 62 
5385299 150 
5385299 68 
5385299 65
5385382 92 
5386822 103 
5386822 101 
5387334 100 
5387334 1
5387334 1580
5387334 11
5389333 25 
5389387 75 
5390149 72 
5390149 70 
5390861 80 
5391189 83 
5391731 64 
5397123 256 
5397141 61 
5397158 61 
5397158 151 
5397158 69 
5397236 93 
5398001 91 
5398689 103 
5398689 101 
5399596 100 
5399596 1
5399596 1580
5399596 10
5401596 25 
5411492 75 
5411638 254 
5412253 72 
5412253 70 
5412971 80 
5413309 83 
5415325 64 
5415679 61 
5415699 61 
5415699 152 
5415699 69 
5415788 93 
5416227 91 
5417230 103 
5417230 101 
5418151 100 
5418151 1
5418151 1580
5418151 11
5420151 25 
5420210 75 
5420974 72 
5420974 70 
5421683 80 
5422013 83 
5422853 64 
5423148 255 
5423812 256 
5423829 62 
5423848 62 
5423848 150 
5423848 68 
5423848 65
5424494 90 
5424516 92 
5425373 103 
5425373 101 
5425877 100 
5425877 1
5425877 1580
5425877 10
5427880 25 
5430483 75 
5430783 73 
5431466 72 
5431466 70 
5432346 80 
5432742 83 
5436081 64 
5437379 256 
5439749 62 
5439771 62 
5439771 151 
5439771 69 
5439851 93 
5441295 103 
5441295 101 
5442205 100 
5442205 1
5442205 1580
5442205 10
5444204 25 
5444252 75 
5445016 72 
5445016 70 
5445862 80 
5446264 83 
5447125 64 
5447361 256 
5448234 62 
5448254 62 
5448254 151 
5448254 69 
5448324 93 
5449779 103 
5449779 101 
5450692 100 
5450692 1
5450692 1580
5450692 11
5452694 25 
5452744 75 
5453505 72 
5453505 70 
5454352 80 
5457717 76 
5457818 83 
5458027 64 
5458209 256 
5458228 62 
5458248 62 
5458248 150 
5458248 68 
5458248 65
5458312 92 
5458929 90 
5459628 90 
5459771 103 
5459771 101 
5460291 100 
5460291 1
5460291 1580
5460291 11
5462292 25 
5462353 75 
5463116 72 
5463116 70 
5463932 80 
5464305 83 
5601818 64 
5604114 256 
5604496 255 
5605995 61 
5606015 61 
5606015 151 
5606015 69 
5606079 93 
5607538 103 
5607538 101 
5608453 100 
5608453 1
5608453 1580
5608453 11
5610457 25 
5610516 75 
5611281 72 
5611281 70 
5612210 80 
5612645 83 
5612676 64 
5612884 61 
5612908 61 
5612908 151 
5612908 69 
5612992 93 
5613532 91 
5614436 103 
5614436 101 
5615345 100 
5615345 1
5615345 1580
5615345 10
5617347 25 
5619611 75 
5621470 73 
5622155 72 
5622155 70 
5623045 80 
5623424 83 
5642612 64 
5642821 61 
5642841 61 
5642841 150 
5642841 68 
5642841 65
5642923 92 
5643474 90 
5644370 103 
5644370 101 
5644880 100 
5644880 1
5644880 1580
5644880 10
5646881 25 
5646929 75 
5647691 72 
5647691 70 
5648560 80 
5648976 83 
5650143 64 
5650382 63 
5650401 63 
5650401 151 
5650401 69 
5650479 93 
5651006 91 
5651927 103 
5651927 101 
5652837 100 
5652837 1
5652837 1580
5652837 11
5654836 25 
5654889 75 
5660346 73 
5660859 73 
5661294 73 
5663195 73 
5663894 73 
5664462 73 
5664874 254 
5664937 73 
5665988 73 
5666287 73 
5666978 73 
5667726 73 
5667945 73 
5668353 73 
5669043 72 
5669043 70 
5669393 250 
5669580 71 
5670270 71 
5670581 80 
5670935 76 
5671037 83 
5671121 64 
5672402 256 
5674281 61 
5674301 61 
5674301 151 
5674301 69 
5674381 93 
5674920 91 
5675773 91 
5675821 103 
5675821 101 
5676735 100 
5676735 1
5676735 1580
5676735 10
5678733 25 
5686627 75 
5688773 254 
5689256 73 
5689993 73 
5690182 73 
5690330 73 
5692239 73 
5693240 73 
5693709 73 
5694188 73 
5694735 73 
5696193 73 
5696877 72 
5696877 70 
5697459 71 
5697857 250 
5705999 71 
5713806 71 
5714100 80 
5714437 83 
5714887 64 
5715060 61 
5715081 61 
5715081 150 
5715081 68 
5715081 65
5715160 92 
5716607 103 
5716607 101 
5717115 100 
5717115 1
5717115 1580
5717115 11
5719117 25 
5719178 75 
5729170 254 
5733870 73 
5735891 73 
5738416 73 
5740038 73 
5749779 73 
5750467 72 
5750467 70 
5751173 80 
5751512 83 
5751651 64 
5751834 61 
5751856 61 
5751856 151 
5751856 69 
5751931 93 
5753383 103 
5753383 101 
5754300 100 
5754300 1
5754300 1580
5754300 10
5756301 25 
5766340 254 
5766512 75 
5767226 73 
5767594 73 
5767873 73 
5768178 73 
5768821 73 
5769017 73 
5770402 73 
5771181 73 
5772605 73 
5772925 73 
5776167 73 
5776735 73 
5777154 73 
5777693 73 
5778336 73 
5779006 73 
5779301 73 
5779566 73 
5779659 73 
5779898 73 
5780020 73 
5813296 73 
5813977 72 
5813977 70 
5814861 80 
5815227 83 
5816215 64 
5816439 256 
5816533 61 
5816554 61 
5816554 150 
5816554 68 
5816554 65
5816624 92 
5818074 103 
5818074 101 
5818582 100 
5818582 1
5818582 1580
5818582 10
5820582 25 
5829323 75 
5830089 72 
5830089 70 
5830799 80 
5831129 83 
5831296 64 
5831513 63 
5831533 63 
5831533 151 
5831533 69 
5831603 93 
5833056 103 
5833056 101 
5833975 100 
5833975 1
5833975 1580
5833975 11
5835976 25 
5846030 254 
5875000 75 
5876257 73 
5876946 72 
5876946 70 
5877654 80 
5877977 83 
5901639 64 
5901904 255 
5902500 256 
5909602 61 
5909623 61 
5909623 153 
5909623 68 
5909623 65
5909708 92 
5911156 103 
5911156 101 
5911660 100 
5911660 1
5911660 1580
5911660 10
5913663 25 
5913723 75 
5914488 72 
5914488 70 
5915463 80 
5915943 83 
5916035 64 
5916244 256 
5916262 61 
5916282 61 
5916282 150 
5916282 68 
5916282 65
5916354 92 
5917802 103 
5917802 101 
5918313 100 
5918313 1
5918313 1580
5918313 11
5920312 25 
5920365 75 
5921129 72 
5921129 70 
5922002 80 
5922381 83 
5922480 64 
5922791 62 
5922807 62 
5922807 152 
5922807 69 
5922889 93 
5923572 91 
5923981 91 
5924255 91 
5924335 103 
5924335 101 
5925257 100 
5925257 1
5925257 1580
5925257 10
5927256 25 
5927322 75 
5928091 72 
5928091 70 
5928923 80 
5937478 76 
5937584 83 
5937747 64 
5937920 62 
5937939 62 
5937939 151 
5937939 69 
5938017 93 
5938494 91 
5939469 91 
5939469 103 
5939469 101 
5940382 100 
5940382 1
5940382 1580
5940382 11
5942384 25 
5942446 75 
5943213 72 
5943213 70 
5943923 80 
5944257 83 
5944557 64 
5944931 62 
5944949 62 
5944949 150 
5944949 68 
5944949 65
5945030 92 
5945488 90 
5946256 90 
5946476 103 
5946476 101 
5946995 100 
5946995 1
5946995 1580
5946995 10
5948995 25 
5949043 75 
5949807 72 
5949807 70 
5950513 80 
5950832 83 
5964169 64 
6025783 256 
6025802 62 
6025823 62 
6025823 151 
6025823 69 
6025893 93 
6026179 91 
6026476 91 
6027344 103 
6027344 101 
6028255 100 
6028255 1
6028255 1580
6028255 11
6030252 25 
6038226 75 
6038994 72 
6038994 70 
6039708 80 
6040040 83 
6040171 64 
6040354 61 
6040374 61 
6040374 151 
6040374 69 
6040450 93 
6040990 91 
6041898 103 
6041898 101 
6042809 100 
6042809 1
6042809 1580
6042809 10
6044806 25 
6049236 75 
6054847 254 
6062728 73 
6092056 73 
6092773 72 
6092773 70 
6093714 71 
6094009 80 
6094444 83 
6095272 64 
6095501 62 
6096051 62 
6096051 151 
6096051 69 
6096141 93 
6097583 103 
6097583 101 
6098488 100 
6098488 1
6098488 1580
6098488 11
6100491 25 
6100538 75 
6101305 72 
6101305 70 
6102014 80 
6102336 83 
6114854 64 
6115231 62 
6115252 62 
6115252 150 
6115252 68 
6115252 65
6115326 92 
6115771 90 
6116775 103 
6116775 101 
6117285 100 
6117285 1
6117285 1580
6117285 11
6119282 25 
6119330 75 
6120099 72 
6120099 70 
6120801 80 
6121125 83 
6121194 64 
6121410 62 
6121433 62 
6121433 150 
6121433 68 
6121433 65
6121510 92 
6122956 103 
6122956 101 
6123468 100 
6123468 1
6123468 1580
6123468 10
6125468 25 
6125528 75 
6126294 72 
6126294 70 
6127001 80 
6127321 83 
6128846 64 
6129112 63 
6129133 63 
6129133 151 
6129133 69 
6129209 93 
6129912 91 
6130384 91 
6130658 103 
6130658 101 
6131569 100 
6131569 1
6131569 1580
6131569 11
6133570 25 
6134892 75 
6143613 254 
6143921 73 
6144604 72 
6144604 70 
6145309 80 
6146503 76 
6160466 76 
6160517 83 
6160832 64 
6161024 62 
6161045 62 
6161045 150 
6161045 68 
6161045 65
6161124 92 
6161522 90 
6162292 90 
6162567 103 
6162567 101 
6162620 102 
