0 100 
0 1
0 1512
0 11
1994 25 
2572 75 
2974 72 
2974 70 
4039 80 
4159 83 
5146 64 
5400 256 
5532 62 
5665 150 
5665 68 
5665 65
5747 92 
7212 103 
7212 101 
7719 100 
7719 1
7719 1512
7719 10
9718 25 
9804 75 
10206 72 
10206 70 
10823 80 
10956 83 
11329 64 
11585 256 
11836 62 
11969 151 
11969 69 
12038 93 
13497 103 
13497 101 
14306 100 
14306 1
14306 1512
14306 11
16309 25 
16393 75 
16799 72 
16799 70 
17407 80 
17527 83 
17900 64 
18275 256 
18406 61 
18540 151 
18540 69 
18605 93 
19051 91 
20069 103 
20069 101 
20879 100 
20879 1
20879 1512
20879 11
22879 25 
22957 75 
23364 72 
23364 70 
23964 80 
24097 83 
24830 64 
25459 61 
25590 151 
25590 69 
25650 93 
26130 91 
27120 103 
27120 101 
27930 100 
27930 1
27930 1512
27930 11
29930 25 
30008 75 
30411 72 
30411 70 
31014 80 
31134 83 
31734 64 
32107 62 
32360 152 
32360 69 
32438 93 
32911 91 
33114 91 
33410 91 
33661 91 
33906 103 
33906 101 
34712 100 
34712 1
34712 1512
34712 10
36712 25 
36829 75 
37240 72 
37240 70 
37851 80 
37985 83 
38358 64 
38973 256 
39104 62 
39224 151 
39224 69 
39288 93 
40757 103 
40757 101 
41564 100 
41564 1
41564 1512
41564 10
43563 25 
43642 75 
44046 72 
44046 70 
44662 80 
44782 83 
45515 64 
45771 256 
46021 61 
46154 150 
46154 68 
46154 65
46221 92 
46748 90 
47631 90 
47684 103 
47684 101 
48194 100 
48194 1
48194 1512
48194 10
50194 25 
50501 75 
50901 72 
50901 70 
51512 80 
51632 83 
52112 64 
52498 61 
52632 150 
52632 68 
52632 65
52701 92 
54166 103 
54166 101 
54669 100 
54669 1
54669 1512
54669 11
56670 25 
56743 75 
57152 72 
57152 70 
57750 80 
57869 83 
58349 64 
58842 256 
58964 62 
59096 150 
59096 68 
59096 65
59160 92 
59872 90 
60625 103 
60625 101 
61134 100 
61134 1
61134 1512
61134 10
63136 25 
63220 75 
63623 72 
63623 70 
64227 80 
64360 83 
64733 64 
64975 256 
65213 62 
65346 151 
65346 69 
65408 93 
66094 91 
66280 91 
66881 103 
66881 101 
67682 100 
67682 1
67682 1512
67682 11
69686 25 
72369 75 
72775 72 
72775 70 
73383 80 
73503 250 
73889 76 
74009 83 
74143 64 
74398 256 
74529 61 
74662 151 
74662 69 
74725 93 
75116 91 
76191 103 
76191 101 
77001 100 
77001 1
77001 1512
77001 11
79001 25 
79533 75 
80044 73 
82458 73 
82786 72 
82786 70 
83392 80 
84378 250 
87766 76 
87897 83 
92948 252 
93454 256 
93588 62 
93721 150 
93721 68 
93721 65
93787 92 
94322 90 
95250 103 
95250 101 
95764 100 
95764 1
95764 1512
95764 10
97763 25 
97850 75 
98254 72 
98254 70 
98865 80 
98985 83 
99465 64 
99841 256 
99971 62 
100105 151 
100105 69 
100167 93 
100684 91 
101643 103 
101643 101 
102459 100 
102459 1
102459 1512
102459 10
104456 25 
104624 75 
105027 72 
105027 70 
105982 80 
106102 83 
106595 64 
107105 256 
108221 62 
108355 151 
108355 69 
108420 93 
109022 91 
109236 91 
109884 103 
109884 101 
110692 100 
110692 1
110692 1512
110692 10
112694 25 
112777 75 
113183 72 
113183 70 
113806 80 
113926 83 
114166 64 
114434 256 
114565 61 
114699 150 
114699 68 
114699 65
114767 92 
115210 90 
116226 103 
116226 101 
116738 100 
116738 1
116738 1512
116738 11
118738 25 
118824 75 
119232 72 
119232 70 
119843 80 
119963 83 
120456 64 
120712 256 
120843 61 
120976 153 
120976 68 
120976 65
121048 92 
122505 103 
122505 101 
123014 100 
123014 1
123014 1512
123014 11
125015 25 
125088 75 
125492 72 
125492 70 
126107 80 
126227 83 
126707 64 
126975 61 
127107 151 
127107 69 
127171 93 
127592 91 
128637 103 
128637 101 
129446 100 
129446 1
129446 1512
129446 11
131446 25 
131525 75 
131926 72 
131926 70 
132544 80 
132664 83 
132904 64 
133280 256 
133650 63 
133784 151 
133784 69 
133852 93 
135313 103 
135313 101 
136122 100 
136122 1
136122 1512
136122 10
138123 25 
138206 75 
138612 72 
138612 70 
139221 80 
139341 83 
139821 64 
140329 61 
140461 150 
140461 68 
140461 65
140530 92 
140992 90 
141988 103 
141988 101 
142500 100 
142500 1
142500 1512
142500 10
144501 25 
144586 75 
144991 72 
144991 70 
145965 250 
146565 71 
146685 80 
146805 83 
148364 64 
148620 256 
148751 61 
148884 150 
148884 68 
148884 65
148949 92 
150418 103 
150418 101 
150935 100 
150935 1
150935 1512
150935 11
152937 25 
153027 75 
153431 72 
153431 70 
154042 80 
154162 83 
154535 64 
154790 256 
155041 61 
155175 151 
155175 69 
155236 93 
156707 103 
156707 101 
157512 100 
157512 1
157512 1512
157512 11
159514 25 
159872 75 
160276 72 
160276 70 
160892 80 
161012 83 
161972 64 
162333 256 
162465 61 
162598 151 
162598 69 
162666 93 
163200 91 
163912 91 
164078 91 
164132 103 
164132 101 
164936 100 
164936 1
164936 1512
164936 10
166939 25 
167021 75 
167425 72 
167425 70 
168036 80 
168169 83 
168769 64 
169022 256 
169502 63 
169635 153 
169635 68 
169635 65
169700 92 
171164 103 
171164 101 
171673 100 
171673 1
171673 1512
171673 11
173673 25 
173760 75 
174163 72 
174163 70 
174780 80 
174900 83 
179084 64 
179326 256 
179697 62 
179831 150 
179831 68 
179831 65
179893 92 
180071 90 
180562 90 
181360 103 
181360 101 
181874 100 
181874 1
181874 1512
181874 10
183873 25 
184155 75 
184630 73 
185460 73 
185762 72 
185762 70 
186375 80 
186761 250 
187494 76 
187614 83 
187974 64 
188229 256 
188360 62 
188494 151 
188494 69 
188558 93 
189225 91 
189513 91 
189868 91 
190025 103 
190025 101 
190831 100 
190831 1
190831 1512
190831 11
192834 25 
192913 75 
195048 73 
195374 72 
195374 70 
195984 71 
196823 71 
196943 80 
197063 83 
197663 64 
198156 256 
198290 61 
198423 151 
198423 69 
198488 93 
198961 91 
199321 91 
199956 103 
199956 101 
200762 100 
200762 1
200762 1512
200762 11
202762 25 
202840 75 
203245 72 
203245 70 
203861 80 
203980 83 
204700 64 
205076 256 
205820 62 
206155 150 
206155 68 
206155 65
206247 90 
206264 92 
207621 90 
207699 103 
207699 101 
208220 100 
208220 1
208220 1512
208220 10
210219 25 
210663 75 
210848 73 
211168 72 
211168 70 
211897 80 
212030 83 
212630 64 
212765 256 
213030 62 
213163 151 
213163 69 
213230 93 
213621 91 
213812 91 
214694 103 
214694 101 
215503 100 
215503 1
215503 1512
215503 10
217503 25 
220230 75 
220633 72 
220633 70 
221240 80 
221373 83 
221853 64 
222229 256 
222359 61 
222493 150 
222493 68 
222493 65
222559 92 
224026 103 
224026 101 
224532 100 
224532 1
224532 1512
224532 10
226531 25 
226988 75 
227395 72 
227395 70 
228010 80 
228130 83 
228490 64 
228745 256 
228876 61 
229010 150 
229010 68 
229010 65
229076 92 
229595 90 
230544 103 
230544 101 
231048 100 
231048 1
231048 1512
231048 11
233049 25 
233135 75 
233460 73 
233765 72 
233765 70 
234381 80 
234501 83 
234981 64 
235342 256 
235474 61 
235594 151 
235594 69 
235658 93 
236044 91 
237074 91 
237126 103 
237126 101 
237934 100 
237934 1
237934 1512
237934 10
239934 25 
240011 75 
240418 72 
240418 70 
241031 80 
241151 83 
241751 64 
242006 256 
242364 61 
242497 150 
242497 68 
242497 65
242563 92 
243010 90 
244030 103 
244030 101 
244535 100 
244535 1
244535 1512
244535 11
246537 25 
246622 75 
247024 72 
247024 70 
247628 80 
247748 83 
247882 64 
248137 256 
248268 61 
248402 151 
248402 69 
248468 93 
248850 91 
249936 103 
249936 101 
250742 100 
250742 1
250742 1512
250742 10
252742 25 
253051 75 
253454 72 
253454 70 
254066 80 
254186 83 
254665 64 
255041 256 
255159 61 
255292 150 
255292 68 
255292 65
255370 92 
255868 90 
256835 103 
256835 101 
257345 100 
257345 1
257345 1512
257345 10
259344 25 
259751 75 
260155 72 
260155 70 
260756 80 
260876 83 
261836 64 
261971 256 
262102 61 
262236 150 
262236 68 
262236 65
262302 92 
263766 103 
263766 101 
264276 100 
264276 1
264276 1512
264276 11
266276 25 
266360 75 
266764 72 
266764 70 
267367 80 
267487 83 
267847 64 
268102 256 
268233 63 
268606 151 
268606 69 
268669 93 
270137 103 
270137 101 
270946 100 
270946 1
270946 1512
270946 11
272946 25 
273025 75 
273429 72 
273429 70 
274044 80 
274164 83 
276203 64 
276325 256 
276576 61 
276709 151 
276709 69 
276771 93 
278243 103 
278243 101 
279049 100 
279049 1
279049 1512
279049 11
281050 25 
281132 75 
281534 72 
281534 70 
282134 80 
282254 83 
283213 64 
283707 62 
283840 152 
283840 69 
283904 93 
284469 91 
285091 91 
285369 103 
285369 101 
286179 100 
286179 1
286179 1512
286179 10
288179 25 
288260 75 
288663 72 
288663 70 
289251 80 
289371 83 
289850 64 
290226 61 
290357 150 
290357 68 
290357 65
290428 92 
290862 90 
291006 90 
291888 103 
291888 101 
292396 100 
292396 1
292396 1512
292396 10
294396 25 
294616 75 
294741 73 
295073 72 
295073 70 
295688 80 
295941 250 
296701 76 
296821 83 
297061 64 
297303 256 
297434 61 
297567 150 
297567 68 
297567 65
297632 92 
298029 90 
299097 103 
299097 101 
299606 100 
299606 1
299606 1512
299606 10
301607 25 
301887 75 
302104 73 
302406 72 
302406 70 
302898 71 
303271 80 
303391 83 
303511 64 
303771 256 
303898 61 
304031 150 
304031 68 
304031 65
304094 92 
304687 90 
305561 103 
305561 101 
306069 100 
306069 1
306069 1512
306069 11
308072 25 
308161 75 
308422 73 
308826 72 
308826 70 
309429 80 
309549 83 
310162 64 
310538 256 
310668 61 
310802 151 
310802 69 
310864 93 
311349 91 
312332 103 
312332 101 
313142 100 
313142 1
313142 1512
313142 10
315141 25 
315220 75 
315623 72 
315623 70 
316533 80 
316732 83 
317252 64 
318601 256 
318918 61 
319118 150 
319118 68 
319118 65
319178 92 
319630 90 
320647 103 
320647 101 
321159 100 
321159 1
321159 1512
321159 11
323157 25 
323707 75 
324113 72 
324113 70 
324849 80 
324969 83 
325942 64 
326197 256 
326462 63 
326595 151 
326595 69 
326662 93 
327615 91 
328123 103 
328123 101 
328933 100 
328933 1
328933 1512
328933 11
330935 25 
331017 75 
331424 72 
331424 70 
332032 80 
332152 83 
332512 64 
333019 61 
333152 151 
333152 69 
333218 93 
334682 103 
334682 101 
335490 100 
335490 1
335490 1512
335490 10
337492 25 
337576 75 
337978 72 
337978 70 
338590 80 
338723 83 
339085 64 
339472 256 
339603 61 
339736 150 
339736 68 
339736 65
339803 92 
340356 90 
341267 103 
341267 101 
341774 100 
341774 1
341774 1512
341774 11
343774 25 
344170 75 
344313 73 
344648 72 
344648 70 
345387 250 
346120 71 
347453 71 
347573 80 
347706 83 
348306 64 
348694 61 
348825 151 
348825 69 
348891 93 
349242 91 
349972 91 
350356 103 
350356 101 
351164 100 
351164 1
351164 1512
351164 11
353167 25 
353940 75 
354343 72 
354343 70 
354943 80 
355063 83 
355782 64 
356278 256 
356409 61 
356542 151 
356542 69 
356606 93 
357057 91 
358072 103 
358072 101 
358881 100 
358881 1
358881 1512
358881 10
360881 25 
363408 75 
363810 72 
363810 70 
364432 80 
364552 83 
365045 64 
365540 256 
365671 61 
365805 150 
365805 68 
365805 65
365884 92 
366282 90 
366429 90 
367350 103 
367350 101 
367858 100 
367858 1
367858 1512
367858 10
369858 25 
369948 75 
370354 72 
370354 70 
370962 80 
371082 83 
371442 64 
371698 256 
371962 61 
372095 152 
372095 69 
372158 93 
372635 91 
373629 103 
373629 101 
374436 100 
374436 1
374436 1512
374436 11
376435 25 
376515 75 
376922 72 
376922 70 
377546 80 
377666 83 
379479 64 
379748 61 
379879 151 
379879 69 
379941 93 
381410 103 
381410 101 
382218 100 
382218 1
382218 1512
382218 10
384218 25 
385160 75 
385272 73 
385613 72 
385613 70 
386223 80 
386356 83 
386716 64 
387091 256 
387222 61 
387356 150 
387356 68 
387356 65
387426 92 
387898 90 
388884 103 
388884 101 
389396 100 
389396 1
389396 1512
389396 10
391396 25 
391467 75 
391868 72 
391868 70 
392487 80 
392607 83 
392860 64 
392995 256 
393126 61 
393260 150 
393260 68 
393260 65
393329 92 
393824 90 
394793 103 
394793 101 
395300 100 
395300 1
395300 1512
395300 11
397300 25 
397377 75 
397784 72 
397784 70 
398406 80 
398524 83 
399870 64 
400486 256 
401110 62 
401243 150 
401243 68 
401243 65
401312 92 
401852 90 
402777 103 
402777 101 
403282 100 
403282 1
403282 1512
403282 10
405281 25 
405662 75 
406063 72 
406063 70 
406681 80 
406801 83 
407307 64 
407576 62 
407707 151 
407707 69 
407779 93 
408155 91 
409236 103 
409236 101 
410047 100 
410047 1
410047 1512
410047 10
412048 25 
412130 75 
412535 72 
412535 70 
413144 80 
413264 83 
414344 64 
414839 256 
414970 61 
415104 150 
415104 68 
415104 65
415173 92 
415614 90 
416632 103 
416632 101 
417142 100 
417142 1
417142 1512
417142 10
419143 25 
419217 75 
419617 72 
419617 70 
420235 80 
420368 83 
420621 64 
420758 256 
420888 61 
421021 150 
421021 68 
421021 65
421107 92 
421638 90 
422567 103 
422567 101 
423075 100 
423075 1
423075 1512
423075 11
425073 25 
425193 75 
425596 72 
425596 70 
426432 80 
426832 250 
427818 76 
428791 76 
429911 76 
430111 83 
430311 64 
430514 256 
430710 61 
430924 153 
430924 68 
430924 65
430989 92 
431387 90 
432451 103 
432451 101 
432963 100 
432963 1
432963 1512
432963 11
434963 25 
435059 75 
435466 72 
435466 70 
436335 80 
436535 83 
436921 64 
437123 256 
437334 61 
437547 151 
437547 69 
437610 93 
438145 91 
438391 91 
439084 103 
439084 101 
439899 100 
439899 1
439899 1512
439899 11
441900 25 
442086 75 
442488 72 
442488 70 
443335 80 
443532 83 
444745 64 
445266 256 
445477 61 
445704 151 
445704 69 
445769 93 
446375 91 
446917 91 
447200 91 
447238 103 
447238 101 
448055 100 
448055 1
448055 1512
448055 10
450057 25 
450140 75 
450546 72 
450546 70 
451461 80 
451595 83 
452008 64 
452209 256 
452408 61 
452541 150 
452541 68 
452541 65
452607 92 
454075 103 
454075 101 
454580 100 
454580 1
454580 1512
454580 10
456580 25 
457069 75 
457166 73 
458287 73 
458626 73 
458934 72 
458934 70 
459818 80 
460018 83 
460324 64 
460540 256 
460751 61 
460884 150 
460884 68 
460884 65
460950 92 
461385 90 
462413 103 
462413 101 
462922 100 
462922 1
462922 1512
462922 11
464924 25 
465013 75 
465418 72 
465418 70 
466149 80 
466269 83 
466628 64 
467002 61 
467135 151 
467135 69 
467206 93 
468664 103 
468664 101 
469479 100 
469479 1
469479 1512
469479 10
471479 25 
471677 75 
472079 72 
472079 70 
472679 80 
472812 83 
473412 64 
473908 256 
474039 61 
474174 150 
474174 68 
474174 65
474241 92 
474704 90 
475706 103 
475706 101 
476226 100 
476226 1
476226 1512
476226 10
478224 25 
478297 75 
478698 72 
478698 70 
479316 80 
479436 83 
479796 64 
480065 61 
480196 150 
480196 68 
480196 65
480263 92 
480824 90 
481726 103 
481726 101 
482235 100 
482235 1
482235 1512
482235 11
484236 25 
484729 75 
484877 73 
485000 73 
485302 72 
485302 70 
485913 80 
486047 83 
487126 64 
488221 256 
488459 61 
488592 151 
488592 69 
488655 93 
489337 91 
490126 103 
490126 101 
490931 100 
490931 1
490931 1512
490931 11
492932 25 
493010 75 
493475 73 
493782 72 
493782 70 
494390 80 
494510 83 
495229 64 
495605 256 
495736 61 
495871 151 
495871 69 
495934 93 
497400 103 
497400 101 
498207 100 
498207 1
498207 1512
498207 11
500210 25 
500287 75 
500690 72 
500690 70 
501067 250 
501311 71 
502147 71 
502506 80 
502626 83 
503706 76 
505387 76 
506465 64 
506600 61 
506986 151 
506986 69 
507051 93 
507685 91 
508515 103 
508515 101 
509324 100 
509324 1
509324 1512
509324 11
511324 25 
511404 75 
511809 72 
511809 70 
512396 80 
512515 83 
513475 64 
513850 256 
514954 61 
515088 151 
515088 69 
515151 93 
516617 103 
516617 101 
517427 100 
517427 1
517427 1512
517427 10
519427 25 
519506 75 
519911 72 
519911 70 
520525 80 
520645 83 
521605 64 
521860 256 
522471 63 
522604 153 
522604 68 
522604 65
522670 92 
524137 103 
524137 101 
524643 100 
524643 1
524643 1512
524643 11
526645 25 
526734 75 
527136 72 
527136 70 
529188 71 
529548 80 
529681 83 
530041 64 
530417 256 
530548 63 
530681 151 
530681 69 
530751 93 
532212 103 
532212 101 
533020 100 
533020 1
533020 1512
533020 11
535021 25 
537271 75 
537672 72 
537672 70 
538278 80 
538398 83 
539957 64 
540453 256 
540583 61 
540717 151 
540717 69 
540788 93 
541293 91 
541720 91 
541800 91 
542263 103 
542263 101 
543072 100 
543072 1
543072 1512
543072 10
545069 25 
545265 75 
545556 73 
545892 72 
545892 70 
546514 80 
546634 83 
547474 64 
547969 256 
548100 61 
548234 150 
548234 68 
548234 65
548299 92 
548814 90 
549762 103 
549762 101 
550274 100 
550274 1
550274 1512
550274 10
552275 25 
552506 75 
552908 72 
552908 70 
553884 250 
554246 71 
554364 80 
554484 83 
554964 64 
555086 256 
555217 61 
555350 150 
555350 68 
555350 65
555428 92 
555874 90 
556893 103 
556893 101 
557404 100 
557404 1
557404 1512
557404 10
559403 25 
559670 75 
560111 73 
560417 72 
560417 70 
561028 80 
561161 83 
561281 64 
561536 61 
561801 150 
561801 68 
561801 65
561871 92 
562363 90 
563330 103 
563330 101 
563839 100 
563839 1
563839 1512
563839 10
565840 25 
565933 75 
566337 72 
566337 70 
567225 80 
567425 83 
567625 64 
567828 256 
567959 61 
568158 152 
568158 69 
568222 93 
568702 91 
569689 103 
569689 101 
570496 100 
570496 1
570496 1512
570496 11
572498 25 
572578 75 
572981 72 
572981 70 
573916 80 
574116 83 
575209 64 
575797 256 
575995 61 
576115 151 
576115 69 
576180 93 
577085 91 
577353 91 
577646 103 
577646 101 
578455 100 
578455 1
578455 1512
578455 11
580455 25 
580533 75 
580939 72 
580939 70 
581873 80 
582072 83 
582965 64 
584061 256 
584671 62 
584885 150 
584885 68 
584885 65
584962 92 
586428 103 
586428 101 
586938 100 
586938 1
586938 1512
586938 11
588938 25 
589183 75 
589586 72 
589586 70 
590362 80 
590576 250 
591588 76 
592455 76 
593574 76 
593761 83 
593988 64 
594390 256 
594614 62 
594814 150 
594814 68 
594814 65
594880 92 
595363 90 
595411 90 
596348 103 
596348 101 
596854 100 
596854 1
596854 1512
596854 10
598853 25 
598931 75 
599336 72 
599336 70 
600131 80 
600318 83 
600864 64 
601120 256 
601331 62 
601544 151 
601544 69 
601609 93 
602044 91 
602456 91 
602716 91 
603079 103 
603079 101 
603896 100 
603896 1
603896 1512
603896 10
605897 25 
605980 75 
606386 72 
606386 70 
607168 80 
607355 83 
608501 64 
609115 256 
609327 62 
609650 151 
609650 69 
609719 93 
610451 91 
610793 91 
611178 103 
611178 101 
611985 100 
611985 1
611985 1512
611985 10
613985 25 
614070 75 
614474 72 
614474 70 
615312 80 
615445 83 
616804 64 
617419 256 
617684 61 
617817 152 
617817 69 
617875 93 
618988 91 
619351 91 
619351 103 
619351 101 
620169 100 
620169 1
620169 1512
620169 11
622171 25 
622267 75 
622671 72 
622671 70 
623281 80 
623401 83 
624001 64 
624256 256 
624388 61 
624521 151 
624521 69 
624587 93 
626055 103 
626055 101 
626859 100 
626859 1
626859 1512
626859 10
628859 25 
629066 75 
629343 73 
629647 72 
629647 70 
630265 80 
630398 83 
631118 64 
631626 256 
631878 62 
632011 151 
632011 69 
632078 93 
632580 91 
633541 103 
633541 101 
634350 100 
634350 1
634350 1512
634350 10
636351 25 
636429 75 
636830 72 
636830 70 
637449 80 
637569 83 
638288 64 
638543 256 
638675 63 
639048 151 
639048 69 
639117 93 
640579 103 
640579 101 
641387 100 
641387 1
641387 1512
641387 11
643389 25 
643466 75 
643870 72 
643870 70 
644486 80 
644606 83 
645206 64 
645953 256 
646218 62 
646352 150 
646352 68 
646352 65
646420 92 
647161 90 
647885 103 
647885 101 
648391 100 
648391 1
648391 1512
648391 11
650392 25 
650481 75 
650883 72 
650883 70 
652456 71 
652816 80 
652936 83 
653535 64 
653791 256 
654042 62 
654175 150 
654175 68 
654175 65
654240 92 
654726 90 
655702 103 
655702 101 
656213 100 
656213 1
656213 1512
656213 10
658215 25 
658893 75 
659300 72 
659300 70 
659906 80 
660039 83 
660639 64 
661733 256 
661867 62 
661998 151 
661998 69 
662059 93 
663533 103 
663533 101 
664338 100 
664338 1
664338 1512
664338 11
666339 25 
666417 75 
666820 72 
666820 70 
667423 80 
667543 83 
668022 64 
668998 61 
669130 151 
669130 69 
669188 93 
670659 103 
670659 101 
671466 100 
671466 1
671466 1512
671466 11
673467 25 
673547 75 
673950 72 
673950 70 
674566 80 
674686 83 
675286 64 
675662 256 
676046 62 
676179 150 
676179 68 
676179 65
676254 92 
676940 90 
677724 103 
677724 101 
678231 100 
678231 1
678231 1512
678231 10
680232 25 
680920 75 
681113 73 
681417 72 
681417 70 
682016 80 
682136 83 
682736 64 
683005 62 
683136 151 
683136 69 
683208 93 
683655 91 
684669 103 
684669 101 
685474 100 
685474 1
685474 1512
685474 10
687476 25 
687558 75 
687962 72 
687962 70 
688576 80 
688694 83 
689293 64 
689549 256 
689680 61 
689813 150 
689813 68 
689813 65
689878 92 
690328 90 
691346 103 
691346 101 
691852 100 
691852 1
691852 1512
691852 11
693852 25 
693943 75 
694344 72 
694344 70 
694959 80 
695091 83 
695344 64 
695839 256 
695970 61 
696104 151 
696104 69 
696167 93 
696632 91 
696993 91 
697639 103 
697639 101 
698455 100 
698455 1
698455 1512
698455 11
700456 25 
700544 75 
700949 72 
700949 70 
701568 80 
701701 83 
702061 64 
702689 256 
703194 61 
703314 151 
703314 69 
703379 93 
704844 103 
704844 101 
705652 100 
705652 1
705652 1512
705652 11
707654 25 
707739 75 
709407 73 
709494 73 
709631 73 
709938 72 
709938 70 
710538 80 
710671 83 
711391 64 
712126 256 
712257 61 
712377 151 
712377 69 
712447 93 
713516 91 
713911 103 
713911 101 
714715 100 
714715 1
714715 1512
714715 10
716716 25 
716799 75 
717203 72 
717203 70 
718108 80 
718308 83 
719107 64 
719534 256 
719747 63 
719880 153 
719880 68 
719880 65
719949 92 
721409 103 
721409 101 
721920 100 
721920 1
721920 1512
721920 10
723919 25 
724272 75 
724674 72 
724674 70 
725411 80 
725531 83 
725893 64 
726146 256 
726278 63 
726411 151 
726411 69 
726485 93 
727310 91 
727942 103 
727942 101 
728749 100 
728749 1
728749 1512
728749 11
730749 25 
731301 75 
731708 72 
731708 70 
732075 250 
732211 71 
732568 80 
732688 83 
733674 64 
734063 256 
734194 62 
734327 150 
734327 68 
734327 65
734393 92 
734937 90 
735857 103 
735857 101 
736368 100 
736368 1
736368 1512
736368 11
738367 25 
738439 75 
738841 72 
738841 70 
739459 80 
739579 83 
740058 64 
740300 256 
740432 62 
740565 150 
740565 68 
740565 65
740628 92 
742095 103 
742095 101 
742603 100 
742603 1
742603 1512
742603 10
744605 25 
744695 75 
745098 72 
745098 70 
745709 80 
745829 83 
746549 64 
746791 256 
746922 62 
747055 151 
747055 69 
747123 93 
747498 91 
747956 91 
748222 91 
748502 91 
748591 103 
748591 101 
749413 100 
749413 1
749413 1512
749413 11
751411 25 
751487 75 
751891 72 
751891 70 
752506 80 
752626 83 
753106 64 
754212 61 
754346 151 
754346 69 
754407 93 
755875 103 
755875 101 
756685 100 
756685 1
756685 1512
756685 11
758687 25 
759023 75 
759428 72 
759428 70 
760023 80 
760143 83 
760743 64 
760998 256 
761369 62 
761503 150 
761503 68 
761503 65
761571 92 
763035 103 
763035 101 
763543 100 
763543 1
763543 1512
763543 10
765541 25 
765632 75 
766040 72 
766040 70 
766660 80 
766780 83 
767380 64 
767515 256 
767647 62 
767767 153 
767767 68 
767767 65
767831 92 
768491 90 
769295 103 
769295 101 
769807 100 
769807 1
769807 1512
769807 11
771807 25 
772995 75 
773398 72 
773398 70 
774004 80 
774124 83 
774484 64 
774725 62 
774857 150 
774857 68 
774857 65
774921 92 
776385 103 
776385 101 
776897 100 
776897 1
776897 1512
776897 10
778897 25 
779003 75 
779404 72 
779404 70 
780028 80 
780148 83 
780401 64 
780536 256 
780668 62 
780801 151 
780801 69 
780867 93 
781267 91 
781924 91 
782331 103 
782331 101 
783139 100 
783139 1
783139 1512
783139 11
785141 25 
785444 75 
785627 73 
786033 72 
786033 70 
786638 80 
786758 83 
787118 64 
787374 256 
787505 62 
787638 150 
787638 68 
787638 65
787703 92 
788218 90 
789167 103 
789167 101 
789677 100 
789677 1
789677 1512
789677 11
791678 25 
792508 75 
792911 72 
792911 70 
793662 250 
794262 71 
794395 80 
794528 83 
794888 64 
795024 256 
795155 62 
795288 150 
795288 68 
795288 65
795367 92 
795783 90 
796835 103 
796835 101 
797340 100 
797340 1
797340 1512
797340 10
799341 25 
799431 75 
800054 73 
800361 72 
800361 70 
800966 80 
801086 83 
801339 64 
801594 256 
801725 62 
801859 151 
801859 69 
801921 93 
802293 91 
802611 91 
802703 91 
803390 103 
803390 101 
804196 100 
804196 1
804196 1512
804196 10
806199 25 
806948 75 
807352 72 
807352 70 
807963 80 
808083 83 
809149 64 
810123 256 
810615 62 
810748 151 
810748 69 
810813 93 
811346 91 
811730 91 
812277 103 
812277 101 
813086 100 
813086 1
813086 1512
813086 10
815086 25 
815466 75 
815871 72 
815871 70 
816492 80 
817105 250 
819211 76 
819344 83 
820064 64 
820333 256 
820464 61 
820597 150 
820597 68 
820597 65
820663 92 
821378 90 
822125 103 
822125 101 
822638 100 
822638 1
822638 1512
822638 10
824636 25 
824713 75 
824867 73 
825268 72 
825268 70 
826208 80 
826408 250 
827197 76 
828008 76 
828967 76 
829167 83 
829367 64 
829769 256 
829967 61 
830167 150 
830167 68 
830167 65
830232 92 
830653 90 
831695 103 
831695 101 
832206 100 
832206 1
832206 1512
832206 11
834205 25 
834626 75 
835031 72 
835031 70 
835831 80 
836031 83 
837470 64 
837606 256 
837950 62 
838150 150 
838150 68 
838150 65
838215 92 
838667 90 
839681 103 
839681 101 
840189 100 
840189 1
840189 1512
840189 10
842188 25 
843251 75 
843354 73 
843681 72 
843681 70 
844547 80 
845280 250 
846813 76 
847013 83 
847213 64 
847348 256 
847559 61 
847679 150 
847679 68 
847679 65
847744 92 
848207 90 
849211 103 
849211 101 
849719 100 
849719 1
849719 1512
849719 11
851722 25 
851808 75 
851915 73 
852164 73 
852530 72 
852530 70 
853277 80 
853410 83 
853650 64 
853905 256 
854038 61 
854170 151 
854170 69 
854232 93 
855703 103 
855703 101 
856509 100 
856509 1
856509 1512
856509 10
858508 25 
858588 75 
858993 72 
858993 70 
859607 80 
859727 83 
860567 64 
861075 256 
861207 61 
861340 150 
861340 68 
861340 65
861407 92 
861988 90 
862876 103 
862876 101 
863392 100 
863392 1
863392 1512
863392 10
865391 25 
865892 75 
866298 72 
866298 70 
866911 80 
867044 83 
867284 64 
867540 256 
867671 61 
867804 152 
867804 69 
867868 93 
868258 91 
869336 103 
869336 101 
870142 100 
870142 1
870142 1512
870142 10
872147 25 
872226 75 
872629 72 
872629 70 
873241 80 
873361 83 
874334 64 
874708 256 
874830 61 
874961 150 
874961 68 
874961 65
875027 92 
875493 90 
876491 103 
876491 101 
876998 100 
876998 1
876998 1512
876998 11
879003 25 
879567 75 
879929 73 
880229 72 
880229 70 
880852 80 
880972 83 
881571 64 
881827 256 
881958 61 
882091 151 
882091 69 
882156 93 
882524 91 
883622 103 
883622 101 
884447 100 
884447 1
884447 1512
884447 11
886444 25 
888730 75 
889135 72 
889135 70 
889741 80 
889861 83 
890701 64 
890956 256 
891087 62 
891220 150 
891220 68 
891220 65
891287 92 
891719 90 
892755 103 
892755 101 
893258 100 
893258 1
893258 1512
893258 11
895259 25 
896599 75 
897006 72 
897006 70 
897604 80 
897738 83 
897871 64 
898126 62 
898257 150 
898257 68 
898257 65
898326 92 
899787 103 
899787 101 
900296 100 
900296 1
900296 1512
900296 10
902297 25 
902382 75 
902788 72 
902788 70 
903389 80 
903522 83 
904481 64 
904737 256 
904855 61 
904988 150 
904988 68 
904988 65
905053 92 
905541 90 
906519 103 
906519 101 
907028 100 
907028 1
907028 1512
907028 11
909031 25 
909533 75 
909939 72 
909939 70 
910559 80 
910679 83 
911398 64 
911654 256 
911785 62 
911918 150 
911918 68 
911918 65
911986 92 
912492 90 
913450 103 
913450 101 
913956 100 
913956 1
913956 1512
913956 10
915957 25 
916043 75 
916446 72 
916446 70 
917049 80 
917183 83 
917543 64 
918278 61 
918409 150 
918409 68 
918409 65
918476 92 
918926 90 
919943 103 
919943 101 
920447 100 
920447 1
920447 1512
920447 11
922449 25 
922534 75 
922938 72 
922938 70 
923553 80 
923673 83 
924153 64 
925008 256 
925379 62 
925512 150 
925512 68 
925512 65
925578 92 
925998 90 
927043 103 
927043 101 
927552 100 
927552 1
927552 1512
927552 10
929551 25 
929678 75 
930082 72 
930082 70 
930684 80 
930817 83 
931310 64 
931818 256 
931950 61 
932083 150 
932083 68 
932083 65
932147 92 
932845 90 
933612 103 
933612 101 
934124 100 
934124 1
934124 1512
934124 11
936121 25 
936442 75 
936853 72 
936853 70 
937467 80 
937587 83 
938187 64 
938442 62 
938574 150 
938574 68 
938574 65
938638 92 
939208 90 
940102 103 
940102 101 
940613 100 
940613 1
940613 1512
940613 11
942612 25 
942690 75 
943184 73 
943594 72 
943594 70 
944211 80 
944331 83 
944451 64 
944707 62 
944838 150 
944838 68 
944838 65
944902 92 
945273 90 
946366 103 
946366 101 
946876 100 
946876 1
946876 1512
946876 10
948877 25 
949302 75 
949705 72 
949705 70 
950302 80 
950422 83 
951022 64 
951277 256 
951408 61 
951541 150 
951541 68 
951541 65
951606 92 
952062 90 
953072 103 
953072 101 
953579 100 
953579 6
953579 1512
953579 10
953579 78 
955580 25 
956068 75 
956473 72 
956473 70 
957392 80 
957592 83 
958205 64 
958461 256 
958594 62 
958805 153 
958805 68 
958805 65
958871 92 
959317 90 
960339 103 
960339 101 
960843 100 
960843 6
960843 1512
960843 11
962844 25 
962977 75 
963378 72 
963378 70 
964229 80 
964363 250 
965178 76 
965989 76 
966189 83 
966388 64 
966605 62 
966815 151 
966815 69 
966879 93 
967252 91 
968346 103 
968346 101 
969153 100 
969153 6
969153 1512
969153 11
971154 25 
971234 75 
971641 72 
971641 70 
972386 80 
972506 83 
973105 64 
973492 256 
973745 62 
973879 151 
973879 69 
973943 93 
975412 103 
975412 101 
976218 100 
976218 6
976218 1512
976218 10
978217 25 
980727 75 
981130 72 
981130 70 
981742 80 
981862 83 
982835 64 
983332 256 
983461 61 
983594 151 
983594 69 
983660 93 
984692 91 
984978 91 
985128 103 
985128 101 
985933 100 
985933 6
985933 1512
985933 11
987933 25 
988296 75 
988398 73 
988728 72 
988728 70 
989325 80 
989445 83 
990405 64 
991020 256 
991271 62 
991391 151 
991391 69 
991455 93 
991920 91 
992140 91 
992282 91 
992918 103 
992918 101 
993731 100 
993731 6
993731 1512
993731 10
995730 25 
995809 75 
996214 72 
996214 70 
996829 80 
996949 83 
999468 64 
999723 256 
999974 61 
1000107 151 
1000107 69 
1000170 93 
1001641 103 
1001641 101 
1002447 100 
1002447 6
1002447 1512
1002447 11
1004446 25 
1004525 75 
1004929 72 
1004929 70 
1005545 80 
1005665 83 
1007224 64 
1007613 256 
1007744 62 
1007877 151 
1007877 69 
1007940 93 
1008387 91 
1008557 91 
1009410 103 
1009410 101 
1010215 100 
1010215 6
1010215 1512
1010215 10
1012218 25 
1012534 75 
1012940 72 
1012940 70 
1013555 80 
1013675 83 
1014395 64 
1014890 256 
1015021 61 
1015154 151 
1015154 69 
1015222 93 
1016021 91 
1016684 103 
1016684 101 
1017492 100 
1017492 6
1017492 1512
1017492 10
1019494 25 
1020089 75 
1020493 72 
1020493 70 
1021098 80 
1021218 83 
1023018 64 
1023632 256 
1024364 62 
1024484 153 
1024484 68 
1024484 65
1024544 92 
1025259 90 
1026017 103 
1026017 101 
1026522 100 
1026522 6
1026522 1512
1026522 11
1028522 25 
1029985 75 
1030392 72 
1030392 70 
1030988 80 
1031108 83 
1031840 64 
1032214 256 
1032587 62 
1032720 151 
1032720 69 
1032787 93 
1033225 91 
1034249 103 
1034249 101 
1035059 100 
1035059 6
1035059 1512
1035059 11
1037061 25 
1037138 75 
1037544 72 
1037544 70 
1038158 80 
1038278 83 
1038891 64 
1039146 256 
1039757 61 
1039890 150 
1039890 68 
1039890 65
1039951 92 
1041418 103 
1041418 101 
1041928 100 
1041928 6
1041928 1512
1041928 10
1043929 25 
1044302 75 
1044707 72 
1044707 70 
1045315 80 
1045435 83 
1046034 64 
1046170 256 
1046301 61 
1046434 151 
1046434 69 
1046497 93 
1047963 103 
1047963 101 
1048773 100 
1048773 6
1048773 1512
1048773 11
1050773 25 
1052200 75 
1052602 72 
1052602 70 
1053218 80 
1053351 83 
1053951 64 
1054206 256 
1054337 62 
1054471 151 
1054471 69 
1054539 93 
1056003 103 
1056003 101 
1056811 100 
1056811 6
1056811 1512
1056811 10
1058810 25 
1058894 75 
1059212 73 
1059514 72 
1059514 70 
1060122 80 
1060242 83 
1060721 64 
1061337 256 
1061721 61 
1061854 151 
1061854 69 
1061921 93 
1063114 91 
1063389 103 
1063389 101 
1064208 100 
1064208 6
1064208 1512
1064208 11
1066207 25 
1066293 75 
1066696 72 
1066696 70 
1067305 80 
1067425 83 
1068145 64 
1068401 256 
1068532 62 
1068665 151 
1068665 69 
1068728 93 
1070199 103 
1070199 101 
1071016 100 
1071016 6
1071016 1512
1071016 10
1073017 25 
1074705 75 
1080509 73 
1080815 72 
1080815 70 
1081952 80 
1083019 250 
1083832 76 
1084111 83 
1084645 64 
1085740 256 
1086870 61 
1087685 151 
1087685 69 
1087751 93 
1089214 103 
1089214 101 
1090025 100 
1090025 6
1090025 1512
1090025 11
1092023 25 
1095523 75 
1095924 72 
1095924 70 
1097066 80 
1097332 83 
1098186 64 
1098560 256 
1098692 61 
1098825 150 
1098825 68 
1098825 65
1098889 92 
1100354 103 
1100354 101 
1100863 100 
1100863 6
1100863 1512
1100863 10
1102865 25 
1102939 75 
1103341 72 
1103341 70 
1105142 71 
1105502 80 
1105622 83 
1106355 64 
1106851 256 
1106982 61 
1107115 151 
1107115 69 
1107183 93 
1107625 91 
1108646 103 
1108646 101 
1109453 100 
1109453 6
1109453 1512
1109453 11
1111455 25 
1111540 75 
1111944 72 
1111944 70 
1112553 80 
1112673 83 
1113499 64 
1114007 256 
1114259 62 
1114392 153 
1114392 68 
1114392 65
1114460 92 
1114927 90 
1114977 90 
1115925 103 
1115925 101 
1116432 100 
1116432 6
1116432 1512
1116432 11
1118431 25 
1118796 75 
1119742 73 
1120045 72 
1120045 70 
1120656 80 
1120789 83 
1121402 64 
1121658 256 
1121789 62 
1121922 151 
1121922 69 
1121986 93 
1122314 91 
1123454 103 
1123454 101 
1124259 100 
1124259 6
1124259 1512
1124259 10
1126262 25 
1126609 75 
1127016 72 
1127016 70 
1127626 80 
1127746 83 
1128346 64 
1128481 256 
1128612 61 
1128746 151 
1128746 69 
1128813 93 
1129537 91 
1130277 103 
1130277 101 
1131084 100 
1131084 6
1131084 1512
1131084 10
1133084 25 
1133866 75 
1134097 73 
1134417 72 
1134417 70 
1135036 80 
1135156 83 
1135876 64 
1136611 61 
1136742 151 
1136742 69 
1136802 93 
1138274 103 
1138274 101 
1139080 100 
1139080 6
1139080 1512
1139080 11
1141083 25 
1141208 75 
1141370 73 
1141682 72 
1141682 70 
1142300 80 
1142420 83 
1143020 64 
1143994 256 
1144126 62 
1144261 151 
1144261 69 
1144324 93 
1145585 91 
1145789 103 
1145789 101 
1146602 100 
1146602 6
1146602 1512
1146602 10
1148600 25 
1148696 75 
1149102 72 
1149102 70 
1149710 80 
1149843 83 
1150803 64 
1151300 256 
1151549 62 
1151683 151 
1151683 69 
1151747 93 
1152192 91 
1152467 91 
1153219 103 
1153219 101 
1154033 100 
1154033 6
1154033 1512
1154033 10
1156035 25 
1156114 75 
1156519 72 
1156519 70 
1157014 250 
1161079 71 
1161319 80 
1161438 83 
1162171 76 
1162291 64 
1162800 256 
1163398 61 
1163531 151 
1163531 69 
1163594 93 
1164140 91 
1164780 91 
1165061 103 
1165061 101 
1165869 100 
1165869 6
1165869 1512
1165869 11
1167869 25 
1167949 75 
1168352 72 
1168352 70 
1168969 80 
1169102 83 
1170061 64 
1170316 256 
1170448 62 
1170581 151 
1170581 69 
1170650 93 
1172112 103 
1172112 101 
1172921 100 
1172921 6
1172921 1512
1172921 10
1174920 25 
1174999 75 
1175402 72 
1175402 70 
1176019 80 
1176139 83 
1176619 64 
1176752 256 
1177245 61 
1177378 151 
1177378 69 
1177441 93 
1178909 103 
1178909 101 
1179716 100 
1179716 6
1179716 1512
1179716 10
1181719 25 
1182277 75 
1182683 72 
1182683 70 
1183176 71 
1183536 80 
1183656 83 
1184375 64 
1184977 256 
1185108 61 
1185364 151 
1185364 69 
1185427 93 
1186023 91 
1186406 91 
1186640 91 
1186895 103 
1186895 101 
1187699 100 
1187699 6
1187699 1512
1187699 10
1189702 25 
1190380 75 
1190784 72 
1190784 70 
1191399 80 
1191519 83 
1192598 64 
1192867 256 
1192998 62 
1193132 153 
1193132 68 
1193132 65
1193192 92 
1193733 90 
1194660 103 
1194660 101 
1195172 100 
1195172 6
1195172 1512
1195172 11
1197172 25 
1197693 75 
1198094 72 
1198094 70 
1198996 80 
1199196 83 
1200475 64 
1200799 256 
1200995 62 
1201128 151 
1201128 69 
1201194 93 
1201652 91 
1202658 103 
1202658 101 
1203466 100 
1203466 6
1203466 1512
1203466 11
1205467 25 
1205546 75 
1205952 72 
1205952 70 
1206726 80 
1206912 83 
1207539 64 
1207781 256 
1207992 61 
1208125 150 
1208125 68 
1208125 65
1208186 92 
1208676 90 
1209656 103 
1209656 101 
1210165 100 
1210165 6
1210165 1512
1210165 11
1212165 25 
1212250 75 
1212653 72 
1212653 70 
1213510 80 
1213710 83 
1213909 64 
1214111 256 
1214323 61 
1214522 150 
1214522 68 
1214522 65
1214588 92 
1215026 90 
1215159 90 
1216054 103 
1216054 101 
1216562 100 
1216562 6
1216562 1512
1216562 11
1218562 25 
1218652 75 
1219021 73 
1219328 72 
1219328 70 
1220147 80 
1220347 83 
1220760 64 
1221162 256 
1221360 61 
1221559 150 
1221559 68 
1221559 65
1221620 92 
1222002 90 
1223088 103 
1223088 101 
1223598 100 
1223598 6
1223598 1512
1223598 11
1225599 25 
1225903 75 
1226305 72 
1226305 70 
1227104 80 
1227330 250 
1227863 76 
1228636 76 
1229489 76 
1229689 83 
1229929 64 
1230134 256 
1230342 61 
1230462 150 
1230462 68 
1230462 65
1230526 92 
1230999 90 
1231042 90 
1231991 103 
1231991 101 
1232500 100 
1232500 6
1232500 1512
1232500 10
1234500 25 
1235310 75 
1235409 73 
1235811 72 
1235811 70 
1236673 80 
1236793 83 
1237406 64 
1237674 256 
1237806 61 
1237939 151 
1237939 69 
1238006 93 
1238452 91 
1239472 103 
1239472 101 
1240277 100 
1240277 6
1240277 1512
1240277 11
1242278 25 
1242357 75 
1242761 72 
1242761 70 
1243377 80 
1243497 83 
1244336 64 
1245192 256 
1245443 61 
1245576 150 
1245576 68 
1245576 65
1245654 92 
1246267 90 
1247120 103 
1247120 101 
1247630 100 
1247630 6
1247630 1512
1247630 10
1249628 25 
1249718 75 
1250124 72 
1250124 70 
1250734 80 
1250867 83 
1251120 64 
1251256 256 
1251387 61 
1251520 151 
1251520 69 
1251585 93 
1252036 91 
1253050 103 
1253050 101 
1253859 100 
1253859 6
1253859 1512
1253859 10
1255860 25 
1255938 75 
1256340 72 
1256340 70 
1256944 80 
1257064 83 
1258264 64 
1258519 256 
1258650 61 
1258784 151 
1258784 69 
1258850 93 
1260317 103 
1260317 101 
1261121 100 
1261121 6
1261121 1512
1261121 10
1263124 25 
1263220 75 
1263625 72 
1263625 70 
1264235 80 
1264355 83 
1265314 64 
1265583 256 
1266194 61 
1266327 153 
1266327 68 
1266327 65
1266392 92 
1267858 103 
1267858 101 
1268367 100 
1268367 6
1268367 1512
1268367 10
1270367 25 
1271032 75 
1271432 72 
1271432 70 
1272045 80 
1272178 83 
1272431 64 
1272686 256 
1272818 61 
1272951 151 
1272951 69 
1273018 93 
1274483 103 
1274483 101 
1275292 100 
1275292 6
1275292 1512
1275292 11
1277290 25 
1277369 75 
1277773 72 
1277773 70 
1278375 80 
1278495 83 
1279695 64 
1280550 256 
1280681 61 
1280814 150 
1280814 68 
1280814 65
1280882 92 
1282217 90 
1282343 103 
1282343 101 
1282855 100 
1282855 6
1282855 1512
1282855 11
1284854 25 
1285408 75 
1285814 72 
1285814 70 
1286425 80 
1286545 83 
1287625 64 
1287746 256 
1287878 62 
1288011 151 
1288011 69 
1288076 93 
1288526 91 
1289545 103 
1289545 101 
1290351 100 
1290351 6
1290351 1512
1290351 10
1292349 25 
1292429 75 
1292832 72 
1292832 70 
1293449 80 
1293569 83 
1294302 64 
1294783 256 
1294915 61 
1295035 151 
1295035 69 
1295092 93 
1295707 91 
1295773 91 
1296565 103 
1296565 101 
1297375 100 
1297375 6
1297375 1512
1297375 11
1299375 25 
1301914 75 
1302251 73 
1302553 72 
1302553 70 
1303166 80 
1303285 83 
1304018 64 
1304153 256 
1304284 61 
1304417 152 
1304417 69 
1304489 93 
1304927 91 
1305956 103 
1305956 101 
1306774 100 
1306774 6
1306774 1512
1306774 10
1308771 25 
1308849 75 
1309252 72 
1309252 70 
1309868 80 
1309988 83 
1311654 64 
1312149 256 
1312774 61 
1312907 151 
1312907 69 
1312971 93 
1313507 91 
1314438 103 
1314438 101 
1315246 100 
1315246 6
1315246 1512
1315246 10
1317246 25 
1317326 75 
1317731 72 
1317731 70 
1318331 80 
1318451 83 
1318931 64 
1319306 256 
1320277 63 
1320411 150 
1320411 68 
1320411 65
1320491 92 
1321953 103 
1321953 101 
1322462 100 
1322462 6
1322462 1512
1322462 11
1324464 25 
1326340 75 
1326742 72 
1326742 70 
1327354 80 
1327488 83 
1328820 76 
1329433 64 
1329689 256 
1329820 63 
1329953 151 
1329953 69 
1330016 93 
1330491 91 
1331487 103 
1331487 101 
1332292 100 
1332292 6
1332292 1512
1332292 11
1334291 25 
1334371 75 
1334772 72 
1334772 70 
1335378 80 
1335498 83 
1336111 64 
1336366 256 
1336497 62 
1336630 151 
1336630 69 
1336696 93 
1338161 103 
1338161 101 
1338969 100 
1338969 6
1338969 1512
1338969 10
1340969 25 
1341179 75 
1341589 72 
1341589 70 
1342201 80 
1342335 83 
1343188 64 
1344296 61 
1344427 151 
1344427 69 
1344491 93 
1345959 103 
1345959 101 
1346769 100 
1346769 6
1346769 1512
1346769 11
1348768 25 
1348847 75 
1348998 73 
1349339 73 
1349639 72 
1349639 70 
1350971 71 
1352664 71 
1352903 80 
1353023 83 
1353277 76 
1353756 64 
1354623 61 
1354756 150 
1354756 68 
1354756 65
1354823 92 
1355537 90 
1356286 103 
1356286 101 
1356796 100 
1356796 6
1356796 1512
1356796 11
1358795 25 
1359326 75 
1359967 73 
1360272 72 
1360272 70 
1360873 80 
1361007 83 
1361393 64 
1361875 256 
1362139 61 
1362273 150 
1362273 68 
1362273 65
1362342 92 
1362898 90 
1363802 103 
1363802 101 
1364310 100 
1364310 6
1364310 1512
1364310 10
1366312 25 
1366721 75 
1367128 72 
1367128 70 
1367737 80 
1367857 83 
1368217 64 
1368592 256 
1368723 61 
1368857 151 
1368857 69 
1368922 93 
1369336 91 
1370389 103 
1370389 101 
1371195 100 
1371195 6
1371195 1512
1371195 10
1373196 25 
1373275 75 
1373679 72 
1373679 70 
1374281 80 
1374401 83 
1375254 64 
1375630 256 
1375760 61 
1375894 151 
1375894 69 
1375956 93 
1376575 91 
1376652 91 
1377426 91 
1377426 103 
1377426 101 
1378233 100 
1378233 6
1378233 1512
1378233 10
1380233 25 
1380316 75 
1380560 73 
1380867 72 
1380867 70 
1381478 80 
1381611 83 
1382464 64 
1382719 256 
1383091 63 
1383224 150 
1383224 68 
1383224 65
1383287 92 
1384752 103 
1384752 101 
1385262 100 
1385262 6
1385262 1512
1385262 11
1387263 25 
1387349 75 
1387855 73 
1388159 72 
1388159 70 
1388768 80 
1388888 83 
1389728 64 
1391196 256 
1391447 61 
1391580 150 
1391580 68 
1391580 65
1391650 92 
1392118 90 
1392364 90 
1393111 103 
1393111 101 
1393621 100 
1393621 6
1393621 1512
1393621 11
1395619 25 
1395986 75 
1396193 73 
1396498 72 
1396498 70 
1397111 80 
1397231 83 
1397831 64 
1398086 256 
1398337 61 
1398471 150 
1398471 68 
1398471 65
1398536 92 
1399013 90 
1400003 103 
1400003 101 
1400508 100 
1400508 6
1400508 1512
1400508 11
1402510 25 
1402595 75 
1402975 73 
1403281 72 
1403281 70 
1403895 80 
1404028 83 
1404388 64 
1404643 256 
1404775 61 
1404908 150 
1404908 68 
1404908 65
1404968 92 
1405453 90 
1406435 103 
1406435 101 
1406947 100 
1406947 6
1406947 1512
1406947 10
1408946 25 
1409040 75 
1409441 72 
1409441 70 
1410052 80 
1410186 83 
1410439 64 
1410695 256 
1410826 61 
1410959 151 
1410959 69 
1411023 93 
1412488 103 
1412488 101 
1413297 100 
1413297 6
1413297 1512
1413297 11
1415297 25 
1418229 75 
1418631 72 
1418631 70 
1419248 80 
1419368 83 
1420101 64 
1420357 256 
1420488 63 
1420621 151 
1420621 69 
1420690 93 
1421198 91 
1421708 91 
1422151 103 
1422151 101 
1422961 100 
1422961 6
1422961 1512
1422961 11
1424960 25 
1425044 75 
1425446 72 
1425446 70 
1426059 80 
1426179 83 
1427138 64 
1427515 256 
1427645 61 
1427778 150 
1427778 68 
1427778 65
1427843 92 
1428434 90 
1429311 103 
1429311 101 
1429817 100 
1429817 6
1429817 1512
1429817 10
1431817 25 
1432323 75 
1432729 72 
1432729 70 
1433349 80 
1433469 83 
1434189 64 
1434564 256 
1434695 61 
1434828 153 
1434828 68 
1434828 65
1434897 92 
1435308 90 
1436361 103 
1436361 101 
1436868 100 
1436868 6
1436868 1512
1436868 10
1438867 25 
1439197 75 
1439599 72 
1439599 70 
1440506 80 
1440906 76 
1441132 250 
1442585 76 
1442785 83 
1442985 64 
1443187 256 
1443412 61 
1443638 151 
1443638 69 
1443700 93 
1445168 103 
1445168 101 
1445976 100 
1445976 6
1445976 1512
1445976 11
1447977 25 
1448056 75 
1448462 72 
1448462 70 
1449222 80 
1449422 83 
1450622 64 
1451037 256 
1451235 61 
1451435 150 
1451435 68 
1451435 65
1451502 92 
1452167 90 
1452963 103 
1452963 101 
1453473 100 
1453473 6
1453473 1512
1453473 10
1455474 25 
1455651 75 
1456055 72 
1456055 70 
1456886 80 
1457086 250 
1458085 76 
1458872 76 
1459005 83 
1459205 64 
1459407 256 
1459604 61 
1459804 151 
1459804 69 
1459866 93 
1460322 91 
1461334 103 
1461334 101 
1462145 100 
1462145 6
1462145 1512
1462145 10
1464144 25 
1464658 75 
1465064 72 
1465064 70 
1465895 80 
1466095 83 
1467028 64 
1467350 256 
1467948 61 
1468161 151 
1468161 69 
1468228 93 
1469695 103 
1469695 101 
1470501 100 
1470501 6
1470501 1512
1470501 11
1472500 25 
1472580 75 
1472986 72 
1472986 70 
1473812 80 
1474012 83 
1474758 64 
1475173 256 
1475384 62 
1475518 153 
1475518 68 
1475518 65
1475585 92 
1476223 90 
1477050 103 
1477050 101 
1477556 100 
1477556 6
1477556 1512
1477556 10
1479557 25 
1479913 75 
1480315 72 
1480315 70 
1481155 80 
1481355 83 
1481968 64 
1482197 256 
1482408 62 
1482608 151 
1482608 69 
1482671 93 
1483053 91 
1484140 103 
1484140 101 
1484948 100 
1484948 6
1484948 1512
1484948 10
1486946 25 
1487027 75 
1487436 72 
1487436 70 
1488259 80 
1488459 83 
1490418 64 
1490738 256 
1491164 63 
1491364 150 
1491364 68 
1491364 65
1491429 92 
1492897 103 
1492897 101 
1493404 100 
1493404 6
1493404 1512
1493404 10
1495405 25 
1495489 75 
1495890 72 
1495890 70 
1496695 80 
1496829 83 
1497229 64 
1497551 256 
1497775 63 
1497988 150 
1497988 68 
1497988 65
1498053 92 
1499519 103 
1499519 101 
1500026 100 
1500026 6
1500026 1512
1500026 11
1502028 25 
1502117 75 
1502524 72 
1502524 70 
1503306 80 
1503506 83 
1504292 64 
1504695 256 
1505025 61 
1505225 150 
1505225 68 
1505225 65
1505290 92 
1505772 90 
1506757 103 
1506757 101 
1507265 100 
1507265 6
1507265 1512
1507265 11
1509263 25 
1509599 75 
1510121 73 
1510425 72 
1510425 70 
1511289 80 
1511489 83 
1512276 64 
1512704 256 
1512902 61 
1513102 150 
1513102 68 
1513102 65
1513169 92 
1513567 90 
1514631 103 
1514631 101 
1515139 100 
1515139 6
1515139 1512
1515139 11
1517141 25 
1517231 75 
1517637 72 
1517637 70 
1518555 80 
1518753 83 
1518953 64 
1519155 256 
1519352 61 
1519486 150 
1519486 68 
1519486 65
1519551 92 
1519983 90 
1520107 90 
1521014 103 
1521014 101 
1521523 100 
1521523 6
1521523 1512
1521523 11
1523525 25 
1523968 75 
1524373 72 
1524373 70 
1525220 80 
1525430 83 
1525630 64 
1526033 256 
1526229 61 
1526363 150 
1526363 68 
1526363 65
1526427 92 
1526925 90 
1527890 103 
1527890 101 
1528403 100 
1528403 6
1528403 1512
1528403 10
1530403 25 
1530746 75 
1531032 73 
1531336 72 
1531336 70 
1532187 80 
1532387 83 
1533146 64 
1533589 256 
1533800 61 
1534013 151 
1534013 69 
1534077 93 
1535546 103 
1535546 101 
1536353 100 
1536353 6
1536353 1512
1536353 10
1538352 25 
1538431 75 
1538832 72 
1538832 70 
1539611 80 
1539810 83 
1540810 64 
1541012 256 
1541210 61 
1541423 151 
1541423 69 
1541486 93 
1542953 103 
1542953 101 
1543762 100 
1543762 6
1543762 1512
1543762 11
1545762 25 
1545841 75 
1546244 72 
1546244 70 
1547087 80 
1547207 83 
1548300 64 
1548636 62 
1548846 151 
1548846 69 
1548911 93 
1549758 91 
1550091 91 
1550374 103 
1550374 101 
1551185 100 
1551185 6
1551185 1512
1551185 10
1553186 25 
1553270 75 
1553673 72 
1553673 70 
1554484 80 
1554684 83 
1555843 64 
1556273 256 
1556510 61 
1556643 151 
1556643 69 
1556711 93 
1558176 103 
1558176 101 
1558983 100 
1558983 6
1558983 1512
1558983 10
1560982 25 
1561066 75 
1561149 73 
1561556 72 
1561556 70 
1562321 80 
1562507 83 
1564813 64 
1565215 256 
1565413 63 
1565626 150 
1565626 68 
1565626 65
1565692 92 
1567156 103 
1567156 101 
1567665 100 
1567665 6
1567665 1512
1567665 11
1569665 25 
1569751 75 
1570158 72 
1570158 70 
1570944 80 
1571130 83 
1571743 64 
1571972 256 
1572170 63 
1572370 151 
1572370 69 
1572437 93 
1573015 91 
1573594 91 
1573768 91 
1573901 103 
1573901 101 
1574707 100 
1574707 6
1574707 1512
1574707 11
1576709 25 
1576788 75 
1577191 72 
1577191 70 
1578061 80 
1578274 83 
1579833 64 
1580049 256 
1580233 61 
1580486 152 
1580486 69 
1580550 93 
1581704 91 
1582016 103 
1582016 101 
1582824 100 
1582824 6
1582824 1512
1582824 11
1584826 25 
1587139 75 
1587544 72 
1587544 70 
1588336 80 
1588550 83 
1589749 64 
1589976 256 
1590429 63 
1590642 151 
1590642 69 
1590711 93 
1592179 103 
1592179 101 
1592993 100 
1592993 6
1592993 1512
1592993 10
1594995 25 
1595076 75 
1595480 72 
1595480 70 
1596213 80 
1596333 83 
1597172 64 
1597415 256 
1597546 61 
1597679 151 
1597679 69 
1597746 93 
1598903 91 
1599211 103 
1599211 101 
1600017 100 
1600017 6
1600017 1512
1600017 11
1602017 25 
1602097 75 
1602501 72 
1602501 70 
1603117 80 
1603237 83 
1603838 64 
1604209 256 
1605316 62 
1606768 151 
1606768 69 
1636578 91 
1636590 93 
1636590 103 
1636590 101 
1637401 100 
1637401 6
1637401 1512
1637401 11
1639403 25 
1639481 75 
1639885 72 
1639885 70 
1640487 80 
1640607 83 
1643020 64 
1643395 256 
1643526 63 
1643659 151 
1643659 69 
1643743 93 
1644726 91 
1644828 91 
1645202 103 
1645202 101 
1646011 100 
1646011 6
1646011 1512
1646011 11
1648011 25 
1648155 75 
1648557 72 
1648557 70 
1649390 71 
1649630 80 
1649750 83 
1650590 64 
1650845 256 
1650976 61 
1651109 150 
1651109 68 
1651109 65
1651189 92 
1651655 90 
1652655 103 
1652655 101 
1653162 100 
1653162 6
1653162 1512
1653162 10
1655162 25 
1655248 75 
1655653 72 
1655653 70 
1656267 80 
1656387 83 
1657349 64 
1657975 256 
1658093 61 
1658213 151 
1658213 69 
1658281 93 
1658747 91 
1658912 91 
1659394 91 
1659489 91 
1659746 103 
1659746 101 
1660552 100 
1660552 6
1660552 1512
1660552 10
1662552 25 
1662631 75 
1663725 73 
1663958 73 
1664262 72 
1664262 70 
1664877 80 
1665010 83 
1665730 64 
1665971 256 
1666210 61 
1666343 153 
1666343 68 
1666343 65
1666408 92 
1666843 90 
1667871 103 
1667871 101 
1668383 100 
1668383 6
1668383 1512
1668383 10
1670381 25 
1670757 75 
1671160 72 
1671160 70 
1671767 80 
1671887 83 
1672487 64 
1672743 256 
1672874 61 
1673007 151 
1673007 69 
1673072 93 
1673474 91 
1674536 103 
1674536 101 
1675348 100 
1675348 6
1675348 1512
1675348 10
1677346 25 
1678023 75 
1678424 72 
1678424 70 
1679031 80 
1679151 83 
1682043 64 
1682523 256 
1682763 63 
1682896 150 
1682896 68 
1682896 65
1682964 92 
1683537 90 
1684423 103 
1684423 101 
1684936 100 
1684936 6
1684936 1512
1684936 11
1686934 25 
1687009 75 
1687414 72 
1687414 70 
1688014 80 
1688135 83 
1688855 64 
1689349 256 
1689480 61 
1689600 150 
1689600 68 
1689600 65
1689664 92 
1690253 90 
1691130 103 
1691130 101 
1691639 100 
1691639 6
1691639 1512
1691639 11
1693640 25 
1694148 75 
1694554 72 
1694554 70 
1695171 80 
1695304 83 
1695557 64 
1695679 256 
1696077 61 
1696290 150 
1696290 68 
1696290 65
1696368 92 
1696812 90 
1697831 103 
1697831 101 
1698343 100 
1698343 6
1698343 1512
1698343 10
1700343 25 
1701698 75 
1702101 72 
1702101 70 
1703234 80 
1703500 250 
1704087 76 
1704367 83 
1704633 64 
1704929 61 
1705859 151 
1705859 69 
1705923 93 
1706347 91 
1706812 91 
1707391 103 
1707391 101 
1708198 100 
1708198 6
1708198 1512
1708198 11
1710199 25 
1710291 75 
1710693 72 
1710693 70 
1711590 80 
1711884 83 
1712683 64 
1712952 256 
1713656 63 
1713949 153 
1713949 68 
1713949 65
1714780 90 
1714789 92 
1715496 103 
1715496 101 
1716004 100 
1716004 6
1716004 1512
1716004 11
1718002 25 
1718079 75 
1718485 72 
1718485 70 
1719707 250 
1720253 71 
1720373 80 
1720493 83 
1721093 64 
1721351 256 
1721479 63 
1721613 151 
1721613 69 
1721677 93 
1722117 91 
1723147 103 
1723147 101 
1723953 100 
1723953 6
1723953 1512
1723953 10
1725951 25 
1726882 75 
1727287 72 
1727287 70 
1727903 80 
1728037 83 
1728530 64 
1728652 256 
1728783 61 
1728916 151 
1728916 69 
1728982 93 
1729816 91 
1730447 103 
1730447 101 
1731255 100 
1731255 6
1731255 1512
1731255 10
1733255 25 
1733335 75 
1733740 72 
1733740 70 
1734354 80 
1734474 83 
1735433 64 
1735823 256 
1736060 62 
1736193 151 
1736193 69 
1736258 93 
1736693 91 
1737054 91 
1737723 103 
1737723 101 
1738531 100 
1738531 6
1738531 1512
1738531 10
1740533 25 
1740616 75 
1741017 72 
1741017 70 
1741631 80 
1741751 83 
1742470 64 
1742726 256 
1742857 61 
1742990 151 
1742990 69 
1743050 93 
1743973 91 
1744523 103 
1744523 101 
1745330 100 
1745330 6
1745330 1512
1745330 11
1747328 25 
1751125 75 
1751531 72 
1751531 70 
1752146 80 
1752280 83 
1752999 64 
1753374 256 
1753506 61 
1753639 150 
1753639 68 
1753639 65
1753706 92 
1754182 90 
1755170 103 
1755170 101 
1755677 100 
1755677 6
1755677 1512
1755677 11
1757678 25 
1758203 75 
1758605 72 
1758605 70 
1759225 80 
1759343 83 
1759823 64 
1760079 256 
1760210 61 
1760343 150 
1760343 68 
1760343 65
1760409 92 
1760807 90 
1761872 103 
1761872 101 
1762382 100 
1762382 6
1762382 1512
1762382 11
1764383 25 
1764455 75 
1764856 72 
1764856 70 
1765594 71 
1766087 250 
1766460 71 
1766700 80 
1766820 83 
1767180 64 
1767436 61 
1767566 150 
1767566 68 
1767566 65
1767632 92 
1768103 90 
1769101 103 
1769101 101 
1769605 100 
1769605 6
1769605 1512
1769605 10
1771606 25 
1771682 75 
1772084 72 
1772084 70 
1772698 80 
1772818 83 
1773297 64 
1773431 256 
1773566 61 
1773697 151 
1773697 69 
1773760 93 
1774211 91 
1775231 103 
1775231 101 
1776036 100 
1776036 6
1776036 1512
1776036 10
1778037 25 
1778115 75 
1778516 72 
1778516 70 
1780441 71 
1780801 80 
1780921 83 
1781534 64 
1781923 256 
1782174 61 
1782307 151 
1782307 69 
1782372 93 
1782939 91 
1783458 91 
1783839 103 
1783839 101 
1784648 100 
1784648 6
1784648 1512
1784648 10
1786647 25 
1786725 75 
1787127 72 
1787127 70 
1787731 80 
1787851 83 
1788571 64 
1788933 256 
1789051 61 
1789184 153 
1789184 68 
1789184 65
1789245 92 
1789802 90 
1790714 103 
1790714 101 
1791223 100 
1791223 6
1791223 1512
1791223 11
1793222 25 
1793771 75 
1794177 72 
1794177 70 
1794795 80 
1794928 83 
1795408 64 
1795783 256 
1795901 61 
1796034 150 
1796034 68 
1796034 65
1796100 92 
1796619 90 
1797567 103 
1797567 101 
1798073 100 
1798073 6
1798073 1512
1798073 11
1800073 25 
1800776 75 
1801021 73 
1801325 72 
1801325 70 
1801938 80 
1802058 83 
1802418 64 
1802674 256 
1802805 61 
1802938 150 
1802938 68 
1802938 65
1803003 92 
1803408 90 
1804470 103 
1804470 101 
1804977 100 
1804977 6
1804977 1512
1804977 10
1806977 25 
1810067 75 
1810468 72 
1810468 70 
1811083 71 
1811441 80 
1811561 83 
1817319 64 
1817454 256 
1817705 61 
1817838 151 
1817838 69 
1817905 93 
1818383 91 
1818684 91 
1819373 103 
1819373 101 
1820178 100 
1820178 6
1820178 1512
1820178 11
1822179 25 
1827735 75 
1827928 73 
1828234 72 
1828234 70 
1829140 80 
1829340 83 
1829913 64 
1830246 61 
1830446 150 
1830446 68 
1830446 65
1830512 92 
1830905 90 
1831979 103 
1831979 101 
1832485 100 
1832485 6
1832485 1512
1832485 11
1834486 25 
1834571 75 
1834977 72 
1834977 70 
1835777 80 
1835977 83 
1836377 64 
1836606 256 
1836804 61 
1837004 150 
1837004 68 
1837004 65
1837068 92 
1837478 90 
1838541 103 
1838541 101 
1839057 100 
1839057 6
1839057 1512
1839057 11
1841055 25 
1843724 75 
1843902 73 
1844204 72 
1844204 70 
1845027 80 
1845227 83 
1845973 64 
1846190 256 
1846386 61 
1846586 150 
1846586 68 
1846586 65
1846650 92 
1847014 90 
1848116 103 
1848116 101 
1848625 100 
1848625 6
1848625 1512
1848625 10
1850626 25 
1851201 75 
1851603 72 
1851603 70 
1852450 80 
1852663 83 
1852983 64 
1853186 256 
1853317 61 
1853516 151 
1853516 69 
1853580 93 
1855050 103 
1855050 101 
1855855 100 
1855855 6
1855855 1512
1855855 10
1857855 25 
1859983 75 
1860388 72 
1860388 70 
1861153 80 
1861273 83 
1862113 64 
1862608 256 
1862739 61 
1862872 151 
1862872 69 
1862935 93 
1864020 91 
1864306 91 
1864405 103 
1864405 101 
1865212 100 
1865212 6
1865212 1512
1865212 10
1867213 25 
1867293 75 
1867695 72 
1867695 70 
1868297 80 
1868417 83 
1871176 64 
1871431 256 
1871562 63 
1872175 150 
1872175 68 
1872175 65
1872240 92 
1873706 103 
1873706 101 
1874214 100 
1874214 6
1874214 1512
1874214 11
1876214 25 
1876300 75 
1876707 72 
1876707 70 
1877320 80 
1877440 83 
1878399 64 
1878775 256 
1878906 61 
1879039 150 
1879039 68 
1879039 65
1879105 92 
1879596 90 
1880568 103 
1880568 101 
1881079 100 
1881079 6
1881079 1512
1881079 11
1883077 25 
1883774 75 
1883884 73 
1884045 73 
1884346 72 
1884346 70 
1884956 80 
1885076 83 
1885316 64 
1885585 61 
1885729 150 
1885729 68 
1885729 65
1885808 92 
1886214 90 
1887273 103 
1887273 101 
1887780 100 
1887780 6
1887780 1512
1887780 10
1889783 25 
1891818 75 
1892144 73 
1892475 72 
1892475 70 
1893086 80 
1893206 83 
1893686 64 
1893939 256 
1894179 61 
1894312 151 
1894312 69 
1894379 93 
1894840 91 
1895136 91 
1895842 103 
1895842 101 
1896653 100 
1896653 6
1896653 1512
1896653 11
1898651 25 
1898735 75 
1899141 72 
1899141 70 
1899750 80 
1899870 83 
1900363 64 
1900605 256 
1900736 61 
1900870 150 
1900870 68 
1900870 65
1900934 92 
1901535 90 
1902400 103 
1902400 101 
1902908 100 
1902908 6
1902908 1512
1902908 11
1904908 25 
1906028 75 
1906434 72 
1906434 70 
1907054 80 
1907173 83 
1907653 64 
1907896 61 
1908026 150 
1908026 68 
1908026 65
1908097 92 
1908575 90 
1909555 103 
1909555 101 
1910066 100 
1910066 6
1910066 1512
1910066 10
1912065 25 
1913651 75 
1914052 72 
1914052 70 
1914664 80 
1914797 83 
1914930 64 
1915186 256 
1915317 61 
1915450 151 
1915450 69 
1915514 93 
1915905 91 
1916008 91 
1916980 103 
1916980 101 
1917789 100 
1917789 6
1917789 1512
1917789 10
1919790 25 
1929860 254 
1942609 75 
1943021 72 
1943021 70 
1943638 80 
1943758 83 
1944478 64 
1944735 256 
1944997 61 
1945131 151 
1945131 69 
1945188 93 
1945750 91 
1946435 91 
1946662 103 
1946662 101 
1947469 100 
1947469 6
1947469 1512
1947469 10
1949470 25 
1949549 75 
1949953 72 
1949953 70 
1950568 80 
1950688 83 
1952008 64 
1952503 256 
1952981 61 
1953114 153 
1953114 68 
1953114 65
1953182 92 
1953835 90 
1954646 103 
1954646 101 
1955153 100 
1955153 6
1955153 1512
1955153 10
1957154 25 
1959585 75 
1959989 72 
1959989 70 
1960604 80 
1960964 83 
1962457 64 
1962592 256 
1962723 61 
1962856 151 
1962856 69 
1962921 93 
1963424 91 
1963980 91 
1964390 103 
1964390 101 
1965196 100 
1965196 6
1965196 1512
1965196 11
1967195 25 
1977267 254 
1983151 75 
1983303 73 
1983704 72 
1983704 70 
1984301 80 
1984421 83 
1985860 64 
1986115 256 
1986246 61 
1986380 150 
1986380 68 
1986380 65
1986446 92 
1986876 90 
1987909 103 
1987909 101 
1988417 100 
1988417 6
1988417 1512
1988417 10
1990418 25 
1991012 75 
1991412 72 
1991412 70 
1992031 80 
1992524 250 
1993257 76 
1993390 83 
1993510 64 
1993752 256 
1993883 61 
1994017 153 
1994017 68 
1994017 65
1994081 92 
1994494 90 
1995550 103 
1995550 101 
1996056 100 
1996056 6
1996056 1512
1996056 10
1998055 25 
1998146 75 
1998551 72 
1998551 70 
1999161 80 
1999281 83 
1999641 64 
1999896 61 
2000029 151 
2000029 69 
2000093 93 
2000464 91 
2001561 103 
2001561 101 
2002367 100 
2002367 6
2002367 1512
2002367 10
2004367 25 
2014437 254 
2044632 75 
2045035 72 
2045035 70 
2045648 80 
2045768 83 
2046247 64 
2046622 256 
2046741 61 
2046874 151 
2046874 69 
2046938 93 
2047482 91 
2047870 91 
2048406 103 
2048406 101 
2049212 100 
2049212 6
2049212 1512
2049212 11
2051214 25 
2051760 75 
2052161 72 
2052161 70 
2052778 80 
2052911 83 
2053511 64 
2053779 256 
2054031 61 
2054164 150 
2054164 68 
2054164 65
2054231 92 
2054795 90 
2055692 103 
2055692 101 
2056202 100 
2056202 6
2056202 1512
2056202 11
2058204 25 
2058291 75 
2058692 72 
2058692 70 
2059309 80 
2059429 83 
2060028 64 
2060151 256 
2060281 61 
2060415 150 
2060415 68 
2060415 65
2060480 92 
2060876 90 
2061949 103 
2061949 101 
2062454 100 
2062454 6
2062454 1512
2062454 11
2064454 25 
2066190 75 
2066290 73 
2066696 72 
2066696 70 
2067599 80 
2067798 250 
2069131 76 
2070083 76 
2070277 83 
2070477 64 
2070613 256 
2070824 61 
2070944 150 
2070944 68 
2070944 65
2071011 92 
2071440 90 
2072476 103 
2072476 101 
2072984 100 
2072984 6
2072984 1512
2072984 11
2074982 25 
2075335 75 
2075740 72 
2075740 70 
2076595 80 
2076728 250 
2077541 76 
2078394 76 
2079353 76 
2079553 83 
2079753 64 
2079886 256 
2080088 61 
2080220 150 
2080220 68 
2080220 65
2080281 92 
2080895 90 
2081750 103 
2081750 101 
2082257 100 
2082257 6
2082257 1512
2082257 10
2084260 25 
2084919 75 
2085326 72 
2085326 70 
2086150 80 
2086350 83 
2086950 64 
2088645 256 
2088856 61 
2089056 151 
2089056 69 
2089120 93 
2089697 91 
2090207 91 
2090456 91 
2090588 103 
2090588 101 
2091396 100 
2091396 6
2091396 1512
2091396 10
2093394 25 
2096760 75 
2097163 72 
2097163 70 
2098359 71 
2098479 80 
2098679 83 
2100158 64 
2100560 256 
2100891 63 
2101091 150 
2101091 68 
2101091 65
2101156 92 
2102621 103 
2102621 101 
2103130 100 
2103130 6
2103130 1512
2103130 11
2105129 25 
2105202 75 
2105608 72 
2105608 70 
2106369 80 
2106568 83 
2107155 64 
2107357 256 
2107568 63 
2107781 151 
2107781 69 
2107848 93 
2108530 91 
2109310 103 
2109310 101 
2110121 100 
2110121 6
2110121 1512
2110121 10
2112121 25 
2112799 75 
2113199 72 
2113199 70 
2113939 80 
2114059 83 
2114538 64 
2114674 256 
2114805 61 
2114938 151 
2114938 69 
2115002 93 
2115540 91 
2116334 91 
2116468 103 
2116468 101 
2117276 100 
2117276 6
2117276 1512
2117276 11
2119278 25 
2123012 75 
2123416 72 
2123416 70 
2124148 250 
2126320 71 
2126560 71 
2126920 80 
2127053 83 
2127666 64 
2127922 256 
2128053 61 
2128186 150 
2128186 68 
2128186 65
2128258 92 
2128775 90 
2129719 103 
2129719 101 
2130226 100 
2130226 6
2130226 1512
2130226 10
2132226 25 
2132597 75 
2133001 72 
2133001 70 
2133610 80 
2133730 83 
2134450 64 
2134705 256 
2134823 61 
2134956 151 
2134956 69 
2135023 93 
2135551 91 
2135971 91 
2136422 91 
2136488 103 
2136488 101 
2137296 100 
2137296 6
2137296 1512
2137296 11
2139296 25 
2139646 75 
2139833 73 
2140237 72 
2140237 70 
2140836 80 
2140954 83 
2142153 64 
2142408 256 
2142793 62 
2142926 151 
2142926 69 
2142988 93 
2143522 91 
2143709 91 
2143882 91 
2144460 103 
2144460 101 
2145280 100 
2145280 6
2145280 1512
2145280 10
2147279 25 
2147357 75 
2147762 72 
2147762 70 
2148377 80 
2148497 83 
2149217 64 
2149352 256 
2149603 61 
2149737 151 
2149737 69 
2149801 93 
2150350 91 
2151266 103 
2151266 101 
2152077 100 
2152077 6
2152077 1512
2152077 11
2154075 25 
2157624 75 
2158027 72 
2158027 70 
2158639 80 
2158759 83 
2159359 76 
2159852 64 
2159988 256 
2160119 61 
2160252 150 
2160252 68 
2160252 65
2160320 92 
2160902 90 
2161786 103 
2161786 101 
2162291 100 
2162291 6
2162291 1512
2162291 11
2164292 25 
2164806 75 
2165211 72 
2165211 70 
2165810 80 
2165930 83 
2166423 64 
2166678 256 
2166809 61 
2166943 152 
2166943 69 
2167006 93 
2167411 91 
2168473 103 
2168473 101 
2169280 100 
2169280 6
2169280 1512
2169280 10
2171282 25 
2171366 75 
2171770 72 
2171770 70 
2172367 80 
2172500 83 
2173233 64 
2173488 256 
2173620 61 
2173753 151 
2173753 69 
2173815 93 
2174365 91 
2174890 91 
2175263 91 
2175286 103 
2175286 101 
2176091 100 
2176091 6
2176091 1512
2176091 10
2178091 25 
2178451 75 
2178853 72 
2178853 70 
2179471 80 
2179591 83 
2181496 64 
2181992 256 
2182363 61 
2182496 151 
2182496 69 
2182555 93 
2183129 91 
2183654 91 
2184027 103 
2184027 101 
2184837 100 
2184837 6
2184837 1512
2184837 11
2186834 25 
2188782 75 
2189184 72 
2189184 70 
2189800 80 
2189919 83 
2190639 64 
2190895 256 
2191146 61 
2191279 150 
2191279 68 
2191279 65
2191343 92 
2191945 90 
2192812 103 
2192812 101 
2193318 100 
2193318 6
2193318 1512
2193318 11
2195319 25 
2196799 75 
2197120 73 
2197421 72 
2197421 70 
2198036 80 
2198156 83 
2198756 64 
2199011 256 
2199129 61 
2199262 150 
2199262 68 
2199262 65
2199328 92 
2199790 90 
2200623 90 
2200794 103 
2200794 101 
2201300 100 
2201300 6
2201300 1512
2201300 10
2203302 25 
2204577 75 
2204982 72 
2204982 70 
2205593 80 
2205726 83 
2207405 64 
2208380 256 
2208512 61 
2208645 153 
2208645 68 
2208645 65
2208709 92 
2209562 90 
2210154 90 
2210172 103 
2210172 101 
2210685 100 
2210685 6
2210685 1512
2210685 10
2212683 25 
2212870 75 
2213033 73 
2213371 72 
2213371 70 
2214522 80 
2214829 83 
2215655 64 
2215951 256 
2216255 61 
2216561 151 
2216561 69 
2216628 93 
2217184 91 
2217831 91 
2218095 103 
2218095 101 
2218900 100 
2218900 6
2218900 1512
2218900 11
2220901 25 
2221700 75 
2222102 72 
2222102 70 
2223252 80 
2223545 83 
2227330 64 
2227465 63 
2227597 151 
2227597 69 
2267426 91 
2267444 93 
2267444 103 
2267444 101 
2268253 100 
2268253 6
2268253 1512
2268253 11
2270254 25 
2270336 75 
2270740 72 
2270740 70 
2271351 80 
2271471 83 
2271951 64 
2272208 256 
2272338 61 
2272471 150 
2272471 68 
2272471 65
2272537 92 
2273033 90 
2274003 103 
2274003 101 
2274509 100 
2274509 6
2274509 1512
2274509 10
2276509 25 
2277601 75 
2278006 72 
2278006 70 
2278602 80 
2278722 83 
2279201 64 
2279458 256 
2279588 61 
2279721 151 
2279721 69 
2279790 93 
2280499 91 
2281256 103 
2281256 101 
2282060 100 
2282060 6
2282060 1512
2282060 11
2284061 25 
2284139 75 
2284540 72 
2284540 70 
2285159 80 
2285279 83 
2285772 64 
2285907 256 
2286038 61 
2286172 150 
2286172 68 
2286172 65
2286237 92 
2286713 90 
2287704 103 
2287704 101 
2288211 100 
2288211 6
2288211 1512
2288211 10
2290211 25 
2290297 75 
2290702 72 
2290702 70 
2291316 80 
2291436 83 
2291809 64 
2292065 256 
2292182 61 
2292316 151 
2292316 69 
2292377 93 
2292883 91 
2293847 103 
2293847 101 
2294656 100 
2294656 6
2294656 1512
2294656 10
2296654 25 
2296733 75 
2297140 72 
2297140 70 
2297754 80 
2297873 83 
2298833 64 
2299088 256 
2299339 63 
2299473 150 
2299473 68 
2299473 65
2299537 92 
2301001 103 
2301001 101 
2301511 100 
2301511 6
2301511 1512
2301511 11
2303511 25 
2303598 75 
2304000 72 
2304000 70 
2304617 80 
2304737 83 
2305217 64 
2305472 256 
2305603 61 
2305737 150 
2305737 68 
2305737 65
2305800 92 
2306205 90 
2307268 103 
2307268 101 
2307777 100 
2307777 6
2307777 1512
2307777 10
2309776 25 
2309866 75 
2310274 72 
2310274 70 
2310881 80 
2311001 83 
2311361 64 
2311630 61 
2311761 151 
2311761 69 
2311832 93 
2312241 91 
2313295 103 
2313295 101 
2314099 100 
2314099 6
2314099 1512
2314099 10
2316101 25 
2316179 75 
2316583 72 
2316583 70 
2317198 80 
2317318 83 
2318278 64 
2318534 256 
2318665 63 
2318798 150 
2318798 68 
2318798 65
2318863 92 
2320330 103 
2320330 101 
2320835 100 
2320835 6
2320835 1512
2320835 11
2322837 25 
2322928 75 
2323333 72 
2323333 70 
2324222 80 
2324422 83 
2324835 64 
2325092 256 
2325462 63 
2325595 151 
2325595 69 
2325665 93 
2327125 103 
2327125 101 
2327933 100 
2327933 6
2327933 1512
2327933 11
2329933 25 
2330013 75 
2330417 72 
2330417 70 
2331019 80 
2331141 83 
2331859 64 
2332114 256 
2332245 63 
2332379 151 
2332379 69 
2332445 93 
2333513 91 
2333912 103 
2333912 101 
2334717 100 
2334717 6
2334717 1512
2334717 10
2336717 25 
2336796 75 
2337204 72 
2337204 70 
2337790 80 
2337910 83 
2338509 64 
2338765 256 
2338896 61 
2339029 151 
2339029 69 
2339088 93 
2339611 91 
2339891 91 
2340306 91 
2340563 103 
2340563 101 
2341367 100 
2341367 6
2341367 1512
2341367 11
2343368 25 
2349452 75 
2349696 73 
2350018 72 
2350018 70 
2350624 80 
2350744 83 
2351837 64 
2352212 256 
2352343 61 
2352477 150 
2352477 68 
2352477 65
2352552 92 
2353382 90 
2354023 103 
2354023 101 
2354529 100 
2354529 6
2354529 1512
2354529 10
2356530 25 
2357060 75 
2357461 72 
2357461 70 
2358074 80 
2358194 83 
2359994 64 
2360249 256 
2360380 61 
2360513 151 
2360513 69 
2360577 93 
2361141 91 
2361194 91 
2361647 91 
2362047 103 
2362047 101 
2362857 100 
2362857 6
2362857 1512
2362857 10
2364855 25 
2366421 75 
2366930 73 
2368382 73 
2368686 72 
2368686 70 
2369296 80 
2369416 83 
2370496 64 
2370885 256 
2371016 61 
2371149 153 
2371149 68 
2371149 65
2371209 92 
2371879 90 
2372559 90 
2372682 103 
2372682 101 
2373189 100 
2373189 6
2373189 1512
2373189 11
2375188 25 
2376919 75 
2377320 72 
2377320 70 
2377933 80 
2378053 83 
2379492 64 
2384345 256 
2384476 61 
2384610 150 
2384610 68 
2384610 65
2384685 92 
2385156 90 
2386141 103 
2386141 101 
2386647 100 
2386647 6
2386647 1512
2386647 11
2388650 25 
2391171 75 
2391363 73 
2391764 72 
2391764 70 
2392380 80 
2392500 83 
2392979 64 
2393248 61 
2393379 150 
2393379 68 
2393379 65
2393443 92 
2394036 90 
2394769 90 
2394911 103 
2394911 101 
2395417 100 
2395417 6
2395417 1512
2395417 11
2397419 25 
2397505 75 
2397907 72 
2397907 70 
2398511 80 
2398884 76 
2399004 83 
2399137 64 
2399405 61 
2399537 150 
2399537 68 
2399537 65
2399606 92 
2400037 90 
2400897 90 
2401066 103 
2401066 101 
2401574 100 
2401574 6
2401574 1512
2401574 11
2403576 25 
2404433 75 
2404834 72 
2404834 70 
2405454 80 
2405574 83 
2405934 64 
2406203 256 
2406334 61 
2406469 150 
2406469 68 
2406469 65
2406533 92 
2407010 90 
2408000 103 
2408000 101 
2408506 100 
2408506 6
2408506 1512
2408506 10
2410507 25 
2411956 75 
2412361 72 
2412361 70 
2412971 80 
2413091 83 
2413451 64 
2413720 256 
2413851 61 
2413984 151 
2413984 69 
2414062 93 
2414517 91 
2414682 91 
2415527 103 
2415527 101 
2416336 100 
2416336 6
2416336 1512
2416336 11
2418337 25 
2423921 75 
2424057 73 
2424458 72 
2424458 70 
2425592 80 
2425872 83 
2426392 64 
2426781 61 
2426912 150 
2426912 68 
2426912 65
2426975 92 
2427431 90 
2428440 103 
2428440 101 
2428951 100 
2428951 6
2428951 1512
2428951 11
2430951 25 
2431896 75 
2432298 72 
2432298 70 
2432909 80 
2433029 83 
2433389 64 
2433764 256 
2433895 61 
2434029 150 
2434029 68 
2434029 65
2434095 92 
2434474 90 
2435559 103 
2435559 101 
2436068 100 
2436068 6
2436068 1512
2436068 10
2438068 25 
2439276 75 
2439677 72 
2439677 70 
2440293 80 
2440413 83 
2440666 64 
2440921 256 
2441052 61 
2441186 153 
2441186 68 
2441186 65
2441252 92 
2441639 90 
2442718 103 
2442718 101 
2443226 100 
2443226 6
2443226 1512
2443226 10
2445226 25 
2447820 75 
2448225 72 
2448225 70 
2448836 80 
2448956 83 
2449449 64 
2449704 256 
2449835 61 
2449968 151 
2449968 69 
2450035 93 
2450434 91 
2450943 91 
2451502 103 
2451502 101 
2452307 100 
2452307 6
2452307 1512
2452307 10
2454307 25 
2455132 75 
2455327 73 
2455653 72 
2455653 70 
2456272 80 
2456392 83 
2457005 64 
2457394 256 
2457525 61 
2457659 151 
2457659 69 
2457716 93 
2459192 103 
2459192 101 
2459999 100 
2459999 6
2459999 1512
2459999 10
2461998 25 
2462147 75 
2462600 73 
2462876 73 
2463058 73 
2463359 72 
2463359 70 
2463976 80 
2464096 83 
2464829 64 
2465204 256 
2465455 61 
2465588 151 
2465588 69 
2465654 93 
2466097 91 
2467122 103 
2467122 101 
2467929 100 
2467929 6
2467929 1512
2467929 11
2469929 25 
2473191 75 
2473591 72 
2473591 70 
2474212 80 
2474345 83 
2475211 64 
2475480 256 
2475744 61 
2475877 150 
2475877 68 
2475877 65
2475944 92 
2476650 90 
2477408 103 
2477408 101 
2477917 100 
2477917 6
2477917 1512
2477917 11
2479918 25 
2482087 75 
2482247 73 
2482654 72 
2482654 70 
2483274 80 
2483394 83 
2483874 64 
2484249 256 
2484380 61 
2484514 150 
2484514 68 
2484514 65
2484590 92 
2485003 90 
2486061 103 
2486061 101 
2486566 100 
2486566 6
2486566 1512
2486566 10
2488566 25 
2498160 75 
2498260 73 
2498432 73 
2498650 254 
2498746 72 
2498746 70 
2499363 80 
2499481 83 
2500080 64 
2501295 256 
2501427 61 
2501560 151 
2501560 69 
2501618 93 
2502639 91 
2503091 103 
2503091 101 
2503899 100 
2503899 6
2503899 1512
2503899 10
2505899 25 
2505982 75 
2506384 72 
2506384 70 
2506984 80 
2507117 83 
2507957 64 
2508213 256 
2508344 61 
2508477 151 
2508477 69 
2508540 93 
2509079 91 
2510009 103 
2510009 101 
2510817 100 
2510817 6
2510817 1512
2510817 11
2512816 25 
2512902 75 
2513305 72 
2513305 70 
2513915 80 
2514034 83 
2515007 64 
2515276 256 
2515407 61 
2515540 150 
2515540 68 
2515540 65
2515605 92 
2516043 90 
2517079 103 
2517079 101 
2517593 100 
2517593 6
2517593 1512
2517593 10
2519593 25 
2524117 75 
2524517 72 
2524517 70 
2525390 80 
2525590 83 
2526549 64 
2526767 256 
2526962 61 
2527162 151 
2527162 69 
2527228 93 
2527793 91 
2528228 91 
2528694 103 
2528694 101 
2529499 100 
2529499 6
2529499 1512
2529499 10
2531501 25 
2531580 75 
2531985 72 
2531985 70 
2532786 80 
2532906 83 
2533626 64 
2534029 256 
2534359 61 
2534572 151 
2534572 69 
2534635 93 
2535233 91 
2535307 91 
2535752 91 
2536105 103 
2536105 101 
2536910 100 
2536910 6
2536910 1512
2536910 11
2538913 25 
2540203 75 
2540607 72 
2540607 70 
2541476 80 
2541596 83 
2542169 64 
2542371 256 
2542582 61 
2542782 150 
2542782 68 
2542782 65
2542852 92 
2542890 90 
2543312 90 
2543583 90 
2543943 90 
2544317 103 
2544317 101 
2544821 100 
2544821 6
2544821 1512
2544821 10
2546820 25 
2548154 75 
2548558 72 
2548558 70 
2549406 80 
2549526 83 
2549916 64 
2550128 256 
2550339 61 
2550472 151 
2550472 69 
2550536 93 
2552006 103 
2552006 101 
2552810 100 
2552810 6
2552810 1512
2552810 11
2554812 25 
2558075 75 
2558464 73 
2562556 73 
2562859 72 
2562859 70 
2564306 71 
2564666 80 
2564786 83 
2566106 64 
2566241 256 
2566372 61 
2566505 152 
2566505 69 
2566574 93 
2567817 91 
2568018 91 
2568036 103 
2568036 101 
2568843 100 
2568843 6
2568843 1512
2568843 11
2570846 25 
2570924 75 
2571330 72 
2571330 70 
2571930 80 
2572050 83 
2572649 64 
2572892 256 
2573023 61 
2573156 150 
2573156 68 
2573156 65
2573234 92 
2573674 90 
2574437 90 
2574702 103 
2574702 101 
2575207 100 
2575207 6
2575207 1512
2575207 11
2577208 25 
2578554 75 
2578956 72 
2578956 70 
2579567 80 
2579686 83 
2580046 64 
2580302 256 
2580433 61 
2580566 152 
2580566 69 
2580635 93 
2581062 91 
2582096 103 
2582096 101 
2582904 100 
2582904 6
2582904 1512
2582904 11
2584905 25 
2585835 75 
2586238 72 
2586238 70 
2586857 80 
2586990 83 
2587590 64 
2588098 256 
2588736 63 
2588869 151 
2588869 69 
2588932 93 
2589424 91 
2590374 91 
2590403 103 
2590403 101 
2591223 100 
2591223 6
2591223 1512
2591223 10
2593223 25 
2593301 75 
2593701 72 
2593701 70 
2594307 80 
2594427 83 
2595160 64 
2595536 256 
2595666 61 
2595800 151 
2595800 69 
2595864 93 
2596527 91 
2597285 91 
2597332 103 
2597332 101 
2598139 100 
2598139 6
2598139 1512
2598139 10
2600140 25 
2600218 75 
2600619 72 
2600619 70 
2601237 80 
2601357 83 
2602317 64 
2602572 256 
2602703 63 
2603076 150 
2603076 68 
2603076 65
2603144 92 
2604606 103 
2604606 101 
2605116 100 
2605116 6
2605116 1512
2605116 11
2607115 25 
2607188 75 
2607593 72 
2607593 70 
2608194 80 
2608328 83 
2608927 64 
2609063 256 
2609194 63 
2609447 151 
2609447 69 
2609515 93 
2609975 91 
2610269 91 
2610977 103 
2610977 101 
2611785 100 
2611785 6
2611785 1512
2611785 11
2613787 25 
2613865 75 
2614273 72 
2614273 70 
2614871 80 
2614992 83 
2615711 64 
2616099 61 
2616231 150 
2616231 68 
2616231 65
2616300 92 
2616696 90 
2617386 90 
2617761 103 
2617761 101 
2618270 100 
2618270 6
2618270 1512
2618270 11
2620271 25 
2621009 75 
2621412 72 
2621412 70 
2622028 80 
2622148 83 
2622628 64 
2622763 256 
2623028 61 
2623148 150 
2623148 68 
2623148 65
2623217 92 
2624679 103 
2624679 101 
2625188 100 
2625188 6
2625188 1512
2625188 10
2627187 25 
2630817 75 
2631220 72 
2631220 70 
2631824 80 
2631958 83 
2632437 64 
2632693 256 
2632824 61 
2632957 151 
2632957 69 
2633023 93 
2633517 91 
2634119 91 
2634486 103 
2634486 101 
2635296 100 
2635296 6
2635296 1512
2635296 10
2637297 25 
2639966 75 
2640373 72 
2640373 70 
2640994 80 
2641114 83 
2641953 64 
2642089 256 
2642220 61 
2642353 151 
2642353 69 
2642420 93 
2642893 91 
2642944 91 
2643883 103 
2643883 101 
2644693 100 
2644693 6
2644693 1512
2644693 10
2646692 25 
2646771 75 
2647175 72 
2647175 70 
2647791 80 
2647924 83 
2648644 64 
2649139 256 
2649350 61 
2649563 151 
2649563 69 
2649626 93 
2650699 91 
2651094 103 
2651094 101 
2651908 100 
2651908 6
2651908 1512
2651908 10
2653905 25 
2655583 75 
2655986 72 
2655986 70 
2656720 80 
2656854 83 
2657587 64 
2657962 256 
2658093 63 
2658226 150 
2658226 68 
2658226 65
2658293 92 
2659756 103 
2659756 101 
2660266 100 
2660266 6
2660266 1512
2660266 10
2662266 25 
2662356 75 
2662760 72 
2662760 70 
2663372 80 
2663491 83 
2663970 64 
2664106 256 
2664239 63 
2664490 150 
2664490 68 
2664490 65
2664563 92 
2666022 103 
2666022 101 
2666528 100 
2666528 6
2666528 1512
2666528 11
2668531 25 
2669031 75 
2669436 72 
2669436 70 
2670048 80 
2670168 83 
2670661 64 
2670930 61 
2671061 150 
2671061 68 
2671061 65
2671125 92 
2671521 90 
2672269 90 
2672590 103 
2672590 101 
2673099 100 
2673099 6
2673099 1512
2673099 11
2675101 25 
2675185 75 
2675587 72 
2675587 70 
2676192 80 
2676312 83 
2676685 64 
2676954 61 
2677085 150 
2677085 68 
2677085 65
2677151 92 
2677583 90 
2678461 90 
2678619 103 
2678619 101 
2679124 100 
2679124 6
2679124 1512
2679124 11
2681125 25 
2684629 75 
2685031 72 
2685031 70 
2685641 80 
2685761 83 
2686361 64 
2686614 256 
2686736 61 
2686867 150 
2686867 68 
2686867 65
2686934 92 
2687330 90 
2687582 90 
2688403 103 
2688403 101 
2688920 100 
2688920 6
2688920 1512
2688920 10
2690921 25 
2691006 75 
2691406 72 
2691406 70 
2692025 80 
2692145 83 
2692638 64 
2693853 256 
2694133 61 
2694251 151 
2694251 69 
2694310 93 
2694933 91 
2695313 91 
2695565 91 
2695786 103 
2695786 101 
2696602 100 
2696602 6
2696602 1512
2696602 10
2698602 25 
2698682 75 
2699084 72 
2699084 70 
2699702 80 
2699835 83 
2700675 64 
2701051 256 
2701181 61 
2701315 151 
2701315 69 
2701382 93 
2702845 103 
2702845 101 
2703653 100 
2703653 6
2703653 1512
2703653 11
2705654 25 
2708354 75 
2708757 72 
2708757 70 
2709391 71 
2709751 80 
2709884 83 
2710364 64 
2710500 256 
2710617 61 
2710751 150 
2710751 68 
2710751 65
2710818 92 
2711280 90 
2712289 103 
2712289 101 
2712802 100 
2712802 6
2712802 1512
2712802 10
2714803 25 
2715363 75 
2715594 73 
2715927 72 
2715927 70 
2716548 80 
2716681 83 
2717161 64 
2717896 256 
2718267 63 
2718401 150 
2718401 68 
2718401 65
2718465 92 
2719930 103 
2719930 101 
2720439 100 
2720439 6
2720439 1512
2720439 11
2722441 25 
2722525 75 
2722932 72 
2722932 70 
2723545 80 
2723665 83 
2724145 64 
2724400 256 
2724531 61 
2724665 152 
2724665 69 
2724729 93 
2725217 91 
2726196 103 
2726196 101 
2727002 100 
2727002 6
2727002 1512
2727002 10
2729005 25 
2729083 75 
2729489 72 
2729489 70 
2730102 80 
2730222 83 
2730822 64 
2730957 256 
2731089 63 
2731222 150 
2731222 68 
2731222 65
2731290 92 
2732756 103 
2732756 101 
2733264 100 
2733264 6
2733264 1512
2733264 11
2735263 25 
2735347 75 
2735752 72 
2735752 70 
2736340 80 
2736460 83 
2737179 64 
2737448 63 
2737579 151 
2737579 69 
2737641 93 
2738306 91 
2738712 91 
2739109 103 
2739109 101 
2739918 100 
2739918 6
2739918 1512
2739918 10
2741917 25 
2741997 75 
2742400 72 
2742400 70 
2743017 80 
2743137 83 
2743736 64 
2744005 61 
2744136 151 
2744136 69 
2744199 93 
2744604 91 
2745668 103 
2745668 101 
2746475 100 
2746475 6
2746475 1512
2746475 11
2748474 25 
2748560 75 
2748963 72 
2748963 70 
2749574 80 
2749694 83 
2750653 64 
2751028 256 
2751280 62 
2751413 151 
2751413 69 
2751476 93 
2751887 91 
2752301 91 
2752807 91 
2752943 103 
2752943 101 
2753753 100 
2753753 6
2753753 1512
2753753 11
2755753 25 
2755832 75 
2756238 72 
2756238 70 
2757131 80 
2757331 83 
2758077 64 
2758293 256 
2758490 61 
2758623 150 
2758623 68 
2758623 65
2758687 92 
2759192 90 
2760154 103 
2760154 101 
2760662 100 
2760662 6
2760662 1512
2760662 11
2762664 25 
2762735 75 
2763145 72 
2763145 70 
2763861 80 
2763981 83 
2764461 64 
2764717 61 
2764847 150 
2764847 68 
2764847 65
2764913 92 
2765388 90 
2766380 103 
2766380 101 
2766886 100 
2766886 6
2766886 1512
2766886 10
2768887 25 
2768972 75 
2769378 72 
2769378 70 
2769979 80 
2770099 83 
2770578 64 
2770940 256 
2771191 61 
2771325 151 
2771325 69 
2771387 93 
2772447 91 
2772854 103 
2772854 101 
2773663 100 
2773663 6
2773663 1512
2773663 10
2775664 25 
2775743 75 
2776150 72 
2776150 70 
2776762 80 
2776882 83 
2777482 64 
2777739 256 
2777869 63 
2778002 152 
2778002 69 
2778067 93 
2778488 91 
2779534 103 
2779534 101 
2780342 100 
2780342 6
2780342 1512
2780342 11
2782340 25 
2782646 75 
2784348 73 
2784527 73 
2784833 72 
2784833 70 
2785452 80 
2785572 83 
2785932 64 
2786069 256 
2786318 61 
2786452 150 
2786452 68 
2786452 65
2786519 92 
2786997 90 
2787990 103 
2787990 101 
2788502 100 
2788502 6
2788502 1512
2788502 10
2790505 25 
2800582 254 
2808683 75 
2809084 72 
2809084 70 
2809682 80 
2809802 83 
2810415 64 
2810550 256 
2810681 61 
2810815 151 
2810815 69 
2810881 93 
2811414 91 
2811693 91 
2812158 91 
2812345 103 
2812345 101 
2813152 100 
2813152 6
2813152 1512
2813152 11
2815155 25 
2820094 75 
2820496 72 
2820496 70 
2821103 80 
2821224 83 
2821716 64 
2822092 61 
2822223 150 
2822223 68 
2822223 65
2822290 92 
2822724 90 
2823325 90 
2823757 103 
2823757 101 
2824262 100 
2824262 6
2824262 1512
2824262 10
2826262 25 
2828835 75 
2829238 72 
2829238 70 
2829846 80 
2829966 83 
2830686 64 
2831062 256 
2831192 61 
2831326 151 
2831326 69 
2831389 93 
2832607 91 
2832856 103 
2832856 101 
2833663 100 
2833663 6
2833663 1512
2833663 10
2835665 25 
2837147 75 
2837792 73 
2838096 72 
2838096 70 
2838709 80 
2838829 83 
2839442 64 
2839698 256 
2839829 61 
2839962 153 
2839962 68 
2839962 65
2840029 92 
2840479 90 
2841494 103 
2841494 101 
2841999 100 
2841999 6
2841999 1512
2841999 10
2844001 25 
2844087 75 
2844494 72 
2844494 70 
2845107 80 
2845226 83 
2845586 64 
2845855 61 
2845986 151 
2845986 69 
2846052 93 
2847519 103 
2847519 101 
2848326 100 
2848326 6
2848326 1512
2848326 10
2850326 25 
2850404 75 
2850805 72 
2850805 70 
2851424 80 
2851544 83 
2852144 64 
2852518 61 
2852650 151 
2852650 69 
2852713 93 
2853277 91 
2853790 91 
2854184 103 
2854184 101 
2854990 100 
2854990 6
2854990 1512
2854990 11
2856989 25 
2858231 75 
2858633 72 
2858633 70 
2859247 80 
2859367 83 
2860207 64 
2860462 256 
2860580 61 
2860713 150 
2860713 68 
2860713 65
2860778 92 
2861245 90 
2862149 90 
2862248 103 
2862248 101 
2862766 100 
2862766 6
2862766 1512
2862766 10
2864766 25 
2865809 75 
2866210 72 
2866210 70 
2867364 80 
2867697 83 
2871189 64 
2871777 61 
2872055 151 
2872055 69 
2872119 93 
2872287 91 
2872697 91 
2873592 103 
2873592 101 
2874409 100 
2874409 6
2874409 1512
2874409 11
2876408 25 
2877215 75 
2884992 73 
2885293 72 
2885293 70 
2886236 80 
2886436 83 
2887382 64 
2887584 256 
2887782 61 
2887995 150 
2887995 68 
2887995 65
2888060 92 
2888495 90 
2889527 103 
2889527 101 
2890034 100 
2890034 6
2890034 1512
2890034 11
2892035 25 
2892106 75 
2892509 72 
2892509 70 
2893339 80 
2893539 83 
2894046 64 
2894247 61 
2894459 150 
2894459 68 
2894459 65
2894536 92 
2894959 90 
2896004 103 
2896004 101 
2896510 100 
2896510 6
2896510 1512
2896510 11
2898512 25 
2898597 75 
2898998 72 
2898998 70 
2899750 80 
2899950 83 
2900350 64 
2900578 256 
2900789 61 
2900923 150 
2900923 68 
2900923 65
2900984 92 
2901430 90 
2902454 103 
2902454 101 
2902962 100 
2902962 6
2902962 1512
2902962 11
2904961 25 
2906106 75 
2906233 73 
2906553 72 
2906553 70 
2907307 80 
2907507 83 
2908093 64 
2908295 256 
2908493 61 
2908693 150 
2908693 68 
2908693 65
2908758 92 
2909146 90 
2910225 103 
2910225 101 
2910732 100 
2910732 6
2910732 1512
2910732 11
2912732 25 
2919669 75 
2919831 73 
2920237 72 
2920237 70 
2921061 80 
2921247 83 
2921634 64 
2921835 256 
2922260 61 
2922477 152 
2922477 69 
2922537 93 
2923510 91 
2923907 91 
2924006 103 
2924006 101 
2924813 100 
2924813 6
2924813 1512
2924813 10
2926814 25 
2930934 75 
2931340 72 
2931340 70 
2932069 80 
2932189 83 
2932791 64 
2933044 61 
2933176 151 
2933176 69 
2933240 93 
2933780 91 
2933813 91 
2934503 91 
2934708 103 
2934708 101 
2935515 100 
2935515 6
2935515 1512
2935515 10
2937514 25 
2937598 75 
2938003 72 
2938003 70 
2938613 71 
2938973 80 
2939093 83 
2940173 64 
2940428 256 
2940546 61 
2940679 151 
2940679 69 
2940743 93 
2941517 91 
2941887 91 
2942210 103 
2942210 101 
2943019 100 
2943019 6
2943019 1512
2943019 10
2945019 25 
2945290 75 
2945692 72 
2945692 70 
2946277 80 
2946397 83 
2947250 64 
2947505 256 
2947636 61 
2947769 151 
2947769 69 
2947836 93 
2948524 91 
2949038 91 
2949298 103 
2949298 101 
2950114 100 
2950114 6
2950114 1512
2950114 11
2952114 25 
2952391 75 
2952798 72 
2952798 70 
2953407 80 
2953527 83 
2954247 64 
2954501 256 
2954633 63 
2954766 151 
2954766 69 
2954831 93 
2955275 91 
2955934 91 
2956299 103 
2956299 101 
2957106 100 
2957106 6
2957106 1512
2957106 11
2959106 25 
2959235 75 
2959637 72 
2959637 70 
2960257 80 
2960377 83 
2961470 64 
2961847 256 
2961977 61 
2962110 150 
2962110 68 
2962110 65
2962182 92 
2962718 90 
2963637 103 
2963637 101 
2963682 102 
