0 100 
0 5
0 1554
0 11
1994 25 
2954 75 
3559 72 
3559 70 
4306 80 
4372 83 
4612 64 
4867 256 
4933 62 
4999 150 
4999 68 
4999 65
5089 92 
6531 103 
6531 101 
7036 100 
7036 5
7036 1554
7036 11
9039 25 
9083 75 
9691 72 
9691 70 
10210 80 
10277 83 
10343 64 
10477 256 
10545 62 
10610 150 
10610 68 
10610 65
10698 92 
12144 103 
12144 101 
12650 100 
12650 5
12650 1554
12650 11
14649 25 
14695 75 
15296 72 
15296 70 
15794 80 
15861 250 
16727 76 
16794 83 
17127 64 
17263 62 
17327 152 
17327 69 
17408 93 
18455 91 
18857 103 
18857 101 
19765 100 
19765 5
19765 1554
19765 11
21766 25 
21812 75 
22414 72 
22414 70 
22911 80 
22978 83 
23205 64 
23471 63 
23538 151 
23538 69 
23618 93 
25076 103 
25076 101 
25990 100 
25990 5
25990 1554
25990 10
27989 25 
28036 75 
29828 73 
30330 72 
30330 70 
30855 80 
30921 83 
31374 64 
31641 62 
31721 151 
31721 69 
31801 93 
33255 103 
33255 101 
34160 100 
34160 5
34160 1554
34160 10
36160 25 
36210 75 
36418 73 
37020 72 
37020 70 
37519 80 
37585 83 
38078 64 
38281 256 
38346 61 
38412 151 
38412 69 
38493 93 
39941 103 
39941 101 
40849 100 
40849 5
40849 1554
40849 11
42852 25 
42900 75 
43503 72 
43503 70 
44023 80 
44089 83 
44396 64 
44531 256 
44596 62 
44662 150 
44662 68 
44662 65
44746 92 
46194 103 
46194 101 
46700 100 
46700 5
46700 1554
46700 10
48701 25 
48748 75 
49349 72 
49349 70 
49860 80 
49927 83 
50300 64 
50502 256 
50566 61 
50633 151 
50633 69 
50715 93 
52166 103 
52166 101 
53071 100 
53071 5
53071 1554
53071 10
55073 25 
55119 75 
55721 72 
55721 70 
56217 80 
56284 83 
56977 64 
57179 256 
57244 63 
57310 150 
57310 68 
57310 65
57393 92 
58839 103 
58839 101 
59350 100 
59350 5
59350 1554
59350 10
61350 25 
61400 75 
62000 72 
62000 70 
62535 80 
62601 83 
62668 64 
62868 256 
62937 63 
63015 150 
63015 68 
63015 65
63098 92 
64548 103 
64548 101 
65053 100 
65053 5
65053 1554
65053 11
67054 25 
67100 75 
67706 72 
67706 70 
68239 80 
68306 83 
68439 64 
68641 62 
68706 150 
68706 68 
68706 65
68788 92 
70239 103 
70239 101 
70748 100 
70748 5
70748 1554
70748 10
72746 25 
72791 75 
73394 72 
73394 70 
73890 80 
73957 83 
74223 64 
74892 256 
74957 63 
75023 150 
75023 68 
75023 65
75105 92 
76551 103 
76551 101 
77063 100 
77063 5
77063 1554
77063 10
79063 25 
79113 75 
79716 72 
79716 70 
80248 80 
80314 83 
80381 64 
80583 256 
80647 63 
80714 150 
80714 68 
80714 65
80797 92 
82244 103 
82244 101 
82753 100 
82753 5
82753 1554
82753 10
84754 25 
84799 75 
85402 72 
85402 70 
85925 80 
85992 83 
86058 64 
86263 256 
86338 63 
86405 150 
86405 68 
86405 65
86487 92 
87935 103 
87935 101 
88444 100 
88444 5
88444 1554
88444 11
90445 25 
90490 75 
91095 72 
91095 70 
91616 80 
91683 83 
91816 64 
92016 62 
92096 150 
92096 68 
92096 65
92183 92 
93626 103 
93626 101 
94134 100 
94134 5
94134 1554
94134 10
96135 25 
96186 75 
96789 72 
96789 70 
97320 80 
97387 83 
97454 64 
97723 63 
97800 150 
97800 68 
97800 65
97882 92 
99330 103 
99330 101 
99839 100 
99839 5
99839 1554
99839 11
101839 25 
101885 75 
102491 72 
102491 70 
103011 80 
103078 83 
103211 64 
103414 62 
103478 150 
103478 68 
103478 65
103560 92 
105013 103 
105013 101 
105518 100 
105518 5
105518 1554
105518 11
107516 25 
107564 75 
108006 73 
108510 72 
108510 70 
109169 80 
109262 83 
109355 64 
109531 62 
109635 150 
109635 68 
109635 65
109718 92 
111167 103 
111167 101 
111676 100 
111676 5
111676 1554
111676 10
113674 25 
113725 75 
114332 72 
114332 70 
114966 80 
115033 250 
116366 76 
116432 83 
116699 64 
116901 62 
116966 150 
116966 68 
116966 65
117042 92 
118496 103 
118496 101 
119004 100 
119004 5
119004 1554
119004 11
121005 25 
121051 75 
121657 72 
121657 70 
122163 80 
122230 83 
122497 64 
122699 256 
122763 62 
122830 152 
122830 69 
122913 93 
124359 103 
124359 101 
125270 100 
125270 5
125270 1554
125270 10
127270 25 
127315 75 
127923 72 
127923 70 
128441 80 
128507 83 
129814 64 
130149 256 
130213 61 
130280 151 
130280 69 
130354 93 
130719 91 
131626 91 
131809 103 
131809 101 
132724 100 
132724 5
132724 1554
132724 11
134723 25 
134766 75 
135371 72 
135371 70 
135891 80 
135958 83 
137517 64 
138053 62 
138117 152 
138117 69 
138200 93 
138583 91 
139647 103 
139647 101 
140555 100 
140555 5
140555 1554
140555 10
142556 25 
142603 75 
143209 72 
143209 70 
143714 80 
143781 83 
144981 64 
145450 62 
145514 151 
145514 69 
145600 93 
145992 91 
146701 91 
147046 103 
147046 101 
147953 100 
147953 5
147953 1554
147953 10
149953 25 
149998 75 
150602 72 
150602 70 
151098 80 
151165 83 
151645 64 
153312 62 
153377 151 
153377 69 
153460 93 
153923 91 
154428 91 
154908 103 
154908 101 
155816 100 
155816 5
155816 1554
155816 11
157817 25 
157928 75 
158530 72 
158530 70 
159041 80 
159108 83 
159535 64 
159950 256 
160014 61 
160081 151 
160081 69 
160165 93 
160915 91 
161447 91 
161609 103 
161609 101 
162521 100 
162521 5
162521 1554
162521 11
164520 25 
164571 75 
165177 72 
165177 70 
165706 80 
165772 83 
166705 64 
166973 63 
167038 151 
167038 69 
167119 93 
167758 91 
168571 103 
168571 101 
169477 100 
169477 5
169477 1554
169477 10
171476 25 
171523 75 
172126 72 
172126 70 
172623 80 
172689 83 
173262 64 
175864 62 
175928 151 
175928 69 
176008 93 
176463 91 
177196 91 
177462 103 
177462 101 
178365 100 
178365 5
178365 1554
178365 10
180367 25 
180414 75 
181019 72 
181019 70 
181526 80 
181592 83 
182072 64 
183275 61 
183338 151 
183338 69 
183422 93 
183873 91 
184271 91 
184867 103 
184867 101 
185779 100 
185779 5
185779 1554
185779 11
187778 25 
187823 75 
188430 72 
188430 70 
188936 80 
189002 83 
190229 64 
191164 62 
191228 150 
191228 68 
191228 65
191311 92 
191705 90 
191784 90 
192759 103 
192759 101 
193281 100 
193281 5
193281 1554
193281 11
195281 25 
195331 75 
195942 72 
195942 70 
196453 80 
196519 83 
196719 64 
196854 256 
196919 62 
196986 150 
196986 68 
196986 65
197068 92 
198516 103 
198516 101 
199025 100 
199025 5
199025 1554
199025 10
201026 25 
201077 75 
201683 72 
201683 70 
202224 80 
202290 83 
202423 64 
202612 256 
202677 63 
202743 150 
202743 68 
202743 65
202830 92 
204273 103 
204273 101 
204783 100 
204783 5
204783 1554
204783 11
206782 25 
206828 75 
207433 72 
207433 70 
207941 80 
208008 83 
208208 64 
208410 256 
208474 62 
208541 150 
208541 68 
208541 65
208624 92 
210074 103 
210074 101 
210581 100 
210581 5
210581 1554
210581 10
212581 25 
212626 75 
213229 72 
213229 70 
213779 80 
213845 250 
214445 76 
214512 83 
214685 64 
214901 63 
215125 150 
215125 68 
215125 65
215208 92 
216653 103 
216653 101 
217163 100 
217163 5
217163 1554
217163 11
219165 25 
219210 75 
219811 72 
219811 70 
220469 80 
220536 83 
220656 64 
220794 62 
220869 150 
220869 68 
220869 65
220950 92 
222399 103 
222399 101 
222908 100 
222908 5
222908 1554
222908 11
224912 25 
224973 75 
225577 72 
225577 70 
226360 250 
226709 71 
226960 80 
227227 250 
227826 76 
227933 83 
228146 64 
228362 62 
228466 150 
228466 68 
228466 65
228550 92 
230000 103 
230000 101 
230518 100 
230518 5
230518 1554
230518 11
232518 25 
232566 75 
233170 72 
233170 70 
233797 80 
233864 83 
233930 64 
234093 256 
234210 62 
234317 150 
234317 68 
234317 65
234400 92 
235845 103 
235845 101 
236357 100 
236357 5
236357 1554
236357 10
238356 25 
238407 75 
239014 72 
239014 70 
239636 80 
239741 83 
239915 64 
240077 256 
240195 63 
240301 150 
240301 68 
240301 65
240388 92 
241834 103 
241834 101 
242339 100 
242339 5
242339 1554
242339 10
244341 25 
244393 75 
244996 72 
244996 70 
245579 80 
245646 83 
245739 64 
245954 256 
246019 63 
246087 152 
246087 69 
246168 93 
247617 103 
247617 101 
248524 100 
248524 5
248524 1554
248524 11
250524 25 
250570 75 
251177 72 
251177 70 
251776 80 
251870 83 
251976 64 
252298 62 
252403 150 
252403 68 
252403 65
252484 92 
253203 90 
253936 103 
253936 101 
254443 100 
254443 5
254443 1554
254443 10
256443 25 
256619 75 
257226 72 
257226 70 
257867 80 
257960 83 
258054 64 
258256 256 
258320 63 
258387 150 
258387 68 
258387 65
258471 92 
259916 103 
259916 101 
260425 100 
260425 5
260425 1554
260425 11
262426 25 
262551 75 
263156 72 
263156 70 
263811 80 
263905 83 
264065 64 
264240 62 
264358 150 
264358 68 
264358 65
264441 92 
265889 103 
265889 101 
266395 100 
266395 5
266395 1554
266395 10
268398 25 
268448 75 
269054 72 
269054 70 
269716 80 
269795 250 
270595 76 
272594 76 
272701 83 
272901 64 
273236 63 
273341 150 
273341 68 
273341 65
273420 92 
274869 103 
274869 101 
275380 100 
275380 5
275380 1554
275380 10
277380 25 
277432 75 
278039 72 
278039 70 
278659 80 
278725 83 
278858 64 
279127 63 
279192 150 
279192 68 
279192 65
279269 92 
280724 103 
280724 101 
281232 100 
281232 5
281232 1554
281232 11
283231 25 
283335 75 
283940 72 
283940 70 
284456 80 
284523 83 
284723 64 
284856 256 
284925 62 
284989 150 
284989 68 
284989 65
285067 92 
286518 103 
286518 101 
287029 100 
287029 5
287029 1554
287029 11
289030 25 
289100 75 
289294 73 
289865 72 
289865 70 
290520 250 
290907 71 
291093 80 
291160 83 
291413 64 
291549 256 
291613 62 
291680 150 
291680 68 
291680 65
291753 92 
293211 103 
293211 101 
293719 100 
293719 2
293719 1554
293719 10
293719 78 
295719 25 
295764 75 
296238 73 
296739 72 
296739 70 
297237 80 
297304 83 
297491 64 
297694 63 
297757 151 
297757 69 
297843 93 
299287 103 
299287 101 
300195 100 
300195 2
300195 1554
300195 11
302196 25 
302242 75 
302526 73 
303028 72 
303028 70 
303528 80 
303595 83 
303795 64 
303997 62 
304075 151 
304075 69 
304155 93 
305208 91 
305604 103 
305604 101 
306515 100 
306515 2
306515 1554
306515 10
308514 25 
308560 75 
309163 72 
309163 70 
309672 80 
309739 83 
311178 64 
311780 62 
311845 151 
311845 69 
311930 93 
312320 91 
313378 103 
313378 101 
314284 100 
314284 2
314284 1554
314284 11
316284 25 
316498 75 
317100 72 
317100 70 
317602 80 
317669 83 
318389 64 
319657 256 
319721 62 
319789 153 
319789 68 
319789 65
319866 92 
320330 90 
321321 103 
321321 101 
321839 100 
321839 2
321839 1554
321839 10
323841 25 
324213 75 
324817 72 
324817 70 
325333 80 
325466 250 
326119 76 
326185 83 
326319 64 
326665 63 
326732 151 
326732 69 
326815 93 
327802 91 
328259 103 
328259 101 
329172 100 
329172 2
329172 1554
329172 10
331170 25 
331218 75 
331825 72 
331825 70 
332343 80 
332410 83 
332876 64 
334717 256 
334782 61 
334848 150 
334848 68 
334848 65
334932 92 
335276 90 
336380 103 
336380 101 
336889 100 
336889 2
336889 1554
336889 10
338887 25 
338934 75 
339538 72 
339538 70 
340046 80 
340113 83 
340313 64 
340635 61 
340699 150 
340699 68 
340699 65
340782 92 
342229 103 
342229 101 
342738 100 
342738 2
342738 1554
342738 11
344738 25 
344785 75 
345387 72 
345387 70 
345911 80 
345977 83 
346404 64 
346672 256 
346737 62 
346804 151 
346804 69 
346885 93 
347393 91 
347957 91 
348301 91 
348334 103 
348334 101 
349244 100 
349244 2
349244 1554
349244 11
351244 25 
351306 75 
351908 72 
351908 70 
352415 80 
352481 83 
353374 64 
354363 61 
354427 151 
354427 69 
354508 93 
355005 91 
355960 103 
355960 101 
356866 100 
356866 2
356866 1554
356866 10
358865 25 
358917 75 
359523 72 
359523 70 
360038 80 
360105 83 
360784 64 
361226 256 
361291 61 
361371 150 
361371 68 
361371 65
361455 92 
362900 103 
362900 101 
363411 100 
363411 2
363411 1554
363411 11
365409 25 
365461 75 
366067 72 
366067 70 
366569 80 
366635 83 
367901 64 
368288 63 
368355 150 
368355 68 
368355 65
368440 92 
369885 103 
369885 101 
370395 100 
370395 2
370395 1554
370395 11
372395 25 
372584 75 
373188 72 
373188 70 
373726 80 
373926 250 
374592 76 
374659 83 
374859 64 
375127 63 
375192 152 
375192 69 
375274 93 
376078 91 
376722 103 
376722 101 
377631 100 
377631 2
377631 1554
377631 10
379631 25 
379677 75 
380280 72 
380280 70 
380963 80 
381083 83 
381203 64 
381538 256 
381602 61 
381736 150 
381736 68 
381736 65
381820 92 
382295 90 
383269 103 
383269 101 
383774 100 
383774 2
383774 1554
383774 11
385776 25 
385826 75 
386431 72 
386431 70 
387067 80 
387187 83 
388573 64 
389228 62 
389359 151 
389359 69 
389442 93 
390895 103 
390895 101 
391811 100 
391811 2
391811 1554
391811 10
393812 25 
393857 75 
394462 72 
394462 70 
395130 80 
395250 83 
395397 64 
395783 61 
395850 150 
395850 68 
395850 65
395932 92 
397380 103 
397380 101 
397889 100 
397889 2
397889 1554
397889 10
399889 25 
399939 75 
400545 72 
400545 70 
401181 250 
401676 71 
401874 80 
402261 250 
403715 76 
403780 83 
404046 64 
404249 61 
404313 150 
404313 68 
404313 65
404396 92 
405843 103 
405843 101 
406357 100 
406357 2
406357 1554
406357 11
408356 25 
408411 75 
409016 72 
409016 70 
409538 80 
409604 83 
410044 64 
410244 256 
410313 63 
410377 150 
410377 68 
410377 65
410459 92 
411906 103 
411906 101 
412418 100 
412418 2
412418 1554
412418 10
414416 25 
414467 75 
415072 72 
415072 70 
415575 80 
415642 83 
416148 64 
416550 61 
416615 152 
416615 69 
416697 93 
417604 91 
418148 103 
418148 101 
419054 100 
419054 2
419054 1554
419054 11
421055 25 
421099 75 
421702 72 
421702 70 
422226 80 
422292 83 
424278 64 
425467 62 
425531 151 
425531 69 
425614 93 
426024 91 
427065 103 
427065 101 
427968 100 
427968 2
427968 1554
427968 10
429970 25 
430015 75 
430620 72 
430620 70 
431155 80 
431222 83 
431475 64 
431677 256 
431742 61 
431822 150 
431822 68 
431822 65
431906 92 
433355 103 
433355 101 
433862 100 
433862 2
433862 1554
433862 11
435861 25 
435906 75 
436508 72 
436508 70 
437033 80 
437099 83 
437606 64 
437874 256 
437939 63 
438006 150 
438006 68 
438006 65
438089 92 
439533 103 
439533 101 
440046 100 
440046 2
440046 1554
440046 11
442047 25 
442096 75 
442200 73 
442766 72 
442766 70 
443270 80 
443337 83 
443470 64 
443739 63 
443803 150 
443803 68 
443803 65
443886 92 
445335 103 
445335 101 
445841 100 
445841 2
445841 1554
445841 11
447843 25 
448066 75 
448671 72 
448671 70 
449174 80 
449241 83 
449801 64 
451722 256 
451787 62 
451853 151 
451853 69 
451937 93 
452365 91 
453387 103 
453387 101 
454293 100 
454293 2
454293 1554
454293 10
456293 25 
456352 75 
456958 72 
456958 70 
457478 80 
457544 83 
457744 64 
458077 61 
458144 150 
458144 68 
458144 65
458228 92 
459677 103 
459677 101 
460182 100 
460182 2
460182 1554
460182 10
462184 25 
462229 75 
462829 72 
462829 70 
463368 250 
463795 71 
463982 80 
464048 83 
464315 64 
464517 256 
464581 61 
464648 150 
464648 68 
464648 65
464730 92 
466179 103 
466179 101 
466685 100 
466685 2
466685 1554
466685 11
468687 25 
468732 75 
469337 72 
469337 70 
469846 80 
469912 83 
470179 64 
470381 256 
470446 63 
470512 152 
470512 69 
470593 93 
472042 103 
472042 101 
472951 100 
472951 2
472951 1554
472951 10
474951 25 
474997 75 
475599 72 
475599 70 
476123 80 
476190 83 
476456 64 
476792 256 
476856 61 
476923 150 
476923 68 
476923 65
477009 92 
478457 103 
478457 101 
478960 100 
478960 2
478960 1554
478960 10
480961 25 
481021 75 
481628 72 
481628 70 
482161 80 
482294 250 
483613 76 
483680 83 
483813 64 
484013 256 
484083 61 
484147 150 
484147 68 
484147 65
484226 92 
485676 103 
485676 101 
486185 100 
486185 2
486185 1554
486185 10
488185 25 
488237 75 
488431 73 
489083 73 
489588 72 
489588 70 
490104 80 
490304 250 
490837 76 
490904 83 
491037 64 
491239 61 
491304 150 
491304 68 
491304 65
491387 92 
492442 90 
492833 103 
492833 101 
493344 100 
493344 6
493344 1554
493344 11
493344 78 
495343 25 
495394 75 
495999 72 
495999 70 
496515 80 
496581 83 
496781 64 
496984 256 
497048 63 
497128 151 
497128 69 
497209 93 
497724 91 
498662 103 
498662 101 
499567 100 
499567 6
499567 1554
499567 11
501566 25 
501741 75 
502348 72 
502348 70 
503019 80 
503085 83 
504472 64 
506580 61 
506644 150 
506644 68 
506644 65
506718 92 
507077 90 
508175 103 
508175 101 
508684 100 
508684 6
508684 1554
508684 11
510683 25 
510733 75 
511338 72 
511338 70 
511842 80 
511908 83 
512108 64 
512497 256 
512561 61 
512628 150 
512628 68 
512628 65
512711 92 
514158 103 
514158 101 
514666 100 
514666 6
514666 1554
514666 10
516667 25 
516712 75 
517320 72 
517320 70 
517866 80 
518746 250 
519467 76 
519532 83 
520065 64 
520267 62 
520332 151 
520332 69 
520410 93 
521865 103 
521865 101 
522771 100 
522771 6
522771 1554
522771 11
524770 25 
524816 75 
525419 72 
525419 70 
525956 80 
526022 83 
526542 64 
526746 61 
526809 150 
526809 68 
526809 65
526893 92 
528339 103 
528339 101 
528848 100 
528848 6
528848 1554
528848 10
530847 25 
530900 75 
531504 72 
531504 70 
532033 80 
532167 250 
532753 76 
532820 83 
532953 64 
533155 256 
533220 61 
533286 151 
533286 69 
533369 93 
534307 91 
534815 103 
534815 101 
535726 100 
535726 6
535726 1554
535726 10
537725 25 
537771 75 
538375 72 
538375 70 
538870 80 
538937 83 
539204 64 
540965 61 
541030 151 
541030 69 
541111 93 
541595 91 
542479 91 
542562 103 
542562 101 
543467 100 
543467 6
543467 1554
543467 11
545469 25 
545519 75 
546122 72 
546122 70 
546627 80 
546694 83 
547374 64 
547576 256 
547640 61 
547707 150 
547707 68 
547707 65
547787 92 
549235 103 
549235 101 
549747 100 
549747 6
549747 1554
549747 11
551747 25 
551797 75 
552403 72 
552403 70 
552905 80 
552971 83 
553225 64 
553360 256 
553425 61 
553491 152 
553491 69 
553573 93 
554168 91 
555024 103 
555024 101 
555931 100 
555931 6
555931 1554
555931 10
557931 25 
557976 75 
558583 72 
558583 70 
559089 80 
559156 83 
560502 64 
561756 256 
561821 62 
561888 151 
561888 69 
561959 93 
562414 91 
562840 91 
563419 103 
563419 101 
564326 100 
564326 6
564326 1554
564326 11
566327 25 
566373 75 
566981 72 
566981 70 
567500 80 
567565 83 
568138 64 
568407 256 
568472 61 
568538 150 
568538 68 
568538 65
568616 92 
570069 103 
570069 101 
570578 100 
570578 6
570578 1554
570578 10
572579 25 
572623 75 
573225 72 
573225 70 
573736 80 
573803 83 
574069 76 
574696 64 
575165 63 
575242 150 
575242 68 
575242 65
575327 92 
576771 103 
576771 101 
577282 100 
577282 6
577282 1554
577282 10
579285 25 
579345 75 
579949 72 
579949 70 
580480 80 
580546 83 
581679 64 
585627 256 
585691 62 
585758 151 
585758 69 
585839 93 
587292 103 
587292 101 
588201 100 
588201 6
588201 1554
588201 10
590200 25 
590255 75 
590861 72 
590861 70 
591369 80 
591435 83 
592355 64 
593357 61 
593421 151 
593421 69 
593502 93 
593932 91 
594841 91 
594953 103 
594953 101 
595860 100 
595860 6
595860 1554
595860 11
597861 25 
597907 75 
598507 72 
598507 70 
599006 80 
599072 83 
599379 64 
599714 61 
599792 150 
599792 68 
599792 65
599876 92 
601324 103 
601324 101 
601830 100 
601830 6
601830 1554
601830 11
603831 25 
603881 75 
604485 72 
604485 70 
605110 80 
605243 250 
605856 76 
606856 76 
607655 76 
608937 76 
609068 83 
609575 64 
609764 256 
609828 61 
609961 150 
609961 68 
609961 65
610043 92 
611491 103 
611491 101 
612001 100 
612001 6
612001 1554
612001 11
614001 25 
614046 75 
614653 72 
614653 70 
615319 80 
615452 250 
616000 76 
616678 76 
617704 76 
617838 83 
617958 64 
618213 61 
618331 150 
618331 68 
618331 65
618415 92 
619010 90 
619859 103 
619859 101 
620370 100 
620370 6
620370 1554
620370 10
622370 25 
622420 75 
623027 72 
623027 70 
623675 80 
623795 83 
623982 64 
624237 63 
624368 150 
624368 68 
624368 65
624452 92 
625900 103 
625900 101 
626408 100 
626408 6
626408 1554
626408 10
628408 25 
628458 75 
629059 72 
629059 70 
629739 80 
629859 83 
630419 64 
631714 62 
631779 151 
631779 69 
631859 93 
632206 91 
633310 103 
633310 101 
634219 100 
634219 6
634219 1554
634219 11
636217 25 
636264 75 
636868 72 
636868 70 
637510 80 
637629 83 
637816 64 
638203 61 
638336 150 
638336 68 
638336 65
638419 92 
639868 103 
639868 101 
640376 100 
640376 6
640376 1554
640376 10
642376 25 
642425 75 
643031 72 
643031 70 
643680 80 
643800 83 
645400 64 
645868 256 
645999 62 
646066 151 
646066 69 
646147 93 
647598 103 
647598 101 
648505 100 
648505 6
648505 1554
648505 10
650509 25 
650593 75 
652269 73 
652772 72 
652772 70 
653290 80 
653356 83 
653889 64 
655358 62 
655422 151 
655422 69 
655499 93 
655929 91 
656956 103 
656956 101 
657860 100 
657860 6
657860 1554
657860 11
659861 25 
659914 75 
660517 72 
660517 70 
661020 80 
661086 83 
662113 64 
662315 256 
662379 61 
662446 150 
662446 68 
662446 65
662528 92 
663778 90 
663980 103 
663980 101 
664498 100 
664498 6
664498 1554
664498 11
666498 25 
666544 75 
667148 72 
667148 70 
667670 80 
667737 250 
668337 76 
669003 76 
669070 83 
669270 64 
669405 256 
669470 61 
669536 152 
669536 69 
669619 93 
670219 91 
671068 103 
671068 101 
671976 100 
671976 6
671976 1554
671976 11
673975 25 
674021 75 
674626 72 
674626 70 
675147 80 
675214 83 
675760 64 
676893 62 
676960 151 
676960 69 
677038 93 
677448 91 
678028 91 
678491 103 
678491 101 
679398 100 
679398 6
679398 1554
679398 10
681400 25 
681446 75 
682048 72 
682048 70 
682571 80 
682637 83 
683224 64 
684559 256 
684690 63 
684757 150 
684757 68 
684757 65
684831 92 
686285 103 
686285 101 
686796 100 
686796 6
686796 1554
686796 10
688796 25 
688847 75 
689072 73 
689574 72 
689574 70 
690101 80 
690168 83 
690368 64 
690636 256 
690701 63 
690767 150 
690767 68 
690767 65
690849 92 
692297 103 
692297 101 
692808 100 
692808 6
692808 1554
692808 11
694807 25 
694852 75 
695454 72 
695454 70 
695965 80 
696032 83 
696325 64 
696927 256 
696992 61 
697058 150 
697058 68 
697058 65
697136 92 
697569 90 
698588 103 
698588 101 
699097 100 
699097 6
699097 1554
699097 10
701099 25 
701143 75 
701750 72 
701750 70 
702256 80 
702323 83 
703535 64 
703802 63 
703869 150 
703869 68 
703869 65
703947 92 
705401 103 
705401 101 
705907 100 
705907 6
705907 1554
705907 11
707908 25 
707954 75 
708558 72 
708558 70 
709080 80 
709146 83 
709480 64 
709815 61 
709894 150 
709894 68 
709894 65
709972 92 
711422 103 
711422 101 
711932 100 
711932 6
711932 1554
711932 11
713932 25 
713978 75 
714584 72 
714584 70 
715091 80 
715157 83 
715224 64 
715493 256 
715557 61 
715624 150 
715624 68 
715624 65
715706 92 
717156 103 
717156 101 
717664 100 
717664 6
717664 1554
717664 10
719663 25 
719714 75 
720320 72 
720320 70 
720822 80 
720888 83 
721208 64 
721412 256 
721475 63 
721541 150 
721541 68 
721541 65
721621 92 
723071 103 
723071 101 
723579 100 
723579 6
723579 1554
723579 10
725580 25 
725655 75 
726260 72 
726260 70 
726766 80 
726832 83 
727086 64 
727288 256 
727352 63 
727419 150 
727419 68 
727419 65
727503 92 
728953 103 
728953 101 
729470 100 
729470 6
729470 1554
729470 11
731473 25 
731522 75 
732125 72 
732125 70 
732643 80 
732910 250 
734085 76 
734149 83 
734416 64 
734618 61 
734683 152 
734683 69 
734764 93 
736217 103 
736217 101 
737122 100 
737122 6
737122 1554
737122 11
739123 25 
739172 75 
739775 72 
739775 70 
740280 80 
740347 83 
741826 64 
742228 62 
742293 151 
742293 69 
742374 93 
742737 91 
743826 103 
743826 101 
744733 100 
744733 6
744733 1554
744733 10
746731 25 
746778 75 
747381 72 
747381 70 
747997 80 
749663 250 
752662 76 
752728 83 
753115 64 
753637 256 
753701 62 
753768 151 
753768 69 
753851 93 
755300 103 
755300 101 
756206 100 
756206 6
756206 1554
756206 11
758207 25 
758254 75 
758858 72 
758858 70 
759352 80 
759419 83 
759685 64 
760219 61 
760285 150 
760285 68 
760285 65
760368 92 
760978 90 
761816 103 
761816 101 
762326 100 
762326 6
762326 1554
762326 10
764325 25 
764371 75 
764976 72 
764976 70 
765496 80 
765563 83 
765763 64 
766096 63 
766163 150 
766163 68 
766163 65
766250 92 
767692 103 
767692 101 
768201 100 
768201 6
768201 1554
768201 11
770202 25 
770248 75 
770853 72 
770853 70 
771361 80 
771427 83 
771960 64 
772162 61 
772227 150 
772227 68 
772227 65
772309 92 
772969 90 
773759 103 
773759 101 
774267 100 
774267 6
774267 1554
774267 10
776267 25 
776311 75 
776918 72 
776918 70 
777438 80 
777505 83 
777638 64 
777907 256 
777971 63 
778038 150 
778038 68 
778038 65
778114 92 
779571 103 
779571 101 
780078 100 
780078 6
780078 1554
780078 10
782078 25 
782123 75 
782724 72 
782724 70 
783222 80 
783289 83 
783489 64 
783678 63 
783742 150 
783742 68 
783742 65
783819 92 
785275 103 
785275 101 
785783 100 
785783 6
785783 1554
785783 11
787781 25 
787832 75 
788439 72 
788439 70 
788953 80 
789020 83 
789154 64 
789357 256 
789420 61 
789487 150 
789487 68 
789487 65
789570 92 
791017 103 
791017 101 
791526 100 
791526 4
791526 1554
791526 11
791526 78 
793526 25 
793571 75 
794172 72 
794172 70 
794671 80 
794738 83 
797656 64 
797912 256 
797976 61 
798043 150 
798043 68 
798043 65
798116 92 
799576 103 
799576 101 
800083 100 
800083 4
800083 1554
800083 11
802082 25 
802134 75 
802741 72 
802741 70 
803241 80 
803308 83 
803441 64 
803710 256 
803774 61 
803840 152 
803840 69 
803916 93 
804532 91 
804600 91 
805370 103 
805370 101 
806278 100 
806278 4
806278 1554
806278 10
808281 25 
808327 75 
808928 72 
808928 70 
809438 80 
809505 83 
812664 64 
813199 256 
813263 63 
813330 151 
813330 69 
813412 93 
814861 103 
814861 101 
815768 100 
815768 4
815768 1554
815768 10
817768 25 
817814 75 
818415 72 
818415 70 
818914 80 
818981 83 
819754 64 
822955 61 
823019 151 
823019 69 
823103 93 
824551 103 
824551 101 
825457 100 
825457 4
825457 1554
825457 10
827459 25 
827961 75 
828563 72 
828563 70 
829070 80 
829137 83 
830416 64 
831151 256 
831684 61 
831749 151 
831749 69 
831829 93 
833282 103 
833282 101 
834189 100 
834189 4
834189 1554
834189 11
836191 25 
836247 75 
836850 72 
836850 70 
837373 80 
837440 83 
837680 64 
837881 256 
837946 61 
838013 150 
838013 68 
838013 65
838098 92 
839542 103 
839542 101 
840052 100 
840052 4
840052 1554
840052 10
842053 25 
843002 75 
843605 72 
843605 70 
844104 80 
844170 83 
844517 64 
844733 256 
844797 63 
844864 151 
844864 69 
844945 93 
846394 103 
846394 101 
847302 100 
847302 4
847302 1554
847302 11
849302 25 
849353 75 
849903 73 
850409 72 
850409 70 
851074 80 
851194 83 
851461 64 
851703 256 
851834 61 
851967 150 
851967 68 
851967 65
852064 92 
852561 90 
853512 103 
853512 101 
854020 100 
854020 4
854020 1554
854020 10
856020 25 
856066 75 
856671 72 
856671 70 
857338 80 
857458 83 
857592 64 
857862 256 
857925 63 
857991 151 
857991 69 
858072 93 
858696 91 
859523 103 
859523 101 
860432 100 
860432 4
860432 1554
860432 11
862431 25 
862477 75 
863081 72 
863081 70 
863576 80 
863642 83 
863776 64 
863978 256 
864109 61 
864175 150 
864175 68 
864175 65
864259 92 
865709 103 
865709 101 
866214 100 
866214 4
866214 1554
866214 11
868216 25 
868526 75 
869131 72 
869131 70 
869653 80 
869786 250 
870373 76 
870439 83 
870573 64 
870774 256 
870839 61 
870906 150 
870906 68 
870906 65
870979 92 
872440 103 
872440 101 
872960 100 
872960 4
872960 1554
872960 10
874957 25 
875010 75 
875616 72 
875616 70 
876117 80 
876184 83 
876384 64 
876586 256 
876650 63 
876717 151 
876717 69 
876800 93 
878250 103 
878250 101 
879155 100 
879155 4
879155 1554
879155 11
881157 25 
881208 75 
881665 73 
882169 72 
882169 70 
882688 80 
882754 83 
882889 64 
883301 61 
883381 150 
883381 68 
883381 65
883465 92 
883995 90 
884910 103 
884910 101 
885419 100 
885419 4
885419 1554
885419 10
887420 25 
887471 75 
888075 72 
888075 70 
888605 80 
888673 83 
888939 64 
889474 256 
889538 63 
889605 153 
889605 68 
889605 65
889685 92 
891134 103 
891134 101 
891644 100 
891644 4
891644 1554
891644 11
893645 25 
893882 75 
894029 73 
894530 72 
894530 70 
895029 80 
895096 83 
895403 64 
895737 256 
895802 61 
895870 150 
895870 68 
895870 65
895952 92 
897281 90 
897399 103 
897399 101 
897908 100 
897908 4
897908 1554
897908 11
899907 25 
899960 75 
900562 72 
900562 70 
901080 80 
901147 250 
901746 76 
901813 83 
901946 64 
902148 256 
902213 61 
902280 150 
902280 68 
902280 65
902364 92 
903810 103 
903810 101 
904318 100 
904318 4
904318 1554
904318 11
906319 25 
907113 75 
907718 72 
907718 70 
908224 80 
908290 83 
908664 64 
909066 256 
909131 61 
909197 150 
909197 68 
909197 65
909276 92 
910731 103 
910731 101 
911235 100 
911235 4
911235 1554
911235 10
913236 25 
913295 75 
913899 72 
913899 70 
914395 80 
914461 83 
914848 64 
915117 256 
915181 63 
915248 151 
915248 69 
915332 93 
916545 91 
916777 103 
916777 101 
917686 100 
917686 4
917686 1554
917686 11
919688 25 
919732 75 
920337 72 
920337 70 
920845 80 
920912 83 
921045 64 
921314 256 
921378 61 
921446 152 
921446 69 
921526 93 
922318 91 
922795 91 
922975 103 
922975 101 
923885 100 
923885 4
923885 1554
923885 11
925884 25 
925936 75 
926542 72 
926542 70 
927043 80 
927109 83 
927989 64 
928725 61 
928789 150 
928789 68 
928789 65
928867 92 
929267 90 
930321 103 
930321 101 
930826 100 
930826 4
930826 1554
930826 10
932828 25 
932878 75 
933480 72 
933480 70 
933987 80 
934053 83 
934533 64 
934933 61 
934999 151 
934999 69 
935081 93 
935794 91 
936533 103 
936533 101 
937440 100 
937440 4
937440 1554
937440 10
939439 25 
939485 75 
940092 72 
940092 70 
940610 80 
940677 83 
941930 64 
942598 62 
942663 150 
942663 68 
942663 65
942746 92 
943191 90 
944197 103 
944197 101 
944703 100 
944703 4
944703 1554
944703 10
946705 25 
947234 75 
947836 72 
947836 70 
948341 80 
948407 83 
948540 64 
948796 62 
948860 150 
948860 68 
948860 65
948942 92 
950391 103 
950391 101 
950899 100 
950899 4
950899 1554
950899 10
952900 25 
952946 75 
953550 72 
953550 70 
954085 80 
954152 83 
954285 64 
954500 62 
954578 150 
954578 68 
954578 65
954661 92 
956107 103 
956107 101 
956617 100 
956617 4
956617 1554
956617 11
958617 25 
958833 75 
959433 72 
959433 70 
960415 250 
961149 71 
961588 80 
961655 83 
962908 64 
963177 256 
963243 61 
963321 150 
963321 68 
963321 65
963406 92 
964852 103 
964852 101 
965359 100 
965359 4
965359 1554
965359 10
967360 25 
967406 75 
968012 72 
968012 70 
968519 80 
968585 83 
968719 64 
968921 256 
968985 62 
969052 150 
969052 68 
969052 65
969136 92 
970586 103 
970586 101 
971092 100 
971092 4
971092 1554
971092 10
973091 25 
973137 75 
973741 72 
973741 70 
974276 80 
974343 83 
974410 64 
974612 256 
974676 62 
974743 150 
974743 68 
974743 65
974826 92 
976271 103 
976271 101 
976783 100 
976783 4
976783 1554
976783 11
978782 25 
978828 75 
979431 72 
979431 70 
979927 80 
979994 83 
980247 64 
980500 256 
980569 61 
980634 150 
980634 68 
980634 65
980712 92 
982089 90 
982161 103 
982161 101 
982672 100 
982672 4
982672 1554
982672 10
984673 25 
984723 75 
985326 72 
985326 70 
985832 80 
985898 83 
986032 64 
986167 256 
986231 62 
986298 150 
986298 68 
986298 65
986379 92 
987833 103 
987833 101 
988350 100 
988350 4
988350 1554
988350 11
990354 25 
990402 75 
991009 72 
991009 70 
991563 80 
991629 83 
991762 64 
992032 61 
992096 150 
992096 68 
992096 65
992179 92 
993625 103 
993625 101 
994134 100 
994134 4
994134 1554
994134 10
996134 25 
996185 75 
996787 72 
996787 70 
997334 80 
997400 83 
997467 64 
997669 256 
997747 62 
997813 150 
997813 68 
997813 65
997898 92 
999346 103 
999346 101 
999853 100 
999853 4
999853 1554
999853 10
1001852 25 
1001903 75 
1002511 72 
1002511 70 
1003011 80 
1003078 83 
1003278 64 
1003413 256 
1003478 62 
1003544 152 
1003544 69 
1003621 93 
1004480 91 
1005074 103 
1005074 101 
1005985 100 
1005985 3
1005985 1554
1005985 11
1005985 78 
1007983 25 
1008034 75 
1008639 72 
1008639 70 
1009142 80 
1009209 83 
1009528 64 
1010251 256 
1010315 61 
1010382 151 
1010382 69 
1010464 93 
1011912 103 
1011912 101 
1012822 100 
1012822 3
1012822 1554
1012822 11
1014821 25 
1014867 75 
1015272 73 
1015779 72 
1015779 70 
1016286 80 
1016352 83 
1017152 64 
1017621 61 
1017685 151 
1017685 69 
1017767 93 
1019217 103 
1019217 101 
1020126 100 
1020126 3
1020126 1554
1020126 11
1022125 25 
1022356 75 
1022958 72 
1022958 70 
1023469 80 
1023536 83 
1023856 64 
1026497 62 
1026561 151 
1026561 69 
1026635 93 
1027137 91 
1028093 103 
1028093 101 
1029001 100 
1029001 3
1029001 1554
1029001 10
1031000 25 
1031051 75 
1031112 73 
1031715 72 
1031715 70 
1032212 80 
1032279 83 
1032412 64 
1032679 62 
1032746 150 
1032746 68 
1032746 65
1032830 92 
1034275 103 
1034275 101 
1034785 100 
1034785 3
1034785 1554
1034785 11
1036785 25 
1036831 75 
1037434 72 
1037434 70 
1037943 80 
1038010 83 
1038210 64 
1038612 256 
1038676 61 
1038743 151 
1038743 69 
1038824 93 
1039195 91 
1040049 91 
1040275 103 
1040275 101 
1041183 100 
1041183 3
1041183 1554
1041183 10
1043182 25 
1043232 75 
1043834 72 
1043834 70 
1044341 80 
1044407 83 
1044541 64 
1044742 62 
1044807 150 
1044807 68 
1044807 65
1044891 92 
1046341 103 
1046341 101 
1046847 100 
1046847 3
1046847 1554
1046847 11
1048846 25 
1048898 75 
1049505 72 
1049505 70 
1050005 80 
1050072 83 
1050432 64 
1051100 61 
1051164 151 
1051164 69 
1051247 93 
1051734 91 
1052699 103 
1052699 101 
1053607 100 
1053607 3
1053607 1554
1053607 10
1055606 25 
1055676 75 
1056279 72 
1056279 70 
1056802 80 
1056869 83 
1057002 64 
1057193 256 
1057255 62 
1057322 150 
1057322 68 
1057322 65
1057405 92 
1058852 103 
1058852 101 
1059360 100 
1059360 3
1059360 1554
1059360 11
1061360 25 
1061413 75 
1062015 72 
1062015 70 
1062720 80 
1062906 250 
1063802 76 
1063946 83 
1064146 64 
1064402 256 
1064466 61 
1064532 151 
1064532 69 
1064615 93 
1066064 103 
1066064 101 
1066971 100 
1066971 3
1066971 1554
1066971 10
1068972 25 
1069018 75 
1069623 72 
1069623 70 
1070290 80 
1070410 250 
1070652 76 
1070958 76 
1071103 83 
1071303 64 
1071438 256 
1071569 62 
1071636 152 
1071636 69 
1071718 93 
1072444 91 
1073169 103 
1073169 101 
1074079 100 
1074079 3
1074079 1554
1074079 10
1076076 25 
1076121 75 
1076726 72 
1076726 70 
1077394 80 
1077460 83 
1078553 64 
1080808 61 
1080939 151 
1080939 69 
1081023 93 
1081584 91 
1081676 91 
1082470 103 
1082470 101 
1083379 100 
1083379 3
1083379 1554
1083379 11
1085379 25 
1085425 75 
1086028 72 
1086028 70 
1086683 80 
1086803 83 
1087709 64 
1088124 256 
1088189 61 
1088256 151 
1088256 69 
1088336 93 
1088880 91 
1089785 103 
1089785 101 
1090696 100 
1090696 3
1090696 1554
1090696 10
1092695 25 
1092746 75 
1093348 72 
1093348 70 
1093987 80 
1094107 83 
1095146 64 
1096535 256 
1096612 62 
1096759 150 
1096759 68 
1096759 65
1096843 92 
1098292 103 
1098292 101 
1098798 100 
1098798 3
1098798 1554
1098798 10
1100799 25 
1101211 75 
1101818 72 
1101818 70 
1102477 80 
1102596 83 
1102863 64 
1103052 256 
1103116 62 
1103250 150 
1103250 68 
1103250 65
1103333 92 
1104778 103 
1104778 101 
1105288 100 
1105288 3
1105288 1554
1105288 11
1107291 25 
1107390 75 
1107993 72 
1107993 70 
1108647 80 
1108714 83 
1108847 64 
1109050 256 
1109180 63 
1109247 150 
1109247 68 
1109247 65
1109321 92 
1110777 103 
1110777 101 
1111285 100 
1111285 3
1111285 1554
1111285 10
1113285 25 
1113418 75 
1114022 72 
1114022 70 
1114685 80 
1114792 83 
1114978 64 
1115167 62 
1115271 150 
1115271 68 
1115271 65
1115355 92 
1116800 103 
1116800 101 
1117310 100 
1117310 3
1117310 1554
1117310 10
1119311 25 
1119357 75 
1119964 72 
1119964 70 
1120602 80 
1120696 250 
1121162 76 
1121229 83 
1121495 64 
1121631 62 
1121695 150 
1121695 68 
1121695 65
1121777 92 
1123230 103 
1123230 101 
1123749 100 
1123749 3
1123749 1554
1123749 11
1125747 25 
1125793 75 
1126396 72 
1126396 70 
1127000 80 
1127200 250 
1127733 76 
1127799 83 
1128039 64 
1128308 63 
1128372 150 
1128372 68 
1128372 65
1128448 92 
1129906 103 
1129906 101 
1130411 100 
1130411 3
1130411 1554
1130411 10
1132411 25 
1132463 75 
1133067 72 
1133067 70 
1133570 80 
1133637 83 
1133903 64 
1134039 62 
1134117 150 
1134117 68 
1134117 65
1134195 92 
1135648 103 
1135648 101 
1136154 100 
1136154 3
1136154 1554
1136154 11
1138157 25 
1138207 75 
1138811 72 
1138811 70 
1139328 80 
1139395 83 
1139528 64 
1139730 63 
1139808 152 
1139808 69 
1139887 93 
1140528 91 
1141340 103 
1141340 101 
1142246 100 
1142246 3
1142246 1554
1142246 11
1144248 25 
1144297 75 
1144899 72 
1144899 70 
1145405 80 
1145472 83 
1145938 64 
1146472 61 
1146538 151 
1146538 69 
1147187 91 
1147212 93 
1147632 91 
1147978 91 
1148069 103 
1148069 101 
1148979 100 
1148979 3
1148979 1554
1148979 11
1150976 25 
1151023 75 
1151628 72 
1151628 70 
1152149 80 
1152216 83 
1153189 64 
1153524 256 
1153655 62 
1153722 151 
1153722 69 
1153800 93 
1154200 91 
1154999 91 
1155255 103 
1155255 101 
1156165 100 
1156165 3
1156165 1554
1156165 11
1158164 25 
1158226 75 
1158621 73 
1159224 72 
1159224 70 
1159746 80 
1159813 83 
1161399 64 
1162933 256 
1162998 62 
1163065 151 
1163065 69 
1163138 93 
1164598 103 
1164598 101 
1165503 100 
1165503 3
1165503 1554
1165503 10
1167504 25 
1167558 75 
1167984 73 
1168539 72 
1168539 70 
1169062 80 
1169129 83 
1169370 64 
1169571 62 
1169635 150 
1169635 68 
1169635 65
1169719 92 
1171170 103 
1171170 101 
1171674 100 
1171674 3
1171674 1554
1171674 10
1173675 25 
1173832 75 
1174172 73 
1174687 72 
1174687 70 
1175193 80 
1175260 83 
1175393 64 
1175528 256 
1175593 62 
1175659 152 
1175659 69 
1175732 93 
1176626 91 
1177167 91 
1177190 103 
1177190 101 
1178098 100 
1178098 3
1178098 1554
1178098 11
1180099 25 
1180150 75 
1180756 72 
1180756 70 
1181257 80 
1181324 83 
1182643 64 
1183510 61 
1183576 151 
1183576 69 
1183657 93 
1184059 91 
1184757 91 
1185107 103 
1185107 101 
1186016 100 
1186016 3
1186016 1554
1186016 11
1188017 25 
1188080 75 
1188686 72 
1188686 70 
1189187 80 
1189254 83 
1189974 64 
1191229 61 
1191293 151 
1191293 69 
1191973 91 
1191994 93 
1192379 91 
1192825 103 
1192825 101 
1193732 100 
1193732 3
1193732 1554
1193732 11
1195733 25 
1195779 75 
1196383 72 
1196383 70 
1196891 80 
1196957 83 
1198583 64 
1198785 256 
1198916 62 
1198983 151 
1198983 69 
1199067 93 
1199403 91 
1200514 103 
1200514 101 
1201421 100 
1201421 3
1201421 1554
1201421 10
1203422 25 
1203948 75 
1204552 72 
1204552 70 
1205061 80 
1205127 83 
1205487 64 
1205689 256 
1205754 62 
1205820 150 
1205820 68 
1205820 65
1205904 92 
1207353 103 
1207353 101 
1207864 100 
1207864 3
1207864 1554
1207864 11
1209861 25 
1209911 75 
1210512 72 
1210512 70 
1211058 80 
1211125 83 
1211258 64 
1211458 62 
1211527 150 
1211527 68 
1211527 65
1211621 92 
1213066 103 
1213066 101 
1213578 100 
1213578 3
1213578 1554
1213578 10
1215578 25 
1215623 75 
1216230 72 
1216230 70 
1216749 80 
1216816 83 
1217016 64 
1217138 256 
1217202 62 
1217269 150 
1217269 68 
1217269 65
1217350 92 
1218800 103 
1218800 101 
1219313 100 
1219313 3
1219313 1554
1219313 10
1221312 25 
1221372 75 
1221977 72 
1221977 70 
1222493 80 
1222560 83 
1222693 64 
1222829 256 
1222908 62 
1222973 150 
1222973 68 
1222973 65
1223054 92 
1224503 103 
1224503 101 
1225013 100 
1225013 3
1225013 1554
1225013 10
1227013 25 
1227058 75 
1227662 72 
1227662 70 
1228331 80 
1228398 83 
1228464 64 
1228666 256 
1228731 62 
1228797 150 
1228797 68 
1228797 65
1228881 92 
1230325 103 
1230325 101 
1230835 100 
1230835 3
1230835 1554
1230835 10
1232838 25 
1232887 75 
1233493 72 
1233493 70 
1234115 80 
1234182 250 
1234718 76 
1234782 83 
1234915 64 
1235130 62 
1235208 150 
1235208 68 
1235208 65
1235289 92 
1235987 90 
1236741 103 
1236741 101 
1237249 100 
1237249 3
1237249 1554
1237249 11
1239248 25 
1239336 75 
1239939 72 
1239939 70 
1240446 80 
1240513 83 
1240646 64 
1240848 256 
1240912 63 
1240979 150 
1240979 68 
1240979 65
1241062 92 
1242510 103 
1242510 101 
1243017 100 
1243017 3
1243017 1554
1243017 11
1245017 25 
1245064 75 
1245670 72 
1245670 70 
1246190 80 
1246257 83 
1246390 64 
1246592 256 
1246657 63 
1246723 150 
1246723 68 
1246723 65
1246805 92 
1248253 103 
1248253 101 
1248762 100 
1248762 3
1248762 1554
1248762 10
1250762 25 
1250855 75 
1251457 72 
1251457 70 
1251961 80 
1252028 83 
1252161 64 
1252363 62 
1252441 150 
1252441 68 
1252441 65
1252517 92 
1253971 103 
1253971 101 
1254480 100 
1254480 3
1254480 1554
1254480 11
1256481 25 
1256531 75 
1257136 72 
1257136 70 
1257652 80 
1257719 83 
1257852 64 
1258054 256 
1258119 63 
1258185 150 
1258185 68 
1258185 65
1258267 92 
1259714 103 
1259714 101 
1260223 100 
1260223 3
1260223 1554
1260223 11
1262225 25 
1262276 75 
1262882 72 
1262882 70 
1263410 80 
1263476 83 
1263596 64 
1263798 256 
1263876 63 
1263943 150 
1263943 68 
1263943 65
1264027 92 
1265473 103 
1265473 101 
1265980 100 
1265980 3
1265980 1554
1265980 11
1267983 25 
1268028 75 
1268635 72 
1268635 70 
1269154 80 
1269221 83 
1269354 64 
1269556 256 
1269620 63 
1269687 150 
1269687 68 
1269687 65
1269770 92 
1271219 103 
1271219 101 
1271725 100 
1271725 3
1271725 1554
1271725 10
1273728 25 
1273776 75 
1274383 72 
1274383 70 
1274925 80 
1274992 83 
1275125 64 
1275328 256 
1275391 62 
1275458 150 
1275458 68 
1275458 65
1275541 92 
1276985 103 
1276985 101 
1277496 100 
1277496 3
1277496 1554
1277496 10
1279497 25 
1279548 75 
1280154 72 
1280154 70 
1280656 80 
1280723 83 
1280922 64 
1281058 256 
1281122 62 
1281189 152 
1281189 69 
1281272 93 
1282718 103 
1282718 101 
1283628 100 
1283628 3
1283628 1554
1283628 11
1285629 25 
1285674 75 
1286277 72 
1286277 70 
1286787 80 
1286853 83 
1288000 64 
1289454 61 
1289519 151 
1289519 69 
1289594 93 
1290019 91 
1291049 103 
1291049 101 
1291956 100 
1291956 3
1291956 1554
1291956 10
1293957 25 
1294010 75 
1294618 72 
1294618 70 
1295130 80 
1295197 83 
1295623 64 
1295827 256 
1295903 62 
1295970 150 
1295970 68 
1295970 65
1296053 92 
1297497 103 
1297497 101 
1298008 100 
1298008 3
1298008 1554
1298008 10
1300010 25 
1300055 75 
1300192 73 
1300734 72 
1300734 70 
1301247 80 
1301314 83 
1301447 64 
1301649 62 
1301714 150 
1301714 68 
1301714 65
1301798 92 
1303248 103 
1303248 101 
1303753 100 
1303753 3
1303753 1554
1303753 10
1305754 25 
1305804 75 
1306407 72 
1306407 70 
1307032 250 
1307394 71 
1307565 80 
1307631 83 
1307831 64 
1308033 256 
1308098 62 
1308165 150 
1308165 68 
1308165 65
1308248 92 
1309694 103 
1309694 101 
1310204 100 
1310204 1
1310204 1554
1310204 11
1310204 78 
1312204 25 
1312254 75 
1312861 72 
1312861 70 
1313376 80 
1313509 250 
1314109 76 
1314175 83 
1314309 64 
1314508 62 
1314577 153 
1314577 68 
1314577 65
1314668 92 
1316119 103 
1316119 101 
1316626 100 
1316626 1
1316626 1554
1316626 11
1318627 25 
1318674 75 
1319276 72 
1319276 70 
1319773 80 
1319840 83 
1319906 64 
1320108 256 
1320173 63 
1320239 151 
1320239 69 
1320320 93 
1320887 91 
1321700 91 
1321774 103 
1321774 101 
1322678 100 
1322678 1
1322678 1554
1322678 11
1324679 25 
1324725 75 
1325328 72 
1325328 70 
1325824 80 
1325890 83 
1327796 64 
1328399 256 
1329196 62 
1329329 150 
1329329 68 
1329329 65
1329409 92 
1329825 90 
1330863 103 
1330863 101 
1331381 100 
1331381 1
1331381 1554
1331381 10
1333383 25 
1333510 75 
1334112 72 
1334112 70 
1334780 80 
1334847 83 
1335033 64 
1335222 256 
1335287 62 
1335420 151 
1335420 69 
1335503 93 
1336954 103 
1336954 101 
1337864 100 
1337864 1
1337864 1554
1337864 10
1339861 25 
1339918 75 
1340524 72 
1340524 70 
1341177 80 
1341297 83 
1341964 64 
1343232 61 
1343297 150 
1343297 68 
1343297 65
1343371 92 
1343724 90 
1344826 103 
1344826 101 
1345341 100 
1345341 1
1345341 1554
1345341 11
1347338 25 
1347388 75 
1347995 72 
1347995 70 
1348494 80 
1348561 83 
1348694 64 
1348976 61 
1349041 151 
1349041 69 
1349123 93 
1349682 91 
1350176 91 
1350574 103 
1350574 101 
1351481 100 
1351481 1
1351481 1554
1351481 10
1353480 25 
1353532 75 
1354133 72 
1354133 70 
1354638 80 
1354705 83 
1356198 64 
1356464 61 
1356531 150 
1356531 68 
1356531 65
1356615 92 
1357385 90 
1358059 103 
1358059 101 
1358571 100 
1358571 1
1358571 1554
1358571 10
1360570 25 
1360616 75 
1361222 72 
1361222 70 
1361769 80 
1361836 83 
1361969 64 
1362171 256 
1362235 61 
1362302 150 
1362302 68 
1362302 65
1362386 92 
1363835 103 
1363835 101 
1364340 100 
1364340 1
1364340 1554
1364340 10
1366342 25 
1366391 75 
1366995 72 
1366995 70 
1367527 80 
1367593 250 
1368313 76 
1370072 76 
1370139 83 
1370339 64 
1370541 256 
1370605 61 
1370672 152 
1370672 69 
1370755 93 
1371344 91 
1372201 103 
1372201 101 
1373112 100 
1373112 1
1373112 1554
1373112 10
1375112 25 
1375157 75 
1375759 72 
1375759 70 
1376270 80 
1376336 83 
1377176 64 
1377498 61 
1377576 150 
1377576 68 
1377576 65
1377660 92 
1378279 90 
1379104 103 
1379104 101 
1379615 100 
1379615 1
1379615 1554
1379615 11
1381616 25 
1381681 75 
1381937 73 
1382438 72 
1382438 70 
1382933 80 
1383000 83 
1383320 64 
1383522 256 
1383586 63 
1383653 151 
1383653 69 
1383726 93 
1384328 91 
1385182 103 
1385182 101 
1386093 100 
1386093 1
1386093 1554
1386093 11
1388093 25 
1388143 75 
1388745 72 
1388745 70 
1389251 80 
1389317 83 
1390077 64 
1390946 62 
1391023 150 
1391023 68 
1391023 65
1391111 92 
1392555 103 
1392555 101 
1393062 100 
1393062 1
1393062 1554
1393062 11
1395062 25 
1395108 75 
1395711 72 
1395711 70 
1396208 80 
1396275 83 
1396461 64 
1396663 256 
1396728 62 
1396794 150 
1396794 68 
1396794 65
1396878 92 
1398323 103 
1398323 101 
1398833 100 
1398833 1
1398833 1554
1398833 11
1400834 25 
1400885 75 
1401487 72 
1401487 70 
1402005 80 
1402072 83 
1402205 64 
1402342 256 
1402405 62 
1402473 150 
1402473 68 
1402473 65
1402555 92 
1404006 103 
1404006 101 
1404514 100 
1404514 1
1404514 1554
1404514 11
1406512 25 
1406558 75 
1407163 72 
1407163 70 
1407683 80 
1407750 83 
1407816 64 
1408018 62 
1408083 150 
1408083 68 
1408083 65
1408164 92 
1409613 103 
1409613 101 
1410123 100 
1410123 1
1410123 1554
1410123 10
1412121 25 
1412173 75 
1412776 72 
1412776 70 
1413281 80 
1413348 83 
1413547 64 
1413750 256 
1413814 61 
1413881 150 
1413881 68 
1413881 65
1413965 92 
1415414 103 
1415414 101 
1415920 100 
1415920 1
1415920 1554
1415920 11
1417919 25 
1417966 75 
1418570 72 
1418570 70 
1419078 80 
1419145 83 
1419345 64 
1419480 256 
1419545 62 
1419612 150 
1419612 68 
1419612 65
1419690 92 
1420687 90 
1421146 103 
1421146 101 
1421650 100 
1421650 1
1421650 1554
1421650 10
1423651 25 
1423697 75 
1424301 72 
1424301 70 
1424809 80 
1424876 83 
1425076 64 
1425278 61 
1425342 150 
1425342 68 
1425342 65
1425426 92 
1426872 103 
1426872 101 
1427388 100 
1427388 1
1427388 1554
1427388 11
1429390 25 
1429445 75 
1430052 72 
1430052 70 
1430554 80 
1430620 83 
1430688 64 
1430889 256 
1430954 62 
1431021 150 
1431021 68 
1431021 65
1431100 92 
1432550 103 
1432550 101 
1433059 100 
1433059 1
1433059 1554
1433059 10
1435060 25 
1435105 75 
1435712 72 
1435712 70 
1436218 80 
1436285 83 
1436418 64 
1436620 256 
1436684 61 
1436751 150 
1436751 68 
1436751 65
1436825 92 
1438279 103 
1438279 101 
1438790 100 
1438790 1
1438790 1554
1438790 10
1440790 25 
1440837 75 
1441443 72 
1441443 70 
1442096 80 
1442162 83 
1442349 64 
1442470 256 
1442589 61 
1442722 152 
1442722 69 
1442806 93 
1444253 103 
1444253 101 
1445162 100 
1445162 1
1445162 1554
1445162 10
1447162 25 
1447212 75 
1447813 72 
1447813 70 
1448506 80 
1448626 83 
1450106 64 
1451241 61 
1451305 150 
1451305 68 
1451305 65
1451378 92 
1451778 90 
1452839 103 
1452839 101 
1453358 100 
1453358 6
1453358 1554
1453358 11
1453358 78 
1455358 25 
1455404 75 
1456009 72 
1456009 70 
1456516 80 
1456583 83 
1456716 64 
1456983 62 
1457049 151 
1457049 69 
1457131 93 
1458582 103 
1458582 101 
1459489 100 
1459489 6
1459489 1554
1459489 11
1461489 25 
1461534 75 
1462139 72 
1462139 70 
1462660 80 
1462727 83 
1463207 64 
1463542 256 
1463607 62 
1463673 151 
1463673 69 
1463756 93 
1464287 91 
1465177 91 
1465203 103 
1465203 101 
1466114 100 
1466114 6
1466114 1554
1466114 11
1468112 25 
1468157 75 
1468763 72 
1468763 70 
1469284 80 
1469351 83 
1470137 64 
1470539 256 
1470604 61 
1470670 150 
1470670 68 
1470670 65
1470754 92 
1471313 90 
1472209 103 
1472209 101 
1472724 100 
1472724 6
1472724 1554
1472724 10
1474722 25 
1474774 75 
1475380 72 
1475380 70 
1475921 80 
1475988 83 
1478374 64 
1478776 61 
1478840 151 
1478840 69 
1478920 93 
1479763 91 
1480200 91 
1480374 103 
1480374 101 
1481279 100 
1481279 6
1481279 1554
1481279 11
1483280 25 
1484829 75 
1485433 72 
1485433 70 
1485931 80 
1485997 83 
1486344 64 
1486613 256 
1486677 62 
1486744 151 
1486744 69 
1486826 93 
1487318 91 
1488275 103 
1488275 101 
1489184 100 
1489184 6
1489184 1554
1489184 10
1491182 25 
1491233 75 
1491574 73 
1492133 72 
1492133 70 
1492648 80 
1492715 83 
1493674 64 
1494276 61 
1494340 151 
1494340 69 
1494424 93 
1494987 91 
1495487 91 
1495869 103 
1495869 101 
1496780 100 
1496780 6
1496780 1554
1496780 10
1498780 25 
1498830 75 
1499435 72 
1499435 70 
1499938 80 
1500005 83 
1501871 64 
1503472 256 
1503537 62 
1503603 151 
1503603 69 
1503681 93 
1504195 91 
1505135 103 
1505135 101 
1506041 100 
1506041 6
1506041 1554
1506041 11
1508042 25 
1508089 75 
1508693 72 
1508693 70 
1509201 80 
1509268 83 
1510094 64 
1510429 61 
1510494 150 
1510494 68 
1510494 65
1510576 92 
1512021 103 
1512021 101 
1512533 100 
1512533 6
1512533 1554
1512533 10
1514532 25 
1514579 75 
1515184 72 
1515184 70 
1515705 80 
1515772 83 
1516091 76 
1516385 76 
1517104 64 
1518146 63 
1518211 150 
1518211 68 
1518211 65
1518292 92 
1519741 103 
1519741 101 
1520250 100 
1520250 6
1520250 1554
1520250 10
1522250 25 
1522295 75 
1522900 72 
1522900 70 
1523422 80 
1523488 83 
1523608 64 
1523877 256 
1523942 63 
1524008 150 
1524008 68 
1524008 65
1524091 92 
1525539 103 
1525539 101 
1526048 100 
1526048 6
1526048 1554
1526048 11
1528047 25 
1528098 75 
1528700 72 
1528700 70 
1529259 80 
1529326 83 
1529593 64 
1530528 61 
1530592 152 
1530592 69 
1530673 93 
1531426 91 
1532122 103 
1532122 101 
1533031 100 
1533031 6
1533031 1554
1533031 11
1535031 25 
1535350 75 
1538878 73 
1539586 73 
1540091 72 
1540091 70 
1542227 250 
1542361 71 
1542547 80 
1542614 83 
1543693 64 
1544013 61 
1544080 150 
1544080 68 
1544080 65
1544164 92 
1544775 90 
1545613 103 
1545613 101 
1546120 100 
1546120 6
1546120 1554
1546120 11
1548118 25 
1548348 75 
1548951 72 
1548951 70 
1549611 80 
1549678 83 
1549798 64 
1549986 256 
1550104 61 
1550224 150 
1550224 68 
1550224 65
1550310 92 
1550785 90 
1551757 103 
1551757 101 
1552262 100 
1552262 6
1552262 1554
1552262 10
1554263 25 
1554314 75 
1554915 72 
1554915 70 
1555635 80 
1555769 83 
1555835 64 
1556197 256 
1556328 63 
1556395 150 
1556395 68 
1556395 65
1556477 92 
1557926 103 
1557926 101 
1558434 100 
1558434 6
1558434 1554
1558434 11
1560433 25 
1560484 75 
1561089 72 
1561089 70 
1561753 80 
1561872 83 
1562112 64 
1562901 256 
1562965 61 
1563032 150 
1563032 68 
1563032 65
1563116 92 
1564562 103 
1564562 101 
1565071 100 
1565071 6
1565071 1554
1565071 11
1567071 25 
1567346 75 
1567946 72 
1567946 70 
1568443 80 
1568510 83 
1568643 64 
1568845 61 
1568910 150 
1568910 68 
1568910 65
1568992 92 
1570442 103 
1570442 101 
1570949 100 
1570949 6
1570949 1554
1570949 10
1572949 25 
1573000 75 
1573601 72 
1573601 70 
1574107 80 
1574174 83 
1574494 64 
1574696 256 
1574760 63 
1574840 150 
1574840 68 
1574840 65
1574924 92 
1576370 103 
1576370 101 
1576881 100 
1576881 6
1576881 1554
1576881 10
1578879 25 
1578926 75 
1579527 72 
1579527 70 
1580025 80 
1580092 83 
1580291 64 
1580560 63 
1580625 152 
1580625 69 
1580705 93 
1581311 91 
1582154 103 
1582154 101 
1583064 100 
1583064 6
1583064 1554
1583064 11
1585064 25 
1585452 75 
1586056 72 
1586056 70 
1586582 80 
1586649 83 
1587009 64 
1587409 61 
1587475 150 
1587475 68 
1587475 65
1587564 92 
1589008 103 
1589008 101 
1589514 100 
1589514 6
1589514 1554
1589514 11
1591514 25 
1591561 75 
1592162 72 
1592162 70 
1592673 80 
1592740 83 
1592873 64 
1593075 256 
1593139 61 
1593206 150 
1593206 68 
1593206 65
1593290 92 
1594735 103 
1594735 101 
1595245 100 
1595245 6
1595245 1554
1595245 10
1597245 25 
1597291 75 
1597894 72 
1597894 70 
1598444 80 
1598511 83 
1599284 64 
1599725 256 
1599790 63 
1599857 150 
1599857 68 
1599857 65
1599941 92 
1601385 103 
1601385 101 
1601897 100 
1601897 6
1601897 1554
1601897 11
1603897 25 
1603949 75 
1604553 72 
1604553 70 
1605055 80 
1605121 83 
1605388 64 
1605710 256 
1605774 61 
1605841 150 
1605841 68 
1605841 65
1605916 92 
1607369 103 
1607369 101 
1607881 100 
1607881 6
1607881 1554
1607881 10
1609879 25 
1609925 75 
1610528 72 
1610528 70 
1611039 80 
1611105 83 
1611372 64 
1611627 63 
1611692 150 
1611692 68 
1611692 65
1611774 92 
1613226 103 
1613226 101 
1613732 100 
1613732 6
1613732 1554
1613732 10
1615731 25 
1615777 75 
1616377 72 
1616377 70 
1616876 80 
1616943 83 
1617143 64 
1617276 256 
1617345 63 
1617410 150 
1617410 68 
1617410 65
1617495 92 
1618940 103 
1618940 101 
1619448 100 
1619448 2
1619448 1554
1619448 11
1619448 78 
1621448 25 
1621494 75 
1622098 72 
1622098 70 
1622607 80 
1622674 83 
1622807 64 
1623063 61 
1623127 151 
1623127 69 
1623208 93 
1623725 91 
1624660 103 
1624660 101 
1625580 100 
1625580 2
1625580 1554
1625580 10
1627581 25 
1627625 75 
1628228 72 
1628228 70 
1628725 80 
1628791 83 
1629498 64 
1632206 256 
1632270 62 
1632338 151 
1632338 69 
1632412 93 
1632840 91 
1633869 103 
1633869 101 
1634775 100 
1634775 2
1634775 1554
1634775 10
1636777 25 
1636822 75 
1637423 72 
1637423 70 
1637934 80 
1638001 83 
1638868 64 
1639602 61 
1639667 150 
1639667 68 
1639667 65
1639746 92 
1640277 90 
1641197 103 
1641197 101 
1641707 100 
1641707 2
1641707 1554
1641707 10
1643706 25 
1643751 75 
1644356 72 
1644356 70 
1644865 80 
1644931 83 
1645358 64 
1645613 256 
1645678 61 
1645744 152 
1645744 69 
1645827 93 
1646349 91 
1646773 91 
1647071 91 
1647275 103 
1647275 101 
1648185 100 
1648185 2
1648185 1554
1648185 11
1650184 25 
1650229 75 
1650835 72 
1650835 70 
1651369 80 
1651435 83 
1651688 64 
1651891 256 
1651955 61 
1652022 151 
1652022 69 
1652102 93 
1652824 91 
1653253 91 
1653346 91 
1653556 103 
1653556 101 
1654461 100 
1654461 2
1654461 1554
1654461 11
1656461 25 
1656507 75 
1657110 72 
1657110 70 
1657606 80 
1657673 83 
1657993 64 
1658981 256 
1659045 61 
1659112 151 
1659112 69 
1659195 93 
1659766 91 
1660140 91 
1660644 103 
1660644 101 
1661555 100 
1661555 2
1661555 1554
1661555 10
1663553 25 
1663598 75 
1664198 72 
1664198 70 
1664843 80 
1664963 83 
1665976 64 
1666658 256 
1666776 61 
1666896 150 
1666896 68 
1666896 65
1666979 92 
1667404 90 
1668424 103 
1668424 101 
1668934 100 
1668934 2
1668934 1554
1668934 11
1670937 25 
1670999 75 
1671601 72 
1671601 70 
1672253 80 
1672440 250 
1673093 76 
1673200 83 
1673360 64 
1673642 61 
1673706 151 
1673706 69 
1673787 93 
1674454 91 
1675239 103 
1675239 101 
1676145 100 
1676145 2
1676145 1554
1676145 10
1678146 25 
1678191 75 
1678792 72 
1678792 70 
1679424 80 
1679490 83 
1680290 64 
1680492 61 
1680557 150 
1680557 68 
1680557 65
1680637 92 
1682091 103 
1682091 101 
1682594 100 
1682594 2
1682594 1554
1682594 11
1684596 25 
1684642 75 
1685243 72 
1685243 70 
1685768 80 
1685834 83 
1685901 64 
1686103 61 
1686168 151 
1686168 69 
1686249 93 
1686825 91 
1687697 103 
1687697 101 
1688610 100 
1688610 2
1688610 1554
1688610 10
1690608 25 
1690653 75 
1691255 72 
1691255 70 
1691765 80 
1691832 83 
1692525 64 
1692861 256 
1692925 61 
1692991 150 
1692991 68 
1692991 65
1693074 92 
1694522 103 
1694522 101 
1695030 100 
1695030 2
1695030 1554
1695030 10
1697035 25 
1697094 75 
1697699 72 
1697699 70 
1698216 80 
1698283 83 
1698469 64 
1698738 256 
1698802 61 
1698870 150 
1698870 68 
1698870 65
1698952 92 
1700401 103 
1700401 101 
1700907 100 
1700907 2
1700907 1554
1700907 11
1702910 25 
1702959 75 
1703562 72 
1703562 70 
1704107 80 
1704307 250 
1705546 76 
1705613 83 
1705946 64 
1706215 62 
1706280 150 
1706280 68 
1706280 65
1706362 92 
1707809 103 
1707809 101 
1708319 100 
1708319 2
1708319 1554
1708319 11
1710317 25 
1710365 75 
1710967 72 
1710967 70 
1711477 80 
1711544 83 
1711797 64 
1712066 61 
1712143 153 
1712143 68 
1712143 65
1712226 92 
1713674 103 
1713674 101 
1714184 100 
1714184 2
1714184 1554
1714184 10
1716184 25 
1716228 75 
1716833 72 
1716833 70 
1717341 80 
1717408 83 
1718194 64 
1718463 256 
1718528 61 
1718594 150 
1718594 68 
1718594 65
1718678 92 
1720127 103 
1720127 101 
1720632 100 
1720632 2
1720632 1554
1720632 11
1722633 25 
1722773 75 
1723377 72 
1723377 70 
1723939 80 
1724005 250 
1724713 76 
1725634 76 
1725698 83 
1725831 64 
1726100 63 
1726164 150 
1726164 68 
1726164 65
1726237 92 
1727698 103 
1727698 101 
1728205 100 
1728205 2
1728205 1554
1728205 10
1730206 25 
1730263 75 
1730869 72 
1730869 70 
1731375 80 
1731442 83 
1731775 64 
1731978 256 
1732042 61 
1732108 150 
1732108 68 
1732108 65
1732192 92 
1733640 103 
1733640 101 
1734147 100 
1734147 2
1734147 1554
1734147 11
1736147 25 
1736215 75 
1736817 72 
1736817 70 
1737320 80 
1737386 83 
1737586 64 
1737722 256 
1737786 61 
1737853 151 
1737853 69 
1737935 93 
1739383 103 
1739383 101 
1740291 100 
1740291 2
1740291 1554
1740291 10
1742292 25 
1742338 75 
1742945 72 
1742945 70 
1743477 80 
1743544 83 
1744010 64 
1744279 256 
1744343 61 
1744410 150 
1744410 68 
1744410 65
1744493 92 
1745938 103 
1745938 101 
1746449 100 
1746449 2
1746449 1554
1746449 11
1748450 25 
1748502 75 
1749104 72 
1749104 70 
1749621 80 
1749688 83 
1750194 64 
1750463 256 
1750527 63 
1750594 150 
1750594 68 
1750594 65
1750673 92 
1752125 103 
1752125 101 
1752635 100 
1752635 2
1752635 1554
1752635 10
1754635 25 
1754731 75 
1755337 72 
1755337 70 
1755845 80 
1755912 83 
1756338 64 
1756754 256 
1756818 61 
1756898 150 
1756898 68 
1756898 65
1756983 92 
1758430 103 
1758430 101 
1758936 100 
1758936 2
1758936 1554
1758936 11
1760937 25 
1760984 75 
1761591 72 
1761591 70 
1762110 80 
1762176 83 
1762310 64 
1762898 63 
1762963 150 
1762963 68 
1762963 65
1763045 92 
1764495 103 
1764495 101 
1765002 100 
1765002 2
1765002 1554
1765002 11
1767000 25 
1767051 75 
1767655 72 
1767655 70 
1768160 80 
1768227 83 
1768667 64 
1768922 256 
1768987 63 
1769053 150 
1769053 68 
1769053 65
1769134 92 
1770583 103 
1770583 101 
1771093 100 
1771093 2
1771093 1554
1771093 10
1773092 25 
1773137 75 
1773739 72 
1773739 70 
1774251 80 
1774318 83 
1775091 64 
1775293 256 
1775357 61 
1775424 150 
1775424 68 
1775424 65
1775500 92 
1776955 103 
1776955 101 
1777463 100 
1777463 2
1777463 1554
1777463 10
1779464 25 
1779514 75 
1780118 72 
1780118 70 
1780742 80 
1780862 83 
1781755 64 
1781956 256 
1782021 61 
1782088 152 
1782088 69 
1782169 93 
1783620 103 
1783620 101 
1784526 100 
1784526 2
1784526 1554
1784526 11
1786527 25 
1786574 75 
1787181 72 
1787181 70 
1787712 80 
1787779 83 
1788099 64 
1789101 256 
1789165 63 
1789231 150 
1789231 68 
1789231 65
1789311 92 
1790764 103 
1790764 101 
1791271 100 
1791271 2
1791271 1554
1791271 11
1793270 25 
1793323 75 
1793930 72 
1793930 70 
1794443 80 
1794509 83 
1794882 64 
1795151 256 
1795216 63 
1795282 150 
1795282 68 
1795282 65
1795362 92 
1796813 103 
1796813 101 
1797321 100 
1797321 2
1797321 1554
1797321 10
1799322 25 
1799818 75 
1800420 72 
1800420 70 
1800920 80 
1800987 83 
1801573 64 
1801909 256 
1801973 61 
1802040 150 
1802040 68 
1802040 65
1802122 92 
1803571 103 
1803571 101 
1804079 100 
1804079 3
1804079 1554
1804079 11
1804079 78 
1806078 25 
1806125 75 
1806727 72 
1806727 70 
1807251 80 
1807317 83 
1807384 64 
1808173 256 
1808237 63 
1808303 150 
1808303 68 
1808303 65
1808387 92 
1809832 103 
1809832 101 
1810343 100 
1810343 3
1810343 1554
1810343 10
1812342 25 
1812766 75 
1813369 72 
1813369 70 
1813901 80 
1813968 83 
1814382 64 
1814650 256 
1814714 61 
1814781 151 
1814781 69 
1814856 93 
1815470 91 
1816314 103 
1816314 101 
1817221 100 
1817221 3
1817221 1554
1817221 10
1819219 25 
1819266 75 
1819870 72 
1819870 70 
1820378 80 
1820445 83 
1821085 64 
1821355 61 
1821418 151 
1821418 69 
1821500 93 
1822102 91 
1822948 103 
1822948 101 
1823858 100 
1823858 3
1823858 1554
1823858 11
1825857 25 
1825903 75 
1826507 72 
1826507 70 
1827016 80 
1827082 83 
1827389 64 
1828191 63 
1828269 150 
1828269 68 
1828269 65
1828353 92 
1829802 103 
1829802 101 
1830307 100 
1830307 3
1830307 1554
1830307 10
1832307 25 
1832359 75 
1832963 72 
1832963 70 
1833480 80 
1833546 83 
1834039 64 
1834642 256 
1834706 61 
1834773 151 
1834773 69 
1834854 93 
1835374 91 
1836010 91 
1836303 103 
1836303 101 
1837212 100 
1837212 3
1837212 1554
1837212 10
1839211 25 
1839262 75 
1839865 72 
1839865 70 
1840370 80 
1840437 83 
1842116 64 
1843051 256 
1843116 61 
1843182 151 
1843182 69 
1843262 93 
1843710 91 
1844715 103 
1844715 101 
1845622 100 
1845622 3
1845622 1554
1845622 11
1847621 25 
1850543 75 
1851145 72 
1851145 70 
1851606 71 
1851832 80 
1851899 83 
1852205 64 
1853007 63 
1853072 150 
1853072 68 
1853072 65
1853160 92 
1854604 103 
1854604 101 
1855113 100 
1855113 3
1855113 1554
1855113 11
1857110 25 
1857156 75 
1857762 72 
1857762 70 
1858283 80 
1858349 83 
1858616 64 
1858818 63 
1858883 150 
1858883 68 
1858883 65
1858964 92 
1860414 103 
1860414 101 
1860921 100 
1860921 3
1860921 1554
1860921 10
1862923 25 
1862968 75 
1863571 72 
1863571 70 
1864094 80 
1864160 83 
1864480 64 
1865868 256 
1865933 61 
1866000 151 
1866000 69 
1866076 93 
1866539 91 
1867239 91 
1867529 103 
1867529 101 
1868437 100 
1868437 3
1868437 1554
1868437 11
1870438 25 
1871069 75 
1871444 73 
1871947 72 
1871947 70 
1872450 80 
1872517 83 
1872917 64 
1873839 256 
1873903 61 
1873970 153 
1873970 68 
1873970 65
1874053 92 
1874433 90 
1875502 103 
1875502 101 
1876007 100 
1876007 3
1876007 1554
1876007 10
1878013 25 
1878068 75 
1878674 72 
1878674 70 
1879194 80 
1879261 83 
1879621 64 
1880022 61 
1880087 151 
1880087 69 
1880173 93 
1880704 91 
1881555 91 
1881618 103 
1881618 101 
1882526 100 
1882526 3
1882526 1554
1882526 11
1884527 25 
1885861 75 
1885929 73 
1886497 72 
1886497 70 
1887151 80 
1887271 83 
1888017 64 
1888273 256 
1888337 63 
1888404 150 
1888404 68 
1888404 65
1888481 92 
1889935 103 
1889935 101 
1890442 100 
1890442 3
1890442 1554
1890442 10
1892444 25 
1892733 75 
1893335 72 
1893335 70 
1893841 80 
1893908 83 
1894281 76 
1894414 64 
1895483 61 
1895547 151 
1895547 69 
1895636 93 
1896103 91 
1896884 91 
1897080 103 
1897080 101 
1897986 100 
1897986 3
1897986 1554
1897986 11
1899986 25 
1900032 75 
1900635 72 
1900635 70 
1901132 80 
1901198 83 
1902611 64 
1903146 61 
1903211 151 
1903211 69 
1903293 93 
1903771 91 
1904560 91 
1904741 103 
1904741 101 
1905651 100 
1905651 3
1905651 1554
1905651 11
1907650 25 
1907695 75 
1908297 72 
1908297 70 
1908808 80 
1908875 83 
1909568 64 
1910837 256 
1910901 62 
1910968 151 
1910968 69 
1911044 93 
1911414 91 
1911907 91 
1912497 103 
1912497 101 
1913406 100 
1913406 3
1913406 1554
1913406 10
1915407 25 
1915452 75 
1916053 72 
1916053 70 
1916552 80 
1916619 83 
1917099 64 
1919284 256 
1919353 61 
1919417 151 
1919417 69 
1919495 93 
1920879 91 
1920953 103 
1920953 101 
1921871 100 
1921871 3
1921871 1554
1921871 10
1923871 25 
1924816 75 
1925418 72 
1925418 70 
1925921 80 
1925988 83 
1927494 64 
1928280 63 
1928347 151 
1928347 69 
1928428 93 
1928931 91 
1929758 91 
1929879 103 
1929879 101 
1930786 100 
1930786 3
1930786 1554
1930786 10
1932785 25 
1932832 75 
1933435 72 
1933435 70 
1933931 80 
1933998 83 
1934411 64 
1935586 256 
1936252 61 
1936317 151 
1936317 69 
1936397 93 
1936854 91 
1937287 91 
1937483 91 
1937848 103 
1937848 101 
1938756 100 
1938756 3
1938756 1554
1938756 10
1940756 25 
1940911 75 
1941177 73 
1941726 72 
1941726 70 
1942221 80 
1942288 83 
1943194 64 
1943929 256 
1944327 62 
1944394 150 
1944394 68 
1944394 65
1944471 92 
1944971 90 
1945930 103 
1945930 101 
1946447 100 
1946447 3
1946447 1554
1946447 11
1948445 25 
1948497 75 
1949101 72 
1949101 70 
1949605 80 
1949671 83 
1949871 64 
1950074 256 
1950138 63 
1950205 150 
1950205 68 
1950205 65
1950287 92 
1951732 103 
1951732 101 
1952242 100 
1952242 3
1952242 1554
1952242 11
1954245 25 
1954294 75 
1954899 72 
1954899 70 
1955402 80 
1955469 83 
1955669 64 
1957071 256 
1957135 61 
1957202 151 
1957202 69 
1957283 93 
1957769 91 
1958733 103 
1958733 101 
1959639 100 
1959639 3
1959639 1554
1959639 11
1961640 25 
1961686 75 
1962293 72 
1962293 70 
1962839 80 
1962906 83 
1963439 64 
1964121 63 
1964185 152 
1964185 69 
1964258 93 
1964743 91 
1965354 91 
1965717 103 
1965717 101 
1966624 100 
1966624 3
1966624 1554
1966624 11
1968624 25 
1968670 75 
1969273 72 
1969273 70 
1969770 80 
1969836 83 
1970903 64 
1971704 256 
1971769 62 
1971836 151 
1971836 69 
1971912 93 
1972357 91 
1972764 91 
1972968 91 
1973016 91 
1973365 103 
1973365 101 
1974280 100 
1974280 3
1974280 1554
1974280 10
1976278 25 
1976399 75 
1977004 72 
1977004 70 
1977500 80 
1977567 83 
1978273 64 
1978409 256 
1978473 62 
1978539 150 
1978539 68 
1978539 65
1978618 92 
1980072 103 
1980072 101 
1980578 100 
1980578 3
1980578 1554
1980578 10
1982580 25 
1982632 75 
1983234 72 
1983234 70 
1983751 80 
1983817 83 
1983884 64 
1984084 256 
1984154 62 
1984217 150 
1984217 68 
1984217 65
1984302 92 
1985746 103 
1985746 101 
1986257 100 
1986257 3
1986257 1554
1986257 10
1988257 25 
1988306 75 
1988909 72 
1988909 70 
1989615 80 
1989682 83 
1989748 64 
1989881 256 
1989950 62 
1990028 150 
1990028 68 
1990028 65
1990106 92 
1991557 103 
1991557 101 
1992069 100 
1992069 3
1992069 1554
1992069 11
1994067 25 
1994117 75 
1994719 72 
1994719 70 
1995399 80 
1995466 83 
1995612 64 
1995815 256 
1995879 63 
1996012 150 
1996012 68 
1996012 65
1996093 92 
1997546 103 
1997546 101 
1998052 100 
1998052 3
1998052 1554
1998052 11
2000051 25 
2000097 75 
2000699 72 
2000699 70 
2001370 80 
2001490 250 
2002236 76 
2002370 83 
2002436 64 
2002638 256 
2002703 63 
2002769 150 
2002769 68 
2002769 65
2002848 92 
2004304 103 
2004304 101 
2004808 100 
2004808 3
2004808 1554
2004808 11
2006809 25 
2006859 75 
2007469 72 
2007469 70 
2008181 80 
2008301 250 
2008940 76 
2009073 83 
2009193 64 
2009329 62 
2009607 152 
2009607 69 
2009689 93 
2010716 91 
2011138 103 
2011138 101 
2012048 100 
2012048 3
2012048 1554
2012048 10
2014046 25 
2014092 75 
2014699 72 
2014699 70 
2015284 80 
2015351 83 
2015444 64 
2015620 62 
2015724 150 
2015724 68 
2015724 65
2015807 92 
2017252 103 
2017252 101 
2017762 100 
2017762 3
2017762 1554
2017762 10
2019763 25 
2019814 75 
2020419 72 
2020419 70 
2021055 80 
2021122 250 
2021588 76 
2021655 83 
2021855 64 
2022057 256 
2022121 62 
2022188 150 
2022188 68 
2022188 65
2022269 92 
2023718 103 
2023718 101 
2024225 100 
2024225 3
2024225 1554
2024225 11
2026229 25 
2026273 75 
2026874 72 
2026874 70 
2027399 80 
2027466 83 
2027599 64 
2027854 63 
2027919 150 
2027919 68 
2027919 65
2028001 92 
2029453 103 
2029453 101 
2029960 100 
2029960 3
2029960 1554
2029960 10
2031958 25 
2032009 75 
2032617 72 
2032617 70 
2033144 80 
2033210 83 
2033477 64 
2033612 256 
2033677 62 
2033743 150 
2033743 68 
2033743 65
2033826 92 
2035275 103 
2035275 101 
2035783 100 
2035783 3
2035783 1554
2035783 10
2037783 25 
2037832 75 
2038435 72 
2038435 70 
2038994 80 
2039061 83 
2039128 64 
2039330 62 
2039394 150 
2039394 68 
2039394 65
2039476 92 
2040924 103 
2040924 101 
2041432 100 
2041432 3
2041432 1554
2041432 10
2043433 25 
2043480 75 
2044085 72 
2044085 70 
2044605 80 
2044672 83 
2044739 64 
2044941 256 
2045005 62 
2045073 150 
2045073 68 
2045073 65
2045150 92 
2046604 103 
2046604 101 
2047110 100 
2047110 3
2047110 1554
2047110 10
2049110 25 
2049158 75 
2049758 72 
2049758 70 
2050283 80 
2050350 83 
2050710 64 
2050913 256 
2050976 62 
2051043 150 
2051043 68 
2051043 65
2051129 92 
2052574 103 
2052574 101 
2053081 100 
2053081 3
2053081 1554
2053081 10
2055082 25 
2055128 75 
2055735 72 
2055735 70 
2056241 80 
2056307 83 
2056440 64 
2056708 62 
2056787 150 
2056787 68 
2056787 65
2056870 92 
2058320 103 
2058320 101 
2058825 100 
2058825 1
2058825 1554
2058825 11
2058825 78 
2060826 25 
2060877 75 
2061479 72 
2061479 70 
2062011 80 
2062078 83 
2062145 64 
2062480 63 
2062545 153 
2062545 68 
2062545 65
2062627 92 
2064078 103 
2064078 101 
2064585 100 
2064585 1
2064585 1554
2064585 11
2066583 25 
2066630 75 
2067234 72 
2067234 70 
2067756 80 
2067889 250 
2068609 76 
2068675 83 
2069182 64 
2069384 256 
2069448 63 
2069515 151 
2069515 69 
2069597 93 
2070221 91 
2071047 103 
2071047 101 
2071955 100 
2071955 1
2071955 1554
2071955 11
2073955 25 
2075792 75 
2076397 72 
2076397 70 
2076912 80 
2076979 83 
2078165 64 
2078367 256 
2078431 61 
2078498 151 
2078498 69 
2078988 91 
2079008 93 
2080028 103 
2080028 101 
2080939 100 
2080939 1
2080939 1554
2080939 11
2082937 25 
2082984 75 
2083589 72 
2083589 70 
2083896 250 
2084189 71 
2084469 80 
2084535 83 
2085255 64 
2085844 61 
2085908 151 
2085908 69 
2085986 93 
2086638 91 
2087441 103 
2087441 101 
2088348 100 
2088348 1
2088348 1554
2088348 11
2090347 25 
2090393 75 
2090998 72 
2090998 70 
2091506 80 
2091573 83 
2092199 64 
2092748 256 
2092812 62 
2092879 150 
2092879 68 
2092879 65
2092952 92 
2093461 90 
2094408 103 
2094408 101 
2094918 100 
2094918 1
2094918 1554
2094918 10
2096918 25 
2096964 75 
2097565 72 
2097565 70 
2098103 80 
2098170 83 
2098303 64 
2098505 256 
2098570 62 
2098636 151 
2098636 69 
2098725 93 
2099307 91 
2099760 91 
2100171 103 
2100171 101 
2101075 100 
2101075 1
2101075 1554
2101075 11
2103074 25 
2103122 75 
2103724 72 
2103724 70 
2104234 80 
2104301 83 
2104607 64 
2104876 63 
2104954 153 
2104954 68 
2104954 65
2105037 92 
2106483 103 
2106483 101 
2106992 100 
2106992 1
2106992 1554
2106992 11
2108992 25 
2109038 75 
2109645 72 
2109645 70 
2110152 80 
2110220 83 
2110418 64 
2110622 256 
2110685 63 
2110751 151 
2110751 69 
2110833 93 
2112285 103 
2112285 101 
2113191 100 
2113191 1
2113191 1554
2113191 10
2115190 25 
2115242 75 
2115850 72 
2115850 70 
2116349 80 
2116416 83 
2116789 64 
2117322 256 
2117391 62 
2117468 151 
2117468 69 
2117551 93 
2118853 91 
2119001 103 
2119001 101 
2119907 100 
2119907 1
2119907 1554
2119907 10
2121908 25 
2121959 75 
2122566 72 
2122566 70 
2123200 80 
2123319 83 
2124106 64 
2124559 61 
2124626 150 
2124626 68 
2124626 65
2124722 92 
2125141 90 
2126170 103 
2126170 101 
2126679 100 
2126679 1
2126679 1554
2126679 10
2128678 25 
2129306 75 
2129907 72 
2129907 70 
2130583 80 
2130650 250 
2131649 76 
2131716 83 
2131916 64 
2132118 256 
2132182 61 
2132249 150 
2132249 68 
2132249 65
2132333 92 
2133633 90 
2133777 103 
2133777 101 
2134289 100 
2134289 1
2134289 1554
2134289 11
2136290 25 
2136338 75 
2136564 73 
2137088 72 
2137088 70 
2137753 80 
2137820 83 
2138127 64 
2138328 63 
2138406 151 
2138406 69 
2138488 93 
2139941 103 
2139941 101 
2140848 100 
2140848 1
2140848 1554
2140848 11
2142848 25 
2142904 75 
2143510 72 
2143510 70 
2144137 80 
2144231 83 
2144631 64 
2147045 61 
2147110 151 
2147110 69 
2147188 93 
2147642 91 
2148078 91 
2148556 91 
2148644 103 
2148644 101 
2149550 100 
2149550 1
2149550 1554
2149550 10
2151548 25 
2151594 75 
2152201 72 
2152201 70 
2152814 80 
2152907 83 
2153320 64 
2153656 61 
2153720 150 
2153720 68 
2153720 65
2153804 92 
2154228 90 
2155251 103 
2155251 101 
2155758 100 
2155758 1
2155758 1554
2155758 11
2157759 25 
2157812 75 
2158419 72 
2158419 70 
2159011 80 
2159105 83 
2159331 64 
2160147 256 
2160251 63 
2160371 151 
2160371 69 
2160465 93 
2160948 91 
2161736 91 
2161913 103 
2161913 101 
2162823 100 
2162823 1
2162823 1554
2162823 11
2164823 25 
2164869 75 
2165474 72 
2165474 70 
2166088 80 
2166155 83 
2167008 64 
2169129 256 
2169194 62 
2169260 150 
2169260 68 
2169260 65
2169344 92 
2169771 90 
2170789 103 
2170789 101 
2171301 100 
2171301 1
2171301 1554
2171301 10
2173299 25 
2173345 75 
2173955 72 
2173955 70 
2174471 80 
2174538 83 
2174805 64 
2175140 256 
2175205 61 
2175272 150 
2175272 68 
2175272 65
2175352 92 
2176803 103 
2176803 101 
2177311 100 
2177311 1
2177311 1554
2177311 11
2179311 25 
2179355 75 
2179960 72 
2179960 70 
2180469 80 
2180536 83 
2180922 64 
2181311 256 
2181375 62 
2181442 150 
2181442 68 
2181442 65
2181522 92 
2182975 103 
2182975 101 
2183482 100 
2183482 1
2183482 1554
2183482 11
2185481 25 
2185542 75 
2186145 72 
2186145 70 
2186706 80 
2186773 83 
2186840 64 
2187042 256 
2187107 62 
2187173 150 
2187173 68 
2187173 65
2187257 92 
2188704 103 
2188704 101 
2189211 100 
2189211 1
2189211 1554
2189211 11
2191213 25 
2191263 75 
2191868 72 
2191868 70 
2192397 80 
2192464 83 
2193090 64 
2193679 256 
2193744 62 
2193810 150 
2193810 68 
2193810 65
2193889 92 
2195341 103 
2195341 101 
2195849 100 
2195849 1
2195849 1554
2195849 10
2197851 25 
2197895 75 
2198501 72 
2198501 70 
2199048 80 
2199115 83 
2199248 64 
2199516 61 
2199581 152 
2199581 69 
2199662 93 
2200129 91 
2200861 91 
2201110 103 
2201110 101 
2202021 100 
2202021 1
2202021 1554
2202021 10
2204019 25 
2204066 75 
2204671 72 
2204671 70 
2205179 80 
2205245 83 
2206125 64 
2207045 63 
2207111 151 
2207111 69 
2207197 93 
2207672 91 
2208641 103 
2208641 101 
2209549 100 
2209549 1
2209549 1554
2209549 10
2211550 25 
2212302 75 
2212907 72 
2212907 70 
2213415 80 
2213482 83 
2218093 64 
2218496 61 
2218560 150 
2218560 68 
2218560 65
2218641 92 
2220088 103 
2220088 101 
2220600 100 
2220600 1
2220600 1554
2220600 10
2222599 25 
2222645 75 
2223247 72 
2223247 70 
2223771 80 
2223838 83 
2224664 64 
2225519 256 
2225584 61 
2225650 150 
2225650 68 
2225650 65
2225734 92 
2227180 103 
2227180 101 
2227688 100 
2227688 1
2227688 1554
2227688 11
2229690 25 
2229741 75 
2230344 72 
2230344 70 
2230848 80 
2230915 83 
2231421 64 
2231623 62 
2231701 150 
2231701 68 
2231701 65
2231785 92 
2232972 90 
2233231 103 
2233231 101 
2233741 100 
2233741 1
2233741 1554
2233741 10
2235741 25 
2235791 75 
2236395 72 
2236395 70 
2236899 80 
2236966 83 
2238032 64 
2238432 256 
2238500 61 
2238565 150 
2238565 68 
2238565 65
2238647 92 
2240097 103 
2240097 101 
2240605 100 
2240605 1
2240605 1554
2240605 10
2242604 25 
2242655 75 
2243264 72 
2243264 70 
2243803 80 
2243869 83 
2244123 64 
2244445 256 
2244509 61 
2244576 150 
2244576 68 
2244576 65
2244658 92 
2246106 103 
2246106 101 
2246614 100 
2246614 1
2246614 1554
2246614 10
2248616 25 
2248665 75 
2249271 72 
2249271 70 
2249787 80 
2249854 83 
2250160 64 
2250442 256 
2250507 61 
2250573 150 
2250573 68 
2250573 65
2250658 92 
2252044 90 
2252105 103 
2252105 101 
2252611 100 
2252611 1
2252611 1554
2252611 11
2254613 25 
2254658 75 
2255265 72 
2255265 70 
2255798 80 
2255864 83 
2256131 64 
2256333 256 
2256398 62 
2256464 150 
2256464 68 
2256464 65
2256544 92 
2257993 103 
2257993 101 
2258504 100 
2258504 1
2258504 1554
2258504 11
2260504 25 
2261606 75 
2265230 73 
2265731 72 
2265731 70 
2266353 80 
2266420 83 
2267766 64 
2268035 61 
2268099 151 
2268099 69 
2268181 93 
2269632 103 
2269632 101 
2270538 100 
2270538 1
2270538 1554
2270538 10
2272541 25 
2272589 75 
2272969 73 
2273572 72 
2273572 70 
2274097 80 
2274164 83 
2274430 64 
2274632 256 
2274697 61 
2274763 150 
2274763 68 
2274763 65
2274846 92 
2275988 90 
2276227 90 
2276294 103 
2276294 101 
2276802 100 
2276802 1
2276802 1554
2276802 11
2278803 25 
2278853 75 
2278925 73 
2279487 72 
2279487 70 
2280561 250 
2280867 71 
2281054 80 
2281121 83 
2281387 64 
2281589 62 
2281654 150 
2281654 68 
2281654 65
2281735 92 
2282997 90 
2283183 103 
2283183 101 
2283693 100 
2283693 1
2283693 1554
2283693 11
2285694 25 
2286061 75 
2286666 72 
2286666 70 
2287185 80 
2287251 83 
2287385 64 
2287707 61 
2287784 151 
2287784 69 
2287863 93 
2288309 91 
2288588 91 
2289318 103 
2289318 101 
2290222 100 
2290222 1
2290222 1554
2290222 11
2292224 25 
2292914 75 
2293297 73 
2293802 72 
2293802 70 
2294355 80 
2294422 83 
2295008 64 
2295277 61 
2295341 153 
2295341 68 
2295341 65
2295423 92 
2296874 103 
2296874 101 
2297383 100 
2297383 1
2297383 1554
2297383 10
2299382 25 
2303815 75 
2304970 73 
2306281 73 
2306552 73 
2307055 72 
2307055 70 
2307590 80 
2307656 83 
2307989 64 
2308458 61 
2308523 150 
2308523 68 
2308523 65
2308604 92 
2310055 103 
2310055 101 
2310565 100 
2310565 1
2310565 1554
2310565 11
2312563 25 
2312607 75 
2313208 72 
2313208 70 
2313707 80 
2313774 83 
2314027 64 
2316079 256 
2318934 61 
2318998 151 
2318998 69 
2319075 93 
2320528 103 
2320528 101 
2321437 100 
2321437 1
2321437 1554
2321437 11
2323438 25 
2323483 75 
2324088 72 
2324088 70 
2324663 80 
2324729 83 
2325116 64 
2325451 256 
2325515 61 
2325582 151 
2325582 69 
2325666 93 
2326086 91 
2326160 91 
2326509 91 
2326899 91 
2327032 91 
2327111 103 
2327111 101 
2328025 100 
2328025 1
2328025 1554
2328025 10
2330022 25 
2330069 75 
2330669 72 
2330669 70 
2331181 80 
2331246 83 
2331500 64 
2331835 61 
2331899 150 
2331899 68 
2331899 65
2331984 92 
2333161 90 
2333433 103 
2333433 101 
2333939 100 
2333939 1
2333939 1554
2333939 10
2335938 25 
2335985 75 
2336588 72 
2336588 70 
2337084 80 
2337151 83 
2337217 64 
2337486 256 
2337550 61 
2337617 150 
2337617 68 
2337617 65
2337699 92 
2339147 103 
2339147 101 
2339657 100 
2339657 1
2339657 1554
2339657 10
2341658 25 
2341702 75 
2342304 72 
2342304 70 
2342895 250 
2343388 71 
2343561 80 
2343628 83 
2344014 64 
2344203 61 
2344268 150 
2344268 68 
2344268 65
2344355 92 
2345801 103 
2345801 101 
2346306 100 
2346306 1
2346306 1554
2346306 10
2348306 25 
2348352 75 
2348955 72 
2348955 70 
2349466 80 
2349532 83 
2349732 64 
2349934 256 
2349999 61 
2350065 150 
2350065 68 
2350065 65
2350147 92 
2351595 103 
2351595 101 
2352104 100 
2352104 1
2352104 1554
2352104 11
2354105 25 
2354152 75 
2354757 72 
2354757 70 
2355263 80 
2355330 83 
2357142 64 
2357409 61 
2357476 151 
2357476 69 
2357558 93 
2357772 91 
2359009 103 
2359009 101 
2359916 100 
2359916 1
2359916 1554
2359916 10
2361915 25 
2362010 75 
2362615 72 
2362615 70 
2363140 80 
2363193 83 
2363460 64 
2363595 256 
2363660 61 
2363726 150 
2363726 68 
2363726 65
2363810 92 
2365256 103 
2365256 101 
2365764 100 
2365764 1
2365764 1554
2365764 11
2367766 25 
2368294 75 
2368896 72 
2368896 70 
2369524 80 
2369644 83 
2371190 64 
2371459 256 
2371590 61 
2371723 153 
2371723 68 
2371723 65
2371809 92 
2373161 90 
2373256 103 
2373256 101 
2373763 100 
2373763 1
2373763 1554
2373763 11
2375762 25 
2375807 75 
2385805 254 
2398482 73 
2398986 72 
2398986 70 
2399658 80 
2399726 83 
2401870 64 
2402139 61 
2402270 151 
2402270 69 
2402351 93 
2403801 103 
2403801 101 
2404710 100 
2404710 1
2404710 1554
2404710 11
2406710 25 
2407157 75 
2407763 72 
2407763 70 
2408402 80 
2408468 83 
2408907 64 
2409176 256 
2409241 61 
2409307 151 
2409307 69 
2409389 93 
2409854 91 
2409951 91 
2410285 91 
2410668 91 
2410838 103 
2410838 101 
2411747 100 
2411747 1
2411747 1554
2411747 10
2413747 25 
2413792 75 
2414400 72 
2414400 70 
2414905 80 
2414972 83 
2415292 64 
2415561 61 
2415625 150 
2415625 68 
2415625 65
2415707 92 
2416790 90 
2416875 90 
2417156 103 
2417156 101 
2417663 100 
2417663 1
2417663 1554
2417663 11
2419664 25 
2419710 75 
2420317 72 
2420317 70 
2420836 80 
2421209 76 
2421276 83 
2421516 64 
2421851 256 
2421915 63 
2421982 151 
2421982 69 
2422064 93 
2422565 91 
2423038 91 
2423482 91 
2423513 103 
2423513 101 
2424423 100 
2424423 1
2424423 1554
2424423 10
2426426 25 
2426480 75 
2426836 73 
2427337 72 
2427337 70 
2427860 80 
2427926 83 
2428179 64 
2428514 256 
2428579 61 
2428646 150 
2428646 68 
2428646 65
2428730 92 
2430179 103 
2430179 101 
2430685 100 
2430685 1
2430685 1554
2430685 10
2432685 25 
2432731 75 
2433334 72 
2433334 70 
2433844 80 
2433910 83 
2434177 64 
2434446 256 
2434510 61 
2434577 152 
2434577 69 
2434658 93 
2435308 91 
2435618 91 
2435966 91 
2436108 103 
2436108 101 
2437017 100 
2437017 1
2437017 1554
2437017 11
2439016 25 
2439067 75 
2439674 72 
2439674 70 
2440188 80 
2440255 83 
2441108 64 
2441562 61 
2441628 151 
2441628 69 
2441709 93 
2442210 91 
2442690 91 
2443136 91 
2443156 103 
2443156 101 
2444066 100 
2444066 1
2444066 1554
2444066 10
2446066 25 
2446188 75 
2446789 72 
2446789 70 
2447305 80 
2447372 83 
2447891 64 
2448095 256 
2448158 61 
2448225 150 
2448225 68 
2448225 65
2448313 92 
2449695 90 
2449753 103 
2449753 101 
2450265 100 
2450265 1
2450265 1554
2450265 10
2452263 25 
2452314 75 
2452920 72 
2452920 70 
2453422 80 
2453489 83 
2453756 64 
2453958 256 
2454022 61 
2454089 150 
2454089 68 
2454089 65
2454176 92 
2455353 90 
2455617 103 
2455617 101 
2456126 100 
2456126 1
2456126 1554
2456126 11
2458127 25 
2458174 75 
2458782 72 
2458782 70 
2459287 80 
2459353 83 
2459686 64 
2460023 63 
2460086 151 
2460086 69 
2460166 93 
2460677 91 
2461620 103 
2461620 101 
2462528 100 
2462528 1
2462528 1554
2462528 11
2464527 25 
2464590 75 
2465196 72 
2465196 70 
2465711 80 
2465777 83 
2466217 64 
2466419 256 
2466484 61 
2466550 151 
2466550 69 
2466633 93 
2467190 91 
2467718 91 
2468085 91 
2468085 103 
2468085 101 
2469002 100 
2469002 1
2469002 1554
2469002 10
2471004 25 
2471054 75 
2471149 73 
2471538 73 
2472043 72 
2472043 70 
2472561 80 
2472628 83 
2473041 64 
2473310 256 
2473374 61 
2473441 150 
2473441 68 
2473441 65
2473525 92 
2474978 103 
2474978 101 
2475491 100 
2475491 1
2475491 1554
2475491 11
2477494 25 
2477539 75 
2478144 72 
2478144 70 
2478652 80 
2478719 83 
2479398 64 
2480587 256 
2480918 62 
2480984 152 
2480984 69 
2481065 93 
2481518 91 
2481918 91 
2482056 91 
2482512 103 
2482512 101 
2483423 100 
2483423 1
2483423 1554
2483423 11
2485425 25 
2488563 75 
2489165 72 
2489165 70 
2489661 80 
2489727 83 
2490434 64 
2490703 63 
2490767 151 
2490767 69 
2490845 93 
2492298 103 
2492298 101 
2493206 100 
2493206 1
2493206 1554
2493206 10
2495206 25 
2495354 75 
2495510 73 
2496063 72 
2496063 70 
2496579 80 
2496646 83 
2496978 64 
2497180 256 
2497244 61 
2497311 150 
2497311 68 
2497311 65
2497394 92 
2498841 103 
2498841 101 
2499355 100 
2499355 1
2499355 1554
2499355 11
2501354 25 
2504276 75 
2504879 72 
2504879 70 
2505387 80 
2505454 83 
2508866 64 
2509001 256 
2509066 61 
2509133 151 
2509133 69 
2509215 93 
2510664 103 
2510664 101 
2511573 100 
2511573 1
2511573 1554
2511573 11
2513571 25 
2513617 75 
2514223 72 
2514223 70 
2514904 80 
2515010 83 
2515103 64 
2515799 256 
2515903 61 
2515970 151 
2515970 69 
2516051 93 
2517499 103 
2517499 101 
2518410 100 
2518410 1
2518410 1554
2518410 11
2520411 25 
2520459 75 
2521062 72 
2521062 70 
2521701 80 
2521795 83 
2522021 64 
2522409 256 
2522474 61 
2522540 151 
2522540 69 
2522618 93 
2523459 91 
2524070 103 
2524070 101 
2524979 100 
2524979 1
2524979 1554
2524979 10
2526979 25 
2527026 75 
2527630 72 
2527630 70 
2528231 80 
2528298 83 
2528564 64 
2528754 256 
2528818 61 
2528884 150 
2528884 68 
2528884 65
2528965 92 
2530419 103 
2530419 101 
2530924 100 
2530924 1
2530924 1554
2530924 10
2532923 25 
2532969 75 
2533573 72 
2533573 70 
2534069 80 
2534136 83 
2534202 64 
2534471 256 
2534535 61 
2534602 150 
2534602 68 
2534602 65
2534685 92 
2535902 90 
2536135 103 
2536135 101 
2536641 100 
2536641 1
2536641 1554
2536641 10
2538642 25 
2538688 75 
2539293 72 
2539293 70 
2539800 80 
2539866 83 
2540053 64 
2540255 61 
2540321 150 
2540321 68 
2540321 65
2540404 92 
2541650 90 
2541849 103 
2541849 101 
2542360 100 
2542360 1
2542360 1554
2542360 11
2544359 25 
2544406 75 
2545008 72 
2545008 70 
2545517 80 
2545584 83 
2545997 64 
2546266 63 
2546344 151 
2546344 69 
2546427 93 
2546901 91 
2547468 91 
2547878 103 
2547878 101 
2548788 100 
2548788 1
2548788 1554
2548788 10
2550785 25 
2550841 75 
2551448 72 
2551448 70 
2551982 80 
2552048 83 
2552248 64 
2552450 61 
2552515 150 
2552515 68 
2552515 65
2552595 92 
2554046 103 
2554046 101 
2554557 100 
2554557 1
2554557 1554
2554557 10
2556554 25 
2556601 75 
2557206 72 
2557206 70 
2557739 80 
2557872 250 
2558805 76 
2558872 83 
2559005 64 
2559209 61 
2559272 150 
2559272 68 
2559272 65
2559360 92 
2560806 103 
2560806 101 
2561312 100 
2561312 1
2561312 1554
2561312 10
2563312 25 
2563359 75 
2563960 72 
2563960 70 
2564496 80 
2564563 83 
2565123 64 
2565325 256 
2565389 61 
2565456 150 
2565456 68 
2565456 65
2565538 92 
2566990 103 
2566990 101 
2567494 100 
2567494 1
2567494 1554
2567494 11
2569495 25 
2570568 75 
2571665 73 
2572167 72 
2572167 70 
2572693 80 
2572759 83 
2573906 64 
2574308 256 
2574372 63 
2574439 151 
2574439 69 
2574520 93 
2575971 103 
2575971 101 
2576877 100 
2576877 1
2576877 1554
2576877 10
2578877 25 
2578924 75 
2581969 73 
2582469 72 
2582469 70 
2582982 80 
2583049 83 
2583395 64 
2583663 256 
2583728 61 
2583795 152 
2583795 69 
2583874 93 
2584417 91 
2584732 91 
2585174 91 
2585333 91 
2585333 103 
2585333 101 
2585381 102 
